-0.994 1.4940000000000002 -0.8662527001883794 -0.9764884115168885 0.30000000000000765 -0.3 0.13915328614336495 0.6351545086175566 2.473789070241923 1.6224596425553035 -0.9422129549906448 -0.045412283401777095 -0.9560226100785787 -0.05754909803267656 5.74999999999993 1.3877787807815047e-13 0.0 2.708717488408401 -1.2013047827526782 
-0.994 1.4940000000000002 -0.8662527001883794 -0.9764884115168885 0.30000000000000765 -0.3 0.13915328614336495 0.6351545086175566 2.473789070241923 1.6224596425553035 -0.9422129549906448 -0.045412283401777095 -0.9560226100785787 -0.05754909803267656 5.74999999999993 1.3877787807815047e-13 0.0 2.708717488408401 -1.2013047827526782 
-0.991 1.4910000000000003 -0.8648970735930068 -0.9702425891265363 0.30000000000000904 -0.3 0.1621296894673538 0.6198834510376786 2.464470943342344 1.6219870372428054 -0.9257330391793216 -0.03677088690403934 -0.9584458759532106 -0.05885511056484071 5.75999999999993 1.3877787807815047e-13 0.0 2.6173670092951857 -1.273704999471602 
-0.9865 1.4865000000000004 -0.8631312412574409 -0.9609028899799181 0.300000000000007 -0.3 0.16502637549797936 0.6074340949889249 2.4505103053273896 1.6211617268606953 -0.9130785331511077 -0.03636732609915256 -0.962071615273526 -0.060551921928036864 5.774999999999929 7.709882115452803e-14 0.0 2.0786437632388575 -1.1750943484594534 
-0.9850000000000001 1.4850000000000003 -0.8623887665203213 -0.957207622226036 0.2999999999999949 -0.3 0.1495611410646605 0.6797431256583768 2.44528353869942 1.6209592908091954 -0.9860540036376427 -0.04135447298461432 -0.9637481717263571 -0.06147664354477882 5.779999999999929 -4.780126911580738e-13 0.0 0.9293791743715927 2.2997724253961396 
-0.9805000000000001 1.4805000000000004 -0.8602631993554745 -0.9483589672910832 0.2999999999999919 -0.3 0.15408420156917316 0.6572642865980687 2.4318332120479687 1.6202593584023477 -0.9633080030867781 -0.04046636401154882 -0.9672877742564788 -0.06325261690395995 5.794999999999929 -4.1633363423445137e-13 0.0 0.7898587727262422 1.4556920484887215 
-0.9775000000000001 1.4775000000000005 -0.8590420003810264 -0.9419753266411577 0.299999999999994 -0.3 0.14001558534486144 0.6464128062732456 2.4223734546718982 1.6197174636522014 -0.9531040157630486 -0.04685977894427132 -0.9766478111975381 -0.04933523903244942 5.804999999999929 -2.775557561563009e-13 0.0 0.30169868491347684 0.891060919384044 
-0.9760000000000002 1.4760000000000004 -0.8584671165394665 -0.9386551207383558 0.2999999999999926 -0.3 0.12152367942487731 0.6531789167863702 2.4175138739627764 1.6194327523784044 -0.9607287941547632 -0.054570246767545086 -0.9781072268223112 -0.050357911312836866 5.8099999999999286 -2.775557561563009e-13 0.0 -0.5872079526221635 0.993763404548689 
-0.9730000000000002 1.4730000000000005 -0.8568095214242551 -0.9325886472148271 0.2999999999999961 -0.3 0.140935752860518 0.6342920116324862 2.4083930258411987 1.619059046574594 -0.9408779975081409 -0.04725352468797177 -0.9804863108594861 -0.051841668160387835 5.819999999999928 -1.3877787807815042e-13 0.0 -0.02533788680299187 0.3532180890071043 
-0.9700000000000002 1.4700000000000006 -0.8556132549378446 -0.9263001608708091 0.300000000000001 -0.3 0.13192778479590775 0.6301657995550534 2.3990287177179397 1.6184948517102622 -0.9371216243219673 -0.05149181465176734 -0.9828512464921293 -0.05341112152858232 5.829999999999928 5.048709793414476e-29 0.0 -0.21988431339366948 0.1830315786181271 
-0.9670000000000002 1.4670000000000007 -0.8542040496321591 -0.9199641938246081 0.30000000000000726 -0.3 0.1343114621409258 0.6324539240045323 2.3896277929878846 1.6180161820114716 -0.9392354456493064 -0.050840501124663186 -0.9851039216949805 -0.05504840759247396 5.839999999999928 1.3877787807815053e-13 0.0 -0.11805052497245233 0.1932051044691869 
-0.9625000000000002 1.4625000000000008 -0.8520928280717065 -0.9107376853667456 0.3000000000000052 -0.3 0.13704121768784894 0.6248138021763332 2.3758044647777976 1.617284559073165 -0.9313875861307893 -0.05042723480355961 -0.9883458032670208 -0.05717766140760222 5.854999999999928 7.709882115452808e-14 0.0 -0.05137625206119302 0.03708364676197187 
-0.9610000000000003 1.4610000000000007 -0.8517980803507237 -0.9070750972629293 0.3000000000000056 -0.3 0.09461771047621755 0.6815786450888237 2.3705916403994856 1.6168778939198043 -0.9899976215736604 -0.06747158995507588 -0.989390800293151 -0.058530684104125416 5.8599999999999275 7.709882115452808e-14 0.0 -1.9254485165645854 2.5517247435922736 
-0.9580000000000003 1.4580000000000009 -0.8506312708501854 -0.9005194295430209 0.3000000000000064 -0.3 0.0905537074038568 0.6888237021082091 2.3609620800705775 1.6162887018185568 -0.9973255885607755 -0.0695738304144296 -0.9914254409113076 -0.060353838825414265 5.869999999999927 7.709882115452808e-14 0.0 -1.587882247824918 2.1456760676692244 
-0.9550000000000003 1.455000000000001 -0.8489788093542233 -0.8944843795355003 0.30000000000000715 -0.3 0.12305411274247902 0.6539699555296872 2.3518752820987907 1.6158910360713519 -0.9609767745393386 -0.05687443842521998 -0.9931251303198246 -0.06219143057023494 5.879999999999927 7.709882115452808e-14 0.0 -0.5127882963388719 0.8943314619977816 
-0.9505000000000003 1.450500000000001 -0.8467885855330836 -0.8857213406488263 0.30000000000000415 -0.3 0.13447267111574432 0.6196752825979123 2.3385222278169033 1.6151600025966568 -0.9261114003204458 -0.0532719637961908 -0.9958292187414161 -0.06449752969732751 5.894999999999927 1.5419764230905636e-14 0.0 -0.2296715138448181 0.187521908490487 
-0.9475000000000003 1.4475000000000011 -0.845539106251703 -0.878839729381751 0.3000000000000043 -0.3 0.13104743596347712 0.6506008252152803 2.32857307387033 1.6145971868357498 -0.9570870014430656 -0.054611427458654015 -0.941613886170681 -0.06002757487181131 5.9049999999999265 1.5419764230905636e-14 0.0 -0.2547497363741314 0.8330846536563485 
-0.9445000000000003 1.4445000000000012 -0.8445267412901007 -0.8723649065278777 0.3000000000000045 -0.3 0.11230670359223548 0.6584657329517883 2.3190208381033393 1.6139198077971741 -0.965666152916913 -0.0630435186596498 -0.9436540620617558 -0.061888508452023795 5.914999999999926 1.5419764230905636e-14 0.0 -0.6145994032074806 0.8227304580995649 
-0.9415000000000003 1.4415000000000013 -0.8430530485245813 -0.8665373598753137 0.30000000000000465 -0.3 0.1255878132955832 0.6217333901907279 2.310135982325503 1.6134244552475165 -0.9283286632880857 -0.05842680863404 -0.9453908843217635 -0.06371587415356111 5.924999999999926 1.5419764230905636e-14 0.0 -0.18288598686475172 -0.17637281616836498 
-0.9385000000000003 1.4385000000000014 -0.8415836540648566 -0.8603376470314957 0.3000000000000048 -0.3 0.13871200161267289 0.6138545701392364 2.3008796808000915 1.6129302236930143 -0.9198372043768938 -0.053306565046924125 -0.9472043371409631 -0.06556586743625992 5.934999999999926 1.5419764230905636e-14 0.0 0.1494039728183033 -0.31226374705298976 
-0.9355000000000003 1.4355000000000016 -0.8402480441426479 -0.8543256583955918 0.300000000000005 -0.3 0.13875753090763127 0.6037269530373469 2.2918059431246496 1.6123702656660175 -0.9096476218028189 -0.05390616837019816 -0.9488771066824581 -0.06740377315373305 5.944999999999926 1.5419764230905636e-14 0.0 0.11721485207997792 -0.4679299610832054 
-0.9325000000000003 1.4325000000000017 -0.8392739330942839 -0.8474132300225121 0.30000000000000515 -0.3 0.1161615841877377 0.6487157688903781 2.2818184493912743 1.6116637420674 -0.9554345421556684 -0.06351256775388693 -0.9509340582547855 -0.06930292741992879 5.9549999999999255 1.5419764230905636e-14 0.0 -0.4109650421576626 0.6358059381137754 
-0.9310000000000004 1.4310000000000016 -0.8384839983615456 -0.8443675885931557 0.3000000000000052 -0.3 0.1322694210847511 0.6411497661482087 2.2772476531504884 1.611433747105152 -0.9471870279173654 -0.05680397989041524 -0.9515132446999096 -0.07065106255132542 5.959999999999925 1.5419764230905636e-14 0.0 0.3962643848557612 0.15824894110317977 
-0.9265000000000004 1.4265000000000017 -0.8362554527797373 -0.8355797575340017 0.30000000000000543 -0.3 0.14646733402943934 0.6113050991196977 2.2638791725151957 1.610669684800467 -0.9167010009966822 -0.0517180719104487 -0.9542985590961379 -0.07297783440820932 5.974999999999925 1.5419764230905636e-14 0.0 0.5185450836980152 -0.3190607054902921 
-0.9250000000000005 1.4250000000000016 -0.8355185410724646 -0.8325249509484562 0.3000000000000055 -0.3 0.15194077729004804 0.5978831968989932 2.2592976421106266 1.6104125630982988 -0.9030427143661435 -0.049741831746793655 -0.9549695495849142 -0.07431151681598168 5.979999999999925 1.5419764230905636e-14 0.0 0.646576987792182 -0.8446873140793283 
-0.9220000000000005 1.4220000000000017 -0.8344750367506413 -0.8255572835319659 0.30000000000000565 -0.3 0.12999852513184004 0.6466948383326222 2.2492608479119087 1.6097189207787836 -0.9525930502928897 -0.05914574211322555 -0.9572829919916532 -0.07621467093254655 5.989999999999925 1.5419764230905636e-14 0.0 0.015287609211508957 0.4277241209078566 
-0.9190000000000005 1.4190000000000018 -0.8331055675748461 -0.8194587659801923 0.3000000000000058 -0.3 0.13046587282034958 0.636202185498622 2.2401061359933845 1.6091496408532047 -0.9420143057436938 -0.05960065720988103 -0.9593072130847922 -0.0780623843216354 5.9999999999999245 1.5419764230905636e-14 0.0 0.022275866909163576 0.09950425328387924 
-0.9160000000000005 1.416000000000002 -0.8319426730109519 -0.8131201703185063 0.300000000000006 -0.3 0.12269105532091162 0.6337534121905878 2.2307044555344753 1.6084872150232183 -0.9397715936584976 -0.06365583442519164 -0.9184833573433541 -0.07142231799501345 6.009999999999924 1.5419764230905636e-14 0.0 -0.1554480479470533 0.02297501237559081 
-0.9130000000000005 1.413000000000002 -0.8306248300809924 -0.80690278989121 0.30000000000000615 -0.3 0.12568902164743762 0.6267294227901432 2.221430634790556 1.607886866119108 -0.9325558471835748 -0.06294415676630999 -0.920982799934992 -0.07320429651987179 6.019999999999924 1.5419764230905636e-14 0.0 -0.054282563369351305 -0.13821919927331228 
-0.9100000000000005 1.4100000000000021 -0.8293054470869724 -0.8008683246082239 0.3000000000000063 -0.3 0.12938314031090947 0.6117326267033629 2.2123404710002976 1.607279163617501 -0.9173491434547303 -0.06203751835904103 -0.9234681736238278 -0.07496537632805467 6.029999999999924 1.5419764230905636e-14 0.0 0.03987175434543681 -0.44076595691881393 
-0.9070000000000005 1.4070000000000022 -0.827891499274189 -0.7945043473118776 0.3000000000000065 -0.3 0.1369558846265964 0.6207369162750972 2.202925224813632 1.6067147104243378 -0.9259980667760039 -0.058955555988915546 -0.9261252502900198 -0.07674807042831143 6.039999999999924 1.5419764230905636e-14 0.0 0.19929457150616398 -0.1427226426760882 
-0.9025000000000005 1.4025000000000023 -0.8255542983847463 -0.7857451707785416 0.3000000000000067 -0.3 0.15030971304164364 0.5996204548075241 2.189597581390855 1.6059450445721732 -0.9043251402677276 -0.05388379870609453 -0.9297398100358892 -0.07901747084630606 6.054999999999923 1.5419764230905636e-14 0.0 0.3528413839869798 -0.42384296604545507 
-0.9010000000000006 1.4010000000000022 -0.82532983891636 -0.7821262420611598 0.29999999999999427 -0.3 0.09616686706380001 0.6608243858392429 2.1844372643897363 1.605443832649738 -0.9673086296354355 -0.07801885356945293 -0.931466109335921 -0.08024299636303835 6.059999999999923 -5.396917480816963e-13 0.0 -2.1319165225810064 2.3905190722633134 
-0.8980000000000006 1.3980000000000024 -0.8240271312919526 -0.7756979209277989 0.29999999999999516 -0.3 0.09653296740117248 0.6718432850044892 2.1749562378932463 1.6048140860233038 -0.9782011845128343 -0.07829847750848255 -0.9342897234886299 -0.0820070704773775 6.069999999999923 -4.009138700035458e-13 0.0 -1.650021732288061 2.1041570376547227 
-0.8950000000000006 1.3950000000000025 -0.8224721028865254 -0.7697348246437818 0.29999999999999744 -0.3 0.120554648037873 0.6428684454289036 2.165949481609684 1.604288085752902 -0.9483485050518141 -0.0682251831850358 -0.936969758378185 -0.08371513257343935 6.079999999999923 -2.621359919253953e-13 0.0 -0.7495351109640246 0.9926812609406483 
-0.8905000000000006 1.3905000000000025 -0.8206787121198079 -0.7601944491577685 0.29999999999999766 -0.3 0.11529071168336041 0.6455533362824925 2.1518275083935743 1.603249460303819 -0.9510487918461729 -0.07153512320518093 -0.9411269609926439 -0.08606011673974441 6.0949999999999225 -2.0045693500177287e-13 0.0 -0.660955995261096 0.8118615859699699 
-0.8890000000000007 1.3890000000000025 -0.8198395689605791 -0.7570468857206392 0.29999999999999666 -0.3 0.14471014003297397 0.6348711008525209 2.1471610095502442 1.6030120736606848 -0.9393879262965222 -0.0582615466902367 -0.9427760122010181 -0.08718307099755919 6.099999999999922 -2.0045693500177287e-13 0.0 0.7934532636686668 0.15668188108900494 
-0.8860000000000007 1.3860000000000026 -0.8181997369201336 -0.7511896691004094 0.30000000000000093 -0.3 0.1632994468924801 0.6074293460712464 2.1382648473431036 1.6025097178626755 -0.9113075771446709 -0.05044229123200779 -0.9807686865525541 -0.06603220844256472 6.109999999999922 -6.16790569236224e-14 0.0 1.0302260241757748 -0.48795308762577483 
-0.8830000000000007 1.3830000000000027 -0.8169112246805431 -0.7451088947665386 0.3000000000000066 -0.3 0.1526589178190391 0.6006606606700805 2.1291348464124336 1.6018415152788523 -0.9048001624039559 -0.05603843996559823 -0.9835261602862096 -0.06754274751949925 6.119999999999922 7.709882115452808e-14 0.0 0.5648307060602415 -0.5299342992904034 
-0.8800000000000007 1.3800000000000028 -0.8155715475103823 -0.7385818936372116 0.30000000000000737 -0.3 0.1435869894027843 0.6258878054760503 2.11956133799842 1.601198078916166 -0.930214451970036 -0.0604825416433331 -0.9864822440565818 -0.06906663925342543 6.129999999999922 7.709882115452808e-14 0.0 0.23771436213007707 0.1484320962401363 
-0.8755000000000007 1.3755000000000028 -0.8137992862661254 -0.7287326824660701 0.3000000000000044 -0.3 0.1306152762003267 0.6473154913344107 2.105137088180633 1.6001101190037474 -0.9518731046433346 -0.06723862364509256 -0.990878526373509 -0.07118065083253039 6.144999999999921 1.5419764230905636e-14 0.0 -0.0072845806019085635 0.43289438386619256 
-0.8740000000000008 1.3740000000000028 -0.8125155121837304 -0.7264024946737252 0.30000000000000443 -0.3 0.19534105290764003 0.5541028199451711 2.1013022109810024 1.6000606869074685 -0.8567994580073016 -0.03789218405529419 -0.9919213711458718 -0.0720416931620479 6.149999999999921 1.5419764230905636e-14 0.0 2.8710354020791686 -3.806089763181474 
-0.8710000000000008 1.3710000000000029 -0.8118785118713886 -0.7192806701769443 0.3000000000000046 -0.3 0.14597618264440995 0.6097052700402918 2.091116598966669 1.599072783211766 -0.9136962806171521 -0.06132725088017662 -0.9950294964163449 -0.07359001847022122 6.159999999999921 1.5419764230905636e-14 0.0 1.1360304179897724 -1.7246820359162136 
-0.8665000000000008 1.366500000000003 -0.8093053170299103 -0.710778761014141 0.3000000000000048 -0.3 0.16610094571598233 0.574778700025285 2.078065995756753 1.5983228377645167 -0.8781326155357868 -0.05282400306614617 -0.9985217479927844 -0.07565459302261575 6.174999999999921 1.5419764230905636e-14 0.0 1.1817238520894204 -1.8588500281571692 
-0.8650000000000009 1.3650000000000029 -0.8088751884676811 -0.70714553736104 0.3000000000000049 -0.3 0.12646206214561112 0.650126972642638 2.0729054784226952 1.597875068059302 -0.954477264370533 -0.07127639001617085 -0.9997426190373708 -0.07659455837799693 6.179999999999921 1.5419764230905636e-14 0.0 -0.8426096070580973 1.903039872204628 
-0.8605000000000009 1.360500000000003 -0.8064788587579594 -0.6983015281429538 0.3000000000000051 -0.3 0.13420731885922182 0.6401248166131892 2.0595101398111315 1.5970294279097341 -0.944150107030536 -0.06849982121981672 -1.0030193127457974 -0.07872823891535874 6.19499999999992 1.5419764230905636e-14 0.0 -0.5406184838065073 1.3319620335006515 
-0.8575000000000009 1.357500000000003 -0.8056715125271634 -0.6911165200405951 0.30000000000000526 -0.3 0.10406530728448204 0.6865570862456464 2.049272026427183 1.5960901939272607 -0.9911969311142231 -0.08340563537496257 -0.9310947143507788 -0.06919353835259091 6.20499999999992 1.5419764230905636e-14 0.0 -1.0903035223992927 2.067798684555133 
-0.856000000000001 1.356000000000003 -0.8044101818301336 -0.6887249221172937 0.3000000000000053 -0.3 0.17732604038502028 0.5851328054508615 2.0453756418972007 1.5960216637799296 -0.8879453713817974 -0.04904210472886079 -0.931558732183817 -0.07006832648019191 6.20999999999992 1.5419764230905636e-14 0.0 2.4080187314912074 -2.8994579473365376 
-0.851500000000001 1.351500000000003 -0.8022723516938629 -0.6794383985332787 0.30000000000000554 -0.3 0.18698990184051056 0.568323652698203 2.03153492216961 1.5950304497753094 -0.870807117653377 -0.04525440900339768 -0.9347045296978337 -0.07220813864854603 6.22499999999992 1.5419764230905636e-14 0.0 2.016071775685613 -2.5041584442641067 
-0.8500000000000011 1.350000000000003 -0.80123094806204 -0.6763676578542008 0.3000000000000056 -0.3 0.1962900912603396 0.595106623714178 2.02695444083592 1.5948589093329277 -0.8973427867481728 -0.04052552219904664 -0.9349454004961318 -0.07316493593091897 6.22999999999992 1.5419764230905636e-14 0.0 1.981397577525666 -0.7573245226065011 
-0.8455000000000011 1.345500000000003 -0.7993309805971401 -0.6670231027982684 0.3000000000000058 -0.3 0.17845513043206518 0.6042527142646307 2.013052611744016 1.5937331679014521 -0.9068024725322682 -0.050060299377238986 -0.9375411179521135 -0.0753898531002467 6.244999999999919 1.5419764230905636e-14 0.0 1.2768653628418174 -0.4535325464650141 
-0.8425000000000011 1.3425000000000031 -0.7980551047385254 -0.660228154863693 0.300000000000006 -0.3 0.15010287056444152 0.6471614858309703 2.0032212586228586 1.5929848604943702 -0.9502540615022277 -0.06431932108496329 -0.9390773393380982 -0.07699861017284783 6.254999999999919 1.5419764230905636e-14 0.0 0.36306728515198605 0.6007807208903364 
-0.8395000000000011 1.3395000000000032 -0.7967182396355611 -0.6540375639573518 0.30000000000000615 -0.3 0.13833809983871034 0.6416025120930255 1.9939965641717905 1.5922532561072658 -0.9448542653980722 -0.07092406341590153 -0.9402615690669777 -0.0785496510875383 6.264999999999919 1.5419764230905636e-14 0.0 0.020946316768624462 0.3437411442937072 
-0.8365000000000011 1.3365000000000034 -0.7951311990611145 -0.648000014342996 0.3000000000000063 -0.3 0.14802007219668042 0.621338056704476 1.9849311536218293 1.5916392645007298 -0.924305415216598 -0.06687633233396728 -0.9414010581650866 -0.0800765240904323 6.274999999999919 1.5419764230905636e-14 0.0 0.23144652099715876 -0.18296700751711598 
-0.8335000000000011 1.3335000000000035 -0.7936894171939151 -0.6418803597142391 0.3000000000000065 -0.3 0.1487065971344718 0.6117881639553275 1.9757814778077385 1.5909469748057787 -0.9146515088526955 -0.06725987169045748 -0.9431952376113287 -0.08287455316998654 6.284999999999918 1.5419764230905636e-14 0.0 0.19527007050426537 -0.35452751138328154 
-0.8320000000000012 1.3320000000000034 -0.7927438750023261 -0.6388395252594172 0.30000000000000654 -0.3 0.17172739954792 0.6065470589853922 1.9712304476328006 1.5907121718764672 -0.9089217664757651 -0.05590097549082547 -0.9432122782420934 -0.08365781847324517 6.289999999999918 1.5419764230905636e-14 0.0 1.1750234954343703 -0.5086816186285738 
-0.8290000000000012 1.3290000000000035 -0.7912912309331896 -0.6325872219053431 0.3000000000000067 -0.3 0.16666522581838877 0.6131834736255872 1.961949637581676 1.5900175597962072 -0.9155774893087691 -0.059001877797106486 -0.8978589044314159 -0.0801709937797971 6.299999999999918 1.5419764230905636e-14 0.0 0.8014144135704807 -0.2481653780401084 
-0.8260000000000012 1.3260000000000036 -0.7897069883808655 -0.6265604732156569 0.3000000000000069 -0.3 0.16568829487582962 0.6069540987047002 1.9528977403480579 1.5893815810515755 -0.90929354043387 -0.06013295257845424 -0.8998749003513599 -0.08152451751851367 6.309999999999918 1.5419764230905636e-14 0.0 0.6016127451646143 -0.3314480700509118 
-0.8215000000000012 1.3215000000000037 -0.7871440866159283 -0.6177440595861509 0.30000000000000293 -0.3 0.17433432634560486 0.592272194689512 1.9395483627444414 1.5885106106458853 -0.8943581636863362 -0.05663216411363729 -0.9032086503036342 -0.08340650135248086 6.324999999999918 -4.625929269271681e-14 0.0 0.5960103791247061 -0.4753026324868356 
-0.8185000000000012 1.3185000000000038 -0.7856228065466528 -0.6115185636259635 0.3000000000000025 -0.3 0.16605619132771676 0.6040663359603814 1.9302985690794598 1.5878293307940683 -0.9062165489231296 -0.06140301816963918 -0.9056854800792111 -0.08473139075285134 6.334999999999917 -4.625929269271681e-14 0.0 0.2796050722550322 -0.1075877970259893 
-0.8155000000000012 1.3155000000000039 -0.7840335374309579 -0.6049438956749843 0.30000000000000204 -0.3 0.16227585306940845 0.6353992028835953 1.9207016672825412 1.5871798551969476 -0.9375299722934037 -0.0637169278548054 -0.9084389518832905 -0.08597970785063107 6.344999999999917 -4.625929269271681e-14 0.0 0.13346309490261626 0.6126065339401088 
-0.8140000000000013 1.3140000000000038 -0.7832734375873975 -0.6019619676147044 0.3000000000000018 -0.3 0.15534245387049608 0.623757798997791 1.9162083349635342 1.5868320984592166 -0.9259586272077289 -0.06775172136467351 -0.9097087297652764 -0.08641643050699069 6.349999999999917 -4.625929269271681e-14 0.0 -0.20434644613852115 -0.040923979637890295 
-0.8110000000000013 1.311000000000004 -0.781704669509996 -0.5959010986007441 0.3000000000000014 -0.3 0.15426174317347177 0.6126047507084423 1.907126114401787 1.5861579132561843 -0.9147357581332094 -0.06905812636635923 -0.9124011067634421 -0.08757314944836991 6.359999999999917 -4.625929269271681e-14 0.0 -0.1829519180416128 -0.27967527948167065 
-0.8080000000000013 1.308000000000004 -0.7800605148359187 -0.5895885767617837 0.30000000000000093 -0.3 0.1587785903648666 0.619740789743581 1.897794251621619 1.585518942012418 -0.9217201855174538 -0.06727051890841226 -0.9152903262157911 -0.08865812923169326 6.369999999999917 -4.625929269271681e-14 0.0 -0.04192155422358909 -0.058946572149326304 
-0.8050000000000013 1.3050000000000042 -0.7783900093832921 -0.583566406176051 0.30000000000000676 -0.3 0.16392354962037403 0.6107016114517023 1.888753864890119 1.5848854421068568 -0.9125283577413673 -0.06524534062697307 -0.9180884975069953 -0.08962945481260826 6.379999999999916 9.251858538543367e-14 0.0 0.08172677461515417 -0.2467179626023408 
-0.8020000000000013 1.3020000000000043 -0.7765638219234648 -0.5774066230583205 0.3000000000000077 -0.3 0.17572253061646492 0.6108402559549674 1.8795787437483533 1.5843296542072756 -0.9124386829422766 -0.05955577334975365 -0.9210130067673588 -0.09061672585878808 6.389999999999916 9.251858538543367e-14 0.0 0.3257648468360347 -0.18881075972926295 
-0.7975000000000013 1.2975000000000043 -0.7740850445303631 -0.5682938108696002 0.30000000000000493 -0.3 0.17426005441180054 0.6071546050647577 1.865940729181655 1.5833452623869069 -0.9086610396258331 -0.06128089574213793 -0.9364367542120822 -0.06932247207420492 6.404999999999916 3.083952846181122e-14 0.0 0.23170634450707267 -0.20145504853327498 
-0.7945000000000013 1.2945000000000044 -0.7724292130200856 -0.5620859706869878 0.30000000000000526 -0.3 0.16985425768931448 0.6132131625462767 1.856717152985256 1.5826836014650754 -0.9146956832139989 -0.06424305765746861 -0.9395063392650419 -0.06997878078440818 6.414999999999916 3.083952846181122e-14 0.0 0.08230945189469732 -0.022052649269899804 
-0.7930000000000014 1.2930000000000044 -0.7715033174365376 -0.559275095506355 0.30000000000000543 -0.3 0.1770895754390863 0.5864432417185972 1.8523998317842525 1.5824013619065038 -0.8878098984773343 -0.060794204409662246 -0.940952303520906 -0.06984095475103136 6.4199999999999156 3.083952846181122e-14 0.0 0.38558814035240796 -1.2069263195512558 
-0.7900000000000014 1.2900000000000045 -0.7698470600124142 -0.5527093303725729 0.30000000000000576 -0.3 0.17383906977596428 0.6155521955065316 1.8428195292085159 1.5817324718631351 -0.9168771330984651 -0.06302352022843519 -0.9442742307605889 -0.07047635357187503 6.429999999999915 3.083952846181122e-14 0.0 0.2276684277602707 -0.29185483103019816 
-0.7870000000000014 1.2870000000000046 -0.76776643531896 -0.5470905512166643 0.3000000000000061 -0.3 0.1938378004749756 0.5884099835788699 1.8341913967938581 1.5812826463881542 -0.8894743683083394 -0.05279731576328914 -0.9470879163322873 -0.07095279009551084 6.439999999999915 3.083952846181122e-14 0.0 0.6214916815693599 -0.8301584669715384 
-0.7840000000000014 1.2840000000000047 -0.7658686752774031 -0.5408277247082366 0.30000000000000643 -0.3 0.19823526730933858 0.6007186369812977 1.8249177980939453 1.5807319102239497 -0.9016852551152026 -0.0508574643785644 -0.9501868706692423 -0.0714437451386009 6.449999999999915 3.083952846181122e-14 0.0 0.581103904206459 -0.3721531764794605 
-0.7795000000000014 1.2795000000000047 -0.7629900830370452 -0.5315359259677357 0.3000000000000069 -0.3 0.20078871076337604 0.6089620998535334 1.8111111789462166 1.5799123577846068 -0.9098287324821619 -0.05020186286034142 -0.9547530528487722 -0.07270580029009462 6.464999999999915 3.083952846181122e-14 0.0 0.4897984951833574 -0.16732709471015925 
-0.7780000000000015 1.2780000000000047 -0.7619751200838643 -0.5284858476515909 0.29999999999999455 -0.3 0.2014774383680033 0.6141380577003837 1.8065569225855658 1.5796668416806605 -0.9149760273752753 -0.050045429206196715 -0.9561656338398209 -0.07250863996864547 6.4699999999999145 -5.242719838507906e-13 0.0 0.41156450090382335 0.09989927508544447 
-0.7750000000000015 1.2750000000000048 -0.759957175597577 -0.5224818469003272 0.2999999999999956 -0.3 0.20450385993544984 0.60750425562471 1.7975447912367108 1.5791649638726895 -0.9082716409047285 -0.048899093588337786 -0.958870988947754 -0.07296203155966052 6.479999999999914 -3.8549410577264015e-13 0.0 0.38735953553512076 -0.06971838772629571 
-0.7720000000000015 1.272000000000005 -0.7580752814824243 -0.5162869017049978 0.29999999999999805 -0.3 0.19797497643056422 0.6127935788079958 1.7883411141601235 1.5785827938818728 -0.913560314495707 -0.053074083379917474 -0.9615352130458465 -0.07343950219957562 6.489999999999914 -2.467162276944897e-13 0.0 0.15619333864096616 0.0633151025081232 
-0.7690000000000015 1.269000000000005 -0.756199202499484 -0.5101778863318356 0.3000000000000019 -0.3 0.19196582474271637 0.6129326961507324 1.7792239352113284 1.5779909849167268 -0.9136863303877513 -0.057026659318914326 -0.9273867865300907 -0.060996574168250585 6.499999999999914 -1.079383496163392e-13 0.0 -0.012052996342537176 0.052336576233798233 
-0.7660000000000015 1.2660000000000051 -0.7541008551795332 -0.5039850389192254 0.3000000000000008 -0.3 0.20098406852668116 0.6168201364566656 1.770025035880953 1.5775189630332154 -0.9174650622995716 -0.05245705020893269 -0.9300675714864414 -0.061373228321452596 6.509999999999914 -1.079383496163392e-13 0.0 0.19103086471058195 0.12709378831369147 
-0.7630000000000015 1.2630000000000052 -0.7517030214502778 -0.49849378442635545 0.30000000000000604 -0.3 0.2253240583095722 0.5800758708451862 1.761530009479559 1.5772095334553677 -0.8805366814540598 -0.03918771516552974 -0.932205585763643 -0.06164438099722334 6.519999999999913 3.083952846181127e-14 0.0 0.6894682232835982 -0.7176885115666896 
-0.7600000000000015 1.2600000000000053 -0.749593200009432 -0.49235166617790715 0.3000000000000064 -0.3 0.22501599455483834 0.5893670583562797 1.7523825676611113 1.576735019266598 -0.8897966796044257 -0.03977501149377301 -0.9346129876956161 -0.06207836814280725 6.529999999999913 3.083952846181127e-14 0.0 0.5294072013376018 -0.3517313420831217 
-0.7555000000000015 1.2555000000000054 -0.7467554391108108 -0.4826029002496479 0.3000000000000068 -0.3 0.20996797387316252 0.6210070461943312 1.7381248974689365 1.5758273793916797 -0.9214483441365009 -0.04913183827419985 -0.9387560967648091 -0.0632820619943842 6.544999999999913 3.083952846181127e-14 0.0 0.18882751686737698 0.1951717389435314 
-0.7540000000000016 1.2540000000000053 -0.7457247882477928 -0.4794553923890827 0.2999999999999945 -0.3 0.1998668862846329 0.6403300996989256 1.7334751444806906 1.5755701149910226 -0.940797397563401 -0.055174170435580025 -0.9394355121997708 -0.06298203928809433 6.549999999999913 -5.242719838507906e-13 0.0 -0.30207137970447806 1.010602619382516 
-0.7495000000000016 1.2495000000000054 -0.7425426986441583 -0.4705623771312788 0.29999999999999494 -0.3 0.2030531981078425 0.6252925167265612 1.7200764475059473 1.5748411006980776 -0.9256770745785246 -0.05418562656009171 -0.9429963260341818 -0.06418619981626913 6.5649999999999125 -4.0091387000354574e-13 0.0 -0.18773978683370995 0.5632452525217388 
-0.7465000000000016 1.2465000000000055 -0.7400914371611543 -0.46445599499581297 0.2999999999999972 -0.3 0.22681686209556293 0.6154359297659977 1.7109679969215643 1.574541912822884 -0.9157036213562406 -0.04076861090425657 -0.9450471540475557 -0.06456380836144063 6.574999999999912 -2.6213599192539526e-13 0.0 0.38206158774535737 0.21904437505993757 
-0.7435000000000016 1.2435000000000056 -0.7378520474802941 -0.4589004918511604 0.3000000000000009 -0.3 0.23114924710912912 0.5813885226693611 1.7024098607629 1.5741139549470475 -0.8816120928804917 -0.038725257348848116 -0.9467640137754035 -0.06489285633682396 6.584999999999912 -1.233581138472448e-13 0.0 0.39343423521452897 -0.586241199323099 
-0.7420000000000017 1.2420000000000055 -0.7367942402741898 -0.45572719569942244 0.30000000000000027 -0.3 0.22167295286380712 0.6001870287164988 1.697735176920054 1.5738626282735926 -0.9004229708125265 -0.04451014472012203 -0.9472004820416856 -0.06441431585296996 6.589999999999912 -1.233581138472448e-13 0.0 -0.1151642279585749 0.3795237803992809 
-0.7375000000000017 1.2375000000000056 -0.7329298925579438 -0.44690352265595873 0.29999999999999843 -0.3 0.24017653084524201 0.5984667096192832 1.6844097224303396 1.5735095105222545 -0.8986257145140805 -0.034068638962474515 -0.9195327338131545 -0.050473328795235514 6.604999999999912 -1.233581138472448e-13 0.0 0.18455490390533502 0.2696989536851355 
-0.7360000000000018 1.2360000000000055 -0.7318198716511572 -0.4438779366480357 0.2999999999999978 -0.3 0.2382044689695109 0.6003969010383878 1.6798831374562617 1.5732846740908764 -0.9005478820523838 -0.03545177667768532 -0.9201349985649088 -0.04986240048637302 6.6099999999999115 -1.233581138472448e-13 0.0 0.05589550856054168 0.295552138159759 
-0.7330000000000018 1.2330000000000056 -0.729664720098807 -0.4376230757356144 0.3000000000000029 -0.3 0.2256625516869412 0.616670207561694 1.670626405056607 1.572792752869979 -0.9168167898898334 -0.043401227743490894 -0.9224603092362287 -0.0499806218649577 6.619999999999911 1.5419764230905687e-14 0.0 -0.23523498851002264 0.5915029190866257 
-0.7300000000000018 1.2300000000000058 -0.7273423786104051 -0.43158595991341103 0.30000000000000304 -0.3 0.22603071455971108 0.6152971311808363 1.6615880852765046 1.5723957740624124 -0.9154142703311149 -0.04363609886004299 -0.9236838231704897 -0.048432292346576235 6.629999999999911 1.5419764230905687e-14 0.0 -0.17477914944624234 0.4295450174927594 
-0.7270000000000018 1.2270000000000059 -0.7248693319870336 -0.42547299790169707 0.3000000000000032 -0.3 0.23708114914260786 0.615222949667296 1.652474371523027 1.5720857075199834 -0.9153033152181711 -0.03736138309705962 -0.9268928821673367 -0.05019437977455318 6.639999999999911 1.5419764230905687e-14 0.0 0.10962587449507849 0.3324420910823608 
-0.7240000000000018 1.224000000000006 -0.7225138147167136 -0.41975914678303083 0.3000000000000034 -0.3 0.23860856343799577 0.5924073894730224 1.6437598186412739 1.5717004646555002 -0.8924625310315732 -0.03685730213397578 -0.9279341663908193 -0.048651438425345514 6.649999999999911 1.5419764230905687e-14 0.0 0.11920710894923793 -0.24844637791980828 
-0.7210000000000018 1.221000000000006 -0.7198984748955949 -0.41403879684181844 0.30000000000000354 -0.3 0.2524148069814364 0.5758947111082144 1.6350391678903344 1.5714700263669705 -0.8759265704583167 -0.02874248721088087 -0.9308096602275646 -0.05042263011192666 6.65999999999991 1.5419764230905687e-14 0.0 0.39952205237031707 -0.5601844798222584 
-0.7165000000000018 1.2165000000000061 -0.7162790605341425 -0.4048425814039352 0.30000000000000376 -0.3 0.2515180447737903 0.589603508225256 1.6213425964575914 1.5709325962465386 -0.8896101065750034 -0.029827581844741463 -0.9337339134372018 -0.04980838570277751 6.67499999999991 1.5419764230905687e-14 0.0 0.29745400802660044 -0.23260574923891475 
-0.7150000000000019 1.215000000000006 -0.7152111995274715 -0.40173301585313503 0.3000000000000038 -0.3 0.22865888580790864 0.6152335690201414 1.61673302964801 1.5706656932739644 -0.9152242416699499 -0.04420066421367512 -0.9351037137605748 -0.050976115979100324 6.67999999999991 1.5419764230905687e-14 0.0 -0.7846095033518516 0.9581982303646633 
-0.7120000000000019 1.2120000000000062 -0.712606020320719 -0.3956903582795337 0.300000000000004 -0.3 0.23941856030257283 0.6176257928384573 1.6076904724994872 1.5704193759169538 -0.9176028914184922 -0.03789742881207783 -0.936211203613616 -0.0496825031566721 6.68999999999991 1.5419764230905687e-14 0.0 -0.3711479582811194 0.7984258195795398 
-0.7090000000000019 1.2090000000000063 -0.7094640631382902 -0.39053509455561863 0.30000000000000415 -0.3 0.28113880688486914 0.5650348346046167 1.5995351618734952 1.5705062030415338 -0.8650293261187881 -0.01194857101387104 -0.9126215106360177 -0.036203636978836884 6.69999999999991 1.5419764230905687e-14 0.0 0.6384459564990672 -0.5476901010790619 
-0.7060000000000018 1.2060000000000064 -0.7075063246205334 -0.38383395748517485 0.3000000000000043 -0.3 0.24338881571892787 0.6126332756967813 1.5898346710859137 1.5698488541593456 -0.9125792285194132 -0.03615209483223075 -0.9140339192699095 -0.03491474234803294 6.709999999999909 1.5419764230905687e-14 0.0 -0.3423196152994388 0.6317619456532982 
-0.7030000000000018 1.2030000000000065 -0.7046945357719622 -0.3785273803776066 0.3000000000000045 -0.3 0.256668501032831 0.577697227165317 1.5815282881869541 1.569724871981952 -0.8776502956261543 -0.027993104621437958 -0.9165040984763215 -0.03671729789972521 6.719999999999909 1.5419764230905687e-14 0.0 0.028855528409401032 -0.2849862318577694 
-0.7000000000000018 1.2000000000000066 -0.7020057966257165 -0.3727339455517604 0.30000000000000465 -0.3 0.2658293054719878 0.5714181987987047 1.5727352246042345 1.5695209708811455 -0.8713739103181706 -0.022433550312915343 -0.9171698209712096 -0.035432733075058426 6.729999999999909 1.5419764230905687e-14 0.0 0.22601662074413387 -0.3611899218140977 
-0.6970000000000018 1.1970000000000067 -0.6997182913150447 -0.36613603974326603 0.3000000000000048 -0.3 0.24770602047526483 0.6181029653832071 1.563138403293821 1.5690573299924484 -0.9180106381440873 -0.0344758197074858 -0.9191527167229299 -0.0357027648579218 6.739999999999909 1.5419764230905687e-14 0.0 -0.226948961570637 0.7565137626891101 
-0.6940000000000018 1.1940000000000068 -0.6967870502989701 -0.3606519255232032 0.300000000000005 -0.3 0.26907456405031555 0.5906259981283554 1.5546544237168574 1.569003612125128 -0.8905691265172943 -0.020919133664681958 -0.9203423790714859 -0.03589255657990196 6.7499999999999085 1.5419764230905687e-14 0.0 0.2983406648906414 -0.02219967912740961 
-0.6895000000000019 1.1895000000000069 -0.6930917159980087 -0.35173272847276743 0.3000000000000052 -0.3 0.26148147945064926 0.5897092478751003 1.5412369135663222 1.5684659133345185 -0.8896170679502238 -0.02633716084059743 -0.9234014190682004 -0.03683476462182999 6.764999999999908 1.5419764230905687e-14 0.0 0.11955259714210714 -0.030847902332506352 
-0.6865000000000019 1.186500000000007 -0.690062330398676 -0.34602776160889875 0.3000000000000054 -0.3 0.28339758503163914 0.5785710086650242 1.5325319018865062 1.56847185080697 -0.8785300432434734 -0.012165871044312779 -0.9244999456145985 -0.03697760737771945 6.774999999999908 1.5419764230905687e-14 0.0 0.5800099217992032 -0.27150923981586655 
-0.6850000000000019 1.185000000000007 -0.6887339798957822 -0.34337348773257353 0.30000000000000543 -0.3 0.28069043058575316 0.5480474510002673 1.5283780489818986 1.568353224701929 -0.847997744908311 -0.01398958604708367 -0.9236856615338738 -0.03631005154761055 6.779999999999908 1.5419764230905687e-14 0.0 0.3308008526933324 -1.5677764160682297 
-0.680500000000002 1.180500000000007 -0.6844320494275826 -0.33495645742032115 0.30000000000000565 -0.3 0.2874572691295684 0.5372915565586166 1.5154615585192757 1.568201702195355 -0.8372561945631134 -0.009710007753437446 -0.9261796042354873 -0.03715980570856517 6.794999999999908 1.5419764230905687e-14 0.0 0.35753901200319044 -1.3787282412627118 
-0.677500000000002 1.177500000000007 -0.6814145229506295 -0.3294798008196733 0.3000000000000058 -0.3 0.29840663605033596 0.5356100215091473 1.5069848849834078 1.5681987377999274 -0.8356030634845409 -0.002497654466593813 -0.9163585198919757 -0.010527281914878943 6.804999999999907 1.5419764230905687e-14 0.0 0.5214051631306538 -1.1097116331925396 
-0.674500000000002 1.1745000000000072 -0.6787122870040089 -0.32345660729846437 0.300000000000006 -0.3 0.28722302197953203 0.5666711860350845 1.4979625298087238 1.5679843121606312 -0.8666318304662517 -0.010156473241235052 -0.9183726490531111 -0.011586214174184505 6.814999999999907 1.5419764230905687e-14 0.0 0.15701259197263734 -0.17286094746224645 
-0.671500000000002 1.1715000000000073 -0.6761541053819864 -0.317480066075073 0.30000000000000615 -0.3 0.2686366081468537 0.5881264347534712 1.4889873397265192 1.5676706367126458 -0.888024064203451 -0.022927825644911762 -0.9192667885555093 -0.011155966323111303 6.824999999999907 1.5419764230905687e-14 0.0 -0.29091051363636444 0.342335901271299 
-0.668500000000002 1.1685000000000074 -0.6732871083009282 -0.3117870461280558 0.3000000000000063 -0.3 0.274186615087967 0.5828962087888797 1.4802947866355647 1.5675624326488506 -0.882808114488277 -0.01936670864236468 -0.9200124910441577 -0.010793872788385209 6.834999999999907 1.5419764230905687e-14 0.0 -0.10293024524798511 0.15003401288675236 
-0.667000000000002 1.1670000000000074 -0.6714784570922679 -0.30928918486841384 0.3000000000000064 -0.3 0.3251747775257801 0.5344022715443497 1.4762959777556108 1.5677627454340628 -0.8344748018242317 0.015338007238430507 -0.9187349309597537 -0.009687760702536092 6.839999999999907 1.5419764230905687e-14 0.0 2.186083695376641 -2.038592978622798 
-0.664000000000002 1.1640000000000075 -0.6683581145361506 -0.3037601711206925 0.30000000000000654 -0.3 0.3367146363636564 0.5270778733693233 1.4677666412242025 1.5678271075624484 -0.8271832411482583 0.023340701197821785 -0.9193204990707651 -0.009252830636481468 6.849999999999906 1.5419764230905687e-14 0.0 1.9567286261346437 -1.7483367205960996 
-0.661000000000002 1.1610000000000076 -0.6655956356939767 -0.2983044308224014 0.3000000000000067 -0.3 0.3154759530172422 0.526548482650074 1.4593116670832682 1.5676471411933917 -0.8265931206277729 0.008821231467677826 -0.9198228064421146 -0.008746408857316082 6.859999999999906 1.5419764230905687e-14 0.0 1.0499293015177302 -1.3715816875580604 
-0.658000000000002 1.1580000000000077 -0.6623543273592447 -0.2931115773407438 0.3000000000000069 -0.3 0.32278994392741434 0.5147239731841693 1.4511181103063648 1.567795651754902 -0.8147886903922246 0.01402030817477474 -0.9203401945101557 -0.008464675780044893 6.869999999999906 1.5419764230905687e-14 0.0 0.9791448102953962 -1.3295526340097132 
-0.6535000000000021 1.1535000000000077 -0.6583085010710871 -0.28417785149912256 0.30000000000000293 -0.3 0.3032300494180769 0.5460298269442677 1.4376858928061114 1.5674517088500575 -0.8460358981664842 0.0002784962196720365 -0.9232659938454267 -0.008891984834312992 6.884999999999906 -4.625929269271676e-14 0.0 0.471780859721044 -0.5703060670431233 
-0.6505000000000021 1.1505000000000078 -0.6553002453960393 -0.278682862887695 0.3000000000000025 -0.3 0.2988471282716381 0.553491298187222 1.429190924239219 1.5674376051994077 -0.8534826119015997 -0.0028124300416697825 -0.9240741746097139 -0.008700328550604257 6.894999999999905 -4.625929269271676e-14 0.0 0.26954242097328157 -0.2777609134123309 
-0.6475000000000021 1.147500000000008 -0.6521653851083713 -0.27307745656220184 0.30000000000000204 -0.3 0.3078812547329558 0.557105708689928 1.420585117446669 1.5675121916610457 -0.8571269695776369 0.0035663940566294126 -0.9250228343170173 -0.008613175150202629 6.904999999999905 -4.625929269271676e-14 0.0 0.4104024710085062 -0.1357160325938988 
-0.6445000000000021 1.144500000000008 -0.6486510440330903 -0.26832007274675634 0.3000000000000016 -0.3 0.3361218399720523 0.511160130640997 1.4128261708797503 1.5678582087935504 -0.8112627595340053 0.02388008093503832 -0.8681350626416636 -0.008615646171320891 6.914999999999905 -4.625929269271676e-14 0.0 0.9467704827643291 -1.126569759771523 
-0.6430000000000021 1.143000000000008 -0.6476423329271683 -0.26492321767753557 0.3000000000000014 -0.3 0.26996990095866835 0.5905830379378577 1.4079308712186456 1.5674990474795385 -0.8904791792652051 -0.023414808340130835 -0.8683309660203458 -0.008177234166019055 6.919999999999905 -4.625929269271676e-14 0.0 -2.203709136222651 2.6536860667049242 
-0.6400000000000021 1.1400000000000081 -0.6443682965767283 -0.2598550888812103 0.30000000000000093 -0.3 0.28200685500086764 0.5678516772515375 1.399861904575457 1.5676758020831627 -0.8677913038639165 -0.014788034116542855 -0.8695270292686312 -0.008466210996177604 6.929999999999905 -4.625929269271676e-14 0.0 -1.446508127235406 1.558836703296704 
-0.6370000000000021 1.1370000000000082 -0.6411617697897185 -0.25443616518708717 0.30000000000000676 -0.3 0.2976076093432398 0.5582951777277518 1.3914423890762968 1.567805347055048 -0.8582841830122186 -0.003564301083822363 -0.8709993331705532 -0.008934292857693342 6.9399999999999045 9.251858538543372e-14 0.0 -0.778378446908149 1.0000618909244157 
-0.6340000000000021 1.1340000000000083 -0.637965193758501 -0.2491789439435063 0.3000000000000077 -0.3 0.30817436520834285 0.544017671728748 1.3831846274920203 1.5679296095752784 -0.8440376371953806 0.00416052551918495 -0.8723052198677033 -0.009341292499078063 6.949999999999904 9.251858538543372e-14 0.0 -0.37058866170404364 0.4605480040744536 
-0.6295000000000022 1.1295000000000084 -0.6334108607952629 -0.24105676163747455 0.30000000000000493 -0.3 0.3031475735856046 0.5455316739507645 1.3705623414140577 1.567942851265663 -0.8455372131692876 0.0005361741545646524 -0.8754802637784158 -0.01056487576406336 6.964999999999904 3.083952846181127e-14 0.0 -0.36270661277334204 0.3806336657174115 
-0.6265000000000022 1.1265000000000085 -0.6302486188521688 -0.23557971302852404 0.30000000000000526 -0.3 0.30799597614522095 0.5484784802344453 1.36208487135978 1.5680442049094636 -0.8484972728474465 0.004156005793612902 -0.8769731552256329 -0.01101475269810698 6.974999999999904 3.083952846181127e-14 0.0 -0.17436286416556743 0.36153299075089634 
-0.6235000000000022 1.1235000000000086 -0.6271707043175462 -0.23008505605191443 0.3000000000000056 -0.3 0.30768713263578795 0.5515248671112025 1.3535900332217559 1.5680844947582118 -0.8515425822291384 0.003973075047643332 -0.8785637242737633 -0.011540942662784921 6.9849999999999035 3.083952846181127e-14 0.0 -0.14247875011617522 0.34888981228974747 
-0.6220000000000022 1.1220000000000085 -0.6256240502582735 -0.22738644464974814 0.30000000000000576 -0.3 0.3084583654711549 0.5459974991100938 1.3493913112010116 1.5681106309667985 -0.8460171646075363 0.004584471303734111 -0.8783717104121387 -0.011211016807571037 6.989999999999903 3.083952846181127e-14 0.0 -0.07653979074071685 0.025697942842746624 
-0.6190000000000022 1.1190000000000087 -0.6226554590829446 -0.22267378746611832 0.3000000000000061 -0.3 0.30147638542155636 0.5036910878376221 1.341678767199813 1.5680717822207324 -0.8036921273553889 -0.0005316544907779831 -0.8795515234977336 -0.011628303676220496 6.999999999999903 3.083952846181127e-14 0.0 -0.2146860605671951 -0.9201551838439236 
-0.6160000000000022 1.1160000000000088 -0.6191458017481356 -0.21676823399472286 0.30000000000000643 -0.3 0.32699401487683744 0.5406181944734725 1.3327719465887906 1.568435979492277 -0.8406795680230009 0.018765243896619432 -0.820189881118982 -0.007635243671614841 7.009999999999903 3.083952846181127e-14 0.0 0.40008038523177325 0.10492611558475196 
-0.6115000000000023 1.1115000000000088 -0.6147348274828965 -0.20931466189254513 0.3000000000000069 -0.3 0.3150901572801112 0.5210047034703202 1.3208186231194599 1.5683472163265095 -0.8210391986453369 0.009902482135682402 -0.8237106702432826 -0.008638700407129243 7.024999999999903 3.083952846181127e-14 0.0 0.13482018708061655 -0.20896103607337996 
-0.6085000000000023 1.108500000000009 -0.6111824474228326 -0.20366557855226247 0.3000000000000072 -0.3 0.33528514290044287 0.5402259539492208 1.31216832040009 1.5687520392980092 -0.8402963311771288 0.025581631893171274 -0.8262428918499617 -0.00884045219511539 7.034999999999902 3.083952846181127e-14 0.0 0.5536376037367486 0.264613649251837 
-0.6055000000000023 1.105500000000009 -0.6078916573459396 -0.19872627707785415 0.30000000000000754 -0.3 0.3381293100897248 0.5187503309972107 1.3042284699565654 1.5689625540001415 -0.8188188748347879 0.028083917490770955 -0.8283498685780708 -0.00883032199348514 7.044999999999902 3.083952846181127e-14 0.0 0.49381074044596107 -0.2714254495154739 
-0.6025000000000023 1.1025000000000091 -0.6046800666629049 -0.19334245783524617 0.30000000000000787 -0.3 0.33179628767590896 0.524827011859027 1.2958442916566675 1.5691139736716722 -0.8248793371590398 0.023466239910188407 -0.8309521128795908 -0.008870165957762934 7.054999999999902 3.083952846181127e-14 0.0 0.24334118892872647 -0.0760713304716682 
-0.6010000000000023 1.101000000000009 -0.6030490997814058 -0.19051056966380753 0.29999999999999555 -0.3 0.3267013749700045 0.5501235894705423 1.2915121952050126 1.5692097365569566 -0.8501648835991583 0.019630123691174204 -0.8320639774955334 -0.007972158950306812 7.059999999999902 -5.242719838507906e-13 0.0 -0.03717519554008403 1.0651257479227374 
-0.5980000000000023 1.0980000000000092 -0.5996221426585775 -0.18543145200984557 0.2999999999999966 -0.3 0.3350365168248685 0.535639838133416 1.283432477131122 1.5695324168351859 -0.8356834536701714 0.026476122595106174 -0.8347746386427292 -0.0077463347146150534 7.069999999999902 -3.8549410577264015e-13 0.0 0.15631133357691715 0.5065699964482038 
-0.5950000000000023 1.0950000000000093 -0.596334838687621 -0.18021505621972117 0.29999999999999905 -0.3 0.3337011739135491 0.5282637881253016 1.2752157548445722 1.5697495714310998 -0.8282986112404737 0.025747930043325876 -0.8378777931120945 -0.007625016192154361 7.0799999999999015 -2.467162276944897e-13 0.0 0.09190119475272529 0.23008666372383602 
-0.5905000000000024 1.0905000000000094 -0.5916987820862883 -0.1719529390601918 0.2999999999999995 -0.3 0.32059565787249067 0.5423886101327338 1.262453508221285 1.5698467613189158 -0.8424077872752904 0.015680375900542443 -0.843169548916538 -0.00818574078517956 7.094999999999901 -1.8503717077086723e-13 0.0 -0.12267708617097173 0.38821291633976085 
-0.5890000000000024 1.0890000000000093 -0.5899878436228596 -0.1695619511286258 0.29999999999999855 -0.3 0.32686879394064844 0.5116788701716872 1.2585623388071565 1.5700114282691526 -0.8116997094225334 0.020842591083632997 -0.8741043628085865 0.03484344233576506 7.099999999999901 -1.8503717077086723e-13 0.0 0.18339053600737115 -1.0629339522267283 
-0.5845000000000025 1.0845000000000093 -0.5845565581782172 -0.16168639885203456 0.29999999999999993 -0.3 0.3489424191352542 0.5063725092105659 1.2461864001354905 1.5707509417881047 -0.8063747296321073 0.039244387402828734 -0.8794464752067518 0.03521610537202582 7.114999999999901 -1.233581138472448e-13 0.0 0.46965375311101126 -0.9053391622670327 
-0.5830000000000025 1.0830000000000093 -0.5832028745357245 -0.15868699007818526 0.2999999999999993 -0.3 0.3138855740102697 0.5597070153441318 1.2416870066516454 1.5706329405828015 -0.8597092725804993 0.011069705553152079 -0.8815025867811273 0.03474660772287304 7.119999999999901 -1.233581138472448e-13 0.0 -1.192795753135226 1.6662698130619527 
-0.5785000000000026 1.0785000000000093 -0.5780704370394275 -0.15095535273322377 0.2999999999999975 -0.3 0.31537296911503554 0.5551835744855641 1.2294554277763532 1.5711457196721088 -0.8551781510813323 0.012746914500680192 -0.8869231941149094 0.03707717886301371 7.1349999999999 -1.233581138472448e-13 0.0 -0.9056945471827185 1.2289736937360694 
-0.5755000000000026 1.0755000000000094 -0.5745687845155704 -0.14600627016213047 0.30000000000000254 -0.3 0.3320675735347555 0.5245774278749485 1.221506625118219 1.5715586767940564 -0.8245527415497381 0.026767092445094644 -0.8906077032576282 0.035730077802303896 7.1449999999999 1.5419764230905687e-14 0.0 -0.33343788292610677 0.2757318371143589 
-0.5725000000000026 1.0725000000000096 -0.5711785847607219 -0.14070315521850618 0.3000000000000027 -0.3 0.33680065858459907 0.5244226774099258 1.2132038748579717 1.5718855217174823 -0.8243821053023218 0.031073584871804016 -0.8943393525497478 0.03852934300629144 7.1549999999999 1.5419764230905687e-14 0.0 -0.15416090783489092 0.21101919631065982 
-0.5695000000000026 1.0695000000000097 -0.5679092875346483 -0.13507018806368182 0.3000000000000029 -0.3 0.33114865855722947 0.5474420156946821 1.2045712383823317 1.572116890392138 -0.8474001430000796 0.026787732531377534 -0.8986437542546092 0.037137571034657736 7.1649999999999 1.5419764230905687e-14 0.0 -0.24550292892424155 0.6756668923473301 
-0.5680000000000026 1.0680000000000096 -0.5662470937653189 -0.1323952523971077 0.30000000000000293 -0.3 0.3299644632802888 0.5480916088308028 1.2003965322583228 1.572256599971768 -0.8480469483102073 0.02599380744733932 -0.9004354823721856 0.038344717085206266 7.1699999999999 1.5419764230905687e-14 0.0 -0.24357762369399777 0.5543895000977281 
-0.5650000000000026 1.0650000000000097 -0.5624334264394378 -0.12773042242548843 0.3000000000000031 -0.3 0.35713023305611635 0.5060008929661665 1.1927331838593027 1.572948170623862 -0.8058760916562026 0.0493526031581076 -0.9036226103016963 0.03860402283248376 7.179999999999899 1.5419764230905687e-14 0.0 0.4142345099230719 -0.5041574080270386 
-0.5620000000000026 1.0620000000000098 -0.559641849035605 -0.12167477340705157 0.30000000000000326 -0.3 0.31994820971931626 0.5524276902313817 1.1836771223928546 1.5727885529515824 -0.852386257285189 0.01828741752352802 -0.907673233878458 0.03875117849570311 7.189999999999899 1.5419764230905687e-14 0.0 -0.5040847886554076 0.6395841774282189 
-0.5575000000000027 1.0575000000000099 -0.5540344077378829 -0.11392735223326675 0.3000000000000035 -0.3 0.3413780289194227 0.5433999563515216 1.1714324785876444 1.5737547536618164 -0.8432738518200226 0.037452420089069065 -0.8731751072956573 0.04344335869040819 7.204999999999899 1.5419764230905687e-14 0.0 -0.07458714376743669 0.3637101545943874 
-0.5560000000000027 1.0560000000000098 -0.5524632218919795 -0.11136512739244524 0.30000000000000354 -0.3 0.3367149069046916 0.5203117976613106 1.1673704850866276 1.5738260277886642 -0.8201967977872932 0.03357977143277727 -0.874457189590851 0.04388223283502031 7.209999999999899 1.5419764230905687e-14 0.0 -0.2652620902516154 -0.7432547104359869 
-0.5515000000000028 1.0515000000000099 -0.5472540481298336 -0.10344433323995715 0.30000000000000376 -0.3 0.33961817317842335 0.5156151977872793 1.154952137965204 1.5744726362234838 -0.8154640378359023 0.036898803976943416 -0.8796260644497631 0.042729598011013094 7.224999999999898 1.5419764230905687e-14 0.0 -0.16330360688115553 -0.6476662543988259 
-0.5500000000000028 1.0500000000000098 -0.5456745797339301 -0.10069873457567537 0.3000000000000038 -0.3 0.3282670970777899 0.5345535309553365 1.150706864068587 1.5745552601837687 -0.8344413811319548 0.02729098270145276 -0.8803092372986963 0.04296311157775502 7.229999999999898 1.5419764230905687e-14 0.0 -0.6315061876023975 0.33796327627014333 
-0.5470000000000028 1.04700000000001 -0.54224005986021 -0.09563209762650224 0.300000000000004 -0.3 0.3316112372657666 0.5226806507596485 1.142642011986474 1.5749620706208394 -0.8225418286722658 0.030664048360515526 -0.8826556734011628 0.04218737071612711 7.239999999999898 1.5419764230905687e-14 0.0 -0.41685725284682595 -0.0009814561385159681 
-0.5440000000000028 1.04400000000001 -0.5386983301600632 -0.0902637442286454 0.30000000000000415 -0.3 0.3425134506901963 0.5287290450010057 1.1342761344464145 1.5754703995212886 -0.8285212821772187 0.04089525522952517 -0.8850142243825123 0.041317950634566836 7.249999999999898 1.5419764230905687e-14 0.0 -0.08195089833797681 0.1336454061446501 
-0.5410000000000028 1.0410000000000101 -0.5352043566324978 -0.0853644533958281 0.3000000000000043 -0.3 0.3476804717648317 0.5086219189909266 1.1263793638715818 1.5759417237427291 -0.8083658809661701 0.04602401699729606 -0.8868074703463604 0.04031043027443896 7.259999999999898 1.5419764230905687e-14 0.0 0.05108310295125168 -0.3428785954448165 
-0.5365000000000029 1.0365000000000102 -0.5299978682686562 -0.0772027145037398 0.30000000000000454 -0.3 0.3484031372497017 0.5231036731487481 1.1137216950432782 1.5766345615154216 -0.8228070581794229 0.047774733780342575 -0.8910641065534948 0.03842593815261057 7.274999999999897 1.5419764230905687e-14 0.0 0.050437457626825305 -0.05213884597083074 
-0.5335000000000029 1.0335000000000103 -0.5265022428021228 -0.07224936483811738 0.3000000000000047 -0.3 0.3494096528173137 0.51078870269271 1.105771507340338 1.5771247625165838 -0.8104597833437539 0.04932271540064892 -0.8926216016497538 0.03728129826675036 7.284999999999897 1.5419764230905687e-14 0.0 0.06159614632335336 -0.31421844588927467 
-0.5305000000000029 1.0305000000000104 -0.5232185903492934 -0.06663906381222524 0.3000000000000049 -0.3 0.3380776635048488 0.5353168473051292 1.0971632259009094 1.5774329538076175 -0.835045746288221 0.039757503327008274 -0.8946593547811826 0.03620119825009086 7.294999999999897 1.5419764230905687e-14 0.0 -0.20391387091439356 0.300677755695445 
-0.5275000000000029 1.0275000000000105 -0.5196188512779222 -0.06187936670222709 0.30000000000000504 -0.3 0.3474351757538498 0.5075539956363704 1.0894078745363225 1.5780307315134154 -0.8071897011426619 0.048903681699982215 -0.8959647391990789 0.03507418372813692 7.304999999999897 1.5419764230905687e-14 0.0 0.04934503926660955 -0.3830917826537504 
-0.5245000000000029 1.0245000000000106 -0.5163409383603701 -0.05627986222682433 0.3000000000000052 -0.3 0.33816473984411877 0.530427323991286 1.080810659126702 1.5783454188278925 -0.8301155551822472 0.0411104061058827 -0.8024956707746764 0.015707907216113554 7.3149999999998965 1.5419764230905687e-14 0.0 -0.1676302118977749 0.2103359102674403 
-0.5215000000000029 1.0215000000000107 -0.5128828914213576 -0.051146910879444514 0.3000000000000054 -0.3 0.3400368860654474 0.5256402876640369 1.0726815230903783 1.5788296536277788 -0.8252920207999973 0.04350607345182783 -0.8050393091028297 0.014443245052542818 7.324999999999896 1.5419764230905687e-14 0.0 -0.08877580433540949 0.05721601182469502 
-0.5200000000000029 1.0200000000000107 -0.5109679645307967 -0.04891158605849917 0.30000000000000543 -0.3 0.3647634868799827 0.4799246893943873 1.068949744597395 1.5792458755124634 -0.7793496325216914 0.06674879582292309 -0.8054102133043032 0.014195539820911637 7.329999999999896 1.5419764230905687e-14 0.0 1.029912188385162 -1.987303025009707 
-0.5170000000000029 1.0170000000000108 -0.5077798028090277 -0.043345299556125316 0.3000000000000056 -0.3 0.34789377120328663 0.5059118219807751 1.0603853857570051 1.5794915742979212 -0.8054649128058113 0.05177313441485243 -0.8083204755540465 0.013071067648928946 7.339999999999896 1.5419764230905687e-14 0.0 0.42616024259520435 -0.9681882953100316 
-0.512500000000003 1.0125000000000108 -0.5027588503676959 -0.03548369754681391 0.3000000000000058 -0.3 0.34281971177015286 0.5095298976433358 1.0480289692179665 1.5800911938105489 -0.809096930612654 0.04803514784976268 -0.8130761379183243 0.010961400866267398 7.354999999999896 1.5419764230905687e-14 0.0 0.2562867156016933 -0.6994342198698661 
-0.511000000000003 1.0110000000000108 -0.5006944462367656 -0.03312015558433103 0.3000000000000059 -0.3 0.3788501953612632 0.49310704680520956 1.04417101268702 1.5806660904202257 -0.7922901977989758 0.08300748234507109 -0.8136230311923437 0.010959305271507597 7.3599999999998955 1.5419764230905687e-14 0.0 1.8006889384062563 -1.2739088749266338 
-0.508000000000003 1.0080000000000109 -0.49736450855380826 -0.027721296456253788 0.30000000000000604 -0.3 0.36817022250752346 0.5094560839094223 1.03577590125053 1.581064646741174 -0.8087134290548694 0.07383666346857926 -0.8166628490711827 0.010026205218719171 7.369999999999895 1.5419764230905687e-14 0.0 1.163203110899534 -0.6275060781826466 
-0.505000000000003 1.005000000000011 -0.49414546265795345 -0.022822571663986334 0.3000000000000062 -0.3 0.3469204685687443 0.4975661220701695 1.027879885883026 1.5813566454119037 -0.7970261641770162 0.053839216897300333 -0.8194738814566777 0.009145684260694939 7.379999999999895 1.5419764230905687e-14 0.0 0.4324967765045352 -0.752281657236571 
-0.502000000000003 1.002000000000011 -0.4906802758412162 -0.017435408333846027 0.3000000000000064 -0.3 0.34569281089045656 0.5146042286825319 1.019498253024422 1.581899785505071 -0.8140466764117773 0.053687912326544796 -0.8228965606830149 0.008319042581654836 7.389999999999895 1.5419764230905687e-14 0.0 0.30910509998602165 -0.20648336424260516 
-0.497500000000003 0.9975000000000112 -0.48557859436255896 -0.009478790299283361 0.3000000000000066 -0.3 0.3454234807865051 0.5233331211727009 1.0070493553073767 1.5826345589837145 -0.8227377082020155 0.05478071022477737 -0.8286960065753937 0.006330643855955626 7.4049999999998946 1.5419764230905687e-14 0.0 0.23642500215281007 -0.03128124640840804 
-0.494500000000003 0.9945000000000112 -0.48197540187848836 -0.004307087980330751 0.30000000000000676 -0.30000000000000626 0.3545817972878427 0.5218590637994257 0.998885611347904 1.583335226324349 -0.821110078922053 0.064954829677653 -0.8731466387714123 0.06710451064235519 7.414999999999894 1.5419764230905687e-14 -1.3877787807815047e-13 0.3874042572596921 -0.057086688834878135 
-0.491500000000003 0.9915000000000112 -0.47829164656430995 0.00056852859171009 0.30000000000000693 -0.30000000000000765 0.36597449914500324 0.5020113063999023 0.991019496088701 1.584124767423343 -0.8010607587113014 0.07735254757924032 -0.8764329833675875 0.06722446378804109 7.424999999999894 1.5419764230905687e-14 -1.3877787807815047e-13 0.5544855746944438 -0.4854620335276564 
-0.488500000000003 0.9885000000000111 -0.4751813588971508 0.006121336404340363 0.3000000000000071 -0.30000000000000904 0.3399927221323333 0.52607651633054 0.982468943472944 1.5843530393606753 -0.8254584542499578 0.05210097110006424 -0.8805601524393403 0.0673993999640481 7.434999999999894 1.5419764230905687e-14 -1.3877787807815047e-13 -0.14610626440811003 0.15720086127044952 
-0.485500000000003 0.9855000000000111 -0.4715995463161803 0.011332145866008617 0.30000000000000726 -0.3000000000000104 0.34523280574210746 0.5280113680870774 0.9742670222483482 1.5850644124592632 -0.8272817233069567 0.058548566865362764 -0.8845751650757991 0.0675037140189334 7.444999999999894 1.5419764230905687e-14 -1.3877787807815047e-13 0.0028080967886771058 0.16526404224451588 
-0.482500000000003 0.9825000000000111 -0.4680928008321436 0.0161585427217626 0.3000000000000074 -0.3000000000000118 0.34915161246663845 0.5037229873708752 0.9664488498842094 1.5857042371721373 -0.8029009563069482 0.06324963515225948 -0.8883653276552571 0.06752246794917813 7.4549999999998935 1.5419764230905687e-14 -1.3877787807815047e-13 0.08926866915855104 -0.4112030941698822 
-0.479500000000003 0.9795000000000111 -0.46472453015215276 0.021901222357434795 0.3000000000000076 -0.3000000000000132 0.3433470154828008 0.5372063865996488 0.957712761453966 1.5862248108313912 -0.8364379928549577 0.05874221546993441 -0.8930642123234419 0.06754426606840537 7.464999999999893 1.5419764230905687e-14 -1.3877787807815047e-13 -0.05955985696196718 0.42425090961840883 
-0.476500000000003 0.9765000000000111 -0.46153743138054404 0.02696820014387953 0.30000000000000776 -0.3000000000000083 0.32822337824537945 0.5277940268090598 0.9496496814076845 1.5865528610753117 -0.8272465871709638 0.04345023318172264 -0.8971597346058129 0.06733285097274734 7.474999999999893 1.5419764230905687e-14 0.0 -0.38240516069090014 0.12080937880122727 
-0.473500000000003 0.9735000000000111 -0.4579669791955556 0.03237663951973712 0.3000000000000079 -0.3000000000000083 0.3398711214620125 0.5342960604202467 0.9412515361883853 1.5872995943271373 -0.8335244755467515 0.056981238291210774 -0.9014999338865362 0.06695478452440325 7.484999999999893 1.5419764230905687e-14 0.0 -0.03858749794551675 0.23845248598288882 
-0.47050000000000297 0.9705000000000111 -0.45472261682919296 0.037554329450135315 0.3000000000000081 -0.3000000000000083 0.33284562545899377 0.5273752047396612 0.9330790695420597 1.5877060781842598 -0.8267015329605671 0.050189714294433765 -0.9054879163894802 0.0662875202811649 7.494999999999893 1.5419764230905687e-14 0.0 -0.18613463180248807 0.03166625175145363 
-0.46750000000000297 0.9675000000000111 -0.45131332736810853 0.04287421941213355 0.30000000000000826 -0.3000000000000083 0.3352246980302858 0.5290348910529206 0.9247674532003352 1.5883007266477132 -0.8282913287746201 0.05377602624419844 -0.9094197291632025 0.06535378303681666 7.504999999999892 1.5419764230905687e-14 0.0 -0.09190310092877778 0.06151122499023028 
-0.46600000000000297 0.9660000000000112 -0.44918833028587124 0.04540766969443353 0.3000000000000083 -0.2999999999999958 0.38645280509331914 0.5170227335081519 0.9207458231542681 1.589056093550928 -0.8153080114728184 0.11008055206195572 -0.8740937572657906 0.07053671971042311 7.509999999999892 1.5419764230905687e-14 5.551115123126019e-13 2.2053245687458154 -0.48603160477511004 
-0.46300000000000296 0.9630000000000112 -0.4463173041738866 0.05077027435414047 0.3000000000000085 -0.29999999999999655 0.349649567775805 0.5235806237546603 0.9123822579883759 1.5890821115248512 -0.8225351065818568 0.07091352942138593 -0.8780162966193827 0.06912604226614719 7.519999999999892 1.5419764230905687e-14 4.163336342344514e-13 0.897402724190858 -0.23229368712489645 
-0.46000000000000296 0.9600000000000112 -0.4428064319411918 0.056023952828338476 0.30000000000000865 -0.29999999999999866 0.3495512706955043 0.5243436019768803 0.904139542682829 1.5898139714092012 -0.823252244307963 0.07213315639043588 -0.8815424274410482 0.06736878850274709 7.529999999999892 1.5419764230905687e-14 2.7755575615630095e-13 0.6957955170306512 -0.1637177961589159 
-0.45550000000000296 0.9555000000000112 -0.4377012759414977 0.06390259721291006 0.30000000000000676 -0.29999999999999866 0.35111754930895184 0.5233415673876094 0.8917750407108371 1.5907564121874955 -0.8221573182294221 0.07573686255471838 -0.8874627203366751 0.0642190663429692 7.544999999999892 -1.5419764230905535e-14 2.158766992326785e-13 0.5643784186304708 -0.14218102055724466 
-0.45400000000000296 0.9540000000000113 -0.43622125805641826 0.06659938110435652 0.3000000000000067 -0.2999999999999976 0.31881767953280543 0.532384310109603 0.887578696275146 1.590828275638522 -0.8318403769495432 0.03998188443023868 -0.8878783789666331 0.06318521840306893 7.5499999999998915 -1.5419764230905535e-14 2.158766992326785e-13 -0.9965887755606164 0.2913144383218672 
-0.44950000000000295 0.9495000000000113 -0.4309751610569471 0.0743994874254052 0.3000000000000065 -0.29999999999999855 0.32400349279470714 0.5289692584931398 0.8752965650373618 1.5919619784110763 -0.8282755709739339 0.047461035010585094 -0.8933088098391493 0.059561780988571324 7.564999999999891 -1.5419764230905535e-14 1.5419764230905606e-13 -0.6982977400745267 0.17598453919162707 
-0.44800000000000295 0.9480000000000114 -0.42927943134277 0.07704059814832641 0.30000000000000643 -0.29999999999999777 0.3375621052749631 0.5262621632853782 0.8711605703684568 1.5922872096614666 -0.8252641820473189 0.06348906255949587 -0.8932118415081258 0.058314344714021055 7.569999999999891 -1.5419764230905535e-14 1.5419764230905606e-13 0.05948453462009062 0.016561521248523087 
-0.44500000000000295 0.9450000000000114 -0.42612065649563285 0.08258878088434782 0.30000000000000626 -0.3000000000000025 0.32685768262563486 0.5422198226535553 0.8626178414962915 1.592684178085267 -0.8414302761730352 0.05249620120352514 -0.8960249994167999 0.0557820548976118 7.579999999999891 -1.5419764230905535e-14 1.5419764230905586e-14 -0.1916103097250073 0.3674958358194601 
-0.44050000000000294 0.9405000000000114 -0.4209712144089447 0.09041475739214413 0.30000000000000604 -0.30000000000000226 0.33309691008150766 0.5359733596128681 0.8503095278581431 1.5937650248530213 -0.8349927297039087 0.0614925622430883 -0.9012049851063281 0.05174022016761815 7.5949999999998905 -1.5419764230905535e-14 1.5419764230905586e-14 -0.05659724155096241 0.19328990133087837 
-0.43900000000000294 0.9390000000000115 -0.4194484178032518 0.09309963744791007 0.300000000000006 -0.3000000000000022 0.32025863825244594 0.5328223989704696 0.8461262835606592 1.593905551616405 -0.8321319104244201 0.04668026148933734 -0.9008704919624836 0.050512812563835094 7.59999999999989 -1.5419764230905535e-14 1.5419764230905586e-14 -0.6146099358312826 0.010293894706303847 
-0.43450000000000294 0.9345000000000115 -0.41447795182282476 0.10101305279420857 0.30000000000000576 -0.300000000000002 0.3193562282298956 0.5298022973318725 0.8337273976400549 1.5948137373655533 -0.8290981371248981 0.047111840655710065 -0.7916218705760998 -0.003396707792468108 7.61499999999989 -1.5419764230905535e-14 1.5419764230905586e-14 -0.4913989874621132 -0.03673588394838917 
-0.43300000000000294 0.9330000000000116 -0.4129023156683702 0.1036089320708233 0.3000000000000057 -0.30000000000000193 0.3183302292461244 0.5225024628467215 0.8296345342837491 1.5950234409058577 -0.8218170443716446 0.046104350967033234 -0.7930353206727472 -0.0054715318925156 7.61999999999989 -1.5419764230905535e-14 1.5419764230905586e-14 -0.42779916730480977 -0.35300944241101795 
-0.42850000000000293 0.9285000000000116 -0.4079681807189922 0.11148456177082047 0.3000000000000055 -0.3000000000000017 0.3197469509557493 0.5198285517332881 0.8172733826008439 1.5959213095072282 -0.8190737113063926 0.04935524693741789 -0.7995340113605107 -0.011120429387637775 7.63499999999989 -1.5419764230905535e-14 1.5419764230905586e-14 -0.311744215909298 -0.3141763976298062 
-0.42700000000000293 0.9270000000000117 -0.4065295358256144 0.11449239853594524 0.30000000000000543 -0.30000000000000165 0.3035541517294161 0.5656605174768994 0.8127654288541099 1.595985179919621 -0.8652963950412935 0.03119684139727939 -0.8014184796681948 -0.013176071984887485 7.6399999999998895 -1.5419764230905535e-14 1.5419764230905586e-14 -0.9621476890998341 1.792616834892919 
-0.42400000000000293 0.9240000000000117 -0.40338662366400024 0.119780842230273 0.30000000000000526 -0.3000000000000015 0.3017636840728426 0.5607985456861133 0.8044832906952373 1.5964222569305915 -0.8604707318897087 0.02960838897214092 -0.8055551447704485 -0.017062577088254868 7.649999999999889 -1.5419764230905535e-14 1.5419764230905586e-14 -0.7881252616681712 1.286213720677022 
-0.4210000000000029 0.9210000000000117 -0.39999629311892465 0.12508039807326857 0.3000000000000051 -0.3000000000000013 0.31804193077843745 0.5498455235060831 0.7961966895396964 1.5971794354217705 -0.8490738183467961 0.0508098289792339 -0.8097926933889454 -0.020962794091347155 7.659999999999889 -1.5419764230905535e-14 1.5419764230905586e-14 -0.2512474989509067 0.7569879565258949 
-0.4165000000000029 0.9165000000000117 -0.39543006251151247 0.13341946640759988 0.3000000000000049 -0.3000000000000011 0.3096815220056529 0.5594491588620708 0.7833639411902652 1.597696312436147 -0.858877823545868 0.04186355740844679 -0.8173225463190354 -0.02705508547411248 7.674999999999889 -1.5419764230905535e-14 1.5419764230905586e-14 -0.31927262915121934 0.7310444899792217 
-0.4150000000000029 0.9150000000000118 -0.39377684845664246 0.13590740761857364 0.3000000000000048 -0.30000000000000104 0.3186029749311467 0.5266228903756116 0.7793816072150164 1.59803045074693 -0.8258097841547983 0.05274135745041189 -0.8190444038684404 -0.028859776637669397 7.679999999999889 -1.5419764230905535e-14 1.5419764230905586e-14 0.14818586290433966 -0.8903551071921554 
-0.4120000000000029 0.9120000000000118 -0.39056177251742874 0.14120959070060568 0.30000000000000465 -0.30000000000000715 0.32195927250722645 0.5199657923871728 0.7710884856263519 1.5986024615472119 -0.8190382979629873 0.05803215321098566 -0.8238034792696494 -0.03286169590767246 7.6899999999998885 -1.5419764230905535e-14 -1.233581138472449e-13 0.189840061727371 -0.8404339275592114 
-0.4090000000000029 0.9090000000000118 -0.38739558242693345 0.14665923729691713 0.3000000000000045 -0.30000000000000837 0.320554154624319 0.5282678429930169 0.7626468313298153 1.5991283243521375 -0.8273531767124215 0.05770593561111339 -0.8290457405816961 -0.03688691386055692 7.699999999999888 -1.5419764230905535e-14 -1.233581138472449e-13 0.11642853950112407 -0.4691808190828477 
-0.4045000000000029 0.9045000000000119 -0.3828416935843752 0.15522720785660177 0.3000000000000064 -0.30000000000000604 0.31199322622722525 0.548749920748675 0.7495857517877291 1.5996940493768386 -0.8480490303694264 0.04870923051520457 -0.8911575507507347 0.0571485620256646 7.714999999999888 1.5419764230905687e-14 -6.167905692362244e-14 -0.03627303812274062 -0.06148022586949531 
-0.4015000000000029 0.9015000000000118 -0.37971548875660943 0.16059268237547755 0.30000000000000654 -0.30000000000000665 0.3101527162329309 0.5466041035237343 0.7412275077462359 1.6001903365016392 -0.8459400075117566 0.04725922348524523 -0.89617276935207 0.05525177311873392 7.724999999999888 1.5419764230905687e-14 -6.167905692362244e-14 -0.06911258507978396 -0.09550278067495688 
-0.3985000000000029 0.8985000000000118 -0.376720448330697 0.1661110269377118 0.3000000000000067 -0.30000000000000726 0.3034813681525868 0.5486683738104341 0.7327127382092975 1.600525249228235 -0.8481898890508962 0.03917785012087253 -0.9015891045062867 0.05342686020929497 7.7349999999998875 1.5419764230905687e-14 -6.167905692362244e-14 -0.20200641240303624 -0.028407267487194715 
-0.3955000000000029 0.8955000000000118 -0.37347781731146734 0.17167563755027068 0.3000000000000069 -0.30000000000000787 0.3129716445305899 0.5532249955251246 0.7241592947730088 1.6012117045300727 -0.8524358921334214 0.053735144701314096 -0.907227052696291 0.051684080456017335 7.744999999999887 1.5419764230905687e-14 -6.167905692362244e-14 0.053778932086600395 0.07916371894752977 
-0.3925000000000029 0.8925000000000118 -0.37062147375508336 0.17741692431204037 0.30000000000000704 -0.3000000000000085 0.29941974816586076 0.5661573919204262 0.7154176927124593 1.6013825677184625 -0.8657700154869701 0.036214351398814286 -0.9132339334495962 0.049950012017183125 7.754999999999887 1.5419764230905687e-14 -6.167905692362244e-14 -0.25932519425996575 0.34895836796589796 
-0.3910000000000029 0.8910000000000119 -0.36854935378215936 0.17986408116906702 0.3000000000000071 -0.2999999999999963 0.35965526543825094 0.5272882643170231 0.7114902153699171 1.602355964599236 -0.8249939184596885 0.12049377697667336 -0.9149905268777083 0.05025648417672281 7.759999999999887 1.5419764230905687e-14 4.934324553889795e-13 2.47543672768187 -1.4561047184000335 
-0.3880000000000029 0.8880000000000119 -0.36554032153199484 0.18569065534937462 0.30000000000000726 -0.29999999999999766 0.34824520313393764 0.545429290652306 0.702668380347724 1.6027651832476706 -0.8434552285150088 0.10708231367311137 -0.9210501291974402 0.04846678087542296 7.769999999999887 1.5419764230905687e-14 3.54654577310829e-13 1.671782736990042 -0.7293919735270641 
-0.3850000000000029 0.8850000000000119 -0.3623657744110783 0.19116886936335908 0.3000000000000074 -0.3000000000000004 0.33842093664713185 0.5456201073272007 0.6942002204037004 1.6034068577870673 -0.843917806116254 0.0950327305633854 -0.9265355796298216 0.046375894639841334 7.779999999999887 1.5419764230905687e-14 2.158766992326785e-13 1.081958429063233 -0.5630644977456142 
-0.3820000000000029 0.8820000000000119 -0.35940795071461157 0.19685813297024807 0.3000000000000076 -0.3000000000000045 0.3188955571861808 0.5556184408168875 0.6855142439424173 1.6037586482964876 -0.8545309332716974 0.06868326456431617 -0.9320856443653426 0.043940241152188704 7.789999999999886 1.5419764230905687e-14 7.709882115452803e-14 0.4076259012502583 -0.21575386514243167 
-0.3775000000000029 0.8775000000000119 -0.35508001985104864 0.20554688943554827 0.3000000000000078 -0.3000000000000033 0.30368018342112113 0.567887753819848 0.6723270322597016 1.6041493475221655 -0.8672823465107589 0.048517234610914166 -0.9415198172861042 0.038486373119837936 7.804999999999886 1.5419764230905687e-14 7.709882115452803e-14 0.09162942297153448 0.01395903826641584 
-0.3745000000000029 0.8745000000000119 -0.3518995161399938 0.21100737214171586 0.300000000000008 -0.30000000000000254 0.3084226700429723 0.5586106790394262 0.6638774352943576 1.6048460630227095 -0.8578262628736504 0.05670866975769528 -0.896271916456379 0.03101139023798239 7.814999999999886 1.5419764230905687e-14 7.709882115452803e-14 0.17665592057455437 -0.19530018757994494 
-0.3715000000000029 0.8715000000000119 -0.3489650397921 0.21696877930651562 0.30000000000000815 -0.30000000000000177 0.3017472011909804 0.5771405218561261 0.6549190356785258 1.6052118928619616 -0.8765609977821743 0.048750293760642466 -0.9021137379689197 0.02667669983275069 7.824999999999886 1.5419764230905687e-14 7.709882115452803e-14 -0.010944702930724914 0.25987413892004996 
-0.3685000000000029 0.8685000000000119 -0.34623303088462626 0.22238334759619646 0.3000000000000083 -0.300000000000001 0.2845559830069233 0.5614966455666591 0.6465002292552555 1.6052454621735075 -0.861517436400076 0.022021788122585022 -0.9068107620639272 0.021648033227912027 7.834999999999885 1.5419764230905687e-14 7.709882115452803e-14 -0.39053961748072935 -0.14551736505034463 
-0.3670000000000029 0.867000000000012 -0.3444185196527763 0.2254106869012634 0.30000000000000837 -0.3000000000000006 0.32295181160964104 0.581146846805137 0.641986580807727 1.605977964632125 -0.879794268577089 0.08400705713263978 -0.9076780214937028 0.01900456661613321 7.839999999999885 1.5419764230905687e-14 7.709882115452803e-14 1.4027282354135895 0.760162104448765 
-0.3640000000000029 0.864000000000012 -0.3413468293852546 0.2310293206344462 0.30000000000000854 -0.3000000000000061 0.32667788723748437 0.577037169848495 0.6333759129264444 1.6065697159483041 -0.8755218870488163 0.0916181340342157 -0.9117861981108897 0.012927142490576924 7.849999999999885 1.5419764230905687e-14 -6.167905692362244e-14 1.1738125303848677 0.4999110377569946 
-0.3610000000000029 0.861000000000012 -0.3384197946537771 0.2368803572585763 0.3000000000000087 -0.3000000000000067 0.31471640603336837 0.5837037702497797 0.6245279770588145 1.606959843336554 -0.8825938983602261 0.07470867017144601 -0.9159297884655282 0.006364521312278461 7.859999999999885 1.5419764230905687e-14 -6.167905692362244e-14 0.6471546079856467 0.5369663716173255 
-0.35800000000000287 0.858000000000012 -0.33537671892784154 0.24272292265710824 0.30000000000000887 -0.3000000000000073 0.31055041015487983 0.5880825852006709 0.6156928574785446 1.6075490269562622 -0.8870951902931185 0.07012485259168048 -0.9198151779429756 -0.000658440239884143 7.869999999999885 1.5419764230905687e-14 -6.167905692362244e-14 0.41076478668908845 0.5149475101666166 
-0.35500000000000287 0.855000000000012 -0.33250353752950845 0.24845702181004178 0.30000000000000904 -0.3000000000000079 0.2991049372585336 0.5834065375114736 0.6069600276914823 1.6078689763764573 -0.8828327130504968 0.052471778124446734 -0.9233630674505666 -0.008032084648944586 7.879999999999884 1.5419764230905687e-14 -6.167905692362244e-14 0.06513988083937022 0.2966025592585374 
-0.35050000000000286 0.850500000000012 -0.3286091510213941 0.25763486519474627 0.30000000000000715 -0.3000000000000047 0.27630410004826167 0.601788439863797 0.5932691440962274 1.6077033860733583 -0.9020486800273187 0.016173166717081716 -0.9321002663042031 -0.01967017514608365 7.894999999999884 -1.5419764230905535e-14 0.0 -0.28712582912896945 0.5030153587169917 
-0.34750000000000286 0.847500000000012 -0.32529162120744454 0.2631799794730552 0.300000000000007 -0.3000000000000047 0.3009720160171293 0.5814229554792215 0.5847419075773661 1.6087852602167485 -0.8807500982311781 0.05891074156886345 -0.9352158256051151 -0.027662062426681868 7.904999999999884 -1.5419764230905535e-14 0.0 0.3248558210967608 -0.06133215176625029 
-0.34450000000000286 0.844500000000012 -0.3227126457225964 0.26911693347547083 0.3000000000000068 -0.3000000000000047 0.28251992602686077 0.5847109260707556 0.5757954168362178 1.6086440693519723 -0.8847387723124468 0.02780286465474926 -0.9411228046142764 0.028805567042865115 7.914999999999884 -1.5419764230905535e-14 0.0 -0.15738080559738388 0.02536322843811914 
-0.34150000000000286 0.841500000000012 -0.31993638284361603 0.27497979132774425 0.30000000000000665 -0.3000000000000047 0.27592349901401536 0.5862667440643895 0.5669304511304161 1.6088412402594576 -0.8865411907831354 0.017022774905981024 -0.9446699195898732 0.022587949205844417 7.9249999999998835 -1.5419764230905535e-14 0.0 -0.2689945601945338 0.05430068864373676 
-0.33850000000000285 0.838500000000012 -0.31680277870936585 0.28074746717418375 0.3000000000000065 -0.3000000000000047 0.2944205375992014 0.5814765263036842 0.5581743968379071 1.6096778829277933 -0.8810271964975072 0.05139844967681477 -0.9480083809919619 0.01629066749639671 7.934999999999883 -1.5419764230905535e-14 0.0 0.2018273106306167 -0.06421541462610447 
-0.33550000000000285 0.835500000000012 -0.31523309969934643 0.2870893109215458 0.3000000000000063 -0.3000000000000047 0.22120243633179293 0.6099964896734692 0.5487850500362732 1.6077352157124989 -0.9122857561344316 -0.08224931681076228 -0.9523882696297848 0.009975324110887184 7.944999999999883 -1.5419764230905535e-14 0.0 -1.4700921198964096 0.583831641286044 
-0.33400000000000285 0.8340000000000121 -0.31418880783321007 0.2899403510523085 0.30000000000000626 -0.3000000000000047 0.19016666368619206 0.5970041532828319 0.5444202282687227 1.6071938852740204 -0.9004068339462313 -0.14165351480396052 -0.9506461653631083 0.0081494399927184 7.949999999999883 -1.5419764230905535e-14 0.0 -2.522772655279498 -0.12334589636141591 
-0.33100000000000285 0.8310000000000121 -0.31003442132712944 0.2956986745140619 0.3000000000000061 -0.3000000000000047 0.29726939586704626 0.5832139947424612 0.535711736436774 1.6099422570148902 -0.8826442256319003 0.05942914711638845 -0.9536153963858388 0.0017338307080875168 7.959999999999883 -1.5419764230905535e-14 0.0 0.41790420546831175 -0.4023836647337894 
-0.32800000000000284 0.8280000000000121 -0.3084281876169776 0.30172137814476796 0.30000000000000593 -0.3000000000000047 0.23995100070638423 0.5894714818896801 0.5266424248594215 1.6079682662760337 -0.8910886614227408 -0.05117656681279544 -0.9570629168814353 -0.005049759761626521 7.9699999999998825 -1.5419764230905535e-14 0.0 -0.9487055104282738 -0.17390980263252137 
-0.32350000000000284 0.8235000000000121 -0.3040793898228397 0.3105022308927543 0.3000000000000057 -0.3000000000000047 0.25270546237029956 0.5861575632994777 0.513365241527586 1.6086353617761184 -0.8873123947260779 -0.02675938419767101 -0.9652595430703264 -0.017688629303260393 7.984999999999882 -1.5419764230905535e-14 0.0 -0.5489270760528704 -0.18435827005051741 
-0.32200000000000284 0.8220000000000122 -0.30268171575175473 0.313237326885509 0.30000000000000565 -0.3000000000000047 0.27594365772462814 0.5632152187639204 0.5091293093713137 1.6087492052006755 -0.8635063849935858 0.017116710544234384 -0.9621861169859401 -0.020053676760580133 7.989999999999882 -1.5419764230905535e-14 0.0 0.6058654010401705 -1.1630495227307451 
-0.31900000000000284 0.8190000000000122 -0.30036793664629596 0.31928718381203625 0.3000000000000055 -0.3000000000000047 0.25685400942747466 0.5769754073076745 0.500060048841471 1.6080646052433356 -0.8779740560364336 -0.020877957340744043 -0.9649118788965314 -0.028701229497871683 7.999999999999882 -1.5419764230905535e-14 0.0 0.04701423865004628 -0.598812105596038 
-0.31600000000000283 0.8160000000000122 -0.29707189004147255 0.3252258933380506 0.2999999999999897 -0.2999999999999922 0.2949706276976782 0.5853490249978026 0.49113897943092305 1.609345086815911 -0.8848851171268463 0.05923989001179326 -0.8792015421862378 -0.07871877867223626 8.009999999999883 -3.623644594262201e-13 2.7755575615625167e-13 0.8836025916211682 -0.2796623556829726 
-0.31150000000000283 0.8115000000000122 -0.2929168563971251 0.3340753470321816 0.2999999999999843 -0.2999999999999839 0.29752695804531504 0.5861264137564091 0.47778617862765627 1.609700407627259 -0.8855520971375429 0.06696314968434308 -0.8886912565041262 -0.09793152170278946 8.024999999999883 -3.623644594262201e-13 3.392348130798668e-13 0.7251180208555275 -0.20599829503332823 
-0.3085000000000028 0.8085000000000122 -0.2906830207708241 0.33992956129390584 0.29999999999999316 -0.299999999999993 0.25902726355040645 0.585181556262466 0.46890905384529097 1.608802138520361 -0.8860991638771532 -0.015587678306714297 -0.8926588095724451 -0.11176323860227147 8.034999999999883 -8.480870326991915e-14 6.167905692356585e-14 -0.29156808366591 -0.1812177293357669 
-0.3070000000000028 0.8070000000000123 -0.28909800625510435 0.34264629146552533 0.299999999999974 -0.2999999999999677 0.2791530193452098 0.5612766053212697 0.46469866366256496 1.6093297380791416 -0.8614403689416933 0.026572505318774788 -0.8904425691285219 -0.11872191737097344 8.039999999999884 -9.174759717385261e-13 1.1719020815483752e-12 0.6677028591398575 -1.2033893868697128 
-0.3025000000000028 0.8025000000000123 -0.2859357947586002 0.3519124898166299 0.29999999999997273 -0.2999999999999626 0.24881036504141185 0.5791086252383361 0.4508918686653587 1.6075411306487977 -0.8803957441538252 -0.041827491497749864 -0.9003927403778449 -0.14310897908178957 8.054999999999884 -7.324388009676807e-13 9.868649107775298e-13 0.06980364149697393 -0.6717914502754685 
-0.2995000000000028 0.7995000000000123 -0.28320603303835734 0.3578320173139554 0.2999999999999904 -0.2999999999999777 0.25533818316924617 0.5882329806025041 0.44196843811444075 1.6076714944275456 -0.8892756879712742 -0.02689137181897299 -0.9038594233405232 -0.16044028211812458 8.064999999999884 -1.7732728865507883e-13 4.3175339846492787e-13 0.19935434622730128 -0.3197410087882946 
-0.2965000000000028 0.7965000000000123 -0.2808370112984118 0.3635675189809206 0.3000000000000011 -0.2999999999999921 0.2471295100861011 0.5796560430130934 0.4332157226329769 1.6069593798093418 -0.8809924550097771 -0.048548116921861804 -0.9068954944281236 -0.17871521064836254 8.074999999999884 1.0022846750122212e-13 1.5419764230476446e-14 -0.027361577004215848 -0.4392860643778036 
-0.2950000000000028 0.7950000000000124 -0.2790432079027119 0.366693122682008 0.2999999999999829 -0.29999999999996707 0.30727315787516074 0.6023063690212604 0.4286040134809008 1.6080346167936945 -0.9014100542218558 0.09533437764128708 -0.9046008773575477 -0.18764927571147477 8.079999999999885 -7.32438800967385e-13 1.1256427888552858e-12 2.6517697862878435 0.6650142169578637 
-0.2920000000000028 0.7920000000000124 -0.27653304001483053 0.37270256269740715 0.29999999999999116 -0.29999999999998705 0.29845607408228586 0.6078727492680251 0.41958261138864544 1.6076674091908385 -0.9073126165676929 0.07608463612156141 -0.9081763803860212 -0.20725257080411041 8.089999999999884 -3.854941057720088e-13 4.3175339846453346e-13 1.8665524161599882 0.6409306186731134 
-0.2875000000000028 0.7875000000000124 -0.2731014882240198 0.38149183125977965 0.29999999999998744 -0.2999999999999847 0.27643692766514283 0.6023616186327194 0.40626340005612177 1.6062450720595676 -0.9026298245088555 0.020756531818644126 -0.9178388905692725 -0.23968478916284455 8.104999999999885 -3.546545773102012e-13 3.7007434154091834e-13 1.1255534137964027 0.41685521251900515 
-0.2845000000000028 0.7845000000000124 -0.27059539011314515 0.38751996174339465 0.29999999999999327 -0.2999999999999935 0.2606208211281991 0.6027757403360053 0.39722347482284 1.605807981249939 -0.9036009269484646 -0.019520070893505975 -0.9354074972762407 -0.09321094186223697 8.114999999999885 -1.464877601929755e-13 9.251858538461739e-14 0.5239613987984456 0.3334234253655809 
-0.2815000000000028 0.7815000000000124 -0.2680904484591651 0.39358270388131045 0.2999999999999981 -0.2999999999999988 0.25530659474946815 0.6066708087218492 0.3881489980671998 1.6053506357864262 -0.9076736224097713 -0.034377460462540824 -0.9395220758517273 -0.10845830499290458 8.124999999999885 -7.709882114825036e-15 -4.6259292693533083e-14 0.2894316128714344 0.34588640608087295 
-0.2785000000000028 0.7785000000000124 -0.2655277033628996 0.39946748287612294 0.3000000000000043 -0.30000000000000554 0.25661210653950556 0.5989934600842461 0.3792544390212362 1.6050077325273755 -0.899951482595477 -0.033256496906256934 -0.9433723265463021 -0.12404553381232616 8.134999999999884 1.3106799596332544e-13 -1.8503717077168356e-13 0.2541248497897251 0.09841501278283027 
-0.2755000000000028 0.7755000000000124 -0.26319046252625633 0.4055498402046879 0.30000000000000565 -0.30000000000000737 0.24536551548774993 0.6035075698357169 0.37015489385580697 1.6040575578744227 -0.9048247115758609 -0.06634528708509443 -0.9478523742246062 -0.14031771453183278 8.144999999999884 1.3106799596332544e-13 -1.8503717077168356e-13 -0.05227158464701109 0.17685855997488664 
-0.2725000000000028 0.7725000000000124 -0.2610657134826817 0.4114378043781327 0.300000000000007 -0.3000000000000092 0.2247653647686093 0.5969449624121816 0.36124320341765975 1.6024542142820066 -0.8988769028281681 -0.12957004361283286 -0.951926694645552 -0.15712220784211933 8.154999999999884 1.3106799596332544e-13 -1.8503717077168356e-13 -0.49843680403969914 -0.008279062764760758 
-0.2710000000000028 0.7710000000000125 -0.25970903259218264 0.41445277521845036 0.29999999999997645 -0.2999999999999727 0.24415083128470338 0.5982350894533823 0.3567259584673342 1.6024532703305239 -0.8995527571597078 -0.076783192174319 -0.9484427573502031 -0.1605710328272757 8.159999999999885 -1.2567107848176862e-12 1.4802973661655307e-12 0.47390321979539085 0.05089970856965457 
-0.2680000000000028 0.7680000000000125 -0.2578867788393826 0.4204537963035504 0.2999999999999795 -0.29999999999998284 0.21409129483285788 0.5997343494752708 0.3476933144972251 1.5998870435233226 -0.9018524606486513 -0.1717091721973969 -0.9524618987787555 -0.17879640419952908 8.169999999999884 -9.0976608962231e-13 9.251858538529288e-13 -0.2993983057557209 0.07290555159614295 
-0.2650000000000028 0.7650000000000124 -0.25524932820233737 0.42658996426945633 0.2999999999999923 -0.29999999999998606 0.23551979341932763 0.6081910174967717 0.33855048055446924 1.5996015446565746 -0.9096713716331959 -0.11311883218728185 -0.9565951347106219 -0.19901075259908835 8.179999999999884 -4.2404351634878333e-13 6.476300976966278e-13 0.2433235085559996 0.2446302739414708 
-0.2605000000000028 0.7605000000000125 -0.2517174381767999 0.435697795612915 0.29999999999998794 -0.2999999999999805 0.24014432395889224 0.6109086333842508 0.3249209217131089 1.5978294632583072 -0.9121937015660616 -0.10837125525343778 -0.9688957587294494 -0.23981979516735277 8.194999999999885 -3.9320398788697574e-13 5.859510407730127e-13 0.25776318131487985 0.230528966954165 
-0.2575000000000028 0.7575000000000125 -0.24948640493507962 0.4415659520022212 0.2999999999999934 -0.2999999999999871 0.23259418655284073 0.5988347812875148 0.3160356631618262 1.5961556611417278 -0.9002549616739687 -0.1411003152267531 -0.9718257790719356 -0.26613533185710514 8.204999999999885 -1.8503717076975003e-13 3.083952846167117e-13 0.032701643110425366 -0.0890075167409001 
-0.2560000000000028 0.7560000000000126 -0.24834440693520868 0.4447948394321521 0.29999999999996746 -0.2999999999999606 0.22782031082745802 0.621325396475599 0.3112993094583435 1.5953911932386275 -0.9228218230651547 -0.15901181636940176 -0.9648767480847346 -0.16133798678865893 8.209999999999885 -1.2952601953945594e-12 1.4186183092415212e-12 -0.18673764315331218 0.9303548286717809 
-0.2530000000000028 0.7530000000000125 -0.24635056625783538 0.4506643965236534 0.2999999999999795 -0.2999999999999776 0.21017416078279014 0.6101128509843465 0.30240871696845273 1.5927863333645709 -0.9118679241938373 -0.2307881466471594 -0.9668928124951119 -0.18580483654868754 8.219999999999885 -7.401486830819575e-13 7.247289188507689e-13 -0.5373770567785374 0.4744416336057681 
-0.24850000000000277 0.7485000000000126 -0.24293673596898321 0.4596558897963559 0.2999999999999788 -0.2999999999999792 0.2128613369799341 0.6075107694127987 0.288897680686469 1.5900543835222813 -0.9090205066961626 -0.24107736366055915 -0.9784202097425146 -0.2360781193816151 8.234999999999886 -5.859510407729198e-13 5.396917480799235e-13 -0.3781499153145089 0.33046080285563095 
-0.24550000000000277 0.7455000000000126 -0.24062575270501702 0.4658948493034788 0.29999999999999166 -0.29999999999998633 0.22241690951965393 0.6172803635251157 0.27964763289311795 1.5882271703195252 -0.9184932866622488 -0.2202169319603649 -0.9808323800805936 -0.26975913900536064 8.244999999999886 -1.6961740653846834e-13 2.621359919236225e-13 -0.08177054436195047 0.4741271602725393 
-0.24250000000000277 0.7425000000000126 -0.23845998029471907 0.47194692368850394 0.3000000000000009 -0.2999999999999962 0.2202115041681173 0.6147052554248372 0.2705832383220367 1.5857276649338723 -0.9157945976461013 -0.24436966682119715 -0.9820882058618717 -0.3069113206769196 8.254999999999885 7.3243880098295e-14 -1.541976423267844e-14 -0.11260832009344354 0.3115409446502284 
-0.24100000000000277 0.7410000000000126 -0.23743873464093537 0.4749601077271331 0.2999999999999763 -0.2999999999999713 0.2104810579968837 0.6072072589381803 0.26606372712476806 1.584181735413348 -0.9083242002051873 -0.2907872718871872 -0.972034578786975 -0.31780294354537425 8.259999999999886 -1.0369791445265144e-12 1.094803260392131e-12 -0.5200485232385479 -0.09093466467896821 
-0.23800000000000276 0.7380000000000126 -0.23568396784662615 0.4808432128857324 0.29999999999998467 -0.2999999999999791 0.18648028350708384 0.5953582667286724 0.25716721634740836 1.579802387112865 -0.8963443077059754 -0.41005059948393574 -0.9712371752552785 -0.3598113264316943 8.269999999999886 -6.206455102920629e-13 6.784696261576795e-13 -0.9378327289588788 -0.3340378994060442 
-0.23500000000000276 0.7350000000000126 -0.23394198025914592 0.48701761950060285 0.2999999999999956 -0.29999999999998483 0.1704812169335457 0.6040112606829461 0.2479846375159681 1.575062812659908 -0.9045556212621345 -0.5067276181052586 -0.9709723779100111 -0.40698213582585985 8.279999999999886 -2.390063455771491e-13 4.0091387000137853e-13 -1.084960268602205 -0.06751850055417186 
-0.23200000000000276 0.7320000000000126 -0.23171879851656002 0.49314291845227315 0.30000000000000104 -0.2999999999999933 0.19101376108781393 0.6098168749760557 0.23885724707401648 1.5719736054910396 -0.9099445516273983 -0.4517972844894459 -0.969986436115007 -0.4589880912656631 8.289999999999885 -6.553399797946101e-14 1.2335811384507758e-13 -0.3875792277068566 0.07649926163808432 
-0.22900000000000276 0.7290000000000126 -0.2295109143620192 0.4992358304650512 0.30000000000000504 -0.2999999999999984 0.20889904682473526 0.6108811218761524 0.22976473758080418 1.5685726836526126 -0.9106762940679297 -0.40531111004420706 -0.9683383819781792 -0.5164862592772334 8.299999999999885 3.854941057915184e-14 -1.5419764233072896e-14 0.09600028371514996 0.0831493568317678 
-0.22450000000000275 0.7245000000000127 -0.22636030353674935 0.508138205524789 0.2999999999999962 -0.2999999999999903 0.21238966516007288 0.6020209474212942 0.21636979187906 1.5621984239132254 -0.901234351288499 -0.4407384632217165 -0.9129128705962285 -0.7284686246501604 8.314999999999886 -1.0022846749898222e-13 1.0793834961415738e-13 0.12637975156122758 -0.06659012179540871 
-0.22150000000000275 0.7215000000000127 -0.22451846457607308 0.514194930396652 0.2999999999999999 -0.2999999999999955 0.19781676464984804 0.6017011817623302 0.2073270436090073 1.556236859937377 -0.9001179321422168 -0.5561273044248201 -0.9169729383327292 -0.8160034244596656 8.324999999999886 3.854941059630631e-15 -3.08395284639931e-14 -0.22554687123515985 -0.05889822048451724 
-0.21850000000000275 0.7185000000000127 -0.22239301734160558 0.5202810482597641 0.30000000000000304 -0.3000000000000021 0.20250053608287616 0.6052083328062291 0.1982571774565174 1.5511588659299944 -0.9031192818773628 -0.5813434720845965 -0.9210955011711555 -0.9151419536143123 8.334999999999885 7.324388009870587e-14 -1.6961740654214357e-13 -0.0713415346711638 0.03212696282090761 
-0.21550000000000274 0.7155000000000127 -0.2200990013883194 0.5265992523568902 0.3000000000000053 -0.3000000000000038 0.2179870196463321 0.6209205552674439 0.18895672328313798 1.5464550094235054 -0.9186516392927108 -0.5525227647876979 -0.9263052829059835 -1.0306058014069879 8.344999999999885 1.0793834961824349e-13 -1.6961740654214357e-13 0.2886562188881229 0.3741481368877088 
-0.21250000000000274 0.7125000000000127 -0.21821709274317638 0.5327377085490029 0.3000000000000064 -0.30000000000000554 0.20532638632159692 0.6215539625738582 0.1798531806144996 1.5390034167867257 -0.9180788108063807 -0.6890048670412762 -0.930611159372453 -1.1609723674741048 8.354999999999885 1.0793834961824349e-13 -1.6961740654214357e-13 -0.05683701474780334 0.305079824388535 
-0.20950000000000274 0.7095000000000127 -0.2163759960402113 0.5387278607768529 0.3000000000000074 -0.30000000000000726 0.19104006807478702 0.6106801734226185 0.17091051125193923 1.5305539085157762 -0.905559243661116 -0.8513800392650859 -0.9341573462323497 -1.3091002961496727 8.364999999999885 1.0793834961824349e-13 -1.6961740654214357e-13 -0.3616803058440736 -0.004355451058695559 
-0.20800000000000274 0.7080000000000127 -0.21520663679539917 0.5416935375476778 0.2999999999999768 -0.2999999999999706 0.21040366920010442 0.5973144133391204 0.16646253352424578 1.5274899458250002 -0.8925942338490238 -0.771102177493019 -0.9218546054893216 -1.362416158098596 8.369999999999886 -1.2798404311627682e-12 1.4957171303950706e-12 0.5792975899130266 -0.5974213545343636 
-0.20500000000000274 0.7050000000000127 -0.21342679497536182 0.5475851291142573 0.2999999999999827 -0.29999999999998067 0.1976546592455566 0.5875991165434845 0.15764026278059737 1.517314980740986 -0.8808590817882749 -0.9492903368235831 -0.9238487270168135 -1.5419822701244095 8.379999999999885 -8.635067969283167e-13 9.406056180824687e-13 0.1672534598312856 -0.6805565378741947 
-0.20200000000000273 0.7020000000000127 -0.2118493652892948 0.5536636114835071 0.2999999999999944 -0.2999999999999838 0.17408871927203082 0.593630111235825 0.14866302214983262 1.5044948015464001 -0.8833246847359252 -1.243350722985122 -0.9266688690464525 -1.7569594947979688 8.389999999999885 -4.1247869317432766e-13 6.630498619261678e-13 -0.3936015306540288 -0.3952996474056943 
-0.19900000000000273 0.6990000000000127 -0.20994925746375742 0.5596169724486214 0.3000000000000012 -0.29999999999998966 0.17706105954493592 0.5933530817465246 0.13981242651638479 1.4924021466117288 -0.880981541940382 -1.3770116130826318 -0.9285627767478478 -2.0101176884925502 8.399999999999885 -1.6961740653756432e-13 3.8549410576986684e-13 -0.24008251777746356 -0.31361149218888273 
-0.19450000000000273 0.6945000000000128 -0.20657659646116736 0.5689340019097685 0.29999999999999344 -0.2999999999999797 0.20192630780153145 0.605905784739006 0.12614540839239866 1.4749139581631823 -0.8923556478740808 -1.4614133470015997 -0.9724730278307216 -1.8567313481942647 8.414999999999885 -2.4671622769208326e-13 4.4717316269348197e-13 0.18164320108559637 -0.057954079221265 
-0.19150000000000272 0.6915000000000128 -0.20470980735704253 0.5748000849847018 0.29999999999999727 -0.2999999999999877 0.1999926734073578 0.5978700729767931 0.11744517518821666 1.4580814380111207 -0.8809240867221275 -1.7060035812431982 -0.9739517364946373 -2.167330475426446 8.424999999999885 -1.0793834961393278e-13 1.6961740653718102e-13 0.09830839208493727 -0.22364676744349632 
-0.19000000000000272 0.6900000000000128 -0.2034958162845032 0.5779059719301938 0.29999999999997173 -0.2999999999999619 0.22348656945917034 0.6083126649821368 0.11290353486982757 1.4509757770585834 -0.8926541961595706 -1.6344849148190452 -0.9528871731708607 -2.273276675764429 8.429999999999886 -1.2181613742387421e-12 1.2798404311619905e-12 1.1206352405909006 0.2901677144480376 
-0.18700000000000272 0.6870000000000128 -0.20193370364862562 0.5836757103578131 0.29999999999998145 -0.29999999999998034 0.19513642282896188 0.5934927095460325 0.10439791345965722 1.4272579437078083 -0.8693037525543047 -2.218394147398183 -0.9494606413916336 -2.682798348905275 8.439999999999886 -7.324388009652154e-13 5.859510407712381e-13 0.24160192867716557 -0.10364634289829366 
-0.18400000000000272 0.6840000000000128 -0.19994061902185845 0.5899732239817483 0.2999999999999929 -0.2999999999999932 0.19427514672617913 0.6109280396106033 0.09536843263464502 1.4028603189696325 -0.8804413035046562 -2.689538530025056 -0.9494964706774226 -3.239842669258962 8.449999999999886 -3.16105166730764e-13 1.6961740653678671e-13 0.16877314224262296 0.3068379569584631 
-0.1795000000000027 0.6795000000000129 -0.1972293810987576 0.5989498690078927 0.2999999999999892 -0.2999999999999865 0.1882132762996549 0.60875261865796 0.08247820655780898 1.3541471204377378 -0.8634794089048057 -3.692096449628286 -0.973255243389887 -4.542565936838304 8.464999999999886 -3.0068540249986025e-13 2.3129646346040184e-13 0.04146251172168458 0.2064232857433509 
-0.1780000000000027 0.6780000000000129 -0.19599089782890664 0.6021646488283178 0.299999999999969 -0.29999999999996035 0.2185991318057475 0.6261920877786322 0.07794018791370974 1.3378661644697865 -0.8823898089957186 -3.7592296823645754 -0.9375207281456894 -4.914370125312 8.469999999999887 -1.1333526709684672e-12 1.3415194880852111e-12 1.3827310871652143 0.9356389609412478 
-0.1750000000000027 0.6750000000000129 -0.19439764646761382 0.608161855018007 0.2999999999999811 -0.2999999999999782 0.19708204786095568 0.6190522511481904 0.06959602225068662 1.2883376389321208 -0.8539479647765432 -5.10080590002555 -0.9218712068263796 -6.197552102489714 8.479999999999887 -6.12935628175403e-13 6.476300976944588e-13 0.5973000912442273 0.5690561556111475 
-0.1720000000000027 0.6720000000000129 -0.19211903131176616 0.6140230804781693 0.29999999999999377 -0.29999999999999666 0.2142705435093633 0.6025573548499459 0.06136854746664651 1.2367805951968331 -0.82457062445563 -6.141344618787496 -0.8984050251276154 -8.010033612685785 8.489999999999887 -1.9660199394095157e-13 9.251858538185691e-14 0.8465333075990207 0.0760459810698958 
-0.1675000000000027 0.667500000000013 -0.189159871635863 0.6231124539744465 0.29999999999999083 -0.2999999999999911 0.21477316241559372 0.6034414314361116 0.049390325788090626 1.1168174806884215 -0.7745554447524986 -9.572597616906211 -0.8985934149630428 -12.930567485798035 8.504999999999887 -1.9660199394095157e-13 1.5419764230547203e-13 0.6658610008174661 0.07224430507163174 
-0.1645000000000027 0.664500000000013 -0.18709026877589208 0.6290709962344511 0.29999999999999827 -0.2999999999999958 0.21287766149086074 0.599644769359412 0.042018264495182596 1.0031728330644707 -0.7117238476478666 -13.259369399492256 -0.9024720597944274 -16.0561065534193 8.514999999999887 1.1564823176274137e-14 1.5419764227321557e-14 0.47576964675285066 -0.02818025331539145 
