0.20682397795101612 -1.597481495583127 -0.01559233611745754 -0.008957460625826806 0.04542671399056734 0.7349632310847081 0.6765243724424732  738512.6411484326
0.20726151518666142 -1.5974820974668886 -0.015613458703767317 -0.010151354234539046 0.045524363406928454 0.7335709276708245 0.678010454506245  738512.6411495097
0.20899575177293156 -1.5977878111013628 -0.016089400967906557 -0.02116434498749024 0.05243980015593578 0.7219838244815467 0.6895951675061647  738512.6411507643
0.2108743837872108 -1.5951827523442417 -0.010672708659110722 -0.007220661672803831 0.017182921574050845 0.7007659685322658 0.7131477172355124  738512.6411518479
0.21175806554313234 -1.595685336156258 -0.0011314675431904676 -0.008075632878591879 0.027888853153891488 0.6793326861841368 0.7332558199600028  738512.6411530823
0.24633680029874716 -1.6027136008856582 -0.012928921115109787 -0.2424437534264948 0.5423276746582258 0.7424012534854235 -0.30974521553616685  738512.6411541548
0.19172506327724434 -1.5972816874494993 0.0672463087376375 0.5265583914583473 0.14193326934595624 0.04044593808573009 0.8372307528572582  738512.6411554011
0.2156407163238071 -1.604366825522319 0.07931419316887604 -0.03633704127302923 0.0051248224852096505 0.6164212962237005 0.7865609583420158  738512.6411564832
0.21151464139078435 -1.606651391225235 0.1065275500175852 0.13434507746793814 0.04961096309571118 0.622628648205443 0.7693007987352624  738512.6411577436
0.23000266236628303 -1.6236629951353567 0.12121735330669546 0.10036306487991468 0.01004938918577186 0.6069335275430242 0.7883260481102246  738512.641158821
0.2601605135275542 -1.6598695122337461 0.15062106564351657 -0.0992522167174106 0.05323334625133364 0.592475901980082 0.7976763215092034  738512.6411600772
0.2600028901515796 -1.6947864372035892 0.2591427689149496 0.9026246831836648 -0.1377234303554251 0.12380267829040337 -0.3885535161169514  738512.641161162
0.30274214956026935 -1.6709887323754917 0.254280206028138 0.7934413927234083 -0.08450457559537898 -0.5150268369218673 -0.31314068765786307  738512.6411622433
0.2711409876190405 -1.6074649618983434 0.1978914103344983 -0.05497156640878504 0.01368976465217745 0.6923722789571908 0.7193131060685315  738512.6411634956
0.2536570207813531 -1.5630804892365757 0.20347612941964313 -0.017149950071105726 -0.042482151958932554 0.744777049698329 0.6657389069448696  738512.6411645862
0.2265653975746695 -1.5325733709969862 0.22416892864667545 0.07422585445583929 0.004415772229576416 0.7848421117237382 0.6152185653496979  738512.6411658335
0.2146700291252602 -1.5201274501422781 0.25726392321964164 0.1279253892432328 0.007652933808020631 0.8167227711198267 0.5626192696001877  738512.641166906
0.23137421076644243 -1.5319221630585333 0.30116523952409874 0.07328787668296072 0.02440167368755338 0.8521260071743089 0.5176047848984003  738512.6411681615
0.2620423598473639 -1.5512918925479011 0.34386204450485547 -0.01798614795346369 0.028760805361431246 0.8747177847211499 0.4834440108733194  738512.6411692236
0.2983584740202768 -1.5711839800698368 0.40293219361509036 -0.07325387486391087 0.015960476723925043 0.8930903842385906 0.4435861794293577  738512.6411704888
0.32093703142446883 -1.5822439445505063 0.44667280864423414 -0.11140417140301564 0.038916940639095315 0.8945564528290589 0.4310955056912474  738512.641171555
0.3260352164620551 -1.5819387787642327 0.5030174613507822 -0.117807839090837 0.03973999613064141 0.9021179178702381 0.4131891915500096  738512.6411728247
0.316193488639319 -1.573651055495084 0.5424272429631223 -0.09710867306896484 0.03368628885406539 0.9077420241281321 0.40674261786759836  738512.6411738885
0.298785138547875 -1.5613493912472636 0.5727018648048512 -0.07879551851484635 0.04129835121280689 0.9127463425989307 0.3987227439228364  738512.6411749985
0.27174332318010436 -1.5399001675127502 0.5980441946068131 -0.08450804039154937 0.08043722125265956 0.9093280465920576 0.3993879670538458  738512.6411762576
0.24596484975344007 -1.5103688960484047 0.6110726364826458 -0.06807315914509858 0.071797419411134 0.9119795904204437 0.3981261134696736  738512.6411773511
0.2068778167262457 -1.4632054399866457 0.6274923428357606 -0.04886157519965921 0.05644461706238847 0.9167990461804352 0.3923086292657004  738512.641178561
0.17725718024423748 -1.4145157251992 0.6285342538702343 -0.05099496169221815 0.05482223516569123 0.9089674835333353 0.410087978722277  738512.6411796459
0.1442363367470046 -1.354688532484086 0.6224879500768351 -0.05508988128237447 0.045564905063796006 0.8877438425685625 0.4547524759563431  738512.6411809158
0.11587585124420491 -1.3020753796966094 0.6165610462000095 -0.0498157855508215 0.047926889516987634 0.861170877456877 0.5035932094372735  738512.6411819779
0.081166427154837 -1.2335268431366884 0.6122460564117218 -0.03315584303685903 0.05519792642270538 0.8187237608774082 0.5705657563908838  738512.6411832374
0.055849420585629105 -1.1745763024577685 0.6110691706893048 -0.016818861508746268 0.0651908947719379 0.7767788954750487 0.626164371935155  738512.64118432
0.03657658451900549 -1.1136823451060889 0.6111933543959499 -0.007787883528316651 0.0739528077935995 0.7340926364994497 0.674965430319864  738512.6411853911
0.024054823322508228 -1.0367035350661806 0.6107692814618261 0.004493326943331723 0.07885168919838746 0.6882341498174995 0.7211767995079466  738512.6411866514
0.0246947040422449 -0.9663577700719255 0.6089515628991357 0.0034290746063338055 0.07864717549179293 0.6532698151441875 0.7530215215091707  738512.6411877511
0.0375501410158031 -0.8888581321348463 0.6057580731656316 0.0004913797931285592 0.06860591834068443 0.6208757039186964 0.7809009839909241  738512.6411889961
0.05570201695601197 -0.8262972623809289 0.6020801047780282 0.000883989309645423 0.06088704887241516 0.5954739818671626 0.8010634948378154  738512.6411900719
0.07953418191956238 -0.7653346705794244 0.5989624255862523 -0.005348717948640625 0.05383498291956475 0.5708314276607979 0.8192830201005581  738512.6411911672
0.11421352250563094 -0.6930413279675242 0.5957341111140875 -0.005511925031990696 0.05208281411771236 0.5461776686536612 0.8360304739781159  738512.6411924185
0.14943715765923213 -0.629200592872758 0.5925958393461446 -0.004041850786541348 0.04551249018986797 0.5273993554001865 0.8483879988557149  738512.6411935008
0.188055675662286 -0.5677963044724363 0.5903075822451295 -0.00371671246187625 0.03934775513274293 0.5167164856713518 0.8552438328628492  738512.6411947414
0.2274650831809542 -0.5094510869147599 0.5879030386042369 -0.006816947724025805 0.044942699954686 0.5103438219004282 0.8587682262360288  738512.6411958191
0.26836580051988607 -0.45309032815716554 0.5846707529998708 -0.015616209799824742 0.050991947909024525 0.5151980360201135 0.8554103921048359  738512.6411970613
0.31042853009190585 -0.3972401736012265 0.5816745565012599 -0.018528059040632164 0.048050459330234684 0.5309786656749886 0.8458188464348314  738512.641198135
0.3528646877129404 -0.3421897869864945 0.578833410042639 -0.035584002427374126 0.05939683365143336 0.5533246062200345 0.8300829326488265  738512.6411993961
0.3963087362249629 -0.28344875965342264 0.5747864684469056 -0.04329943072697684 0.03334407447100803 0.5903538005985142 0.8052923209091725  738512.6412004714
0.4362640703796621 -0.22307272544010298 0.5710311585025308 -0.05077236172836136 0.04137110440388704 0.6351768994311975 0.7695848916356776  738512.6412017078
0.473174138843563 -0.15874630771485868 0.5672911398027191 -0.05944885524593901 0.029616309889194174 0.6849917961444952 0.725517020484863  738512.6412028112
0.5058923426712388 -0.08392319490355157 0.5630757481307253 -0.06828428538414949 0.018949026106410118 0.7429817506694286 0.6655496292173753  738512.6412040612
0.5247119586293028 -0.019966145940537618 0.5600605617585294 -0.08079597006864674 0.016527496508120635 0.782571530681238 0.6170742681777168  738512.641205123
0.536086505047251 0.06092316613668325 0.5565834167313359 -0.08507390013874219 0.02044247659384583 0.8301288999546218 0.5506637323503547  738512.6412063661
0.5363215288233751 0.12972051351056632 0.5533814131876089 -0.08710178255993595 -0.00036312287074305883 0.869136799082419 0.48684121856867185  738512.6412074566
0.523137901964527 0.21100847952402524 0.5489868822730977 -0.08776883564776057 -0.0015236974926461752 0.9063436017699957 0.41332261656674285  738512.6412087054
0.5020680421153618 0.2741648931518696 0.5455560620352359 -0.08927773641026618 0.019846212538226726 0.9249508693516557 0.3689193718347724  738512.6412097893
0.46772590550400983 0.34553778144759006 0.5439827542339862 -0.03485045325877678 -0.027128331674797362 0.9429235295426186 0.3300677460205565  738512.6412108664
0.43159073705212375 0.403232827442652 0.543801529617379 0.05410299128710029 -0.0657153751693302 0.9404600868966184 0.3290732148846928  738512.6412121219
0.4085052647111397 0.43578997004550374 0.5415340023560248 0.08111534325691537 -0.0611756180586552 0.9352823882658817 0.3390054557719136  738512.6412131914
0.4012684392949522 0.4456640548299189 0.5318556232281723 0.07861612804812831 -0.04251764331842183 0.9335773771202517 0.3470519202462928  738512.6412144313
0.4096644623665973 0.43754402434503314 0.513257835451364 0.0548257313247022 -0.01835844011459467 0.9334655231031802 0.35397630434674093  738512.6412154953
0.4300129184173672 0.417968376659444 0.48701475634554886 0.010494128390949113 0.00849452794379025 0.9339356497598185 0.35718611167293757  738512.6412167567
0.45687694220776576 0.39521457642364144 0.4541667465577009 -0.019852723267628828 0.01984153709787908 0.9327373934061883 0.35946228971379185  738512.6412178336
0.48822068794967816 0.3708818494978351 0.41097495301264775 -0.05603695500671601 0.030242471634106826 0.9302420597145246 0.3613792508170808  738512.6412191102
0.5101970469664053 0.35553672524342733 0.3718258386623752 -0.06858354703500745 0.030548748530133268 0.928627202368019 0.3633381208481792  738512.6412201866
0.5265069691551132 0.34544567654708697 0.33018195257475214 -0.06908026394449324 0.02976412838056827 0.9275869303019816 0.36595696540447337  738512.6412212715
0.5406467637172043 0.33814075518852293 0.2725684793094355 -0.060423606219608225 0.021680070092146234 0.9282002543132335 0.36650136461555805  738512.641222506
0.5474458613350177 0.3352786604639217 0.2226915859119595 -0.05107346524037185 0.021471290338114082 0.928619522633551 0.3668736390412821  738512.6412235851
0.5518785370368116 0.3339038724938887 0.1607386995788219 -0.04451972106059333 0.025847584518455292 0.9275784450603031 0.3700650281649952  738512.6412248538
0.553242838886368 0.3344763969720697 0.10445878078733868 -0.03306216245845684 0.022116716550044966 0.9289530533368116 0.3680543016442417  738512.6412259234
0.5533726581474534 0.33518650531283256 0.044942726078799025 -0.029501277229196442 0.018147689794243846 0.9291315307301246 0.36812353171194273  738512.6412272475
