-0.20818412221562035 -2.190977741965674 -0.02448185805638269 -0.007190548603682272 0.02535733117030386 0.4946269861636941 0.8687056154563054  738511.6576703164
-0.20828374109741418 -2.1919159437470084 -0.024494368352070594 -0.005633290175231917 0.0207369169236108 0.5050411277952709 0.8628277380529591  738511.657671399
-0.20765892184755755 -2.1939196265623755 -0.02400841814372445 -0.006926163764528831 0.015417892171637677 0.49273358454193744 0.8700160524501511  738511.6576726548
-0.20471825797184698 -2.200251279009706 -0.02045074082483375 -0.008337359065461675 0.009992180475627402 0.4756232667825346 0.8795528141437932  738511.6576737328
-0.2010294613778665 -2.2120687833336174 -0.009286293228049554 -0.005979223372688931 0.0072988734613632 0.45897415241028466 0.8883995175332522  738511.6576750148
-0.19749945593997792 -2.2260792844463833 0.0059620171108879065 -0.01901522223222252 0.005261378475012686 0.4421341565414143 0.8967319146988213  738511.657676079
-0.19488399140269175 -2.245313398806196 0.029741207685171987 -0.03829456138273381 0.026750015227656437 0.42012668048249646 0.9062623988672279  738511.6576773358
-0.1921828836236638 -2.259040464391943 0.05401536324292937 -0.0451435718332312 0.03782359688575853 0.40994502743402206 0.9102068489760339  738511.6576784078
-0.18595506586499938 -2.2698599535917645 0.08670423109892529 -0.05020363292719852 0.02345375084664891 0.4080745515459442 0.9112654263126145  738511.6576796614
-0.18170371907651073 -2.2741369900495014 0.11787364769065882 -0.04844423355910342 0.02373912815130138 0.4053228000293211 0.9125804281299693  738511.6576807492
-0.17752342615452912 -2.2747837673574294 0.15640400861390366 -0.047680252886221464 0.023249553437051197 0.40454040942826186 0.9129803441965757  738511.6576818415
-0.17398069956790946 -2.271195275694802 0.2070516133290451 -0.03384815730613102 0.011212503343209492 0.4026645222062401 0.9146528656119645  738511.6576830901
-0.17306560564513532 -2.2680093310093605 0.25187807801313655 -0.03675013484579218 0.015018729722457876 0.4209997126378677 0.9061915400759228  738511.6576841753
-0.17235422237589185 -2.263215913631404 0.30385551757783635 -0.02762860120495237 0.01000210125885677 0.49108065958041797 0.870618403292698  738511.6576854332
-0.17162198384206642 -2.261344158444736 0.3419930891640114 -0.038848971122346816 0.01973760080992805 0.5501724206982295 0.8339133600441075  738511.6576865062
-0.1702822937958649 -2.258561619141671 0.3770349099128316 -0.051005738614189916 0.021066895686208426 0.5954655161228944 0.8014832622351276  738511.6576875874
-0.16890667606933213 -2.2514684983847526 0.4159763479038798 -0.049993101565277545 0.024075477652617867 0.6353782400635137 0.7702048774355262  738511.6576888374
-0.1675649382436066 -2.2426733917165356 0.44417103447486866 -0.04692822609922732 0.018129256094209952 0.655752549715973 0.7532978595546723  738511.6576899047
-0.16649124423411676 -2.22964884416124 0.47210120226408875 -0.04115764898125466 0.012458202806945625 0.6716287751035068 0.7396388507684813  738511.657691153
-0.16572254251036597 -2.2186688047795324 0.4890418382774721 -0.03565200653169271 0.006960230637168283 0.6783338392184151 0.7338553619010677  738511.6576922336
-0.16503839420109037 -2.2065048115344954 0.5037845865009457 -0.031590737967917594 0.0010345950526798027 0.6822481467453617 0.7304371438736114  738511.6576934988
-0.16484077487289328 -2.1980891291153193 0.5137115382695815 -0.028890345602387204 -0.001233939253383199 0.6834087369612537 0.72946303783668  738511.6576945748
-0.16461647012670402 -2.1926877127349202 0.5227651241042962 -0.028062176465481006 -0.0032051230484316756 0.683264268383311 0.7296246850188688  738511.657695831
-0.16460048422500573 -2.191235393993988 0.528336843851007 -0.028074313276203022 0.0025965863426335167 0.6811702085820055 0.7315820101764272  738511.657696896
-0.164692576555142 -2.1917656608820892 0.5338074389914168 -0.03016615581796472 0.007525899011959833 0.6810289362284171 0.731596167230815  738511.6576981476
-0.16435546670568826 -2.1931443429589677 0.5370485512984481 -0.035110983724604306 0.007230446302718237 0.6802422936624617 0.7321102112257329  738511.657699225
-0.16427635689390654 -2.195270615353763 0.5400918033201498 -0.038748768652394565 0.011161286883762889 0.680421024121584 0.7317111373597892  738511.6577004911
-0.1642905006156546 -2.1962791323102198 0.5423686358877813 -0.03773206854049063 0.010054610798303764 0.6804126140540949 0.7317881322086495  738511.6577015657
-0.16419733180691487 -2.1972839259926795 0.5441848232104795 -0.04018311988191737 0.00827685361005485 0.6804267850992944 0.7316667278825189  738511.657702641
-0.1644825472899009 -2.1980108782627683 0.5460326475387104 -0.037388331455691044 0.009014569032620937 0.6840564096729093 0.7284144964246144  738511.6577039066
-0.16443726619229537 -2.198501095904969 0.5468876031013853 -0.037493945843467096 0.007111947181635551 0.6847582776185476 0.7277703796289411  738511.6577049802
-0.1646347910132641 -2.1989899203043843 0.5474630920710591 -0.03910118680907478 0.008832217927866553 0.6866689864496726 0.7258641692250527  738511.6577062367
-0.16469378506114057 -2.199340816929543 0.5485013766511987 -0.039566098027668105 0.008664713911877984 0.6862797856600014 0.7262089936197106  738511.6577073099
-0.1652510234405601 -2.1994497822196646 0.5503227879649399 -0.0391658906989649 0.010162422763763708 0.6867012723056668 0.7258127312076483  738511.6577086028
-0.1659119682413065 -2.2004314730545724 0.55143300813903 -0.07189800139199834 0.06342668963017295 0.6815168927413174 0.725494629440228  738511.6577096707
-0.16291988260106488 -2.186720191223434 0.5514212730916845 -0.11584856461331217 0.1052557745893244 0.6752742241437951 0.7207669902261287  738511.6577109174
-0.1568196763630493 -2.153802067270766 0.5490982990829343 -0.10502002744823917 0.09607064640062775 0.6763175894820166 0.7227279867918297  738511.6577120114
-0.14583508749382712 -2.0919163489632235 0.545887292847464 -0.08803375279001918 0.07216101488434767 0.6796811299005814 0.7246215618911956  738511.6577132827
-0.13478349734270037 -2.0286213116459852 0.5444985356949187 -0.06750069944298151 0.04897279781199028 0.6821974518087892 0.7263965565686342  738511.6577143034
-0.11968057182694901 -1.9445838228769463 0.5452697262655113 -0.04315604455890363 0.015479591223452676 0.6855237794314708 0.7266051788334412  738511.6577155604
-0.10695345678292459 -1.877607412705429 0.5479133211164982 -0.03385922165773194 0.00587571612521092 0.6879360063311316 0.7249572954746519  738511.6577166637
-0.09136766565316433 -1.80151238625437 0.552366472979428 -0.04403527889252227 0.014696097579675091 0.6897835200594765 0.7225258572419012  738511.6577178717
-0.07860980152409378 -1.74062471022594 0.5562178515501085 -0.043431598593242984 0.011961741783998359 0.6941823675732681 0.7183880939488769  738511.6577189338
-0.06417233968865431 -1.6687704010023832 0.5600088339404674 -0.05564965184286169 0.011881909041448034 0.6966832726712643 0.7151184196112949  738511.6577201919
-0.05420245320351625 -1.6104181979054624 0.5621878486973303 -0.05747412269350083 0.014685143166536458 0.6978092204373453 0.7138230618741701  738511.6577213034
-0.04435807926578352 -1.5384733526387888 0.5642040646241495 -0.06159843280066394 0.02517099817049527 0.69980022019838 0.7112325257873842  738511.657722527
-0.03709541314354131 -1.4776201281144625 0.5654092870803338 -0.05881036355163123 0.023394190016701805 0.7007336243046746 0.7106099076013666  738511.6577235956
-0.02982652374064746 -1.4087198108107222 0.5663462424811644 -0.04910457075574979 0.018475481894978465 0.7016028573557523 0.7106341029319418  738511.6577246806
-0.022571793666381783 -1.3401577069408153 0.5667827855658427 -0.05090270738423715 0.023564319686549033 0.7013883993768222 0.7105687513803886  738511.6577259563
-0.015124293104124888 -1.2710895365938328 0.5668285378263287 -0.044799921983701876 0.014075379153969577 0.7012790212199506 0.7113385868127177  738511.6577269965
-0.006977507850935947 -1.1965026236138796 0.5662845481613019 -0.048541047234325604 0.016757109774703273 0.7013407788099728 0.7109740346761017  738511.6577282739
-0.0004997294155948597 -1.1354096002516252 0.5654993229926214 -0.04078474882817307 0.009092731930295802 0.7012504661514923 0.7116893354627294  738511.6577293262
0.007281770002706031 -1.0637087649592905 0.5634652491162306 -0.053304785600798585 0.023018762720051343 0.6998581947635314 0.7119180034366471  738511.6577305968
0.013629297292299062 -1.0039851650627285 0.5616030236850214 -0.050751780903936325 0.021936794415777502 0.6993180124790802 0.7126691737462397  738511.6577316652
0.02082878842489644 -0.9373676890811515 0.5594820444114778 -0.053928610620926624 0.02457793669174766 0.6993942923797654 0.7122747038685848  738511.6577327421
0.02817552470103895 -0.8696372712493173 0.5571938245874827 -0.057491417997101106 0.03263128381800283 0.7002374458369561 0.7108427784122221  738511.6577340206
0.03608369149503586 -0.7992646490296189 0.5543205976156943 -0.0626258003623741 0.036553682141482025 0.702116276387869 0.7083604815926035  738511.6577350764
0.04550830444990743 -0.7167592210822118 0.5514354766403562 -0.058999764710731845 0.02461174012011763 0.705503087697054 0.7058177408242592  738511.6577363503
0.05279832068939582 -0.6474009972580727 0.5500860878570086 -0.05271403398504867 0.01572695916703407 0.7091279005860713 0.702930660866897  738511.6577374284
0.05984284139523114 -0.5709798994888317 0.5493077637156675 -0.060928656440106435 0.022500776124089197 0.7150716908412621 0.6960272199099944  738511.6577385442
0.06643343661773986 -0.4848912592915234 0.5485656912539276 -0.05601907063749916 0.011967412569799772 0.7227386715986692 0.6887433900496513  738511.6577398126
0.07018753628109002 -0.41528215343763397 0.5478097249754416 -0.0564797555342837 0.013287608311651312 0.727689489311558 0.6834482305380765  738511.6577408692
0.07306917432994615 -0.3304028400858349 0.5465710883308725 -0.06516698803562185 0.020287071997727744 0.7336602326511347 0.6760801442184257  738511.6577421154
0.07372420206919893 -0.2590730616122381 0.5455605500831128 -0.05479045504213617 0.010949099354006358 0.7402255978445225 0.6700329749761061  738511.6577432028
0.07314162551695412 -0.17347231856121964 0.5440837993671441 -0.06028077360265679 0.018662981036263463 0.7455018852773561 0.6635095029617987  738511.657744466
0.07165230576757745 -0.10290549277904149 0.5427915636856663 -0.06449461846140103 0.024553946416259406 0.7478048691148931 0.6603222134935063  738511.6577455468
0.06881324550274114 -0.014302320760167032 0.541934637700589 -0.05867736348995104 0.016158222016472122 0.7522854146821556 0.6560202235690846  738511.6577467895
0.06545637264181516 0.05796285648727397 0.5411670428948477 -0.05923206791086421 0.019356220278969678 0.7535202096410987 0.6544648138211477  738511.6577478595
0.06103359824628009 0.1388312857931211 0.540121118200281 -0.05778694436007599 0.01671420803494767 0.7546369300997193 0.6533792222292972  738511.6577489434
0.05591080129044033 0.21961464651777324 0.5389774705590268 -0.05150615180255203 0.009248397463806795 0.7557395571670137 0.6527781439385437  738511.657750212
0.05007109013340951 0.2983265441701258 0.5375611041983082 -0.05065418450804569 0.013581120257437594 0.7550144912432835 0.6536075464504856  738511.6577512797
0.04369924473728518 0.38408888739807734 0.5351744013286476 -0.05843963300858522 0.01958967222343241 0.7531779941883767 0.6549228680588074  738511.6577525522
0.038209817348870564 0.45545513594454357 0.5330725759347705 -0.05281234209872206 0.01851353966123732 0.751083558393981 0.6578309765293018  738511.6577536411
0.031764144662009754 0.5426224794559054 0.5312255861720206 -0.05553638456284433 0.019800020454877176 0.7476314631361375 0.6614913941304095  738511.657754882
0.02649505324101878 0.6143090700874443 0.5304526725898449 -0.05396034612023293 0.022433862713107735 0.744492959197687 0.6650678435734397  738511.6577559445
0.020553079317782014 0.7022474811379026 0.530686936654898 -0.04830307385545322 0.021610976486103432 0.7395403562867964 0.6710289413837751  738511.6577572053
0.01670105092967539 0.7733165211230536 0.5308481256980652 -0.05260471822432957 0.0255120855885986 0.734195029307389 0.6764166881810214  738511.6577582841
0.013529636049759796 0.8450297494695607 0.5311917895330026 -0.04941805544473365 0.021731941360723234 0.7312268962438827 0.6799947093399281  738511.6577593599
0.010934222177953853 0.9319911025712414 0.5307668543926475 -0.05198113864391176 0.023322801482152437 0.7304955699792365 0.6805367222986699  738511.6577606212
0.009462902035378279 1.0115001959071586 0.5294661898884154 -0.04845581009711833 0.01925803685391305 0.7474638417332655 0.6622529484915212  738511.6577616868
0.008987902534548443 1.0982984723075768 0.5274685586707204 0.030194201861767817 -0.07328901842272632 0.7485807139062423 0.6582886484819442  738511.6577629553
0.008524384090090898 1.1487589159790947 0.5241210456996782 0.05354929347350811 -0.08590672588568425 0.7449147151807739 0.6594350420801404  738511.6577640141
0.010053656717196545 1.1785587893141825 0.5163727259311279 0.0404832064622421 -0.0741425614164049 0.743444566844751 0.6634411553485138  738511.6577652685
0.012606491941127207 1.1810991984814154 0.5091691469733113 0.006343525556688101 -0.040305467635749444 0.7436890115703262 0.66727946396673  738511.6577663213
0.016122357980785033 1.1701914141024274 0.5023056478541935 -0.03412447460463169 0.000426901911570607 0.7392779345732259 0.6725351094484666  738511.6577675771
0.018737124972524048 1.159829967356137 0.4944337787118417 -0.05620890927598741 0.02121438729106564 0.7377806682351453 0.6723616540734392  738511.6577686352
0.021060729670607844 1.1531712174961555 0.48171291467173327 -0.05988601790594851 0.02429460262523715 0.7367380006102461 0.673082874243185  738511.6577698676
0.022593770544442983 1.152116061494153 0.46645207683655404 -0.055564833423040715 0.020626173971538087 0.7367004455423162 0.6736167781251581  738511.6577709718
0.023642613712618717 1.1557046726788782 0.44862459010465944 -0.046664097063037 0.015744855206214336 0.7367409017662678 0.67437927403239  738511.6577722254
0.024444507657429906 1.160593079319693 0.42951138225725044 -0.038474705195004275 0.00783517599486543 0.7376317932326759 0.6740605645560596  738511.6577733144
0.025269435781878034 1.1662331291627561 0.4016515306515667 -0.03218210152469774 0.0065131452314015235 0.7379469673566524 0.6740594667013947  738511.6577745548
0.026358488877177847 1.169897244504067 0.37776967657578686 -0.02749016387362871 0.004223828188088298 0.7368860934075032 0.6754445465826688  738511.6577756737
0.028441050842815122 1.1717357874288452 0.3536988385524596 -0.031466808895780934 -0.00033241379457074567 0.7339972446531993 0.6784230054180777  738511.6577767213
0.030364609190091065 1.17178120263811 0.3280882446630481 -0.03777886675635388 0.005663336097282997 0.7343888998908221 0.6776530288931077  738511.6577779647
0.032037629938148474 1.1717471801639383 0.300762902360811 -0.0374574067239556 0.005824789047625647 0.7333564986883307 0.678786608843795  738511.6577790485
0.03347356338984898 1.1714549151901061 0.27330461531342065 -0.036985302827274066 0.00654364535426929 0.7324587831820042 0.679774520719768  738511.6577803065
0.034987493054430545 1.1713456080014626 0.24835175710842694 -0.04076358986859803 0.006832272978034451 0.7324173359111167 0.6796002470893023  738511.6577813852
0.03616097927793912 1.1717412015894721 0.2180161057996048 -0.0401802707296881 0.00940899381992022 0.7335022629000216 0.6784330821827111  738511.6577826522
0.036907455600518155 1.172657682943131 0.19064523447025106 -0.038521690464084844 0.008112754501958839 0.735946392419531 0.6758943482992427  738511.6577837329
0.03737392003279802 1.1738442408682608 0.16407846900035297 -0.03740827508846181 0.005195526594666883 0.7353350922923622 0.6766505224277105  738511.6577848229
0.037697778532353975 1.1748255369778533 0.13428420643686906 -0.037895095996278085 0.008017718957720974 0.7344079259838965 0.6776021518075186  738511.6577860727
0.037988617888231505 1.1761650671412807 0.10752377261877659 -0.038085455548381074 0.00729718059483709 0.735310711629991 0.6766198390479213  738511.65778716
0.03822543062773421 1.1777022595875632 0.07561056603060144 -0.037523622027807936 0.007373913694636663 0.7358845907008196 0.6760262364404399  738511.6577884195
0.038284363617182106 1.1788957552093495 0.05202466429783032 -0.03468636861701739 0.005277395235204408 0.7351631200530808 0.6769816776291034  738511.6577894901
0.038782933623041964 1.179437216681453 0.030285669037130317 -0.03620259707813522 0.011261710354544829 0.7315019126021577 0.6807844722847856  738511.6577907368
0.04030537168798752 1.1803353224385782 0.01580850083034646 -0.03930988992853594 0.010763322877054402 0.7280781011314446 0.6842814933105241  738511.6577918171
0.042486472699718336 1.181659743009495 0.0044710942070567234 -0.010459582432207104 0.061682992874691735 0.7293356890538979 0.6812894085465008  738511.6577930953
0.04447065029782368 1.1850922139687434 0.007502013355740077 -0.03611631773673457 0.04717493973347551 0.7396987188951732 0.6703103325468895  738511.6577941633
0.046407701019043776 1.188898459971091 0.0066350276984078515 -0.031141305716075044 0.026453603347819484 0.7504713251407046 0.6596387011764615  738511.6577952957
