-1.1071528016472034 -1.8332270024367447 0.023099087311246057 -0.02374565748701574 0.034670828914483726 -0.0859581075450701 0.9954121162212977  738541.55850175
-1.1070887233087074 -1.8331679811668606 0.02344971549095894 -0.022331928569735853 0.033289445122104126 -0.08496049583754162 0.995577627288228  738541.5585028244
-1.1076256250326704 -1.833303015367646 0.023198783882826673 -0.013779384276142025 0.02986463330451584 -0.08661591332640124 0.9956987073433362  738541.5585040975
-1.1070122567734455 -1.8333456196118583 0.0242713203394817 -0.027341275561161824 0.03456553534458049 -0.08398679026786646 0.9954917867453918  738541.5585051543
-1.1085273140926206 -1.8326067899981984 0.025107944942675736 -0.024094412133989315 0.015015485323537652 -0.0885378730138825 0.99566813725588  738541.5585064187
-1.1123660282568253 -1.8312807802265298 0.03266094448751942 -0.03729144579203688 0.007946898282658026 -0.10289655832252369 0.9939610118932252  738541.5585075014
-1.1186708115971593 -1.8294213869197133 0.04586966613074355 -0.02504776054213133 0.02534890907722182 -0.124557893126652 0.9915721727440058  738541.5585087523
-1.1255605309724872 -1.8272421520708468 0.06460885031653837 -0.033171822559057436 0.038144688747048405 -0.14713723508425558 0.9878234897795566  738541.5585098406
-1.1313096525259767 -1.8263338718724418 0.08440777686288285 -0.0233613997752812 0.03883932456169406 -0.16103081375744036 0.9859081239591991  738541.5585109183
-1.1359940620331337 -1.8278059072737889 0.11134648870537868 -0.016965676795685867 0.04714496104441826 -0.17699041564073212 0.9829363719134141  738541.5585121767
-1.1363121601099735 -1.8310699088088889 0.13773797899433612 -0.02451992276171546 0.049983689244311895 -0.18572640813271038 0.9810229892919989  738541.5585132658
-1.1334367040109403 -1.8369340538618297 0.17558577001933073 -0.023008381901578976 0.04721516318275864 -0.19536546453004638 0.9793230713083685  738541.5585145289
-1.1281025096235109 -1.843577124291742 0.21557075146686455 -0.026935618631159088 0.03526152625994181 -0.19725481675549478 0.9793475555090401  738541.5585156144
-1.1207563166016974 -1.8518488608196013 0.26343959768779357 -0.02912621330500513 0.03619362396571649 -0.19312180994845962 0.9800743093281095  738541.558516886
-1.1149193313666836 -1.8584799255517324 0.30161373262655106 -0.032411690478829025 0.027046901622349826 -0.19289175380350515 0.9803115416782276  738541.5585179571
-1.1097467829152892 -1.8646355197097546 0.33726128666528227 -0.034720046287132156 0.02405134376116664 -0.21520615054110914 0.97565483856658  738541.5585190296
-1.1048773959591092 -1.8706077940577 0.3761957213510038 -0.030505603691893046 0.021297942769499267 -0.2466346846682314 0.968394102675033  738541.5585203014
-1.1020630984963724 -1.8743269567611802 0.4066030617863675 -0.029688045131772724 0.023712621185205344 -0.29706479722429485 0.9541010626882612  738541.558521378
-1.101387605771002 -1.8756978961654132 0.4330433308656609 -0.02884345246887893 0.022948935276511772 -0.35070493722238727 0.9357603585465626  738541.5585226577
-1.1024008477909528 -1.875199058942095 0.4491129609344666 -0.02179944829853787 0.02574853602275371 -0.4062020328380028 0.9131602846515164  738541.5585237263
-1.1054382174557322 -1.872605710574038 0.46404305691487435 -0.01578573364686893 0.027135962553577066 -0.4686015753079635 0.8828516374614798  738541.5585249799
-1.1090402783256663 -1.8692880662618174 0.4739058545698546 -0.011715854409774273 0.030971857319535584 -0.5214255813313969 0.8526540013058299  738541.5585260554
-1.112998170070342 -1.864988550627926 0.48142883872399655 -0.007656208790996513 0.03359740594383169 -0.5720133399427706 0.8195201862726204  738541.5585271382
-1.1184521966631693 -1.8590931080603708 0.4881220050746582 0.00014466598765521316 0.03417935961720264 -0.6298907391049038 0.775931316056897  738541.5585283918
-1.1232801212913748 -1.853813464736103 0.492646498319837 0.00028339778497612605 0.03686049966388368 -0.6766508575593307 0.7353807450664226  738541.5585294766
-1.1292564281502389 -1.8467228022238646 0.49739558300571174 0.002413327794948855 0.03787678340473538 -0.7249781761953835 0.6877253588230409  738541.5585307283
-1.134332574462216 -1.8397492310641874 0.5014349214377529 0.005135683611146591 0.034325563372471335 -0.7706396241118226 0.6363253493314545  738541.5585317989
-1.1392409813759612 -1.8319262906391767 0.505329679600336 0.012805449537412411 0.035999334108956685 -0.806374743055266 0.5901693334699883  738541.5585330359
-1.1436705172056172 -1.8237072390905595 0.5091041864184288 0.008723409174855453 0.038806746629966304 -0.8429968169841268 0.5364459945819304  738541.5585341325
-1.1478685231296457 -1.8140280448987463 0.5139451783252719 -0.016062247743506397 -0.03547724908818693 0.8741300776840242 -0.4841280577313019  738541.558535385
-1.15047800148919 -1.80597455514182 0.5180750496839733 -0.0158800753605052 -0.0434008667484951 0.8986591655696815 -0.43620624950776204  738541.5585364763
-1.1523833103281735 -1.7982181919123963 0.5227903906309193 -0.021408312439409688 -0.04075877761032915 0.9187717642011978 -0.39209546224462605  738541.5585375425
-1.153653025456491 -1.7895777262495909 0.528919281758711 -0.01865793559562775 -0.04319407126364348 0.9401355590576232 -0.3375370857289477  738541.558538823
-1.153185889210252 -1.7824331330669683 0.5346221330073323 -0.02075720093170864 -0.04301082178619021 0.9565279030617967 -0.28770397717612345  738541.5585398994
-1.1514343447245514 -1.7761624994716896 0.5401630692393911 -0.022451991961195728 -0.04194362342285679 0.9706535054888427 -0.2357295331377834  738541.558541164
-1.1481658663289556 -1.7708982649698641 0.5445241449634426 -0.023525191571451963 -0.04073438426971939 0.9828419439377879 -0.1783507458248596  738541.5585422355
-1.1441634006425256 -1.7668285738109224 0.5480787041462981 -0.02713471720282237 -0.035457654099648364 0.9905706978529962 -0.12952279507137207  738541.5585433248
-1.1381885613485168 -1.7626845208314743 0.5511965757926772 -0.02839548946740972 -0.038045214733741735 0.9970494462191607 -0.06032130310126577  738541.5585445812
-1.132800281282694 -1.7597314205239407 0.5531938656668429 -0.02918281352909193 -0.033184220738254805 0.9989688339099096 -0.010413441563496304  738541.5585456557
-1.1258071124014233 -1.7563998659110254 0.5544149809827001 -0.03314559568172832 -0.03599282650952239 0.9969048895763654 0.06153476306522701  738541.5585469141
-1.1196906457078397 -1.7540966333639598 0.5553305716114602 -0.03489128209491621 -0.0327513202626758 0.9926707831199972 0.110971463875882  738541.5585479757
-1.1120876942728026 -1.7517834186269834 0.5559375617277911 -0.03653233642553223 -0.03439611707330218 0.9815004075756542 0.18476808559487837  738541.5585492504
-1.1048614884238712 -1.7501234205099785 0.5566137227541016 -0.038281093052250116 -0.026960207365145365 0.9689462472421174 0.2427980129427975  738541.5585503322
-1.0975931439747333 -1.7490961667360452 0.5569316537603443 -0.03831166494179627 -0.034140595582784664 0.9500780820816187 0.3077633409143355  738541.5585515768
-1.090195912562718 -1.7484515599789037 0.5573373972153155 -0.039428139339922536 -0.028520364514110278 0.9301037365189538 0.36405912974358207  738541.5585526642
-1.0832000583223766 -1.7484250820528742 0.5574790282205431 -0.03717164912549933 -0.03099623064798968 0.9065617161920354 0.41928910899504523  738541.5585537415
-1.0748166877764995 -1.7494549358129519 0.5576119773339488 -0.03948719395541485 -0.0299497088053901 0.8767288187008093 0.47842486862148303  738541.558555004
-1.0682369105120064 -1.7514095446637319 0.5574828945170293 -0.04062947752254522 -0.027330560780647835 0.8493889787333936 0.5254908646303027  738541.5585560728
-1.0602636780541002 -1.7552620746704952 0.5572885852457229 -0.044192139990618697 -0.02794190461429799 0.8107996472252774 0.5829839078301738  738541.5585573287
-1.0542031305943826 -1.7594398950714436 0.5573102681239566 -0.044570034344383856 -0.024049455963599864 0.7777823849288521 0.6264899818838144  738541.5585584055
-1.047847003967993 -1.7660313759756783 0.5573393879724315 -0.04862054498124594 -0.02419899085740051 0.7282673480494889 0.6831377029649108  738541.5585596577
-1.0432844969788304 -1.7727995967109176 0.5570065606086319 -0.04613103451206795 -0.018371659102782042 0.6885623602476415 0.723475145286177  738541.558560745
-1.040121491038439 -1.780565102828869 0.5559397002580028 -0.05065652570682973 -0.01765561220419351 0.6524289209564048 0.7559488731790464  738541.5585619763
-1.0378908448370086 -1.7885423834678438 0.5542650788338892 -0.04925264355448854 -0.0098231239502954 0.6285215178335495 0.7761690440612552  738541.5585630591
-1.0364250489425175 -1.7963090848104988 0.5526090049803698 -0.04966532711349102 -0.008294333544931923 0.6146306279803699 0.7872062947297942  738541.5585643124
-1.035227579796555 -1.803770045170842 0.5508889372617757 -0.04922619167796671 -0.007262616740587264 0.6088179897343874 0.7917478713749364  738541.5585653932
-1.0340461432496342 -1.8100112141045666 0.5498264445993595 -0.049091395771953296 -0.006442282404697975 0.6085358358590156 0.7919802196607872  738541.5585664824
-1.0330689399315516 -1.8162133657865291 0.5488884064021745 -0.05425675397155306 -0.005974255542286285 0.6096440397534184 0.7907936884626218  738541.5585677514
-1.0321501257271344 -1.8204954322195397 0.5489545836237264 -0.05182962069593088 -0.0073070833106622214 0.6135403860072677 0.787926704516391  738541.5585688294
-1.0314274602924096 -1.8245470920691893 0.5500365770117928 -0.05243588204688976 -0.005577984348168494 0.6187623610329969 0.7838064205742689  738541.5585700688
-1.0311959561252446 -1.8269656477295706 0.5510497809218059 -0.051629484143615435 -0.009225211885863515 0.6214481417480155 0.7816978309747722  738541.5585711435
-1.0315626298896419 -1.8288554237513648 0.5528843357872175 -0.05215937714322556 -0.008135715024381427 0.6264344962505403 0.7776844034853758  738541.5585724032
-1.0322200365797711 -1.8292829981562277 0.5539604983140053 -0.053437337566897225 0.0048415793771021814 0.6262242832252678 0.7777944183149531  738541.5585735071
-1.0286138559014657 -1.8208748811313242 0.5538338242862961 -0.09643466680718868 0.10968719176258948 0.6196199011905226 0.7711940437073348  738541.5585747628
-1.018431402683077 -1.7997842718322337 0.5513735451484669 -0.10174296665294288 0.08203902721298718 0.6209856387591891 0.7728484995168502  738541.5585758215
-0.9990564741275294 -1.75975350149233 0.5467902350112166 -0.07599358504154106 0.0719013199110764 0.6243632705143931 0.7740966875398382  738541.5585770733
-0.972405576255309 -1.7067640880606791 0.5416252787199191 -0.07036122836361978 0.05216621255543477 0.6285516630951561 0.7728200247348002  738541.5585781374
-0.9378872998535199 -1.6387946713144559 0.5369263586354569 -0.06944671385893791 0.010464980546469788 0.6367138369395743 0.7678952584604506  738541.558579415
-0.9097745026444747 -1.5802414942389644 0.5356153284134911 -0.05910678886411079 -0.012518847414357145 0.6417977232359738 0.764490253972351  738541.5585804976
-0.8836759521984878 -1.521834773106747 0.5359199394754969 -0.057629509233095386 -0.003877954904170973 0.642995329406636 0.7636889468183795  738541.5585815876
-0.8540889623541228 -1.450714812163686 0.538777058826355 -0.06526239032609599 -0.003281677012325872 0.6473126355874596 0.7594184635717833  738541.5585828243
-0.8303977734603168 -1.3867144080452722 0.5420107333163119 -0.051502845656729516 -0.021580663246139276 0.6583829342462033 0.7506088487064855  738541.5585838917
-0.8108238582098906 -1.3315939923207742 0.5445823433886461 -0.042330147226736704 -0.019974314964515866 0.6840916043555687 0.7278927546195836  738541.5585850007
-0.7894645345846507 -1.2686321676157026 0.5440957633174341 -0.04833425687413332 -0.01841312200105326 0.729912436489195 0.6815809501511956  738541.5585862634
-0.7730120858976222 -1.2194198125139255 0.5404578499595879 -0.05871554543436048 -0.0022429852080387094 0.7747225538185686 0.6295652613879973  738541.5585873502
-0.7555583420497348 -1.15979745742499 0.532242390578669 -0.07454643174619112 -0.02757924595215148 0.8318816786918409 0.5492313605061768  738541.5585885929
-0.7451989140765393 -1.1055782341496065 0.5220015251648312 -0.09190594020158935 -0.026627786312163542 0.8804541731726417 0.4643756110032648  738541.5585896728
-0.7435482033359535 -1.0515185403195346 0.5104152188357829 -0.10013324612923324 -0.044194292582437775 0.9209370689042226 0.3740255507861188  738541.5585909231
-0.7531491819226674 -0.9992606475240481 0.4998309856607156 -0.10523089905109767 -0.051946929256579864 0.9509452689237676 0.2862360388511776  738541.5585919826
-0.7755916010669366 -0.9502055380160677 0.4925041361985179 -0.1053695362985579 -0.05025152649877947 0.969365847696858 0.21610621977102235  738541.5585932382
-0.8104361685565746 -0.9061851055848846 0.49131962936283047 -0.08622737485440556 -0.07254366490650606 0.9779219101686171 0.17598577817486782  738541.5585943412
-0.8599605684652032 -0.8663849460259286 0.4970666495140421 -0.07270432830401996 -0.05904378145089497 0.9776762713519359 0.18808780118129942  738541.5585955821
-0.905515497889047 -0.8405224543755859 0.5056811747432163 -0.04675133981242682 -0.054698417311126804 0.9705264088668967 0.2300019240383138  738541.558596657
-0.9520660031967321 -0.8181376831950684 0.5156408028143097 -0.04395951109791574 -0.01178085198494671 0.9538404617132415 0.29684532421652066  738541.5585977775
-1.0060408640121556 -0.7900351351892183 0.5282705088512332 -0.041333990249845416 0.01777016602019125 0.9157165937943688 0.39929793675810493  738541.5585990081
-1.0497643534549113 -0.7582210762785729 0.5380750984365775 -0.0461750040583875 0.047448671586340634 0.8635368472098992 0.49992059977129044  738541.5586000917
-1.0852402027968318 -0.7182472414003994 0.5443879186431442 -0.03484715253985062 0.057219720834587845 0.7972607274833557 0.5999057525313346  738541.5586013623
-1.1094583320359634 -0.6705751667722427 0.5462307492728503 -0.0280317920400213 0.0698604368214807 0.7193082778011878 0.6906007091574886  738541.5586024133
-1.1206725345832473 -0.6109646472149288 0.5446963381669436 -0.02731640574467576 0.06466071201401019 0.6228007762848725 0.779225255852243  738541.5586036881
-1.1174791173524659 -0.5600648362790334 0.5416530440080247 -0.006409307436586437 0.055877805048466886 0.5373773185757784 0.8414643243545477  738541.5586047668
-1.1033799394430854 -0.5105876410709594 0.5378886918849587 -0.0021207637474163765 0.06283654792993698 0.44977594147595984 0.8909257393715766  738541.5586058355
-1.0720637419336643 -0.4554050062759968 0.5334998512010297 -0.0009391179895541911 0.05226157930221528 0.3552187288097081 0.9333206844858069  738541.5586070992
-1.0369530576601373 -0.4169161231825236 0.5297825540789559 0.01688488181833382 0.03984261927266287 0.2973879315194076 0.9537755944886002  738541.5586081721
-0.9860619365572386 -0.3825853174028699 0.5222225472558785 0.03854936683585681 0.021405650088269723 0.2663085238216023 0.9628787642277776  738541.5586094364
-0.9353672672081657 -0.3667558204866084 0.5087563293602655 0.03892877958340187 0.010504730794949565 0.2762150148072516 0.9602496895839657  738541.5586105158
-0.8781646709921274 -0.3653045990099027 0.4866113360005901 -0.0008835193265561535 -0.003570485791125425 0.31469693242534874 0.9491850777097639  738541.5586117858
-0.8326137958903657 -0.3711783587295363 0.4680767573478912 -0.05861003902711455 0.012293219005808046 0.34633467626569664 0.9361976458567125  738541.5586128413
-0.7886459346073217 -0.37343976689122044 0.4552671324374197 -0.11958392333930423 0.04173383358143907 0.3640650352289646 0.9227213135812508  738541.5586139364
-0.7367238858385896 -0.35658376196705577 0.45044982147505597 -0.15545177248841857 0.05885333554582322 0.37587227509472493 0.9116419604979003  738541.5586152099
-0.6900077324169012 -0.31762688188473714 0.4531498346930999 -0.12480266451378798 0.05235329101361762 0.3919894255548334 0.9099602838055594  738541.558616287
-0.6480287914658164 -0.26938796391421566 0.46022882601905485 -0.061773032561551276 0.017632021949390772 0.4093870053116266 0.9100964147452203  738541.5586173984
-0.5972474768325994 -0.20947981199319693 0.47283588917775565 0.0007340593203970408 -0.009299473583979003 0.4288451709208986 0.9033298402719797  738541.5586186516
-0.5475941869260204 -0.1597657557141104 0.4856912942936246 -0.01715509681919166 -0.004559883302251302 0.44806715445821643 0.893823660020874  738541.5586198841
-0.5077567121257063 -0.12622549358311322 0.4972833841502925 -0.0464647098226925 0.003981509961128522 0.47114643284680047 0.8808213309946903  738541.5586209769
-0.4694346630948522 -0.09433687006449375 0.510519983392113 -0.06955465503493714 0.00952478133405159 0.49394149026615763 0.866656352135699  738541.5586220464
-0.42566051601939087 -0.05239193151257709 0.5291801978228119 -0.08109079652591952 0.01606418088923242 0.5178842241513385 0.8514470947665017  738541.5586233127
-0.38901965831169594 -0.009615332991651356 0.5460102129845348 -0.07863470286846647 0.013871802084103066 0.5296596885322963 0.8444434681822095  738541.5586243964
-0.3522022538960345 0.042019784255019246 0.5616546921869645 -0.07255265173375045 0.010651331434536589 0.5203343165297604 0.8508083573323548  738541.5586256607
-0.3243779988225325 0.08657329147545242 0.5714608422601911 -0.05849707100016635 0.012892819379785262 0.4921418401792654 0.8684516549801768  738541.5586267123
-0.29460495234162876 0.13674757649497876 0.578996975295254 -0.045396126243612236 0.013011838711589353 0.43716629728050543 0.8981400293370018  738541.5586279738
-0.2642423990584235 0.18532342593319062 0.582549417636981 -0.024793724686519684 0.02716352077361648 0.3601855856386146 0.9321554367451378  738541.5586290642
-0.23479420577159277 0.22550234966070448 0.58202781917085 -0.009698636125563995 0.03276737920433827 0.2760113534507962 0.9605467027082247  738541.5586301541
-0.1941606242096212 0.2667177839848914 0.5779820424049273 0.01187127598405066 0.0445714768192193 0.1648060666478213 0.9852468810692772  738541.558631427
-0.15196540470569403 0.29325048165182377 0.572158448050337 0.02697933742721575 0.05013729037928752 0.07821428892839573 0.9953094455860634  738541.5586324901
-0.10053556082587466 0.30769033044897803 0.5622186240420748 0.027724102891885673 0.0393037339957323 0.03242836057168791 0.9983160782254614  738541.558633762
-0.056985398921723836 0.3077540309463514 0.5493695759519168 0.03194674141586754 0.026615342996292365 0.01854431607464771 0.9989630311334955  738541.558634818
-0.012908276206119618 0.2993215065528302 0.535751815929903 -0.010118688792693727 0.04855068015432472 -0.004452277855205727 0.9987595410385671  738541.5586359161
0.04357566438599774 0.28317579595272657 0.5244834800853699 -0.03847626445077179 0.047284679881226296 -0.0471142456801698 0.9970275743310377  738541.5586371821
0.09564192636519558 0.26736411384948017 0.5182738167133402 -0.018494160141145834 0.00847784709532662 -0.05652610599062928 0.998193814592556  738541.5586382766
0.14703637558225638 0.24633524879808916 0.5077801174986593 0.008700923563657313 -0.014875209418537306 -0.028929498998891304 0.9994328922751978  738541.5586395575
0.18157013933805835 0.2241832468155408 0.4929081708556195 -0.007767954345873927 -0.009305406115728707 0.02059761746262817 0.999714362434173  738541.5586406366
0.21137883818773284 0.1991167532692577 0.4743543217674147 -0.032702913741656015 0.030123932323491313 0.08141640630875448 0.9956879214482535  738541.5586417274
0.24906746154798157 0.17234882259750692 0.4537147908713046 -0.11203546568815262 0.08723173930488175 0.13833013391703816 0.9801548102908939  738541.5586429609
0.288043219420589 0.16470011701959753 0.4431504403453435 -0.14092397918295566 0.10697072820771314 0.16284589829594245 0.9706590074821029  738541.55864404
0.34699028468636156 0.17939881912713632 0.44213824612235547 -0.09611587087149989 0.0532427154146298 0.16038542214096504 0.9809197056775618  738541.5586453042
0.40562202483536475 0.20876855899340327 0.454145548227537 -0.06368385437422462 0.03903856236899245 0.13069363690472674 0.9886048404761228  738541.5586463897
0.46545863753230776 0.2418006454053695 0.47353213434901087 -0.003915496643357399 0.025699926384100815 0.12357139463018912 0.9919951073967239  738541.5586476346
0.5237542038910631 0.2681739697548795 0.4921522362524119 0.03653263754839644 -0.008966905551551815 0.1424198827660116 0.9890912687874172  738541.5586487171
0.5846011539643554 0.28261500900106573 0.5034695959297621 0.02515260259585857 0.013787939431661603 0.20094530415519968 0.979182426336818  738541.5586499647
0.6328480456036542 0.2851503879069551 0.5050919382644193 -0.0294057445899113 0.02133220026268323 0.2717305769753509 0.9616874403639202  738541.5586510354
0.6863510524947587 0.28681290688241107 0.5028022320644205 -0.08357596805385108 0.041659634985414286 0.3590382280295646 0.9286393719793137  738541.5586522715
0.7400669653735524 0.298087194913592 0.5010405510242879 -0.11842398237041375 0.05153123993996282 0.41194175957221446 0.9020112407449975  738541.5586533473
0.7910089041476609 0.32531142660007806 0.5042508853384408 -0.13218052355032872 0.006806967776667036 0.4269209664091636 0.8945504249755373  738541.5586545913
0.8341812346588887 0.3674960500582683 0.5124406354950949 -0.10621687971812592 0.0054837964530707545 0.39570011321299087 0.9122002646582782  738541.5586556669
0.873470822115816 0.4245890170421477 0.5251023379835306 -0.05071502098417267 0.02242886787615443 0.31968913077565914 0.9458984047963462  738541.5586569243
0.9047706895847273 0.47250232336191983 0.5357712632468061 -0.0004217730391770999 0.04254324479551966 0.2601088387758413 0.9646415326018548  738541.5586580108
0.9397843474059188 0.5147628282771765 0.5443277787927722 0.02984119399497032 0.05183629381921855 0.21285944266136606 0.9752504085894734  738541.5586590802
0.9902952823355418 0.5533606715660372 0.5502162588558313 0.04080070397482843 0.05728864074628486 0.18729697257758418 0.9797821993993733  738541.5586603549
1.0429645576826858 0.5737741045832158 0.5477418993845403 0.04824912531622906 0.01423065045518129 0.19625944434695683 0.979260813572393  738541.5586614382
1.0890115797158417 0.5794935950835686 0.540897061389518 0.000600732640005783 -0.06295811085758957 0.18029866547237414 0.981594777200052  738541.5586625377
1.1284833189344998 0.5756944769750255 0.5342641888537746 -0.023077109704271057 -0.08844751933443772 0.15362463786230196 0.9838922471353039  738541.5586637851
1.1472409184142467 0.5654949973137716 0.5275769013929651 -0.02966048899961389 -0.02463166265986872 0.13290027111588365 0.9903792478259219  738541.5586650252
1.153071884987575 0.5567760867798861 0.5203896692260737 -0.07824772685973969 -0.01085743322798407 0.1161639330998069 0.9900835065951594  738541.558666112
1.1538058351462273 0.5518213001317935 0.5102185544598691 -0.038631681933597346 0.014760010071659415 0.1041623219453215 0.9937001287816285  738541.5586673386
1.153406140003307 0.5507926776010733 0.49902386164945534 -0.04051119009141487 0.025578382714941998 0.08932023861270698 0.9948499810470091  738541.5586684496
1.1544745057888564 0.5518005686703737 0.4855394350141233 -0.03404846472627591 0.030964598631085187 0.07168254930241749 0.9963651478282979  738541.5586695321
1.157564983816488 0.5535367632008436 0.46785134751725926 -0.018661567110810427 0.021170726565624094 0.051778265367261406 0.9982597645328644  738541.5586708011
1.1608212868777579 0.5534134076651591 0.450294126919358 -0.018559430237356605 0.025644017359098423 0.03288058951812125 0.9989578563462483  738541.5586718847
1.1651966329273697 0.5514398255265992 0.42949044261641295 -0.017909633131759767 0.021841181056082754 0.020370051551919236 0.9993934504743032  738541.5586729671
1.169592289989122 0.5478246874915051 0.40138641759375787 -0.013049112160024606 0.011831941616367476 0.002814248328629253 0.9998408902599287  738541.5586742393
1.1739007798751282 0.5434630853793414 0.3721910050600889 -0.026616764059382146 0.021406713530715087 -0.010377706805084779 0.9993625987039383  738541.5586753247
1.1781994145815484 0.5389584305106673 0.33790537254075403 -0.03411420747543533 0.011963838473144498 -0.021440448611514028 0.999116306833518  738541.5586765942
1.1810373601575268 0.535946107443608 0.3099331343361562 -0.026346724906927473 0.017616058389556766 -0.029636451775820614 0.9990581591176931  738541.5586776678
1.1834431211748733 0.5331034185600971 0.28253268218715705 -0.025327504903219816 0.010594272040581791 -0.03930746157397899 0.998849939860797  738541.558678757
1.1843843001957424 0.530141439287963 0.24985770592829395 -0.03388199568326011 0.02357545770377383 -0.047126711064564536 0.9980357114185916  738541.5586800082
1.184811598875862 0.5280890818925025 0.22242212490910881 -0.025612284296909708 0.017511446478677674 -0.055248580667435813 0.9979904581054633  738541.5586810788
1.1853539169797527 0.5249418027407197 0.18851876880166682 -0.030246869963191175 0.023662333039803782 -0.06009050064446314 0.9974539350691044  738541.5586823417
1.1859235406401019 0.5219862968386825 0.15795270097063385 -0.028723627039528268 0.02199129053131475 -0.06530628986486481 0.9972093184956445  738541.5586834262
1.186755374834302 0.5192189290414848 0.12881683799099364 -0.020895465590141746 0.015813788197750953 -0.06752675386090314 0.997373270713436  738541.5586846877
1.187850179023768 0.5164099492641897 0.09973443008794487 -0.018746811501832012 0.018891105191630446 -0.07069050916120583 0.9971431868682066  738541.5586857646
1.1887439027623032 0.5135658464746262 0.06869533443987018 -0.012410109323106449 0.016025413127272625 -0.0676509609092772 0.9975031442600771  738541.5586868478
