0.18606876895131108 -2.1171356481281096 0.0019626384834478027 -0.01727333888219695 -0.004841434661821878 0.0006204608005874355 0.999838890673228  738511.3784295878
0.1861113788591097 -2.117101312861291 0.0020615691487870756 -0.016105135576846695 -0.009419368540829417 0.009865982915519583 0.9997772564353793  738511.3784306593
0.1856917197405345 -2.11917945101409 0.0032849925481551238 -0.018073090501903238 -0.005811127519358364 0.022957594621948522 0.9995561730317302  738511.3784319506
0.18419188814624562 -2.122352905772356 0.008403996268858623 -0.028002947673846833 -0.0219723523917365 0.029623982018434237 0.9989271596774815  738511.3784330693
0.17828610898784975 -2.128036647189827 0.020408860905425215 -0.024237654630409212 -0.018795687785488853 0.034085211976942 0.9989481751037811  738511.3784342943
0.17104251550878288 -2.135491210357733 0.03425603993204136 -0.012323730711508201 0.0032155512676369253 0.03725836297241497 0.9992244994394459  738511.3784353875
0.16318858503377587 -2.1432295884307386 0.049530277331386784 -0.023823446624455895 0.002846441571887966 0.03130967373514573 0.9992217198859862  738511.3784364837
0.1551893365411746 -2.1511859778915747 0.07443214044778007 -0.03751671986018525 0.013127123626217048 0.03753809384723609 0.9985044145453492  738511.3784377608
0.15229692616645166 -2.1581910852615316 0.10089841220745815 -0.03050012709831125 0.017025318673206884 0.03037580240764795 0.9989280211302285  738511.3784388521
0.15255679434937094 -2.162110759782604 0.13147163744876805 -0.03177370122014212 0.02629492197710841 0.033959596369264815 0.9985718576063656  738511.378439928
0.15703177956772318 -2.165259788449556 0.17716103199419164 -0.02386412432081202 0.020359819860239412 0.03802990731980802 0.9987841145387257  738511.3784411814
0.16227434883656744 -2.1660349888388017 0.22166368318341328 -0.025073179057048384 0.01963858150488755 0.036294675169614786 0.9988334988188878  738511.3784422616
0.16953486938492296 -2.1651118746407443 0.27904607170105933 -0.033932792981426624 0.0055330754094406525 0.09225211424467401 0.995141948695954  738511.3784435206
0.17502670769377268 -2.1650984658580854 0.31836936394537924 0.007392087197912075 -0.02227863783221684 0.25794330887534506 0.9658748722011758  738511.3784445911
0.18019944064548674 -2.1691949087471474 0.35134816659271795 -0.016816146073726404 -0.020695631675779078 0.4704345846809067 0.8820318642752486  738511.378445827
0.18183527794695076 -2.1752309584364755 0.37110150728558455 -0.06768223818027443 0.004042851541837059 0.611034899801761 0.7886945677577419  738511.3784469011
0.1825854335874239 -2.1759356358913715 0.3978785843513061 -0.06397743000687346 0.03162649394686465 0.7199320513640122 0.6903654791117166  738511.3784481471
0.18286064113048345 -2.168601075940544 0.4244171424856117 -0.052427398761617755 0.01989261803650981 0.7672331102719975 0.6389123618377569  738511.3784492279
0.18498884877381544 -2.153735133780631 0.4557370182377513 -0.036197865873205996 0.004356384822824021 0.7875644815752336 0.6151527645866792  738511.3784503296
0.18849929635900872 -2.135167942938324 0.48769396434614193 -0.024229659974281323 -0.004223842688283044 0.7907045675801968 0.6117036615374225  738511.3784515836
0.19267459402162623 -2.121257166034456 0.508361160400217 -0.013350289286893791 -0.020863772847471897 0.7861149199271852 0.6175838448554176  738511.3784526605
0.19806277573522388 -2.108405074834233 0.524998666652061 -0.014935515588183446 -0.02985680873399163 0.779481574893818 0.62553495165929  738511.3784539448
0.20288180297327502 -2.1023371508847215 0.5340273383998556 -0.011729208565806918 -0.03065661471598603 0.7736459708508341 0.6327673422568881  738511.3784550374
0.2088070040472866 -2.1006887588418452 0.5412764601572957 -0.014669691101273244 -0.026299858675746718 0.7675759550922505 0.6402501626402358  738511.3784561239
0.21498862517822412 -2.104110810607342 0.5455159418649304 -0.014749299520588522 -0.021036027227564844 0.76246902945727 0.6465144413241068  738511.3784573831
0.22071083695675575 -2.1098137583399765 0.5475456708617524 -0.027608052326381874 -0.011965922239987176 0.758222245531883 0.6513014958775079  738511.3784584495
0.22494298274234056 -2.1186822538621257 0.5444003783996819 0.647900677820358 0.759801187581301 -0.005425950462473867 0.053827744626209956  738511.3784596974
0.23278137348265004 -2.124964504755186 0.5492883954351289 -0.03703233704328073 -0.003738245680077164 0.7517943522852691 0.6583463248202429  738511.3784607843
0.23903142034977087 -2.1316704870930887 0.5525306893366015 -0.051825902624731864 -0.01109744227756694 0.7512571340564014 0.6578781354638489  738511.3784620428
0.24242535538139595 -2.135105600535494 0.5529585913541479 -0.04577237712300055 -0.011381287600850066 0.7510011230878147 0.6586142033891293  738511.3784631245
0.24498186741666056 -2.137544829109211 0.5522906132507778 -0.044794327946797115 -0.015837441747835104 0.7490207801197142 0.6608407634003322  738511.3784642053
0.24543655348677737 -2.1382640882078783 0.5492775149799077 -0.050704697123664606 -0.0044409660141729495 0.7493107293776335 0.66025960223992  738511.3784654785
0.24461064241014868 -2.1366601391583906 0.5489083621587613 -0.042132584169226786 -0.0023329239268619125 0.7527069128876624 0.6570020594399226  738511.378466575
0.24342508397604973 -2.1334308530346564 0.5521142145899178 -0.02985955506010738 -0.0062941522666296185 0.7523031489008793 0.6581099929135541  738511.3784678375
0.24324662655303622 -2.1305442367289107 0.5554576377703812 -0.02281193555932248 -0.004813160864502917 0.7478450576649698 0.6634638036883458  738511.3784689148
0.2442443194044015 -2.128218463719106 0.5599469236117635 -0.025036475641431404 -0.012541517197618242 0.7485169054390182 0.662524208996044  738511.3784701701
0.24587279838879159 -2.1272780917355067 0.5625527082668615 -0.025469525938201613 -0.017530351979062175 0.7474635995033829 0.6635828188142154  738511.3784712389
0.2477256865577374 -2.1274574456140525 0.565129417320031 -0.031345852628649515 -0.017312234649111972 0.7479397100960283 0.6628000559112124  738511.3784723217
0.2492813326577284 -2.129508442307888 0.5670666545353006 -0.029976634334697255 -0.015134470610002145 0.7471732476655977 0.663780451027418  738511.3784735979
0.249735361670598 -2.131458023703956 0.5673980629573842 -0.030674174350056205 -0.014931535720677121 0.7459999488698633 0.6650715905488115  738511.3784746741
0.24977298367010528 -2.1350418448185504 0.5656254066191327 -0.032066789531097165 -0.012695739517995939 0.7425468748288678 0.6689055821931383  738511.3784759277
0.24916185749538497 -2.138279325490506 0.5647739196896664 -0.03014172934664728 -0.011720772349570816 0.7403367881677404 0.671457772114522  738511.3784770092
0.24910597667161208 -2.1425088381545208 0.5643305513205576 -0.02556231049862239 -0.0015735837177352863 0.7381576300429971 0.6741419771276383  738511.3784782691
0.24953190675285042 -2.1457353037532116 0.5645458822209128 -0.02850213825833199 -0.008168631867470353 0.7346978938281067 0.6777461961329336  738511.3784793592
0.25009933486804614 -2.1488638011932526 0.5659794522768499 -0.03557482395751973 0.0034687888025264836 0.7341494078997987 0.6780464927163992  738511.378480488
0.25178449792845087 -2.146837621851232 0.5677920705001637 -0.09301701351014578 0.05879076922600178 0.729290279022289 0.6752978376798346  738511.3784817454
0.25365468720884204 -2.132946884061862 0.5651033605637036 -0.12219680073427261 0.07886316730568693 0.7258877637830091 0.6722614797256542  738511.37848282
0.25519695566275014 -2.0907078591134454 0.5547912451497672 -0.12227357621875008 0.08383341857871539 0.7271026584848131 0.6703304069728605  738511.3784840899
0.25789670895473965 -2.0358007135899125 0.546142282971096 -0.10420632826911937 0.06580973048706242 0.7298830067703929 0.672369628217768  738511.3784851539
0.26054597377113425 -1.9571371161228845 0.5371373312118839 -0.08598473354294264 0.04731183461609918 0.7347423119047211 0.6712093198099336  738511.3784862434
0.2639224429760269 -1.8576437182683514 0.5330843261853223 -0.06026542597789046 0.01882965535348808 0.7347461463919059 0.6753973814527388  738511.3784875367
0.26681377830460196 -1.7722162073224523 0.5346192230255495 -0.03926557398243576 0.0036905507119190007 0.735221504295105 0.6766786047728387  738511.3784886422
0.27003989356046576 -1.6676952379885408 0.5405844614731888 -0.03867149209357412 -0.0006966734979244019 0.7365698066472736 0.675254729921155  738511.3784898806
0.27280581041224006 -1.5845499116042043 0.546361466175384 -0.034028457203316494 0.0006378996724121971 0.7353662387382482 0.6768147103220584  738511.378490939
0.27521839543579185 -1.5038316440218396 0.5527144293739292 -0.025314033824752464 -0.017509224800783218 0.7340549409010106 0.6783921951771031  738511.378492028
0.27767594987613997 -1.4017499911420033 0.559490613783388 -0.046706815890756544 0.0035741823933860255 0.7333255114055005 0.6782620385156661  738511.3784933337
0.27912435146100006 -1.326083776970178 0.5622970870754234 -0.04608386980172888 0.0067863469575996736 0.7324718205375857 0.6792019247303582  738511.3784944254
0.2810091662566498 -1.2428402505858935 0.5631506132733698 -0.03454896947642287 0.007207690819660799 0.7296775434668727 0.6828800044380531  738511.3784955064
0.28504550807480405 -1.1525191661950138 0.5614340665571987 -0.04653641133745637 0.00904407431430221 0.7307351057573437 0.6810130485926332  738511.3784967746
0.28826540475410534 -1.0777480529411618 0.5594686882514045 -0.04348468971275525 0.010557058849601586 0.7292445609226229 0.6827884010685905  738511.3784978355
0.292607848564631 -0.985439211243233 0.5572367638670579 -0.05568780882259019 0.010749634370597703 0.7265093810734817 0.6848119687342386  738511.3784990831
0.2969906559312416 -0.9090763206056932 0.5558314246347498 -0.04933422450040063 0.010558866248284157 0.7264085120531975 0.6854088694007064  738511.3785001559
0.3030487217273147 -0.8235147704071041 0.5540603976499103 -0.04570663410665874 0.01200786086296748 0.7341666845181742 0.6773226662527451  738511.3785012434
0.30846312835152384 -0.7282714186444006 0.5522774650865041 -0.04815989602933274 -0.007303950207769833 0.7467796152439966 0.6632853706978881  738511.3785025171
0.31279407443119656 -0.651348755880429 0.5492783096154046 -0.05071584202232729 -0.0037571101872143115 0.7650837976138022 0.6419194420796508  738511.3785036169
0.3161376733830837 -0.5575532571101588 0.5444209586994626 -0.06841822136331771 -0.006427801837572659 0.7959888903766431 0.6013978024119954  738511.3785048695
0.31539408105422456 -0.4806896101982006 0.5398831366442398 -0.06635297027820436 -0.006862964740912138 0.8234810948319314 0.5634084393267715  738511.3785059341
0.30843081783876464 -0.38725358291856915 0.5359592162437443 -0.07511859235395923 -0.025179188774663644 0.8597933607639591 0.5044587022954665  738511.3785071844
0.2950208271097813 -0.31161034481454863 0.5338766220849644 -0.08995494234718521 -0.021831461036271444 0.8870858805396679 0.4522279692848491  738511.3785082622
0.2720128741897877 -0.2294737485208107 0.5309150418976163 -0.07636393776391635 -0.03899992277143485 0.9206572003163714 0.3808383837517322  738511.3785093585
0.2345732295357488 -0.143042488913104 0.5272104936532761 -0.09461900400048003 -0.05176112151358696 0.9486323332751141 0.29743020466426373  738511.378510619
0.1952133680737728 -0.0778258718464368 0.523904710610318 -0.07158085051285654 -0.06717383538896779 0.9688146947988973 0.22751251574520348  738511.3785116991
0.13472483777424207 -0.008614288786136159 0.5211947173406065 -0.09421863315908435 -0.06003721392605396 0.9780677599850015 0.1757891890519794  738511.3785129524
0.07623458155197155 0.03979898983412408 0.522392497435156 -0.0704905523793152 -0.060903456536821506 0.9799389736747485 0.17618586458739321  738511.3785140382
-0.0027667242415133544 0.08845334483770693 0.5252855574816014 -0.040095805253721244 -0.06669832240490566 0.9576407486067784 0.27725053074300166  738511.3785152725
-0.06836474198871459 0.11981102948986366 0.522345919264263 -0.007858326611331122 -0.042070188252297705 0.9008355171333365 0.4320459663443233  738511.3785163488
-0.14119740989340313 0.15209637783902935 0.5098202792916058 -0.0012610510715183557 0.0767361962776914 0.7820206067875444 0.6185092856947806  738511.3785176008
-0.18651198270898617 0.18639994898636092 0.49623494984870503 -0.07147836341334748 0.17975824986063896 0.6527123268486824 0.732491934119802  738511.3785186844
-0.21087038501070846 0.2393312510169519 0.48194816736063517 -0.06207306252604643 0.1919272841832375 0.5201720095337172 0.8298987486388558  738511.3785197848
-0.20273096179455277 0.33863170357980316 0.4666338690864523 -0.02077773345891052 0.1713396311619339 0.39951813713466655 0.9003312027726512  738511.3785210275
-0.16558239495135604 0.42097704526814034 0.4608917985386363 0.03832532642802912 0.12065941288242434 0.3501510950512542 0.9280984247758753  738511.3785221163
-0.09023037890806604 0.5131780345682776 0.4633299378666565 0.04626013362558597 0.07467342822981406 0.3359847023798456 0.9377623147258992  738511.3785233827
-0.012699104425184444 0.5769531738256908 0.4737342680917754 0.028631058176678298 0.039707912357674735 0.34584574550908753 0.9370134815023434  738511.3785244651
0.08113146694073584 0.6374623436767021 0.4919891647582567 -0.0147607064632842 0.020645707353009905 0.364022414434301 0.931044337344909  738511.3785255564
0.17572349383776553 0.6928122491727796 0.5122484048692517 -0.04303857471037738 -0.0021640837906449816 0.3808410893246179 0.9236357845548671  738511.3785268049
0.26471331980216145 0.7473602027653287 0.5302022003265451 -0.06458333525878278 -0.019219288253079947 0.3948046877842543 0.9162908218843372  738511.3785278748
0.35363879751211014 0.8098222698419573 0.5451116652934267 -0.07167731940229305 -0.008221652546476272 0.4042462982584694 0.9118002504150957  738511.3785291365
0.4193561937234901 0.8642802282035141 0.5511938953902243 -0.06603270269263503 -0.006712644852278837 0.40251512976455944 0.9130039391398118  738511.3785302172
0.49267110529173674 0.9352042966437908 0.5541054694332567 -0.06111490727953566 0.012703832136019895 0.39078150222460445 0.9183645236377302  738511.3785314906
0.5500756312977474 0.9965177883150992 0.5560662051376976 -0.04583102030494183 0.024891998016286276 0.37182736169144776 0.9268356483811694  738511.37853258
0.6154455378303931 1.065956559488895 0.5587158104327137 -0.03168462868562466 0.03928133857336482 0.3446004635041606 0.9373919037935289  738511.3785336636
0.6898842380735997 1.1407396654733384 0.5612697849043042 0.009419360151099138 -0.014173947942628471 0.2619205430833079 0.964939378388616  738511.378534922
0.7463068376891615 1.1910873211561985 0.5610131151183385 0.08027357421249665 -0.10223384938817026 0.1751028112508088 0.9759320667005934  738511.3785359986
0.7984514128757308 1.2284941190534366 0.5548853871008089 0.07003720719720694 -0.0960786851487463 0.09130077300691465 0.9887000782423573  738511.3785372472
0.8237169236768049 1.2394163268249236 0.5448269502577258 0.05839909435356739 -0.09730846561698275 0.042479331083723655 0.9926309055880898  738511.3785383179
0.8347118990676978 1.2358491256395614 0.5285047382317907 0.009146159599390717 -0.04911189778957026 0.00622427442053193 0.9987320099346106  738511.3785395997
0.8332810183240955 1.2267318231093882 0.5101767162878134 -0.025634478454734464 -0.023130335083148167 -0.011554429196283869 0.9993369583274918  738511.3785406774
0.8264825313390984 1.2177162709244145 0.4883569048554447 -0.05272405246453174 0.011788775965608886 -0.021252829431382257 0.9983133357288736  738511.3785417696
0.8186659093842178 1.2127622134768803 0.46559900436399937 -0.05840007222286836 0.021848374257642217 -0.019734306696466856 0.9978590267396851  738511.3785430412
0.8148659566681307 1.214352286148432 0.45037899918305524 -0.05150415593381614 0.03230616665286 -0.021469495850125458 0.9979191822315494  738511.3785441313
0.8150736039161054 1.2205157715314494 0.4268556711296215 -0.03923403199065163 0.019315763327414637 -0.019795254062096024 0.9988472055011481  738511.3785454043
0.8176564283931776 1.2274640887297483 0.4038301266764996 -0.025472347903985566 0.020316579266791927 -0.01936167271314424 0.9992815027452994  738511.3785464722
0.8224762874279431 1.235146943148954 0.37907900994481647 -0.020938240977271556 0.01900737956654087 -0.017667027224094734 0.999443938265601  738511.37854757
0.8292478873435472 1.2419387737371148 0.35397231014513925 -0.017948702588756728 0.0035554889939928905 -0.019199444456414128 0.9996482300819419  738511.3785488162
0.8343139662243064 1.2458765664490996 0.3296311870221728 -0.018060382374268966 -0.0047641502728810485 -0.020749238138183898 0.999610221324971  738511.3785498904
0.8382968980385314 1.2492420246125826 0.2957416084178717 -0.021335790395182488 -0.002834361283805645 -0.021071805771598867 0.9995462617837404  738511.3785511665
0.83966885785105 1.2508775757845094 0.2694314666947657 -0.02009921221152971 0.00909081362259755 -0.01805462241923821 0.9995936221212367  738511.3785522794
0.8406832509387275 1.2520976557393124 0.24440410592684125 -0.02377658071327239 0.011310775916299918 -0.015569397510456964 0.9995320577244723  738511.3785533516
0.8423077798019571 1.2532097229187142 0.2143428574427036 -0.027332527622715777 0.014620911517230502 -0.014266341379298914 0.9994176471244682  738511.3785545927
0.8442048920704776 1.2542572715988203 0.18899138067456367 -0.026664265123675236 0.014095526565458521 -0.011618305651648267 0.9994775375515158  738511.3785556745
0.8474734346577993 1.2555522322436088 0.15947885706945603 -0.023895663767796848 0.010077908603329327 -0.011981461114422547 0.999591855509459  738511.378556942
0.8502812503982891 1.256747928054167 0.13707764540464326 -0.02229693785581353 0.009566803057176998 -0.013445002492658667 0.9996152033405112  738511.3785580192
0.8535935442490032 1.2576282502021234 0.10649892117912649 -0.02693295270736242 0.005577641385533343 -0.015285839898690552 0.9995048019262484  738511.3785592975
0.85654672897938 1.2593393059721867 0.07561879189801726 -0.03450879936731914 0.011806946621758435 -0.01668333181412012 0.9991953789010821  738511.3785603791
0.8559787827302232 1.2654490535051819 0.057788143217187345 -0.10367694424433134 -0.03166447234835852 -0.032398634094074306 0.9935787743968246  738511.3785614682
0.8453762265740096 1.2837655489211146 0.055950578654686035 -0.08035759531690005 -0.03753297297081625 -0.06174003294835467 0.9941439036409133  738511.3785627203
0.8353008889672673 1.296939140568625 0.05362287058862027 0.06093192689741478 0.04727811355925398 -0.07731564182189402 0.9940193015190978  738511.3785637944
0.8261811807771204 1.3071143073249025 0.04179326527218091 -0.021182300602320406 0.02245791840036341 -0.06753722917844725 0.9972390258695322  738511.3785650556
0.8259844337290675 1.3059969906228936 0.043700131830993624 -0.003908306801397492 0.035168402855544144 -0.05815002075919048 0.9976805519124056  738511.3785661395
