0.48729341193925524 -1.7200075947392097 0.013451359510029412 -0.01004573775398188 0.022138152722588268 0.04941299392820782 0.9984825193152159  738534.4906030336
0.4872529595224729 -1.7200610707167827 0.013381737896335856 -0.007931451661513258 0.02188165926662014 0.04948588457615795 0.9985035965333304  738534.4906042888
0.4872867519626415 -1.7200327243120273 0.013420805825639488 -0.0097342897881981 0.021699302131750597 0.049433268325669036 0.9984942342707628  738534.4906053689
0.48728767041460624 -1.7200597361397372 0.013399563215721236 -0.009608897252496819 0.021859441924889925 0.04955985556040957 0.9984856807231413  738534.4906066317
0.48725450444537155 -1.7199810023062698 0.01346104415994087 -0.009373741916008597 0.022455747787178938 0.0487595420124573 0.9985140857376755  738534.4906077061
0.4873208147452737 -1.7200362306690316 0.013418375583569285 -0.010950542320694766 0.021076298742632435 0.049329812636279044 0.9985000975660762  738534.4906089769
0.4873368042003067 -1.7200450890218015 0.013387928345581678 -0.010404780997879214 0.021693318805941247 0.04944060132865351 0.9984872394737107  738534.4906100582
0.4873465027039225 -1.7200416805880003 0.013364560979020711 -0.009580437698945364 0.02212478248125976 0.0489534845641216 0.998510022765262  738534.4906111303
0.48725919332826556 -1.7200290883060494 0.013334474985405437 -0.00859763518411476 0.020999678804001463 0.049300505574382314 0.9985261910984008  738534.4906123955
0.48735521502623225 -1.7200680305711447 0.013332011970379904 -0.009331149780439803 0.021599645805043897 0.04957288032295835 0.9984933222016847  738534.4906134746
0.4873419266977891 -1.7200572967810308 0.013404180103206317 -0.009867153352946 0.021953268557898455 0.04936697598393934 0.9984906584272761  738534.4906147461
0.48732354401501654 -1.7200373721065207 0.013392671324073908 -0.009521580191860807 0.022439237637220097 0.04946326867231111 0.9984784450238078  738534.4906158124
0.48734185146262776 -1.7200221090408094 0.013412220356515014 -0.010097892224619145 0.021973149998142406 0.04951307722917626 0.9984806800509847  738534.4906169105
0.4873097419482323 -1.7200592317625254 0.013416266636362707 -0.009389060025459181 0.02363177022701955 0.04974363802025884 0.9984382582134387  738534.490618179
0.48732481224641755 -1.7200383280758964 0.013447533022779155 -0.009291716674773555 0.022224740553329812 0.049546275400816166 0.9984812925150273  738534.4906192773
0.4872842424921167 -1.7200350229582557 0.013459709264177075 -0.010779631127984569 0.021466329418044477 0.04972087814790152 0.9984742513105995  738534.4906203691
0.4873071925346578 -1.7200605773785975 0.01342273306372147 -0.009371586819095307 0.02214832094783237 0.049793907489712984 0.9984699254442219  738534.4906216166
0.4873348984942862 -1.720048098999362 0.013384413688994975 -0.010055877319150336 0.021094147549636823 0.049403533490087734 0.9985054867897273  738534.4906227181
0.487325147987384 -1.720056647324301 0.013394987281818324 -0.009939995865487293 0.02149210028971952 0.04929046189513845 0.9985037488529999  738534.4906239776
0.48733725674273926 -1.7200438668465194 0.013355239522217873 -0.009888852115761446 0.021372649726479953 0.04933178541939071 0.9985047798557787  738534.4906250611
0.48733146276224426 -1.720067170924604 0.013440668824583543 -0.01004728330616434 0.021993950468501226 0.049577738319864256 0.9984775240855659  738534.4906262943
0.4873425641305206 -1.7200963782457541 0.013373011077661492 -0.010279268991247184 0.021349408702086712 0.049619398495953225 0.9984870828758761  738534.4906273936
0.4873340771323103 -1.7200550972082926 0.01340963286264352 -0.009081654451443842 0.021968089928713075 0.04939794666614587 0.9984962540953658  738534.4906286236
0.4873433287482984 -1.7200416982663638 0.013392910479152182 -0.010201595103963451 0.021945318843648254 0.04947224601162721 0.9984822618918928  738534.4906297022
0.48730861509942724 -1.720041851754006 0.013478505831500186 -0.009402567936953855 0.02236488970465799 0.049585644145917554 0.9984751711080871  738534.490630959
0.4873043432234591 -1.720068100236954 0.013375443981502087 -0.009362025019013492 0.02096300008165148 0.049552451492253485 0.9985076162284532  738534.4906320362
0.48730671990476393 -1.7200617144242552 0.01340897872035717 -0.010107952979411805 0.02163951374864888 0.04966858034725161 0.9984801414437728  738534.4906331071
0.4872595354262221 -1.7200134592791818 0.013486407294046442 -0.010312925131185532 0.021668129828971795 0.049165186942868686 0.9985023385640247  738534.4906343605
0.48737180359394766 -1.7200512021481826 0.013450787256920069 -0.009677422089521333 0.021839358213046188 0.049566300288789694 0.9984851385024341  738534.4906354458
0.4872819540775494 -1.7200618562470584 0.013443584674210708 -0.010402470820943224 0.021456426847600126 0.04967672486415045 0.9984806624840186  738534.4906367012
0.48730477102351893 -1.7200271692573432 0.013421694061095089 -0.009635535939704445 0.021855326416527755 0.04901962732963417 0.99851218184399  738534.4906377832
0.487338523905441 -1.7200266157104587 0.013429983202841413 -0.008997456488233784 0.02214590237346234 0.04939787117138403 0.9984930921686653  738534.4906390499
0.48732231540964027 -1.7200319153811177 0.013515264537776107 -0.01177182265725425 0.02238995276765116 0.04991629437893628 0.9984330111539101  738534.4906401137
0.48733514486692997 -1.7200682179030329 0.01339321444000741 -0.00950409673418234 0.022677197958116953 0.04929865858075836 0.9984813764413303  738534.4906413772
0.4872876746048127 -1.7200725921206919 0.013396159919684663 -0.008652884765209657 0.023169661613399423 0.04922695297638324 0.9984813475807255  738534.4906424261
0.4872513398898056 -1.720004623797985 0.013474291647470809 -0.010236975800423048 0.02231101531798535 0.048737943394148386 0.9985099077103096  738534.4906435177
0.48733426741807145 -1.7200546179184968 0.013422533199616957 -0.009332658567420079 0.02193155089350044 0.048792566962176875 0.9985245084466937  738534.4906447788
0.4872976315416024 -1.7200392714490087 0.01341854768583052 -0.009818584551909386 0.021923198691846252 0.04933097597762251 0.9984935771278702  738534.4906458535
0.48732031905790624 -1.7200235973662212 0.0134305368498569 -0.010174175581272054 0.022102155335096615 0.049176399858114984 0.998493696814246  738534.4906471139
0.48733160602746384 -1.7200642390580672 0.01344216839756984 -0.009629006144033664 0.022183329629858785 0.04955366661942211 0.9984786508743101  738534.490648183
0.4873212120712171 -1.7200396443145434 0.013356075919686244 -0.009893595568589127 0.021434123912389844 0.04908283920051769 0.9985156833995397  738534.4906494658
0.4873234474955226 -1.7200216751658792 0.013421843731036933 -0.009451732732771344 0.02180560373009498 0.04977474284841292 0.9984776689384138  738534.4906505314
0.4873485940219694 -1.7200323264584745 0.013448907043288105 -0.010059110501170086 0.02223543318685418 0.04915965699872303 0.9984927280309488  738534.490651793
0.48733480181207806 -1.7200282072391109 0.01344492746380533 -0.009518864134780055 0.021984769180737003 0.04895557437293017 0.9985136017538618  738534.4906528686
0.4873155060578701 -1.720068046953622 0.013461382530728701 -0.009347239611806139 0.02224609164831875 0.04940871386112225 0.9984871153463143  738534.4906539434
0.4873478177665184 -1.7200927641289303 0.013444747889207147 -0.00917837623264496 0.022272172141376903 0.049377160384961344 0.9984896613336338  738534.4906552165
0.48734685165591035 -1.7200442401777705 0.013462965554577462 -0.00941500263597026 0.022266024273197828 0.04942984040544558 0.9984849887534225  738534.4906562857
0.4873309696063759 -1.7200542344219834 0.013388366400738393 -0.009308237667373027 0.022072685385836552 0.0494303481902982 0.9984902573130954  738534.490657557
0.4873949560387089 -1.7200859968189173 0.013416534312824507 -0.009098689729761356 0.021980976704359972 0.04976510310280596 0.9984775836349513  738534.4906586478
0.4873139381172233 -1.7200555055269666 0.0134037791891964 -0.008568151189973587 0.02213704667819421 0.049709848018165 0.998481581682689  738534.490659733
0.48729151265996645 -1.7200569983049523 0.013385712578769388 -0.010040671235315397 0.022074404495664685 0.048856744595154225 0.9985113540139992  738534.4906609876
0.48736128802444784 -1.7200769598386658 0.013433825548334116 -0.00904997552589877 0.02299779675727485 0.049290158755815695 0.9984786825651903  738534.4906620687
0.4873474494022982 -1.7200334500552588 0.013438429109185822 -0.009151602599983065 0.02199560189918893 0.04963300570968041 0.9984833530966689  738534.4906633336
0.487376407334586 -1.7200991436219168 0.01337046703285592 -0.009790232581236657 0.022060101135357182 0.04980888882451961 0.9984671140693467  738534.4906643939
0.48732075802166513 -1.7200702032587503 0.01342377873431963 -0.010591138163764382 0.02162370207984439 0.049148545333303185 0.9985012087085215  738534.4906656799
0.4873048782266384 -1.7200201890497384 0.013412001255844528 -0.009334949200786912 0.02238242678076899 0.049237953953226096 0.9984926186934595  738534.4906667557
0.4873749567520076 -1.7200794963859036 0.013353265738974943 -0.00895280793633594 0.021647425139764163 0.049392586411645296 0.9985046863297345  738534.4906678343
0.48733161770704114 -1.7200296218980136 0.013413653100547753 -0.008976642763487617 0.021689075876937837 0.049496271723064936 0.9984984341288762  738534.4906690916
0.4873517130568967 -1.7200266985173804 0.013453492850012641 -0.010762662883970426 0.022097206522177257 0.049249193277083075 0.998484048702391  738534.4906701742
0.48730049734572517 -1.7200523035759774 0.013450279168950982 -0.009923575669630702 0.022114627551606657 0.049418075202397854 0.9984840107570442  738534.4906714362
0.4873167491284037 -1.7200789697253114 0.013413100560661802 -0.009229087748604765 0.021654082542295377 0.049424770324529146 0.9985004340144013  738534.490672512
0.4873247855683955 -1.7200708885983966 0.01338638126770227 -0.009869509361901294 0.021456514715843623 0.04956805051984366 0.9984914717356711  738534.4906737884
0.487326874485365 -1.720018089712492 0.013447542487977042 -0.009426034833703245 0.02203477986341133 0.0494368965874463 0.9984896652442062  738534.4906748735
0.4873167371419143 -1.7200651720056062 0.013400331955004974 -0.009461285769968375 0.020865631653204434 0.04977894674836101 0.9984974541519451  738534.4906759694
0.4873223147967657 -1.7200491608578772 0.013396734634149886 -0.009696005179433536 0.02142566629842871 0.04991119647380611 0.9984767402267225  738534.4906772343
0.4873400149707361 -1.7200795909360027 0.013405388890829414 -0.010057665426285984 0.022064910402406167 0.04963869836291901 0.9984728252285797  738534.4906783771
0.48731978399124476 -1.7200505767831964 0.013473740217947424 -0.008786661872095633 0.02247959865804844 0.04996792772234666 0.9984591470943881  738534.4906795777
0.48733590248278097 -1.7200694891838404 0.01339462488997499 -0.009365272253184547 0.022218500647307057 0.04954685225713813 0.9984807155553975  738534.4906806513
0.48733852971817515 -1.7200332028578598 0.013439268469293358 -0.009217234222326938 0.02212138754795447 0.0496916160146864 0.9984770553718764  738534.4906817594
0.4873597995116686 -1.720063847721841 0.013414948647088134 -0.009408418192919503 0.022695682018891043 0.04915328068507805 0.9984890298259157  738534.4906830293
0.48735048853324914 -1.7200434598267365 0.013418224815512393 -0.009304982836212696 0.02227140523964373 0.049171179468188234 0.9984986714626999  738534.4906841298
0.4873433521448948 -1.7200743681652193 0.013407220145266656 -0.009456948886575342 0.021616496900118538 0.04997615448807648 0.9984716706858077  738534.4906852271
0.487318772204219 -1.7200732101000233 0.013374957501145403 -0.009566754239493705 0.02119358925121803 0.049487753743116994 0.998504016625588  738534.4906864808
0.4873133413069277 -1.7200298244374865 0.013387348309499166 -0.010261355181956137 0.021382034129355153 0.04948631132546495 0.9984931738363162  738534.4906875658
0.4873109697307573 -1.7200149647298064 0.01342002770963431 -0.010096306021749128 0.022277863893474872 0.04901685147472241 0.998498427468248  738534.4906888305
0.48731107160327586 -1.7200518152004902 0.01344038006221783 -0.010660136941846731 0.022523584900810568 0.04938485468402549 0.9984689207639038  738534.4906899339
0.4873122838843461 -1.7200599939867371 0.0134384010760369 -0.011016879398990887 0.022185908411662705 0.04954736192809814 0.9984645575894137  738534.490691012
0.4873194334191866 -1.7200069118894854 0.013455597743727303 -0.010328647793400474 0.022835209932369017 0.04920833709105945 0.9984740416169252  738534.4906923004
0.48732738000158743 -1.7200560848679545 0.01343375219256581 -0.010045182808902021 0.02246967902555864 0.049005400444739326 0.9984952070761656  738534.4906934018
0.48732896782963586 -1.7200427167704533 0.013431519372888424 -0.010281872738614976 0.022451876414900106 0.04934875542722462 0.9984762874882012  738534.4906944764
0.4873312714975358 -1.7200268331010218 0.013415011319987995 -0.009927875094847972 0.022166416557396085 0.04924211664526374 0.9984915128439497  738534.49069575
0.48734826390157415 -1.7200670562179854 0.013428395301339584 -0.009629963103953148 0.021760849218140203 0.04915658135102676 0.9985075662015795  738534.4906968352
0.4873143538935309 -1.720032922086412 0.01347036883290332 -0.009603721808909303 0.022214700303016366 0.04948146778577411 0.9984817774820077  738534.4906979257
0.4874185662863591 -1.72003922774025 0.013347346396986521 -0.009020632677470724 0.022123749076713273 0.049477714074383825 0.9984894209368782  738534.4906991627
0.48736556890791066 -1.7200885121998508 0.013422643976192155 -0.010118183258511151 0.021842676465964942 0.049815560268273835 0.9984682918388087  738534.4907002466
0.48728513158758163 -1.7200227446068082 0.01341804173228089 -0.00835742692361286 0.022713802104440246 0.049133768736004044 0.9984989280810339  738534.4907015057
0.48739305364160684 -1.7200602991840614 0.013302408046849401 -0.009178759865605644 0.021517441927670557 0.04922370078885244 0.9985137842518091  738534.4907025879
0.48732496595556096 -1.7200190612896358 0.01340859963336822 -0.009695223772792198 0.022528093912593614 0.04880203459395333 0.998507310459043  738534.4907038437
0.48737238792603116 -1.7200310607847114 0.013413606381065302 -0.009963114399399365 0.022213663540864247 0.049412013882558094 0.9984817186046161  738534.4907049245
0.4873399472389226 -1.7200354487447396 0.013446066571216341 -0.010205484230543375 0.021556492216370286 0.04924628693494384 0.9985018622707055  738534.4907061858
0.4873051437691467 -1.7200373519976313 0.013418106779512764 -0.01050653521041507 0.021478662545896116 0.04954974488872067 0.9984854042771855  738534.4907072659
0.48734161888375693 -1.7200630563620967 0.013407872942266703 -0.009392215899002278 0.023025775990069063 0.04900423912561603 0.9984889505989945  738534.4907083523
0.4872812973870162 -1.7200892239014836 0.013381828469730057 -0.009293120815747898 0.021679244505619026 0.04974923329622787 0.9984831806543398  738534.4907096189
0.4873307898719455 -1.7200547987619128 0.013440401697896455 -0.010016464766057921 0.021681373101767043 0.04939212790662119 0.9984938688819618  738534.4907106875
0.4873649452804521 -1.7200244422198077 0.013383657919381623 -0.010595400913245885 0.021195333672930815 0.04938916388762544 0.9984984756124878  738534.4907119374
0.4873617023787386 -1.7200410391824148 0.013419155834547778 -0.009196002820271387 0.02209020539672005 0.049576951126075706 0.9984836414657493  738534.490713013
0.4873940690086054 -1.7200265888635715 0.013404620169054438 -0.009502956574713397 0.021083842790945075 0.05021817769438425 0.9984704802940151  738534.4907142681
0.4872641539624345 -1.7202341535652657 0.013621984662377181 -0.010392818593940445 0.018562975906642708 0.04675209648530938 0.9986799520974631  738534.490715371
0.4873325248058645 -1.7208262081192418 0.013406063307751608 -0.009187653590522815 0.022313210164035764 0.03358185269378544 0.9991446175821241  738534.4907164528
0.487374827776166 -1.7231962400734715 0.013462064329108164 -0.012359951697545873 0.023579501830743144 0.01244326771709374 0.9995681086229038  738534.4907177163
0.4876578826122204 -1.7263340625428591 0.01359933225561234 -0.013279230907381447 0.02271815970298309 -0.008593238683388174 0.9996167783181455  738534.490718789
0.4877780119063968 -1.7323446674922383 0.01369787370080321 -0.019938277006462043 0.015954485344940383 -0.05229986702605188 0.9983048850007943  738534.4907200529
0.4878472647443529 -1.7387650571376396 0.016194880453827637 -0.024710101646450836 0.017494481529620846 -0.10827562637593523 0.9936597721179673  738534.4907211267
0.4878543746791066 -1.7473548345779242 0.023963962058825828 -0.01618938958079301 0.01838012516346091 -0.19728223078250345 0.9800407114408339  738534.4907223866
0.4885577373059794 -1.755898720541077 0.03702931312186058 -0.026931451252075585 0.0338608679108311 -0.2933050355044175 0.9550394204981985  738534.4907234694
0.49013139675820816 -1.7641561137052204 0.053167435245743716 -0.01651454508613326 0.04572889229671151 -0.3836953550156278 0.9221789483334268  738534.4907245567
0.4943079490535157 -1.7743311183102786 0.07812084966680014 -0.028791567270852154 0.03990303900079375 -0.48723959727414273 0.8718809368146091  738534.4907258146
0.4993584952939378 -1.7823541079939809 0.10239270196218077 -0.027679995482653926 0.037834566912399295 -0.562826122541846 0.8252448843713861  738534.4907268729
0.5082078190449725 -1.7900253859462842 0.1380665218778934 -0.02617624915512351 0.04438148710598191 -0.6401269195186168 0.7665393756944499  738534.4907281498
0.5181477757214131 -1.7938184734699005 0.17201311673870562 -0.03600174379946523 0.038379291084950175 -0.6872189255424275 0.7245419607141645  738534.4907292264
0.5326756010738818 -1.7937650944346628 0.21704120860933407 -0.03258786971967232 0.022400504086693026 -0.7246930891628441 0.6879361705008755  738534.4907304824
0.5456204025519902 -1.7883763564548605 0.25550244511761 -0.03255319377546929 0.015494931499528863 -0.7402464255660244 0.671368323731144  738534.490731552
0.5612458347883373 -1.7742087344351822 0.301755364349174 -0.027835540339095084 0.011912703828136017 -0.7446136906560227 0.666808609624344  738534.4907328265
0.5741296371686079 -1.7541013318695358 0.34297511263312125 -0.02114569608911742 -0.0021995092936737026 -0.7426182503396228 0.6693774390867167  738534.4907339378
0.5825546815736882 -1.7298279905327039 0.37678461179040595 -0.009211738312868934 -0.01822869377191564 -0.7367738717024567 0.6758306892833419  738534.490735021
0.5854048965353413 -1.6963047282854355 0.4075905338020584 0.006852217564377982 -0.030495077919483908 -0.7288074362782779 0.6840049840188439  738534.4907361205
0.5768481131130374 -1.6522819531911384 0.4335369532451947 0.028877714514441388 -0.03457148652268452 -0.7215683516492932 0.6908762579667622  738534.4907373817
0.55788677010505 -1.612522254671002 0.4498002511081447 0.050587390045806035 -0.03778918216137349 -0.7174868556888218 0.6937041917083219  738534.4907384706
0.51656160453765 -1.5633883346749609 0.46498886323022 0.08818955163074545 -0.03192157856246315 -0.7104114193727669 0.6975093053357924  738534.4907397388
0.4654073090459149 -1.5271597681071158 0.4744281540130107 0.11122664686916098 -0.019217002007752153 -0.7051829055344416 0.6999831495129578  738534.4907408153
0.3800206040854347 -1.4948571460486235 0.48186809398501584 0.14566246445950848 0.011277785570191712 -0.6982896254409025 0.7007473560434028  738534.490742067
0.2810978826976124 -1.4846124316008225 0.4862285779622872 0.16563779339894708 0.03938851912813844 -0.6948166489366638 0.6987435082483735  738534.4907431607
0.17693789163100485 -1.4969101614231677 0.4875827729564041 0.1769604444233657 0.0756386921537072 -0.6926209763048744 0.6951546393006697  738534.4907442636
0.03624015959896315 -1.5442851654267453 0.4870886113612679 0.14316406820152644 0.11741214398734488 -0.6964385972814578 0.6933193479464707  738534.4907455328
-0.09411876584021757 -1.619982593602592 0.48770659527205507 0.10592558020044099 0.15843541134127098 -0.695598974247577 0.692690449564624  738534.4907466257
-0.2037745181445603 -1.7126594694571893 0.4887590605265376 0.05546290292444133 0.1953748143724595 -0.6940200168697982 0.6907161243898726  738534.4907477123
-0.3140720934171453 -1.855589195511897 0.49013582058783267 0.0165918504585476 0.2277524458732689 -0.689005578494835 0.6878407131742805  738534.4907489823
-0.3800803286232388 -1.9785626357478847 0.4930188130356306 0.02302411166596646 0.2805916635863581 -0.5819898429099439 0.7629063057528702  738534.4907500616
-0.4488863203329549 -1.993473305362819 0.4965771328067486 -0.12344744819864562 0.6321828307754406 0.16772751443111866 0.7463062889382297  738534.4907513169
-0.4563448631022046 -1.9931513001897871 0.4449142452496194 -0.017994547592702005 0.6501225507100031 0.06900628602048858 0.7564753781881549  738534.4907524018
-0.3762203296298744 -1.9829741371384828 0.3182570691096017 0.07431901160807822 0.3441285904925999 -0.20541828902465203 0.9131569001290849  738534.4907536425
-0.26618780764281236 -1.9625581043015636 0.19693126012416012 -0.2105614132874246 -0.1977077337282835 -0.5826620862246129 0.7596581050280515  738534.4907547357
-0.17166722479710278 -1.9089671228929863 0.0756048071765097 0.3071389380670995 0.5117891693911195 0.6954887417193133 -0.4000411590807238  738534.4907558288
-0.0642502052643228 -1.8012482735355198 0.08766027390297892 -0.6794562307326528 0.06636286805877023 -0.2723474388134414 0.6780575733913375  738534.4907570933
0.036353418852840436 -1.647056364947556 0.08235279614001154 -0.44425999831973423 0.37199777729215655 0.4969200463330989 0.6460040055099935  738534.4907581779
0.17545020720716809 -1.4535765817920314 0.08513183452432978 0.3867148538648363 -0.293481853117039 0.8305777391598659 -0.2728747751320614  738534.4907594298
0.2996641103387301 -1.3291983494970296 0.11083075433198845 0.17259994698406236 0.7454615526221837 0.5054725931296773 0.39874025311972455  738534.4907605147
0.41253256541417865 -1.251541602064529 0.05294517401667111 0.49229099405635884 -0.3859317381035805 0.5229336184097169 0.5790049234957092  738534.4907615726
0.5430598826651045 -1.1677058907538391 0.06198345747697404 -0.021280148968509063 0.2568551348825414 0.11475823819548325 0.9593764337894789  738534.490762812
0.707308944278652 -1.087917651443246 0.0901807485264888 -0.604935153251501 0.30002620643971745 -0.3317293350796506 0.6587817423529495  738534.4907638988
0.9620708654323333 -0.9658369992764323 0.05811300204523136 0.6397990341940442 -0.20617800049366344 0.7373245320992149 -0.06708473985547891  738534.4907651517
0.0 0.0 0.0 0.0 0.0 0.0 0.0  738534.4907662491
1.3292380766188479 -0.8800577187364252 0.1671585937245171 0.09956080581983794 -0.6370682634171781 0.2856497880008092 0.7089681743958739  738534.4907674994
0.0 0.0 0.0 0.0 0.0 0.0 0.0  738534.4907685734
1.364818984364128 -0.9130579003141519 0.20781925105662566 -0.6167697254135411 -0.03466641457389482 -0.01060478575990176 0.7863083899036577  738534.4907698301
1.3228223556510197 -0.8939999938709098 0.11201952276973681 0.792327237746112 0.06977477220047677 -0.5974085223111687 -0.10223544864660936  738534.490770927
1.2310148512172108 -0.8980436286381435 0.057563089713157545 0.060543135433548514 -0.45519572373413847 0.8820488753769272 0.1054569262416037  738534.4907719996
1.1606497159656723 -0.9214845718563797 0.05867115115253286 0.6304267409029406 0.2617590089437173 0.6710696483204057 -0.28932658483870205  738534.4907732628
1.158390372109529 -0.8872048536484589 0.04071720969151176 0.6002755100495313 0.6293151407904859 0.3550134269538209 -0.3429245285615044  738534.4907743343
1.1493371282194564 -0.8147964201887746 0.011300659303111558 0.2275009959908025 0.11557369441943006 0.7096018538001319 0.6567733452758672  738534.4907756111
1.1436862589165135 -0.7730448256541639 0.0037259861956393634 0.7369918437677985 0.6618878095528334 0.08908284451693348 -0.10397978937209365  738534.4907767088
1.1372138480413065 -0.746377514653076 0.002529102501014881 0.7277855219781497 0.6705725291198035 0.08729501362479962 0.11419412325119273  738534.4907778001
1.1365913057254855 -0.7398916741182123 -0.0036245603489420903 0.6407644710086127 0.7590871177670063 -0.11432070132773252 0.01176510013419173  738534.4907790784
1.142941710148787 -0.7417382447852331 -0.0006157627563053669 0.621468965200817 0.7693854469673135 -0.03359841439324447 -0.14385237515381083  738534.4907801719
1.143816996571936 -0.7365565062775727 -0.0022834848547612532 0.6453616851589153 0.756898973209678 -0.10214234894367895 0.013385822173029338  738534.4907812551
1.1420165044283292 -0.7345760776326543 -0.002379923671842504 0.6463564654660804 0.7553591158343084 -0.10671962319938413 -0.01633547368119583  738534.4907825276
1.1429213257641382 -0.734977798816748 -0.0036951600508599823 0.6336708623418106 0.7652939466849972 -0.11022032264155612 -0.02525656079275992  738534.4907836057
1.1416106790436589 -0.7336724901082785 -0.0032687485375544815 0.6333299437469299 0.7651804833015827 -0.1157230976045407 0.0004183403840823812  738534.4907848767
1.1417598632010206 -0.7336196877077271 -0.0028721903458896014 0.6343732710312748 0.7629180971169579 -0.12393452086814531 -0.01291373802213124  738534.4907859492
1.14135624158021 -0.7335474608325374 -0.003248679728168965 0.6341009277365747 0.764695121784092 -0.1146771380466106 0.002556985073627354  738534.4907872115
1.141536029254925 -0.7337217416562422 -0.0032084497264847707 0.6335793486794851 0.7650621860383586 -0.11510925593591509 -0.0026305168632035367  738534.490788289
1.1415427172474888 -0.7337295283513687 -0.003271447799741485 0.6338894320339064 0.7647464661321638 -0.11552818922211346 0.0005176766928812062  738534.490789373
1.1415046827929098 -0.733712708698597 -0.0033212802392627054 0.6338227176215224 0.764799175511384 -0.11553836317854174 0.0013676249480362764  738534.4907906413
1.141682622931116 -0.7337057695723643 -0.0030546821772135004 0.6329776838523414 0.765563686356653 -0.1151144896853935 0.00038489142496586214  738534.49079171
1.1417460412288885 -0.7335199706707822 -0.002883299397564441 0.6341775061062639 0.7635751376171082 -0.12153969358387602 5.334221174044239e-05  738534.4907929847
1.1415701336005848 -0.7336182603777415 -0.00301386352258447 0.6333657367914491 0.7650651750733211 -0.11618889801482303 0.004822999767217112  738534.4907940527
1.141487232543623 -0.7336439641078414 -0.003270796771180133 0.6340053424021151 0.7646177571001825 -0.11574138659433314 0.0009180206339348266  738534.4907953098
1.1414712080435274 -0.7337315705901337 -0.003332211705065918 0.632519351232925 0.765516075314975 -0.11790382832438515 0.0017595501387874701  738534.4907964119
1.1416130152904609 -0.7334484739003889 -0.002874196408190551 0.6353521557267684 0.7620425253637291 -0.12491358674133105 -0.00392728889115617  738534.4907974818
1.1416209522537104 -0.7337441228855001 -0.0032451528228920365 0.6333304625005312 0.7650964029190999 -0.11627515454497082 0.0003285493280593833  738534.4907987483
1.1414907926451903 -0.7336901050215829 -0.0032310960801949437 0.6336531666269335 0.7647478129911855 -0.11680000275261992 0.0014853638767319151  738534.4907998266
1.1413487258699204 -0.7335874517643022 -0.0035770567722259 0.6347017513140395 0.7645854770363968 -0.11197511054084022 -0.004930497265312878  738534.4908010983
1.1412406573115512 -0.7338075950242235 -0.0038563367375524255 0.6355949759258961 0.763818647960324 -0.11211418081088058 -0.005523591850179818  738534.4908021656
1.1412972679512852 -0.734322335617095 -0.004192755292360584 0.6384673889058888 0.7608423743846549 -0.11592036429417611 -0.0063830859561085545  738534.4908032608
1.1412871302468401 -0.734237858498114 -0.0041668183202851206 0.6384186076880253 0.7610121890759541 -0.11505885608134497 -0.006602202114450018  738534.4908045309
1.1412394976559699 -0.7342798389437541 -0.004087381587637123 0.6386664645473907 0.7605275487879203 -0.11689839083948743 -0.0061449830197309796  738534.4908055896
1.141572023952438 -0.7314870041043081 -0.0033050142639883227 0.647144704433132 0.7499430190869101 -0.13649294667639128 -0.01260456879708946  738534.490806852
1.1419195750027635 -0.7313391867233494 -0.004505831804477161 0.6439677245277414 0.7549875510189401 -0.12145972369985517 -0.023385959286316125  738534.4908079193
1.1446501487269558 -0.7273471775624452 0.00304034248166648 -0.03749865318291503 0.15777946178529126 0.7489489580887995 0.6424756420487184  738534.4908091881
1.1443823869859044 -0.7218481673532344 0.009222036127722185 0.6311502141100858 0.7473640438023377 -0.19022534565574106 0.08313068705576933  738534.4908102632
1.1468787678276327 -0.7246159996053982 0.03308768356184582 0.521745862860423 0.7431384067759025 -0.27960446592709665 0.31200625890553757  738534.4908115094
1.154493055095119 -0.7552708268779434 0.08436556179361253 0.14354689499866374 0.6479539092501443 -0.31680541320270217 0.6776314268015937  738534.4908125957
0.0 0.0 0.0 0.0 0.0 0.0 0.0  738534.4908136652
1.1662937185698887 -0.7293527697123156 0.281102052767388 0.008814600090452639 0.4358746053384144 -0.009821735013112816 0.8999106426571802  738534.4908149214
1.1317597113189968 -0.7096490484526401 0.3758524458234669 0.006945883342349583 0.5468340503864249 0.07618150064630162 0.8337389609475193  738534.4908159932
1.0818645152019457 -0.6932196877776977 0.4762715831961725 0.021682770746783753 0.544462423573096 0.1840331472785692 0.8180601001591493  738534.4908172669
1.045190007437827 -0.6901907840131982 0.5294582791940071 0.005027135416928597 0.49507133956116145 0.29378864988919684 0.8176596638277445  738534.4908183357
1.0328907093092132 -0.6859898798933014 0.5880264342802834 0.009838940313918668 0.3005267379642425 0.35098092625074695 0.88679155635935  738534.4908195978
1.0251686507342332 -0.678825227481348 0.6237993845228724 0.030797954935690958 0.28209915635689153 0.37255275574654617 0.8835587112015612  738534.4908207015
1.0227975662931623 -0.6702536602202859 0.6489024682023059 0.02194537099160032 0.26467470965546397 0.3774794803939566 0.8871160807032783  738534.4908217761
1.0282398265348462 -0.6604722080704651 0.6729399410651675 0.04105296755265321 0.2226321556630897 0.38296801533063757 0.8955920256197234  738534.4908230444
1.0364856168034728 -0.6527535856948786 0.6899143505451008 0.05723174109185002 0.19529097250857838 0.3929445089140435 0.8967611592740569  738534.4908241269
1.047819779270633 -0.6480949549316753 0.7057029476689148 0.0589403245785063 0.1796145218721324 0.39691677483679844 0.8981768954523267  738534.4908253863
1.0567902744375073 -0.6480181425889538 0.7153537500638548 0.06277756371348547 0.16673047123122334 0.40631667909756614 0.8961956726878003  738534.490826448
1.0647506442597874 -0.6491405560654011 0.726232356798624 0.06454001268777075 0.15222940769895324 0.401049642073931 0.9010105320062913  738534.4908275564
1.0709369369494073 -0.6480298148110463 0.7368835756603315 0.06439326873458445 0.14085788980731523 0.39366561547349155 0.9061125454459743  738534.4908288297
1.0743900478260977 -0.6475562780373059 0.7438788195540068 0.07939227360329805 0.13389234793195418 0.3918538616608678 0.9067636170242128  738534.4908299173
1.0768311948334217 -0.6477120618896274 0.7501548809684646 0.08573412743219885 0.12455756394526485 0.39263661186067483 0.907177801582485  738534.4908311774
1.0776216894213604 -0.6494714544141685 0.7529070568288494 0.0879009339528079 0.12304928349035323 0.38589292076339804 0.9100653566351312  738534.4908322425
1.0773776280812692 -0.6517628386982856 0.7554894871737441 0.09048128187161374 0.12220142385293062 0.38187015258367474 0.9116222552158909  738534.4908335063
1.0764613439243744 -0.6536582080320696 0.756386898247454 0.09801977313587945 0.12226593112465892 0.37824039413764393 0.9123471764647549  738534.4908345835
1.0752292842427278 -0.6561700630944772 0.7570039228208574 0.09717608984256267 0.12328325786592491 0.3715182612578944 0.9150585923561316  738534.4908356722
1.0745226468415483 -0.6578565588660776 0.7568481512512554 0.11302923793108831 0.12494206497395426 0.37103114950749533 0.9132084963839903  738534.4908369214
1.0741330657575836 -0.6589887924215408 0.7574551510744787 0.11266676894025507 0.12468499170010743 0.36971498724809765 0.9138220178051338  738534.4908380087
1.0735750999646687 -0.6605957382096318 0.758224535855738 0.10967495205028317 0.12230519671064025 0.36797622933761726 0.9152083579124531  738534.4908392716
1.0729047318647706 -0.6614567880986953 0.758988019225241 0.10607497543668529 0.12114391812911413 0.3679290040337471 0.9158059285007758  738534.4908403583
1.0723800077257348 -0.6625138741308901 0.7602491407669163 0.10501061914965527 0.12025826017212041 0.3675977815450549 0.9161782532506078  738534.4908414461
1.0721990877033403 -0.66360024085175 0.76172160198865 0.0998261483732657 0.1193876811437119 0.36820996787857696 0.9166257367360702  738534.4908427136
1.072432832410221 -0.6654300960463145 0.7618272686127605 0.10089672740428293 0.11841493406695254 0.3670124665219021 0.9171148255297887  738534.4908437921
1.0724601964548925 -0.6675158029568382 0.7613210101313289 0.1009914833312267 0.1191145191214932 0.3667634129852105 0.9171134338370875  738534.4908450582
1.0721976797047916 -0.6682004866562864 0.7616145058261304 0.10013408779989295 0.1189850605868969 0.36534578473456136 0.9177898329107288  738534.4908461351
1.0720536321286913 -0.6688261598015962 0.7619239039280723 0.09428853367743008 0.12184803762077295 0.3647029521684906 0.9182888896336026  738534.490847226
1.0704130584729727 -0.66711355798746 0.7634958319246853 0.05043316863221185 0.13009283241118683 0.36286240117445867 0.9213377384384382  738534.490848477
1.0680713679826068 -0.6642855871109598 0.7650812408243133 0.011993707441435516 0.14100410728899598 0.35975108589991095 0.9222543840520778  738534.4908495521
1.066074727359332 -0.6619774950885178 0.7639685077586048 -0.007880430668965802 0.142124427917516 0.3657999623352603 0.9197439498888333  738534.490850823
1.0649246991028536 -0.6614595055712411 0.7620597674792642 -0.013647008067646208 0.1453234441965186 0.36801897215184637 0.9182902002493337  738534.4908519019
1.063609679954737 -0.6601848085825157 0.7604114876506846 -0.02557143104120125 0.15502214841434891 0.36997536863418956 0.9156595775830122  738534.4908531726
1.0631971385926742 -0.6591011173624092 0.7595482331128154 -0.031093946906268287 0.15917064041542917 0.3730529125671782 0.9135258059412869  738534.4908542518
1.064082488507798 -0.6585307070176804 0.7587952829651511 -0.030216447611874947 0.16258684974529725 0.37640427737997223 0.911576822080114  738534.4908555006
1.0658762756954339 -0.658525992204176 0.7579911980438173 -0.012225001008653842 0.16986714432290453 0.38189570739550405 0.9083784295671092  738534.4908566008
1.0666055471262432 -0.6584787222981479 0.7580396511902195 -0.0027021830253107304 0.16579948103623404 0.38855089540844673 0.906383711224064  738534.4908576779
1.0668935995355289 -0.6591862551186319 0.7570981784816068 0.012889002083736712 0.1679975802506138 0.3916796443290496 0.9045428363949898  738534.4908589419
1.0669212216635893 -0.6602207905489498 0.7564319359301604 0.013387037831496884 0.16887469884049794 0.3937378400594375 0.903478077550838  738534.4908600214
1.0667665789549807 -0.6625327824850352 0.7562203407185105 0.025795088812572805 0.164347770837337 0.3890263083636493 0.9060810973720291  738534.4908611164
1.0657265639185274 -0.6620972623073599 0.7558870228949718 0.030879957593487776 0.1601175623431247 0.3913340542369533 0.9056856256134296  738534.4908623752
1.063874848425058 -0.6619459103939458 0.7544316159398923 0.04129920448910693 0.16007092346881976 0.3900622667439988 0.9058273032046118  738534.4908634718
1.0607535240287398 -0.6620672233342666 0.7520889724464035 0.05064540231343368 0.158480976656164 0.39064727166782126 0.9053803247260824  738534.4908647436
1.0581018534078532 -0.6615201836724993 0.7516705415980189 0.049932233881418236 0.15916974741236214 0.39196275253284246 0.9047303267577439  738534.4908658043
1.0562941869203135 -0.6605912801516682 0.7514723311636143 0.05842614028119133 0.15153022481312775 0.3947531819264449 0.9043201327289317  738534.4908669005
1.0556563772201564 -0.6584207386550135 0.7529747727477659 0.0669394596437528 0.14741927206812172 0.39406336418220556 0.9047103027902965  738534.4908681714
1.0554176522367564 -0.6566601116786874 0.7538661816824788 0.06156217537972937 0.14785252995025452 0.3890939434959284 0.9071690201305443  738534.49086923
1.0554198268775328 -0.6549717835795108 0.7534810092018196 0.04861624565446568 0.159845737088543 0.3822413287106407 0.9088329701428141  738534.4908704777
1.0550017827853364 -0.654638687891211 0.7527801570554524 0.04497558036842101 0.16972915005707648 0.3783231741125899 0.9088678609791422  738534.4908715532
1.0546684596799498 -0.6548954091602079 0.751573698558551 0.03689578029867289 0.1790252436235602 0.3771697563680779 0.9079271107434351  738534.4908728271
1.0542848344807911 -0.6556280225835727 0.7516101256200832 0.03699460858189612 0.17848336545990984 0.38011321985763286 0.9068015368753185  738534.490873912
1.055810715310972 -0.6599153582195187 0.7546668971735015 0.06004603352339137 0.17208084811772748 0.3744823985098728 0.9091455267312732  738534.4908751658
1.056939349624738 -0.6642259497343667 0.7581046633816237 0.08191087866795864 0.16752817251364785 0.3659119747257447 0.9117748330165658  738534.4908762372
1.0568733485616422 -0.6718413472379761 0.7601971211910672 0.09375694670306928 0.18999983381625737 0.33116776948553095 0.9194768113164631  738534.4908774883
1.0551773188120934 -0.6762938186678352 0.7626475443840305 0.05679668280757978 0.21642779478173285 0.2810260862953158 0.9332510301572183  738534.4908785636
1.0545703149026424 -0.6841465693158344 0.7654890581011657 0.008446607984582147 0.23277850874181227 0.20855944688946138 0.9498661894154643  738534.4908796349
1.0515888027934914 -0.6936393315797071 0.7732245999248545 -0.016670369260370913 0.23973889942516532 0.11684643907884999 0.9636359626776732  738534.490880896
1.049423847330817 -0.6989984856275413 0.7735127927643234 -0.019211912000545544 0.25346356424530214 0.049833523948598656 0.9658694238499401  738534.4908819656
1.0459816879101438 -0.7095110661533472 0.7743498819040799 0.0005516137649545443 0.26033807320651686 -0.03567536655525119 0.9648580473740793  738534.4908832168
1.0449232127931098 -0.7172997393984977 0.7779038933864965 0.011058733096334164 0.28352171064181036 -0.07460466098427418 0.9559954438052868  738534.4908842806
1.0437243169183337 -0.7245898246870912 0.7844365535998996 0.019752282943480883 0.2712260186175004 -0.129171647874765 0.9536042048610827  738534.4908855472
1.044420299983128 -0.730288643397291 0.7832198787898218 0.041087217645734656 0.27832791751014596 -0.15501432456988604 0.9470036800661017  738534.4908866402
1.0421463995770337 -0.730449338644908 0.7839865560116683 0.038138675903790185 0.23420783141983598 -0.1765457159356014 0.9552610864505626  738534.4908879078
1.0414414864621433 -0.7268180374393558 0.7861188542050743 0.017142669913539084 0.21206390851861867 -0.19270276770969638 0.9579147513683383  738534.4908890023
1.0417235619161331 -0.7261776012468805 0.7841890586667928 0.005378597181317925 0.20783603644119533 -0.20003471877358647 0.9574765605141191  738534.4908900904
1.0432971357549172 -0.7282420720743356 0.7787369754822775 0.011899310984679926 0.1850030872490087 -0.21532034383929585 0.958785384554517  738534.4908913763
1.0467669947410312 -0.7269900133610194 0.772424963765945 0.026943826943572512 0.14975948458020555 -0.26313148408136916 0.9526846010370076  738534.4908924447
1.0480481312006984 -0.7243722183176453 0.7690107400225842 0.0402353744040382 0.128037686691302 -0.29042173665794324 0.94744006686961  738534.4908935305
1.0476328282005796 -0.7234322600184901 0.7680680247832596 0.07892518820983256 0.10956375160116387 -0.27359870434086425 0.9523184068283682  738534.490894791
1.0489800904945406 -0.7216049037054832 0.7682580714029901 0.08373559218326528 0.11641095293519761 -0.2909562602635153 0.9459288003078808  738534.4908958517
1.0504958333725807 -0.7208328600594145 0.7678093192897851 0.07783346921085514 0.10431113026537107 -0.3036725519171511 0.9438453900854148  738534.4908971209
1.0516923234440294 -0.718761812294758 0.769373526663987 0.016723751254467432 0.04737299488600654 -0.30829927918080624 0.9499619307930737  738534.4908981734
1.0476822890903497 -0.716886969439236 0.771623375571373 -0.011273645459723078 0.012944440420621246 -0.29947194902071794 0.9539506790867011  738534.4908994576
1.0477321864617568 -0.7125446128827213 0.772134368171687 -0.023876644295966348 0.03401932589726546 -0.2788232019573818 0.9594426576783486  738534.4909005252
1.0468939323363975 -0.7042388109822919 0.775574451161527 -0.05479770490922317 0.03946976455746 -0.24604906999824624 0.966901858709279  738534.4909016181
1.0449542464045518 -0.7043733340223007 0.7781495711753736 -0.025303870621226358 0.05091572859233028 -0.22787021383037853 0.9720300758527969  738534.4909028724
1.0461273061316858 -0.710035638225093 0.7751416492896201 0.007335636258350351 0.07679568276728628 -0.216049743735821 0.9733299131233344  738534.4909039602
1.046440802636411 -0.7130179092088758 0.776648314184353 0.010789532186626257 0.07983020270158833 -0.22264210318275565 0.9715663737605251  738534.4909052345
1.0471355125861233 -0.7137206287568987 0.7758035600065969 0.011928622953130009 0.09573507102274467 -0.22410467679499552 0.9697781179060099  738534.490906308
1.0436445234718115 -0.7165216114409239 0.7792670503627663 0.027873261227191474 0.10026393660039311 -0.21277500575426767 0.971543628074532  738534.4909075691
1.0355955776664303 -0.7247007816824097 0.7848071309209523 0.06327600614847378 0.024719044321920874 -0.15755365319938858 0.9851710319823843  738534.4909086446
1.0366131552333038 -0.7279568899242509 0.7835791498332954 0.041550491070976664 0.031318180075427436 -0.1755646646077384 0.983091947291654  738534.4909097253
1.0411667300788152 -0.7277926774445005 0.7777617812802581 0.03143010738048236 0.027315460558817433 -0.18445550386386472 0.9819583397776297  738534.4909109867
1.0501106129247095 -0.7233374471569377 0.7737462294298713 -0.017181560664448692 0.07136526508625748 -0.22037420630844365 0.9726494754567164  738534.4909120513
1.056188436035796 -0.718093771172523 0.7696003138954577 -0.08031633013498904 0.09760490916649314 -0.2486419508857673 0.960312318508915  738534.490913317
1.0597679682231256 -0.7143447522073946 0.7673953092700757 -0.15086731431204184 0.1304850860668398 -0.2734982340614694 0.9409630235836363  738534.4909143855
1.0619365557263443 -0.7122197934618212 0.7682278162764054 -0.17897760870961404 0.17752091518074206 -0.27246522557254355 0.9285558901367666  738534.4909156606
1.0611694006159618 -0.7121358802213872 0.7694084430139354 -0.18035773683799874 0.18788463013144321 -0.27300817698905383 0.926086922389124  738534.4909167407
1.0581689920454782 -0.7127701137616005 0.7697726514997126 -0.18136854803482919 0.17410622734550862 -0.282202635898372 0.9258261951766448  738534.4909178294
1.0574448631508166 -0.7132485446496616 0.7720882721643786 -0.16996190309734302 0.187042483240994 -0.2932909189398016 0.9220132850593958  738534.4909190843
1.0574279794579111 -0.7134443619286811 0.7737228933555218 -0.15143359355894842 0.1789194601330261 -0.29583708523147806 0.9260324576003116  738534.4909201728
1.0574175301807442 -0.712910723771128 0.7759837709192362 -0.13919904796810356 0.1672404628338112 -0.29584946161145975 0.930122222452574  738534.4909214474
1.0598596290511633 -0.7127073815965085 0.7764579548424435 -0.12832546219546861 0.17201738720614299 -0.3036151927583284 0.9283105132321913  738534.4909225159
1.0617037416316382 -0.7143258096238088 0.7799817505423225 -0.08846569997809131 0.17323886390599963 -0.3063432332248457 0.9318347167911768  738534.4909237563
1.0628329784470165 -0.711966673261525 0.7827842570430913 -0.09315184883940204 0.17680987938297427 -0.31469328804113395 0.9279165555545602  738534.4909248195
1.063282614160424 -0.711226194131037 0.7872385865282895 -0.08557935037122585 0.19544380071666895 -0.31596753981289544 0.9244687173377195  738534.4909260779
1.0647180677384167 -0.7105916673756334 0.7888974338542095 -0.06604450695578518 0.21486817777386427 -0.32407273898535577 0.9189377830558693  738534.4909271529
1.068143700850927 -0.7124792332005511 0.7916669442720765 -0.05095007919521025 0.2727752511102464 -0.2954907237267684 0.9141569799564923  738534.4909284187
1.0705143482168165 -0.7120465023938095 0.7972813441036455 -0.047053653279788256 0.30077796793040457 -0.3056830787642711 0.9021509979365309  738534.4909295075
1.0701704514332167 -0.7113118237877101 0.8023263192586891 -0.069972804643901 0.3167371684391285 -0.31425564164661723 0.8922021992982883  738534.4909306011
1.0686367986498555 -0.7075187540681241 0.8079911531736808 -0.13084767582561463 0.31958855309378464 -0.3460772648089023 0.8723374170840347  738534.4909318651
1.064276486918835 -0.7116121457878987 0.8112888625702507 -0.02775385143806682 0.2634451085145232 -0.3314638618244875 0.9055153818873106  738534.4909329253
1.0640632760005304 -0.7146994465670283 0.8122502050337039 -0.011533835107276973 0.27209824758734963 -0.28374578969706954 0.9194116820754443  738534.4909341799
1.0660951776922967 -0.7158063380416879 0.8124573597916622 -0.0011582909620299528 0.3075671835519859 -0.24746759895148795 0.9187822774918615  738534.4909352686
1.0646722840247362 -0.7147540060788238 0.8119949835256932 -0.011750891501026163 0.27748898823413237 -0.2385333563115811 0.9305716608002099  738534.4909363545
1.0679562219118934 -0.7165855834000434 0.8123964654281344 -0.016524708516862757 0.3217860815459185 -0.19917440156231542 0.9254783679233404  738534.4909376209
1.0701357395546163 -0.7167375796965146 0.8140011983675004 -0.0649286041942786 0.36590542865869186 -0.16454949522195716 0.9136853710428338  738534.4909386985
1.0676425057058145 -0.7177874994034241 0.8138600839556279 -0.0799784812126639 0.38102026614343687 -0.13086272374297317 0.9117576140978865  738534.490939982
1.0669476808148397 -0.7181459575683506 0.8132683159546479 -0.092871272944398 0.3881180388718611 -0.11676067818426056 0.909453824332989  738534.4909410437
1.0673495220207547 -0.7191524415845785 0.8117681017443078 -0.09219117322529763 0.4063819396946969 -0.08364685863561158 0.9051837988550795  738534.490942312
1.067133621989679 -0.7211145936935183 0.8122499806384132 -0.06415298584942988 0.4198001150405268 -0.09403583003004196 0.9004496212943423  738534.490943399
1.0661762547576743 -0.7203381899665187 0.8136877981671273 -0.06191333398247961 0.3988137389098071 -0.10244833514753601 0.909185723247705  738534.4909444678
1.0652194776040398 -0.7177109573056337 0.8158009922134584 -0.0848269933948908 0.392728970627888 -0.10249069513754369 0.9099802163955906  738534.4909457355
1.064119348614232 -0.7163319529870096 0.8153859665925921 -0.08161367724449506 0.39348977106979705 -0.10408416920971619 0.9097645263858078  738534.490946806
1.0641265709693506 -0.7186514387462724 0.8140931422666132 -0.03180847330958818 0.42519612528790257 -0.07734878438311071 0.9012289618184286  738534.4909480831
1.0634642518526494 -0.7179587124267273 0.8148891858168533 -0.033583095853630916 0.4266089718779062 -0.06805168029660819 0.9012468749432477  738534.4909491411
1.0608628297584193 -0.718017973550054 0.8159798509338494 -0.05784935203716512 0.40902616532055275 -0.05385013840453728 0.9090936206716315  738534.4909502354
1.0579710313373238 -0.7184327182502459 0.8171902107273474 -0.06526306697530014 0.4026682597075019 -0.025342793490391494 0.9126646413284635  738534.490951519
1.05532084612441 -0.7190783900394614 0.817237071874097 -0.062395723888706754 0.37811255258294035 -0.022078766259415343 0.9233905995298413  738534.490952592
1.052327436482156 -0.7199749254459757 0.8157278930942945 -0.05945575741295244 0.36854602107244216 -0.01541421017649417 0.9275781613356139  738534.4909538556
1.049623591261715 -0.7204623434203126 0.815496576552305 -0.09909661701530652 0.33389577788547126 -0.014856681697835408 0.9372687709591668  738534.4909549338
1.0481549421596221 -0.7223862356948748 0.8163075496126079 -0.09556789192500902 0.3327571984585694 -0.007099929611890623 0.9381305964025054  738534.4909560336
1.048932639876513 -0.7224344297195646 0.8166613635051904 -0.1080086422755432 0.355639862688942 0.004355143259292919 0.9283509325613754  738534.4909572917
1.0502172860014904 -0.7236432141863723 0.8191790320650887 -0.10757752148949476 0.35408731600264587 0.023426352880882014 0.9287090262869852  738534.4909583554
1.0514973677124844 -0.722503670064348 0.8211353316854976 -0.0912790936714201 0.3385260191385948 0.05117876731385521 0.9351197758581166  738534.490959642
1.0529182576364853 -0.7182067902364087 0.8240433980383535 -0.09245532689589246 0.312837150378645 0.09209623768475443 0.9407992415366075  738534.4909607116
1.0532960110601621 -0.7060849654206516 0.833584676317668 -0.1224130992686466 0.3005251445320637 0.12057862050984491 0.9381686772150143  738534.4909619815
1.054526357013353 -0.6890516851875937 0.8406988875137096 -0.18588770364092883 0.28514274362169306 0.15013100271303992 0.9282241428768016  738534.4909630615
1.0546374781725236 -0.6808682498270093 0.8444312800312141 -0.21608822072369377 0.28309517328403017 0.1566639127573374 0.9212054180080111  738534.4909641463
1.052772866435899 -0.6715227793660437 0.8459602640204686 -0.3283943127675732 0.28793413176354543 0.09936678247109769 0.8940790533553665  738534.4909653887
1.0514647761434728 -0.6674875984132991 0.842815141500463 -0.3726980320797382 0.28156315256952674 0.08912724447144643 0.879701484761693  738534.4909664805
1.0499344995217756 -0.6648937134579097 0.8451059224646749 -0.3935009586827015 0.2743082297467603 0.07432224461816153 0.8742929683829738  738534.4909677457
1.0509102643945023 -0.6668366935970229 0.8462588609189955 -0.3913318614503589 0.27030155067579825 0.07130120208086366 0.8767625587910789  738534.4909688213
1.051705109317759 -0.6685338683534167 0.8471052210302111 -0.3846179561238233 0.27230633713555774 0.06359934298583536 0.8797007503433875  738534.4909700815
1.0527435519574593 -0.669861992428208 0.8458844475770598 -0.38245651809399994 0.27866120118618154 0.056300861608247696 0.8791502486509671  738534.4909711553
1.0528014492070772 -0.6717081699114853 0.8458571091660445 -0.3921320721088291 0.2763447511212899 0.03715555202392986 0.8766330369688023  738534.4909722361
1.0526250115051496 -0.6725899147145964 0.8459518623272385 -0.3851121774495972 0.2869143783840306 0.0316002966619612 0.8765672658201488  738534.4909734854
1.0526999543200923 -0.6736367445307037 0.8468330601048402 -0.3842597306757312 0.2939866792391984 0.022896274023088428 0.8748668769857405  738534.4909745627
1.0545728925738638 -0.675368608615591 0.8469129879988088 -0.382113045360112 0.3027510999570399 0.018221782833975828 0.8729257463672239  738534.4909758363
1.0565105469436011 -0.6765365588378582 0.8481647122656193 -0.3791212868978116 0.3045245551621474 0.018653803819817787 0.873603961029994  738534.4909768992
1.0587071300029345 -0.678623060160657 0.8509593730133332 -0.37347401329127566 0.3075385971352706 0.015629349032947167 0.8750387969210189  738534.4909781743
1.0589187740067287 -0.6806541881512685 0.8535683525867527 -0.3707533737876005 0.30256427165654676 0.0024908919057246614 0.8780606999516429  738534.4909792299
1.0590166980758533 -0.6841417810045222 0.8533736711096852 -0.3615238837707028 0.3139156190395009 0.009298077462110695 0.877878699674336  738534.4909803236
1.06067919026566 -0.6869073190493061 0.8512004785447196 -0.356981716735294 0.3008545618822696 0.007307484185007963 0.8843060483713973  738534.4909815866
1.0611203013895374 -0.6888559620056254 0.8507819968885638 -0.35720567589542435 0.30508461566311823 0.01367589244101345 0.8826893294697306  738534.490985556
1.061385637145545 -0.6925028825714444 0.8492214759471759 -0.33722676214379693 0.28492913027786654 0.015737355908543246 0.8971320065866102  738534.490985556
1.0613555797951388 -0.6927000714377409 0.849145262101397 -0.3365099661453855 0.28449456423072855 0.016613876165650947 0.8975231833923577  738534.4909856269
1.06167911696563 -0.6939936506776948 0.8483780016591601 -0.32825849800291 0.2787926890391026 0.02371293033725146 0.9021965927457499  738534.4909862895
1.0616596982631068 -0.6952313723535029 0.8484385563720394 -0.31117011265563704 0.27562205577625876 0.03265222012080934 0.9089221506161732  738534.4909873492
1.0615519547472536 -0.6958630133101342 0.8494814552493025 -0.29591093334883106 0.2647605949296921 0.0455653563148484 0.9166582488588646  738534.4909884416
1.061421621513004 -0.6957483406253011 0.8511111757932807 -0.2804778261854336 0.24694728315047146 0.06244199208746978 0.9254459605979395  738534.4909896927
1.0617035037775369 -0.6954570052347773 0.8504045631497867 -0.23488017175161288 0.23089781393168096 0.10458437716606667 0.9383920356078741  738534.4909907711
1.0633870112133295 -0.6947384962352722 0.8486630819128492 -0.12750142981638524 0.2219238263894253 0.18000500463652094 0.9497849224857488  738534.490992044
1.0656789887318097 -0.6952650221538734 0.8470183168829343 -0.036285337812296745 0.2190289909580311 0.2363746674124549 0.9459580815159865  738534.4909931079
1.0661823098497973 -0.6987089437756662 0.8467203899831234 0.05176414375554579 0.1854787032696439 0.28051096773546846 0.9403359617896029  738534.4909943759
1.0679960605262027 -0.7052148729569037 0.847568285651773 0.13060395444773337 0.1700023646537754 0.2731100057529237 0.9377914095641829  738534.490995464
1.0681443276500406 -0.7105339658056993 0.8463772295939616 0.16055792689221957 0.16317144516164303 0.28227380784656425 0.9316210221971886  738534.490996534
1.0699511967016553 -0.7113241550272423 0.8444920899091981 0.11687548614821322 0.2206005927169988 0.321848230744885 0.9132848491007145  738534.4909977744
1.0675161565663942 -0.7174580841045938 0.8420353077616145 0.18421451804446481 0.17619015093931284 0.30135819724724755 0.9188064426229916  738534.4909988625
1.0605988417204004 -0.715501794404063 0.8368665019809922 0.1518829189488903 0.05671338085198151 0.2714650100625879 0.9486948506635956  738534.4910001237
1.0515052341978368 -0.7153289758765492 0.8291268442426164 0.1277963093221397 -0.04943437276946504 0.3073576341062368 0.9416770310829219  738534.4910011993
1.0455038517480688 -0.7175868277147677 0.8277391335415766 0.10677706977650778 -0.14148275976088973 0.35113245560031453 0.9193950645312811  738534.4910024614
1.043076364938793 -0.7184673053878153 0.8286517162136181 0.12413425851224227 -0.17731677338457105 0.35816439585892673 0.9082222818666753  738534.491003537
1.040609294886411 -0.7219565459304969 0.8288133375742952 0.14967178025508832 -0.20430002354813762 0.3590647105885185 0.8982941568236357  738534.4910047991
1.0395250442660875 -0.722210037412299 0.829000828099352 0.1680385602125865 -0.21786995975506177 0.359722735734855 0.8915689969449591  738534.4910058797
1.039388988391237 -0.7204517060024349 0.8287601525644634 0.18260756816056473 -0.27132712103238116 0.33522658986517023 0.8835492079619185  738534.491006972
1.0399070450100225 -0.7195144566174567 0.8323284378941864 0.20252550150853946 -0.29135722017243726 0.32214274646842395 0.8776778693745704  738534.4910082563
1.0402069661139386 -0.7201407060101013 0.8340469328670881 0.20521312186817584 -0.31221532119519035 0.32859882326089607 0.8674283723603095  738534.4910093371
1.0408159418391798 -0.7211822208295617 0.8369161980187825 0.20632505714958868 -0.32781984829612965 0.3325594696240958 0.8598652900417958  738534.4910104371
1.0416442013040896 -0.7211053379906497 0.8377724731987468 0.2017778598499412 -0.3394665808081552 0.3303027998891135 0.8572911968369965  738534.491011677
1.0429445907882564 -0.7205063095570964 0.8381809369475658 0.19777731126651768 -0.3479117460588358 0.3279651568420803 0.8557338417989725  738534.491012774
1.0442747415631466 -0.7200223893895602 0.8383713058469415 0.19570587378982932 -0.35320311155586404 0.3274258150569752 0.8542476857362218  738534.4910140412
1.0455054399550336 -0.7201948452644054 0.8372924638836536 0.19442083486594872 -0.35126729083020153 0.32849774676506616 0.854927517239393  738534.4910151426
1.046968174701112 -0.7199531645373272 0.8357134144330828 0.2001928070138246 -0.35935880644931806 0.3257854338133383 0.8512625560673406  738534.4910162215
1.0490456369487091 -0.7200995517726537 0.835418750426064 0.1974221216258828 -0.35935006037992445 0.3266433477598882 0.8515845015979874  738534.4910174782
1.0505985059297185 -0.720678795316175 0.8359535808982493 0.18213769563661433 -0.3484114300256813 0.3308151989506752 0.8579024649684072  738534.4910185575
1.0511595901549093 -0.7205282560309497 0.8360358278011248 0.18252191478490967 -0.3203903097461769 0.329887550311773 0.8690281952809681  738534.491019813
1.0518372047585436 -0.720888775024507 0.835728504046423 0.17860662085013773 -0.31287273002507227 0.3300516586778456 0.8725114511564628  738534.4910208976
1.053941354160487 -0.7213196969741074 0.8347496493270418 0.16375694271367455 -0.3483892702165635 0.32746551518107736 0.8628875456733817  738534.4910221543
1.0539827028520148 -0.7212984580681456 0.8352117321408118 0.18417061257573072 -0.382555333165023 0.31304495261741727 0.8495501516515888  738534.4910232142
1.053988762032254 -0.7220525414467263 0.8378572176751183 0.2016361954356831 -0.4022855507680764 0.3007129333528891 0.8408810332310684  738534.4910243171
1.0535329857918267 -0.7227089831604145 0.8410986879336583 0.19559371741387016 -0.40332545891894694 0.2934184043347606 0.8443798386352477  738534.4910255771
1.0534984719060838 -0.7228712793039128 0.8417206307174055 0.18478492689356651 -0.3863347102607267 0.29241397915217465 0.855040400938512  738534.491026653
1.0529487299243367 -0.7233018852929998 0.8382775565995335 0.17423025563849784 -0.36890811993423794 0.2913995532714066 0.8652380697934843  738534.4910279219
1.0525464279963825 -0.7237222028358873 0.836080374175507 0.16298900338436192 -0.3540496403506189 0.29432364150725326 0.8726150531553302  738534.4910290049
1.05231932422405 -0.7240488863593897 0.8343257279139826 0.14773573400889153 -0.31282015954843867 0.3062625056547872 0.8868601796827924  738534.491030245
1.051233701815211 -0.7239345445560585 0.8319592166633345 0.1452426748246077 -0.307146507525976 0.3086657577760587 0.8884205300987367  738534.4910313358
1.0501285182402256 -0.7237511419828316 0.8309363580191784 0.1432320023856881 -0.3097132939509691 0.30140132576196144 0.8903479712289791  738534.4910324264
1.0505610169551918 -0.7240238400579367 0.8287268777750179 0.14383773232318572 -0.3081657518444841 0.3003967806237253 0.8911264502533571  738534.4910336798
1.0526119126792635 -0.72365009565945 0.82663568052255 0.128710431567767 -0.27770088708557694 0.30125321192471094 0.903084904326591  738534.4910347689
1.0557498203160904 -0.7224691451746603 0.8234548427074436 0.12945530882644277 -0.21555986903160307 0.31486775924307164 0.9152232296379804  738534.4910360272
1.0610423901256005 -0.7217433046388343 0.822362551816104 0.12451464263485977 -0.12958835482800854 0.3245416989333151 0.9286418296178354  738534.4910371155
1.061471123492724 -0.7226456633495942 0.818521164581983 0.11935046777464561 -0.11957641367746762 0.31290656102096687 0.934637058544139  738534.4910382022
1.0619880995329416 -0.72227939945891 0.8183618178567827 0.1352917270591894 -0.166888195680405 0.30415194800046896 0.9280819313290184  738534.4910394526
1.0618715225846138 -0.7245554005708805 0.8212955680067929 0.17151268565018957 -0.248927532823089 0.30151197320184475 0.9042726425584263  738534.491040537
1.0613092377778957 -0.7248136668473535 0.8253302506551717 0.20520921812369264 -0.3289992808272789 0.2881434933986607 0.8755695159290393  738534.4910417855
1.0605067812987263 -0.7245552335437122 0.826603011215049 0.23496463476707924 -0.41487157243819844 0.2711072712507757 0.8361662790775457  738534.4910428677
1.059780560360855 -0.7245974634897234 0.8266047602330316 0.2553495367652352 -0.4860129815914389 0.26698214618401134 0.7920281115070088  738534.491044138
1.0587089248397938 -0.724746596297037 0.8266501069341503 0.24625024566527384 -0.5362953754623724 0.26832146139842566 0.7614142631448918  738534.4910452184
1.0558080412419673 -0.723386208971789 0.8267754001156679 0.19502305282776322 -0.5607696056135655 0.2952203578297709 0.7485642247720685  738534.4910464585
1.0518563616801486 -0.7194231913827536 0.8262381348297096 0.05184601901599506 -0.5001315733264943 0.3932315782475905 0.7697722556334878  738534.491047556
1.0431796884954816 -0.7040694172403301 0.8324876985705246 -0.1743651686929735 -0.45185718865748903 0.501370591573553 0.7169723836455675  738534.4910486402
1.035454535440037 -0.6910458003552374 0.8374911464045438 -0.26675512565329157 -0.3986083761866423 0.5442625117349492 0.6882814712684843  738534.4910498797
1.0334531929883395 -0.6840521824195825 0.8395155756373848 -0.3447501363083316 -0.40151305486382904 0.5513781507049308 0.6449160761017773  738534.4910509597
1.0334393769175527 -0.6781136904538947 0.8427984875988602 -0.380551991782902 -0.3602858870069323 0.5594948906066244 0.6421368456635826  738534.4910522117
1.0378352078979427 -0.6685577279614835 0.840489152427394 -0.420305995903628 -0.2470978397153791 0.5694395889362984 0.6618338779236916  738534.4910532815
1.0441618721901302 -0.6566468932827174 0.8310999663851233 -0.4324891768522181 -0.1664351408109749 0.6371311294407802 0.6158866614129889  738534.4910545462
1.0481378249263504 -0.653373049507848 0.8276755725441822 -0.47088224122630484 -0.11189687348606454 0.6424635306578346 0.5941292926429443  738534.4910556349
1.0535162778042644 -0.6485022447950491 0.8160680852489285 -0.44556751557820246 -0.009069246579332328 0.6624970016728104 0.6020673223174363  738534.4910567206
1.0572331606153742 -0.6414786136863387 0.8028900900319071 -0.4605823951019554 0.04660550156112007 0.6739660404350064 0.5757269846782779  738534.4910579791
1.0573000014510034 -0.6354826132347889 0.7984746930577659 -0.4740352027704322 0.07873172701553552 0.669962259645408 0.5658997370085671  738534.4910590566
1.0587795894298246 -0.6324208222098235 0.7959152070089359 -0.4640769432903671 0.10678666228020514 0.6756488738109492 0.562785748560959  738534.4910603095
1.059897975987702 -0.6321926562166406 0.793729903401427 -0.4416957064684147 0.11606083281541188 0.6936253842278552 0.5570624851202254  738534.4910613858
1.0600246610725503 -0.6319564101374745 0.7901289663835158 -0.37564903185745996 0.14773476616757308 0.7316329967953992 0.549340879354658  738534.4910626452
1.0598353867420391 -0.6337796661945294 0.7885536532446068 -0.324900617537825 0.16421070625309794 0.7402446567474715 0.5652541736530716  738534.4910637345
1.0618951672657484 -0.6388897174343648 0.7878416322593274 -0.25311137381735344 0.13789349100153878 0.7521445191063241 0.5926201481235827  738534.4910649933
1.064265360455854 -0.6435859868948492 0.7880774595687807 -0.20211055979960404 0.12794510094300687 0.7438726258374025 0.6240471851486409  738534.4910660572
1.0683347959616238 -0.6566564212258557 0.7924507924768058 -0.16261457816276323 0.0720088917081534 0.7225817740964363 0.6680170643236268  738534.4910671461
1.064650308605557 -0.6698254248534455 0.8046493400286818 -0.16620024099942599 0.026768014322247295 0.6840749264634471 0.7097199787838905  738534.4910683997
1.0490807117276402 -0.6809502763469968 0.8184833000565078 -0.19436477784994627 0.003295024560781386 0.6561953919173479 0.7291221321362582  738534.4910694913
1.0322094673726219 -0.7001638718589254 0.8315120031186165 -0.2102728941152166 0.08850638986245497 0.5976644686245387 0.7686020504120933  738534.4910707424
1.0207842167903776 -0.7373744968162484 0.8749343181541945 -0.17371255161370078 0.11108407970747851 0.5089070416443946 0.8357618677662617  738534.4910718305
1.0151075262722014 -0.7909700603190302 0.9418131985033773 -0.14723835265829832 0.06270931648840283 0.4259642677494944 0.8904733863135187  738534.4910730915
1.0145654101167405 -0.8317259102125801 1.0002377369701096 -0.22533209562683998 0.0206755502686186 0.35723198642118187 0.9061916332537413  738534.4910741729
1.0208601260055556 -0.8746320128134424 1.0517303383884191 -0.27401668425443393 -0.030038797465205984 0.3266494541697641 0.9040534616313604  738534.491075262
1.0296967437527524 -0.9063585168327479 1.0873142929655621 -0.27200561673906315 -0.0429971878170017 0.3505183678255342 0.8951542102448912  738534.4910765059
1.0228885227495301 -0.921180566941695 1.1105538955722523 -0.2948350234170697 -0.07226228567510751 0.3736613710307684 0.8764859672778975  738534.4910775962
0.9954986788053568 -0.9327510451561792 1.1341809049038836 -0.29042603476618933 -0.10595483073594263 0.38780525591513604 0.8683509518957768  738534.4910788601
0.9693346865369283 -0.9377267790418853 1.1405766292568305 -0.2806309713275893 -0.1142298451903565 0.4140086031008898 0.8583674486826554  738534.4910799407
0.9404823080383093 -0.9531967840094817 1.1270248286329454 -0.21444620047326965 -0.07834603670383368 0.4920271881478363 0.8401094998621986  738534.4910810344
0.9088171695072408 -0.9941533822221008 1.1222520491732928 -0.2221316079042128 -0.06484394769935363 0.5324576208005275 0.8142123146133902  738534.491082299
0.8872138221127418 -1.0316725948559655 1.1215974457409916 -0.22304836642616713 -0.09050425034827793 0.5163020116600667 0.8218823758052504  738534.49108337
0.8586978222733448 -1.0691225774363782 1.1313905691797888 -0.25022598070925817 -0.12968257230075778 0.5144803624126733 0.8098637821950511  738534.491084638
0.8366044466923521 -1.1085658014794555 1.1438048094938957 -0.28696198585306804 -0.1369945186149564 0.4474183014265288 0.835884073357855  738534.4910857219
0.8251025722015497 -1.1555759711479805 1.1607926278821983 -0.34577848381638476 -0.1677721339904386 0.40130687085559236 0.8314099750364012  738534.4910868017
0.8196154396610603 -1.2113542255697964 1.1891787591405396 -0.37181670459059585 -0.20738589363162985 0.3346176052782349 0.8406988090558112  738534.4910880543
0.8223497693395756 -1.2445672637869483 1.2034361461559884 -0.36517011945982375 -0.2168331127749789 0.29908941507821996 0.8545055335374837  738534.4910891319
0.8329406247038659 -1.2771476590811686 1.2105344473016046 -0.39459052330831984 -0.19625123557173124 0.3205987242681253 0.8384510894795747  738534.4910903696
0.842444919636964 -1.320804996542548 1.2140789952843825 -0.40950081715747166 -0.1762889272589925 0.31225258524696603 0.838885938539813  738534.4910914454
0.8608696557074598 -1.367790286477964 1.214510465573719 -0.3838574949398792 -0.14875956595132103 0.3116237565919 0.8563963156413084  738534.4910927045
0.8856650502083493 -1.4234770132730563 1.2158200001063995 -0.38219240632065854 -0.15426820841567765 0.27368721933288015 0.8690371628399316  738534.4910937846
0.9235762270504441 -1.503072764646441 1.215000483818661 -0.3892110895294518 -0.11885859409473504 0.20394874863697454 0.8903888309758452  738534.4910950422
0.9583552771969448 -1.572164749290357 1.2119397229623357 -0.41414918792116895 -0.06349991783546062 0.12174878171141548 0.8997918896783368  738534.4910961271
0.9914431639943111 -1.6543734715449423 1.2141300842139089 -0.42027828259833727 -0.037190685926950295 0.06700236668751262 0.9041535825924416  738534.4910973877
1.0080030117051098 -1.7101568179373605 1.219117196144744 -0.4086786763635078 -0.042927829895959786 0.045114103726601774 0.9105512937507366  738534.4910984599
1.01670572264784 -1.7542428672914068 1.2299464836679996 -0.3946100739843095 -0.08459374977905217 0.025817468455517304 0.914582005798805  738534.4910995547
1.0233940771279058 -1.7825782540268722 1.238779555356047 -0.3657285170775015 -0.09547974978610148 0.02510112240256885 0.9254708006367389  738534.4911007971
1.0279029235751385 -1.797498466398778 1.244960037640541 -0.35266505192368514 -0.09487133979712008 0.03038960649712282 0.9304317609871848  738534.4911018802
1.0249642292834715 -1.8047030372383945 1.2515046668302865 -0.3415722418858624 -0.13261012299085673 0.060083070291562166 0.9285111649935908  738534.4911031368
1.0210265154730869 -1.805546129729469 1.2519539133245081 -0.32836623076275073 -0.17623414140643467 0.08929133710948123 0.9236580552426323  738534.4911042213
1.0205469128009061 -1.8030027823654167 1.2554045851472797 -0.32056885790170364 -0.16712727708728692 0.1192364088619999 0.9247090133651129  738534.4911054793
1.0141991115721687 -1.8039953621441382 1.2608671182017939 -0.2865070936604341 -0.22714101926638927 0.14542095443678799 0.919333121702667  738534.4911065613
1.0092789950229644 -1.8053904399336687 1.2631247670134114 -0.2658388928603385 -0.2608430892618916 0.15567561749401407 0.9149074641432104  738534.4911078132
1.0098416527858913 -1.8064206037017803 1.2615717695089137 -0.2849710289980127 -0.23335214672356416 0.11784748578493114 0.9221986002730044  738534.4911088997
1.0095283370477186 -1.8128816766433808 1.2627916939764923 -0.2721999418510555 -0.23028471642812026 0.08948957479950599 0.9299826649126886  738534.4911099977
1.0077883030452983 -1.8227124928344454 1.26440096023198 -0.25860510795404473 -0.2552953812129411 0.04865004098249912 0.9303659709941121  738534.4911112504
1.0087361043279515 -1.8289697542099594 1.2638846370650754 -0.26962731544026197 -0.2318155749864419 0.03374944761656695 0.9340362009835377  738534.4911123279
1.0084540683014378 -1.8337901079896164 1.265105042630198 -0.24980851309386445 -0.22139970884541266 0.016529841660502875 0.9424991459113785  738534.4911135999
1.006042743751181 -1.8359751637429285 1.2693121957785312 -0.24644962979474552 -0.2435503357623403 0.012687173417998965 0.9379684693819648  738534.4911146738
1.0053150709619316 -1.833478020245985 1.273122519181296 -0.2692771263277014 -0.2458079746708867 0.026496015810918743 0.9307879618747975  738534.4911157633
1.0048317689908073 -1.8264990320639747 1.2730633063522876 -0.29545377128367734 -0.25301456798854427 0.0648855330348174 0.9189562367287196  738534.4911170249
1.0033222919555378 -1.8222268448187147 1.2724158639637713 -0.30197961907071746 -0.266039557331472 0.09002759900649462 0.9110029061522826  738534.4911180937
1.000673976075044 -1.8267868273160757 1.2722251124769093 -0.29919391500089965 -0.27704581340806067 0.09342015043602438 0.9082958185481265  738534.4911193508
0.9980120125964137 -1.8310503156991964 1.271638341021089 -0.2857490948427378 -0.2841091458885424 0.09515555050642749 0.9102608797629709  738534.4911204481
0.995796033298215 -1.8295565850170974 1.2702317501654075 -0.28311271068017557 -0.28760929754874553 0.10373231932765889 0.9090476835357676  738534.4911216928
0.9947817999957937 -1.8262920283388573 1.2695213714080344 -0.28378248736876466 -0.28745060893936886 0.1099518295358076 0.9081576088239924  738534.4911227681
0.9942182176049607 -1.82541661875179 1.2691543469044049 -0.28144835748540115 -0.28777751179513783 0.11224326127956549 0.9085000693842001  738534.4911238493
0.9949875347732181 -1.8261798425955218 1.2692269157738651 -0.2800372348927923 -0.285512377057235 0.10932713875092735 0.9100051683112915  738534.4911251155
0.9962967529923971 -1.826897869535873 1.2688628951275924 -0.27957689814522585 -0.28471286812883917 0.10556874054571136 0.9108405907539127  738534.4911261929
0.9992585766457944 -1.8272283945181942 1.2677387841010055 -0.2823595526978981 -0.2763472792519045 0.10274148949898387 0.9128797569153579  738534.491127442
1.0019363197262365 -1.8291216649950532 1.2678403162077156 -0.2812140809415957 -0.27399598162298733 0.0974372202861674 0.9145221871761965  738534.49112853
1.0046473440194976 -1.8318606613970954 1.2679408438247037 -0.2822816376875939 -0.2715735425601954 0.09034520133405925 0.9156432889513383  738534.4911297951
1.00621376619665 -1.8335716094651489 1.2682342675772316 -0.2853154693911344 -0.2689976191852139 0.0849370919272444 0.915980924590543  738534.4911308698
1.0070662948561255 -1.834490146170214 1.2681122216909804 -0.2867130158908383 -0.2658915830828649 0.08076094554605787 0.916828763858865  738534.4911319744
1.0074710282254424 -1.8349960802891776 1.2672653869797001 -0.2889285567943168 -0.25827643220024926 0.07767775607314417 0.9185748417249977  738534.4911332319
1.0073245787968326 -1.836170019252093 1.2663627691686756 -0.2912707441461682 -0.2541856845581412 0.07653103896410866 0.9190723537596595  738534.491134315
1.0056726571238517 -1.838057534422587 1.2654044652758836 -0.29256303580203147 -0.25104462790646037 0.07351348359546414 0.9197712936438415  738534.4911355856
1.0036858947597371 -1.8391378628000092 1.26470985867274 -0.2917337383448899 -0.2501677397327611 0.0728760804700841 0.9203241846238936  738534.4911366937
1.001627025375113 -1.8388028195000496 1.265304668469905 -0.29019786712543766 -0.25226676004343 0.07571735007975806 0.9200073709432641  738534.4911377759
0.998919931092892 -1.8373079437346376 1.2660436935565922 -0.28744234729392854 -0.2552425350079891 0.07997515021999657 0.9196913181345908  738534.4911390302
0.9975626207780757 -1.835928428062219 1.2661646658329948 -0.28484260329723077 -0.2557267754280999 0.08524121104477764 0.919892626133954  738534.4911401268
0.9969675571306668 -1.8348922539601162 1.2659431035237596 -0.28283922867517003 -0.25120322937096534 0.08936204633856419 0.9213649293033772  738534.49114138
0.9967726551152973 -1.8355676041557545 1.2647717694212608 -0.2828950980722634 -0.24320591750525145 0.0871097387872895 0.9237061971133048  738534.4911424634
0.9968578647147869 -1.8366629055217274 1.2647466755452552 -0.2868662340210919 -0.2401507840721081 0.08430515591877646 0.9235410144512364  738534.4911435468
0.9976740589586041 -1.8395099257835044 1.2650864564261883 -0.28988351831350645 -0.2369483440788338 0.07893314561090621 0.9239007449788366  738534.4911448148
0.9964259046813291 -1.8418195639155068 1.265263073582412 -0.28818391347541733 -0.23560856518159798 0.07160990126509444 0.9253705517617606  738534.4911459053
0.9960947503058257 -1.8402498232102698 1.264504377000754 -0.29093046981828224 -0.2304189098850795 0.07447081802154586 0.9255920726550585  738534.4911471729
0.9955922265511368 -1.8396362617105675 1.2640462598885482 -0.29013600199144185 -0.22957434702759189 0.07708431733839319 0.9258373116027193  738534.4911482511
0.9948146706474094 -1.8382255632972386 1.2638340882574857 -0.28996309868836834 -0.22796261297111592 0.08050431650872596 0.9259986520021958  738534.4911493368
0.9947478202518208 -1.8342854958490797 1.2632509267794094 -0.30136222079322406 -0.20738742426691134 0.0848425695483492 0.9268079663700274  738534.4911505993
0.99488242804161 -1.8299760916286947 1.262558173535148 -0.314388369055452 -0.18637933799533432 0.08513487722335962 0.9269167969409322  738534.4911516815
0.997387080446223 -1.8277839991715823 1.2600224329295295 -0.32151187639517187 -0.1699428985959595 0.0862061712429859 0.927533298913459  738534.4911529388
1.0001897740202668 -1.8299434377910766 1.2582552671686555 -0.3151624478893262 -0.16027517067237743 0.07833649315862093 0.9321201075751758  738534.4911540058
1.0036961346414048 -1.8345142566515926 1.2559976826092898 -0.29909429549729993 -0.15638483797034522 0.06814715743756898 0.9388516122301447  738534.491155261
1.0070862718102178 -1.8395809866725648 1.2557102215490672 -0.2996734535113561 -0.14857943837406226 0.04994812370808749 0.9410765944869031  738534.4911563661
1.008785518754238 -1.843294506388091 1.2568618430103617 -0.30084102649584915 -0.14464956602431744 0.03652591536157785 0.9419326076386247  738534.4911574316
1.0101804353748858 -1.8458056144330797 1.256544619931483 -0.3103573134416784 -0.12537876739804996 0.02127053919151376 0.9420754040104814  738534.4911586931
1.009165444804813 -1.8491252177143638 1.2565390749907566 -0.30707486676362006 -0.13485598093885107 0.02456299824895953 0.941761938986784  738534.4911597822
1.0041116552019416 -1.8580988048842666 1.25433929201115 -0.264771358476208 -0.2250719303619101 0.09853163418995121 0.9324860701145539  738534.4911610219
1.0026699095077545 -1.8574604693686745 1.2525203731421146 -0.2736865712724947 -0.22397012733567123 0.115725664228885 0.9281921209561803  738534.4911621001
1.0009236819494536 -1.8523097599943446 1.2522898309354704 -0.27609506570689357 -0.19190465243671517 0.1138607494151668 0.934868893914043  738534.4911633619
0.998024104255889 -1.8491866901519478 1.252941817063628 -0.27598975448503 -0.18814628060070684 0.12197135193483857 0.9346409052799909  738534.4911644575
0.9953973927533801 -1.8476837040136802 1.2534418785871768 -0.27075349514168323 -0.19612765268447335 0.1223495423859579 0.9344822514092966  738534.4911655213
0.9945029233998999 -1.8442268433265718 1.2531630520438872 -0.295017882811918 -0.15418739653411742 0.04421718403315846 0.9419318108055286  738534.4911667713
0.9948239078258916 -1.842464343232188 1.2507405697653897 -0.29576185648796666 -0.13574462686048205 0.03355474327596573 0.944972168758945  738534.4911678481
0.9940376261630676 -1.8420710996936884 1.2495215214641613 -0.293264535875737 -0.12914532686257732 0.04354517695993488 0.9462669888095403  738534.4911691229
0.9935996862192237 -1.8402026254859414 1.2505711786280695 -0.31239044087613704 -0.09301409000792009 0.04910194987920696 0.9441131235330177  738534.491170223
0.9924937116352813 -1.8394594940268583 1.25160917563055 -0.3180365151719868 -0.09148758162664727 0.05403249840106399 0.9421057724809382  738534.4911713068
0.9920892001213842 -1.8412711102145796 1.2484266514073998 -0.30715432442351837 -0.1608529978404296 0.08287964406920552 0.9342983991598405  738534.4911725686
0.991923154622945 -1.845651135515967 1.24675500033519 -0.283553637922167 -0.22726534531413273 0.1396794149298789 0.9211066487031778  738534.491173634
0.99345659503833 -1.8467929147797955 1.2464731140788838 -0.2706998697424949 -0.2514468639792966 0.14597788399732026 0.9177072041234275  738534.4911749181
0.9925591892275697 -1.8468463054191262 1.2467252825012831 -0.26535423198012037 -0.23255631705241614 0.13186251336170413 0.926346030670608  738534.491175996
0.9910719033945556 -1.846310181806437 1.2451717976044294 -0.2644620455700256 -0.2294624159809252 0.09750907411170513 0.9316108664946929  738534.4911772585
0.9918147377789204 -1.8453519618519882 1.2443754924686794 -0.24926031696818227 -0.22181104166910884 0.09339181261737949 0.9380549693459476  738534.4911783478
0.9915786189223276 -1.845861572564693 1.2435966040377475 -0.2503883857582089 -0.21423317244124823 0.07838712591731746 0.9408853610262939  738534.4911794085
0.992466009145354 -1.8470121308278882 1.245392143760043 -0.22229665939898618 -0.17724983773594705 0.05025855817873848 0.9574135822999515  738534.4911806813
0.9911514710479121 -1.847792626638486 1.2433368234753657 -0.2098731983559674 -0.18845649775982737 0.04553869534918607 0.9583129010348505  738534.4911817461
0.988872073045526 -1.849768696030098 1.2412426284472808 -0.2270340456287204 -0.18924918258077034 0.037294325738388714 0.9545938520049694  738534.4911830112
0.9888761895041778 -1.8506295278395408 1.2400686231480014 -0.2223245353116581 -0.1760508387507888 0.03410005374659746 0.9583397568232669  738534.4911840976
0.9919188652804045 -1.8496366527753036 1.2372137853892915 -0.23228375107909258 -0.16107303823390032 0.027958828979030913 0.9588107421284182  738534.4911853629
0.9953895290721055 -1.8491545378944645 1.2353934521669692 -0.24322984336863188 -0.1412991749222027 0.021848562312770495 0.959372934153367  738534.4911864602
0.9971246691302232 -1.8494144307688336 1.2343326629420805 -0.2591922629723249 -0.12515133180558394 0.016729253322424094 0.9575367601538063  738534.491187525
0.9960237732956786 -1.8504908558920004 1.2308301119108835 -0.2716568756783606 -0.14926218216219353 0.03857224870417412 0.9499660649216661  738534.4911888017
0.9969771024307466 -1.8504237098674572 1.232107337297688 -0.26966560955734553 -0.13973020047902796 0.04407804976136029 0.9517421161351383  738534.4911898633
0.9990410347898264 -1.8506947556874735 1.2357193179102641 -0.2594092581142128 -0.1213609993547832 0.0550962734381895 0.9565263955027411  738534.491191116
0.9994293928052124 -1.8519641704444345 1.2362993324599982 -0.24336185803743968 -0.12402401971113124 0.06011340266933321 0.9600934472262441  738534.4911921929
0.9939332182584222 -1.855008511169634 1.23353700210027 -0.23235776715517023 -0.14239982960183567 0.04555730800052197 0.9610705948367048  738534.4911934537
0.991024113718743 -1.8564229570405808 1.2304060898185323 -0.25244000869794736 -0.1456668253869679 0.041345475965500644 0.9556912522396808  738534.49119454
0.9937228548358494 -1.8549740140607642 1.229233892934508 -0.2563879617237066 -0.13677291333075617 0.04547814442207764 0.9557667715724927  738534.4911956216
0.9964039872554912 -1.8523810211951677 1.2309851735496256 -0.24326144489806587 -0.1279211004249933 0.05295584145695071 0.9600290309921624  738534.4911968844
0.9979908903043814 -1.8503273306322654 1.2306572865292107 -0.24307462611024006 -0.12261849064748168 0.056446302388468775 0.9605692306332584  738534.4911979568
0.999585938497467 -1.8497609573437621 1.2295801931456112 -0.24826389939560572 -0.11510990507494967 0.05722726933311844 0.9601248802396486  738534.491199221
1.0006792875052475 -1.849774795917699 1.2299549496987052 -0.24716441716615822 -0.10857666764357976 0.056376204143270874 0.9612193203097434  738534.4912002983
1.0015749460095853 -1.850332550023641 1.229635846725693 -0.25289833585825217 -0.107135227526336 0.053238271127402224 0.9600677899140103  738534.4912015505
1.0017218980961087 -1.8514836637169387 1.2296052398754174 -0.2544850127009281 -0.1063816392804575 0.05045497539233637 0.9598826077144902  738534.4912026203
1.0013418914157184 -1.852356142581541 1.2289474734315566 -0.2528778974144573 -0.10682516940332097 0.050102626747805315 0.9602764596584491  738534.4912038781
0.9997027832729372 -1.8531278738467076 1.2288693591721915 -0.2436514972768608 -0.10415253803316049 0.046065426010174715 0.9631532449317171  738534.4912049663
0.9992243455046681 -1.8535784802709085 1.2298597133204356 -0.24316122265158902 -0.09979259255199643 0.04777558498788056 0.9636553075396832  738534.4912060287
1.0010802605734528 -1.853053763829923 1.2312854776732463 -0.24756777398593802 -0.0991550203954881 0.062403842090368915 0.9617610096621604  738534.4912072927
1.0007991278645458 -1.8535516933610798 1.2309761063870073 -0.24807222795582293 -0.10218843404883703 0.06271977098849177 0.961292839872862  738534.4912083796
0.9997281221088073 -1.8542457418825242 1.230424409536542 -0.2582645329853196 -0.08393657743228655 0.0435305285384171 0.961435996338807  738534.4912096432
0.9999867242939157 -1.8551536871764034 1.2315611094676728 -0.26339919317906696 -0.08102977692997333 0.04052426587642343 0.960423252612343  738534.4912107344
1.0004798389161227 -1.8565281211781788 1.231507519380231 -0.27264761953326555 -0.08400903416725128 0.04211387714897979 0.9575135399004079  738534.4912118173
1.0022554708188682 -1.8562972791209855 1.2298111610887232 -0.29572366481549567 -0.07093117924125608 0.039227094685418 0.9518285123498237  738534.4912130694
1.0036176212990808 -1.856703955448893 1.2275176091338322 -0.3044281523014554 -0.06378480703366851 0.04166440440234778 0.9494835837884704  738534.4912141442
1.003584072249619 -1.8569318042414762 1.2258506771622948 -0.3048868195515784 -0.08150600183279712 0.05453307399020796 0.9473262071589352  738534.491215416
1.0053686408224585 -1.8560265050351623 1.2218138722862961 -0.29762156097268827 -0.12883279671366205 0.08040636057449844 0.9425276304248488  738534.4912164854
1.0092667345868203 -1.8554517350901574 1.2202123787340988 -0.2744341117929737 -0.09726728722339167 0.11146948002122024 0.9501576438383279  738534.4912177616
1.0079900272708475 -1.8573248421365374 1.22117466312672 -0.2665291878191159 -0.09184965034304213 0.1302234345038612 0.9505617764660863  738534.4912188367
1.006891322012648 -1.858661804381093 1.2225747396530622 -0.2697156583592273 -0.11102146496439978 0.14102819971892655 0.9460648734822817  738534.49121991
1.007855394032393 -1.8588618872482643 1.2245622496468458 -0.24854982806631853 -0.11601581513273088 0.1483965527830341 0.9501272423888306  738534.4912211691
1.00667386127257 -1.8585092861030228 1.2251206625089373 -0.2407730844929498 -0.11120855859470147 0.15544743368235203 0.9515760997632352  738534.4912222377
1.0069397081804348 -1.8555145354486524 1.2237650796884578 -0.26126383460882713 -0.0869346148222359 0.1418292722325802 0.950824925530025  738534.4912234817
1.0069446538016726 -1.853511364138474 1.2249932685364548 -0.27466639756585975 -0.07149642948021656 0.12927104181538612 0.9501240068368645  738534.4912245767
1.0058848052872722 -1.852186987906633 1.2251402810717018 -0.2993572792539214 -0.08076238206312636 0.1224574092871362 0.9427973482736691  738534.4912258389
1.0055810000960872 -1.852269748033499 1.2233740359390164 -0.30139727316552695 -0.08200385606325306 0.11868702706176042 0.9425223821885521  738534.4912269111
1.0058457540637569 -1.853945245528376 1.2220046074249424 -0.3004632770055668 -0.037663415426718264 0.09521815652409012 0.9482809652089534  738534.4912281703
1.0056046423901912 -1.8554052876504843 1.2238162846119591 -0.3065519484971497 -0.012898583876777444 0.0665708832565893 0.9494355412080444  738534.491229244
1.0053860440456779 -1.8559093463831262 1.2261111174977182 -0.3067469043213867 -0.009410812353167932 0.05348627386340702 0.9502404915642714  738534.491230503
1.005626767763143 -1.8568151493418477 1.2266786403608776 -0.30027631188076276 -0.013450565966284807 0.052811045143044376 0.9522941837002749  738534.4912315814
1.0064414210193415 -1.8571861252384045 1.2276089698335488 -0.29107693249884053 -0.014413179841564342 0.054533121110622654 0.9550354016034455  738534.4912326647
1.0071167780970844 -1.8571443411268882 1.2272794094057917 -0.2856345756242768 -0.022436990660123793 0.06125560654924331 0.956115694528827  738534.4912339455
1.0073603393611297 -1.8565783921950751 1.2265927767528486 -0.2847290556737982 -0.02895830584869261 0.06187419562389731 0.9561706779092195  738534.4912350245
1.0073491378845485 -1.8566233317183791 1.2253235589568257 -0.29181937560554494 -0.035446830331935096 0.05870195952493987 0.9540120828315233  738534.4912362702
1.0073241190814743 -1.85637560070949 1.2245491792571648 -0.2944755791338671 -0.038612406523643665 0.05738901916654636 0.9531525144672957  738534.4912373539
1.0081459322779687 -1.8546778625121758 1.2235683747990282 -0.29522055649248125 -0.04036985207091324 0.061877639142522436 0.9525682420919721  738534.4912385879
1.00840871620882 -1.8531918629607105 1.224705072624655 -0.2953906754304779 -0.0433659100187767 0.0620738756179102 0.9523710309972379  738534.491239666
1.0086998026337441 -1.8524337294842312 1.226228216041091 -0.2974689734573262 -0.04352669993109847 0.06098674974066974 0.9517868735065753  738534.4912409164
1.0089025841770887 -1.8523007096543174 1.2261802129898616 -0.30165054794341 -0.04060428380482731 0.058676938968094484 0.9507445797349949  738534.491242005
1.0080802983138915 -1.852342975194237 1.2263435736893384 -0.3061794449067333 -0.0395644213749659 0.052932180940584134 0.9496773074569815  738534.4912430968
