-1.0906916271394897 0.7829411406138218 0.026541776231159282 -0.003107021123767849 -0.055010633985435736 -0.041223119753470705 0.997629606099402  738500.4888586063
-1.0919626942814662 0.7789187415246408 0.029266698641637605 0.026926124981998072 -0.05567559598956945 -0.021038934989394402 0.9978640062749894  738500.4888598452
-1.0946697471999933 0.7576787139721856 0.05408442868998525 0.12290507542415272 -0.037092852342086854 0.015386321397472341 0.9916056291963884  738500.4888609287
-1.0907645794203995 0.7106722733728075 0.09553901475225492 0.17569893089666627 0.06318503944058754 0.04187758500422807 0.9815211685678886  738500.4888619907
-1.069774904951697 0.6101536939783269 0.1647053424293285 0.14369053016258126 0.046592133118673294 0.04676019363540564 0.987418699926342  738500.4888632502
-1.0409805127407112 0.5038391381444524 0.22577773257164838 0.06251529064815901 0.02639739154987021 0.049303285228788664 0.9964758914395209  738500.4888643342
-0.9933598463563169 0.3715949706352467 0.30106688049082125 -0.08257080624460593 0.060991679223308594 0.0568287762855131 0.9930924263166686  738500.4888655957
-0.9455039727552172 0.27773839805219064 0.35873158328847243 -0.12240300305239632 0.03855661054067329 0.0565945414334978 0.9901151198256202  738500.4888666775
-0.8818481522284378 0.18869534133607427 0.4138928413615253 -0.1550811360104248 0.01259193473705401 0.05320324078036636 0.9863877024799936  738500.4888679307
-0.8241524058903598 0.13574892188347515 0.4454382713499986 -0.16897553498727239 -0.031535932128722924 0.04959638605501387 0.9838663283448721  738500.4888690234
-0.7746869807388663 0.11054737837968874 0.4569260978355913 -0.16779685857940735 -0.028692891610400173 0.04421860676058139 0.9844113200477072  738500.4888700958
-0.7204945187643587 0.10762449646655535 0.46191627366896676 -0.12618892111526636 -0.029021391718388728 0.03589741037443857 0.99093162778211  738500.4888713507
-0.6797966255374088 0.12390595382017736 0.4711500798212755 -0.07040639562139965 -0.0020921963282521487 0.023539968249719823 0.9972384028229806  738500.4888724351
-0.6307808553128479 0.15399516367620011 0.4916981649342829 -0.027738862162402667 0.012500272644227184 0.012899120750018957 0.9994538065331643  738500.4888737036
-0.5892955636019435 0.18006182196700066 0.5114166146430424 -0.011219198314371067 0.0032488895447555324 0.00844937666847379 0.999896085770828  738500.4888747999
-0.5381219563391719 0.2097588240900979 0.531487931857339 -0.009913709381262206 -0.016358692442622516 0.009090561381973231 0.9997757114681434  738500.4888760382
-0.49388647359660093 0.23489912324679996 0.5467165568841398 -0.015286344582579598 -0.023281429569096714 0.01188778815271357 0.9995413864364787  738500.4888771372
-0.4570181730589438 0.2571489513852854 0.5576165824545193 -0.023385119516667628 -0.027047115284821174 0.013263787842415055 0.9992725662560902  738500.4888782059
-0.4164857923226846 0.2843010584961261 0.5612926190644149 -0.025209225297933766 -0.02930631831384493 0.013723984117408992 0.9991582892248408  738500.4888794773
-0.387116051804123 0.30796709339754996 0.5569436688034938 -0.03517928559547357 -0.031133050723085122 0.01578912457037199 0.998771172272692  738500.4888805641
-0.35569804464526555 0.3396935364312883 0.5476163970625799 -0.03573648536350516 -0.02611108901200148 0.018845952399800414 0.9988423022292438  738500.4888818148
-0.333499281119369 0.36802475924346373 0.5406237570858793 -0.03334845579146011 -0.023477629090628085 0.020762996329982356 0.9989522408063406  738500.4888829039
-0.3121634153188588 0.40119313201190765 0.5374428689837639 -0.022593625377662893 -0.022046714053426987 0.020938064859241705 0.9992822764022639  738500.4888839829
-0.2919207575523298 0.4375429046674308 0.5420955307826087 -0.01346886070649211 -0.020712457772714958 0.016513166511354184 0.9995583520815836  738500.4888852527
-0.2778078943334821 0.46643621381191586 0.5505317472252931 -0.016352524629587882 -0.028103726955354173 0.014035607417466386 0.9993726918391759  738500.4888863299
-0.2639782642286108 0.5000034889205662 0.5594802679106484 -0.02147067359747239 -0.03593321019158278 0.01342898297801056 0.9990332712161165  738500.488887603
-0.25666871106278577 0.5276425331640193 0.5622657647047601 -0.030156851516065425 -0.049008009796063574 0.017426989681792408 0.9981909032410071  738500.4888886673
-0.25377215644606893 0.5622640489594325 0.5573969025964561 -0.027451355999359436 -0.05136786739847048 0.020190641702214532 0.9980982432808818  738500.4888899265
-0.2582462006918681 0.5944990143928964 0.550063335797528 -0.022379943766043017 -0.05199833356113281 0.023312355761797132 0.9981241633648238  738500.4888910207
-0.2673723366317335 0.622873955432756 0.5428320309952429 -0.013490999935656051 -0.04779244138420628 0.026750275133382122 0.9984078817034457  738500.4888920768
-0.2846978212050626 0.6554049323247412 0.5393211510888106 -0.0079074124748255 -0.03703434527911859 0.028339471506048756 0.9988807758949303  738500.4888933462
-0.3024045064123504 0.6793197731386675 0.540459932846493 -0.0053739918775491235 -0.026889411943297584 0.02586197613250624 0.9992893664635711  738500.4888944268
-0.3263870198211699 0.7043285604960312 0.5480729898080476 -0.002548599994776256 -0.023701738407741667 0.020611791030868784 0.9995033198069017  738500.4888956951
-0.3466702149983276 0.7214153404884006 0.5562779327488604 -0.002672756948200354 -0.02062492627255511 0.016624458303039276 0.9996454852459836  738500.4888967754
-0.3726094756872294 0.7382863516060787 0.5637573345976188 -0.0071511016806936716 -0.029643518021466836 0.012276246861797267 0.9994595626372543  738500.4888980223
-0.39514500443360856 0.7495268905696613 0.5673028055881468 -0.005403632794408449 -0.027190838356191606 0.008361487226059575 0.9995806843839466  738500.4888991057
-0.42199651395524557 0.7597032291806488 0.5685392095439086 -0.010342130458016059 -0.033534548310249636 0.008993891048808418 0.9993435767197482  738500.4889001818
-0.4554885092003831 0.7692937926475729 0.5639283789525666 -0.011296910150192779 -0.044435608821974004 0.013310014779009822 0.9988596998559215  738500.4889014428
-0.486335663545351 0.7754811957891706 0.5571633133451278 -0.0034224806713021453 -0.033104899923472125 0.01654295653275366 0.9993091027386206  738500.4889025
-0.5270849794470147 0.7808540896912128 0.5497102514404246 -0.0037012457726823887 -0.03145608145373986 0.023922313926511077 0.99921195880339  738500.4889037567
-0.5613684573285623 0.7811994302396754 0.546298403274777 0.013302427248868752 -0.023202097461673038 0.02618034610532504 0.9992994033724192  738500.4889048326
-0.602248995484759 0.774756062468359 0.5482939872225518 0.022125007617994023 -0.00871715544917286 0.022229909473661685 0.9994700227438397  738500.4889061034
-0.6332409366442994 0.7628136566472818 0.5532890203046612 0.021120687495313643 -0.0077363407351472456 0.02023541078092574 0.9995421920770939  738500.4889071657
-0.6683485543162342 0.7409412882133519 0.5597547265234976 0.01646734316595915 -0.012987540954279684 0.018206995599784826 0.999614253449922  738500.4889084139
-0.6956609699777266 0.7182690191113207 0.563132097952333 0.010242483045361689 -0.016119412115392834 0.017538916115649224 0.9996637647307258  738500.4889095032
-0.7273607984578764 0.6859581867268942 0.5654365794347178 0.006238161472626302 -0.022440342267617742 0.01674881212553063 0.999588412134083  738500.4889107537
-0.752208702976912 0.6561936126112595 0.5654150522333531 0.007021349418098104 -0.018054081279622766 0.017189695302422914 0.9996645763339359  738500.4889118402
-0.7786921875624125 0.6201351704505037 0.5640445793930876 0.0019491982576601808 -0.015062367323891693 0.017839256790018465 0.9997255056433902  738500.4889129349
-0.8059630525720197 0.5779028435743755 0.5634245002711394 -0.0022776012075276845 -0.0182474696958805 0.019066930651836164 0.9996490856985543  738500.4889141972
-0.82654963269449 0.5413536396496706 0.5638794194677729 -0.0006085840368916759 -0.011033862775911596 0.016529683333831577 0.9998023069920351  738500.4889152745
-0.848842220884638 0.4941849693683521 0.5646390290888029 0.0016021949013464835 -0.008274905739391922 0.010394764799675361 0.9999104498760185  738500.4889165206
-0.8648160279149099 0.4541973271279341 0.5637708381292832 -0.0018242903955054315 -0.006140959488275398 0.005936655917618863 0.9999618576213956  738500.4889176082
-0.8810036387594298 0.4087332893369011 0.5591199714993819 -0.008600059277425296 -0.01460252958722663 0.004855099259245329 0.9998446044867482  738500.4889186998
-0.8971413308294506 0.35875639484422556 0.5479420191682668 -0.008520803093777606 -0.011826260759622365 0.0062856457959660885 0.999874005126651  738500.4889199608
-0.9091490025220849 0.31796938435303906 0.5342704629681702 -0.004741898831038058 -0.006795490364028335 0.007239199879765428 0.9999394630132814  738500.488921049
-0.9213762703344641 0.26695024394487504 0.5162129445781045 -0.00023905305308167185 0.0005958120662798906 0.010228886055629039 0.9999474774965336  738500.4889223038
-0.9275110923683706 0.2233590645892501 0.5082307690662307 0.009329548744527702 0.017675632924623565 0.007405361265034732 0.9997728202674204  738500.4889233881
-0.9280462296433298 0.16628459647290872 0.5128232343352446 0.009468212870444187 0.003401439157944182 0.006181082333282488 0.9999302862589391  738500.488924651
-0.9214616325266958 0.11035509180738873 0.5205185819212561 0.0041238828296828066 0.017374940623016446 -0.001432759360442071 0.9998395132366839  738500.4889257328
-0.910612165287025 0.05820627423631684 0.527807427997522 -0.0023570233229969003 0.013634117806950018 -0.004466898129432794 0.9998942954601663  738500.4889268113
-0.8919982269549199 -0.006196081544793055 0.5347973127495775 -0.008753029120212828 0.012659959694505677 -0.008060314210171952 0.9998490592267353  738500.4889280774
-0.873375089458589 -0.057145954870490186 0.5398926338161474 -0.01314047294138476 0.010864982102163969 -0.008596185261795468 0.999817676245895  738500.4889291534
-0.8476089448300754 -0.11848690755665595 0.5433085046240842 -0.021007203060268115 0.0011357331036187985 -0.0064584979856951805 0.9997578183408574  738500.4889304262
-0.8246935641462991 -0.1658768551105296 0.5439765032180115 -0.019883978612063233 0.002854229337882096 -0.004682623318529483 0.9997872542737772  738500.488931512
-0.7973138127340293 -0.2163327861169293 0.5422579058093057 -0.01892538608226625 0.004802630810450451 -0.0021034766090044536 0.9998071513472442  738500.4889325808
-0.764241142569172 -0.268035854949937 0.5397172330445127 -0.024371382480637756 0.007197886216244022 0.0015393483290367768 0.9996758757500965  738500.4889338425
-0.7308739634285414 -0.31113860223376094 0.5374983671839795 -0.027566480747844874 0.007623436577689063 0.0038340303438387396 0.9995835495671421  738500.4889350745
-0.6939862361350031 -0.3499942065478339 0.5357629932248931 -0.026755988377123046 0.011316631953409985 0.005020617905482258 0.9995653276915129  738500.4889361524
-0.6580125818693766 -0.38063751475245367 0.5345978428617773 -0.028098454091994428 0.009365769077326001 0.005144196225546722 0.9995480461150547  738500.4889372216
-0.6101111479628886 -0.4139052288155019 0.5334725367899015 -0.023332469395042476 0.007708476225240051 0.003698710551918233 0.9996911997244287  738500.4889384822
-0.5685829974369895 -0.4375739610923242 0.5317100062916648 -0.020815549546774576 0.010318995072601738 0.00011745775765825978 0.999730072290232  738500.4889395718
-0.5145465371943694 -0.46386496858770215 0.531052699562336 -0.020895399638566403 0.006744738157448926 -0.005325298294259074 0.9997447334090884  738500.4889408285
-0.46926608936847863 -0.48255038806107947 0.531282620532215 -0.022989345092642378 0.0012996860550544157 -0.009021152294451301 0.9996941630517056  738500.4889418982
-0.4132003791143518 -0.5022114417064776 0.5325797509809812 -0.02683119908881045 -0.0043617744264891085 -0.012179166844603325 0.9995562663373585  738500.4889431439
-0.3675058473320871 -0.5152190162832313 0.5327740250477515 -0.02501997567300938 -0.005616643057643176 -0.013010041980714501 0.9995865109862904  738500.488944226
-0.3173040217096106 -0.5275373449586003 0.5326788263425436 -0.029588820489137607 -0.007814762484872591 -0.015386008537587597 0.9994131787857552  738500.4889453085
-0.2629771670312549 -0.5366363264121821 0.5312404105102235 -0.03262032989283709 -0.012545865031005528 -0.01531717956652215 0.9992716844574518  738500.4889465659
-0.21962303597618116 -0.5408282845513366 0.5294317752526236 -0.03195434734704465 -0.011766025430884165 -0.014357972407907905 0.9993169311882583  738500.4889476371
-0.16736557299167554 -0.5420107956561271 0.5268167440594237 -0.034372710533441445 -0.003281735494186145 -0.013460127886867892 0.9993130500198623  738500.48894889
-0.12411429880754617 -0.5394490906999743 0.5252442096316723 -0.03508111527597381 -0.0010419442100938977 -0.01265065192752272 0.9993038530442409  738500.4889499886
-0.07121364147550897 -0.5321139949945511 0.5242792616523599 -0.038960018005851894 -0.009580228670106253 -0.012197318389039568 0.9991203939664772  738500.4889512479
-0.02865713453190947 -0.5225929465051139 0.5232383816073568 -0.03846919128721913 -0.01323010106371307 -0.01231418302264947 0.9990963149987272  738500.4889523342
0.02111060254912953 -0.5068715291494197 0.5218834447138466 -0.038776180715641775 -0.020226966602263266 -0.01465613441896677 0.9989356712797236  738500.4889535747
0.059760941831601036 -0.49065589803135223 0.5202637535800482 -0.035285457115808515 -0.01944821099188756 -0.01667287418555332 0.9990489071470606  738500.4889546487
0.09978416462610344 -0.4700978023227203 0.5196817307532513 -0.03463326999455234 -0.019891568171567554 -0.021375861699423942 0.9989734404185967  738500.4889557365
0.13995852796715194 -0.4447462571435665 0.5180124377986552 -0.03706641370187448 -0.031077961672144456 -0.02332809907921286 0.9985569793792123  738500.4889569861
0.16946908561532398 -0.4210683952934035 0.5132284122017513 -0.03924298921165405 -0.03664808025416751 -0.01897595715002048 0.9983770926166419  738500.4889580724
0.20029841877991822 -0.38867527452660183 0.5036014720785316 -0.04757898840262817 -0.03224272480238588 -0.010783317447317801 0.9982887190711566  738500.4889593145
0.22171500082084442 -0.35875370693464437 0.4977337235609973 -0.03963534246485913 -0.027354458120820258 -0.00316653929294607 0.9988346941699191  738500.4889603945
0.24491774721209497 -0.31995563765506047 0.4994242675568242 -0.02937904786925615 -0.015416032053561022 -0.0018887968238118526 0.999447672441423  738500.4889616406
0.26314097346610554 -0.2874205492869489 0.505550492003291 -0.022343931022741945 -0.013107745347579417 -0.0017753137052053574 0.9996628351697396  738500.488962737
0.2841473673883675 -0.24770432431682135 0.513241599972482 -0.025989842270846285 -0.02210775062796599 -0.0034071861049507594 0.9994119103471574  738500.4889640084
0.29931837923825994 -0.21562456344119754 0.5178306595038757 -0.024370663863262223 -0.029828412119777766 -0.00461968166351729 0.9992472142140825  738500.4889650781
0.31255957427389747 -0.17944874913675943 0.5197304947109501 -0.029402970123520795 -0.042445490551458416 -0.002759470712779127 0.9986622206738106  738500.4889661547
0.3204105634413404 -0.13921038896203972 0.5151607017912461 -0.02629366710295902 -0.05444728055470129 0.0035550522936982033 0.9981640638260153  738500.4889673986
0.32047685690988165 -0.1056415985400522 0.5100306560958429 -0.025269494533468728 -0.050148619339450445 0.0066362521995756985 0.9983999843655416  738500.4889684819
0.31324856162243503 -0.06479216324604166 0.5050886497622998 -0.02174676155001666 -0.04345880140269308 0.008944530934269581 0.9987784570709832  738500.4889697246
0.3031058028403414 -0.03275604472752299 0.5039557703261577 -0.008736788436313007 -0.02819654869447589 0.004683163046558084 0.9995532457820436  738500.4889708274
0.2880457240032716 0.0033247998027900435 0.5073868308557259 -0.009453217867150957 -0.02320155448042351 -0.0029263734721803763 0.9996818298238442  738500.4889720883
0.2744021446891151 0.029973424003909222 0.5115159509772953 -0.008147994916322883 -0.023507777123443836 -0.008910327450068041 0.9996507393376403  738500.488973171
0.2558941212184766 0.060343290110309644 0.515195025925152 -0.018145987285910922 -0.0362110088454971 -0.010380640417926322 0.9991254817530802  738500.4889744216
0.23797981960765513 0.08414010444850414 0.5134896285467142 -0.015983693778190367 -0.04323888425132462 -0.008363069630419079 0.9989018868178507  738500.4889754851
0.21091969033693414 0.1123357092902198 0.5071415182884027 -0.012715707833652563 -0.044832786009453396 -0.004619647148105267 0.9989028936453967  738500.4889767414
0.18236970177143016 0.13619261890457493 0.4968799891325622 -0.005460706663381914 -0.03877304963420708 -0.0008942174410962055 0.9992327214818217  738500.4889778319
0.1543370912024789 0.1549299648480149 0.4847160094252546 0.005790616414752689 -0.03314315016118079 0.003307654868380749 0.9994283665066758  738500.4889789041
0.11850541445560174 0.1720685281496128 0.4802044044356413 0.01749511006241427 -0.018565042068340993 0.005096321564695834 0.9996615866599127  738500.4889801708
0.08917192022844535 0.17912997720113083 0.487111526078541 0.019410946974379624 -0.012928188353397626 0.00042660434490864697 0.9997279105297551  738500.4889812429
0.05460614358811247 0.1810672974956831 0.5010232840510657 0.011012824890375767 -0.020645007111988925 -0.0030203774319602075 0.9997216506055315  738500.4889824957
0.02603075632718457 0.17798508244102118 0.5105829699230922 0.0013539046159635802 -0.03518930255545013 -0.002597952567188042 0.9993763708285335  738500.4889835768
-0.010581335650593311 0.17108378770430732 0.5135471256114873 -0.002749872443670347 -0.03981527211991881 -3.7029935077819267e-05 0.9992032730812807  738500.4889848329
-0.046603732513649215 0.16289525846904196 0.5074794527665986 -0.003034382968067175 -0.03907897457564053 0.003657365557657788 0.9992248245231387  738500.4889859206
-0.08096177070423288 0.15379199617152314 0.4994950101372008 -0.0013505257424661066 -0.03368913892600986 0.0076107611418932235 0.9994024686348758  738500.488987
-0.12394352079248884 0.13914596040525662 0.4921280341738143 0.008753289190320283 -0.01911883653687204 0.010483137708694348 0.9997239388159151  738500.4889882593
-0.15792468411685703 0.12299384549279532 0.4909164960377707 0.014790154106029211 -0.009245568343067554 0.010384472645006854 0.9997939455384888  738500.4889893356
-0.19555618814244938 0.09686607695194738 0.49686514471754434 0.02400173110611959 0.00366032915142835 0.004433949675272731 0.9996953830966161  738500.4889905951
-0.22228480168338802 0.06954109389333848 0.5053375462287109 0.017366791860109095 0.002504992209128938 -0.0005858519270140174 0.9998458762889606  738500.4889916597
-0.25107660170498464 0.031258272195688615 0.5151070205335566 0.010312978760423417 -0.010592090723237581 -0.0033263617565719656 0.9998851861092164  738500.4889929276
-0.2728605578223668 -0.003303969841035868 0.521125485541683 0.0070274950135080375 -0.014776923852704392 -0.005365224779207661 0.9998517246063814  738500.4889939774
-0.29785753838133994 -0.04806446519673716 0.5252205987375602 -0.0007300378051007772 -0.010073613771970118 -0.007196589284265082 0.9999230962694331  738500.4889952581
-0.31868504541648357 -0.09005906139961084 0.52623077150334 -0.00037532921477771177 -0.00777968660312383 -0.008290141549901323 0.9999353024858261  738500.4889963379
-0.336006374334867 -0.12875072146383765 0.5263917502466609 0.0005046510162905186 -0.010134683934826874 -0.008616333627317388 0.9999113922261891  738500.4889974158
-0.3546161518512102 -0.177462362758213 0.5255936663112278 0.0021705743771020104 -0.005137085840920228 -0.007025692540374022 0.9999597684908452  738500.4889986974
-0.3676011821443641 -0.2181502246176289 0.5244871318303156 0.004018327659945285 -0.00046941181150945787 -0.005361041077481742 0.9999774457126192  738500.4889997503
-0.38010325463741934 -0.2700519854906123 0.5235231882871598 0.005862621893323611 0.0022346658910074968 -0.0038573160084126147 0.9999728781552542  738500.4890010036
-0.3871202928589855 -0.3138741307491939 0.5224218406966563 0.003121760389206324 0.006494818109780887 -0.0024660811786304773 0.9999709947760553  738500.489002074
-0.39124776516668336 -0.36820827622657887 0.5212365548439174 0.0005475777767565086 0.005716929541425983 -0.0010661009316241187 0.9999829400064785  738500.4890033496
-0.39071935762136634 -0.41308431326577577 0.5199824353887864 -0.0007100916982801866 0.010706512456998447 -0.0002465719313931976 0.9999424011227201  738500.4890044255
-0.3859509441403451 -0.46338069245945546 0.5184411619699966 -0.0008967940917750272 0.010568472169677127 0.0012897093245096854 0.9999429182739453  738500.4890054963
-0.37548696861635844 -0.5185098519570265 0.5168205506990659 -0.00903085247369044 0.007918989599277526 0.0009417633078784678 0.9999274205607109  738500.4890067659
-0.36306443022849444 -0.5630404177234256 0.5159253766704264 -0.00943079382213199 0.010346311333055256 -0.0014412767140830763 0.9999009634414388  738500.4890078288
-0.34323042351487376 -0.6158302798694509 0.51542313170407 -0.010735651053377508 0.009304779920994618 -0.004005324969959022 0.9998910561851061  738500.4890091049
-0.3232996466336968 -0.6577797058079744 0.5154658590564485 -0.010476250799971205 0.006567597671657715 -0.005524458840527953 0.9999082933872079  738500.4890101678
-0.2951031746791914 -0.7075724945388909 0.5143970813664943 -0.009903704831225725 0.006371150839586435 -0.006895711613155136 0.9999068827790634  738500.4890114273
-0.2690703225317136 -0.7469453725965176 0.513082166010131 -0.011714568064865226 0.0037172431314192837 -0.006013504103330675 0.9999063900020616  738500.4890125057
-0.23413408885958617 -0.7931869797808276 0.511996829084718 -0.013021503088036908 0.006553370821755634 -0.005867456006430878 0.9998765257511617  738500.4890137627
-0.20285724917097053 -0.8289645904978189 0.5112924106273345 -0.01852611975624068 0.004127008137029073 -0.0040861932214722 0.9998115090933747  738500.4890148384
-0.16528026990476968 -0.866475715458884 0.510447915936547 -0.021257058598676725 0.005992251197657285 -0.0038368977736738296 0.9997487227302624  738500.4890159152
-0.12493608282632629 -0.900673596863858 0.5096406506360328 -0.024636752324409067 0.0055059611113271395 -0.004802111086724432 0.9996697727531113  738500.4890171641
-0.07778092956224521 -0.9339739415049414 0.5083543919721553 -0.02835272774211591 0.003705319328225462 -0.006105351885993228 0.9995724676663547  738500.489018401
-0.03293655933493256 -0.9597449603670576 0.5070789435852328 -0.030245378560520276 0.0018150102479075109 -0.007002251944296442 0.9995163286716428  738500.4890195018
0.008875177922518044 -0.9794277379854538 0.5063401969913923 -0.031325859540694764 -0.001606528823291062 -0.007845921133426387 0.9994771388634883  738500.4890205858
0.06092752989103286 -0.9987087288112935 0.5059742481154742 -0.03020777515455078 -0.00287644027459009 -0.008197407729855064 0.9995058873853967  738500.4890218362
0.10324179307424723 -1.0100817482460487 0.503554076720849 -0.04872757954079696 -0.017550014814031456 -0.010920758259619245 0.9985981959783212  738500.4890229304
