-0.8616903761987826 -2.7681911938550976 -0.0349926233042343 -0.013561947335108225 0.0016858308221028902 0.9283948210029103 -0.37134389438079274  738511.6024357002
-0.861678736546168 -2.767520551559868 -0.034887810588442265 -0.013865190501986377 0.0008752302917319796 0.9281460871671048 -0.37195676004163886  738511.6024369501
-0.8612481019667907 -2.7656594283698834 -0.03424636752645743 -0.014965701721247289 0.002251631325467145 0.9264382880991693 -0.37614233512361467  738511.6024386506
-0.8626042388909861 -2.7636879433226205 -0.02858311808882076 -0.01393811292492097 0.003962828382874299 0.9251670880155954 -0.37928338251503146  738511.602439253
-0.8619058905273764 -2.759791005519095 -0.011967278570199358 -0.015476922877479307 0.0008007636314526887 0.9248226431031942 -0.3800827573561752  738511.6024403154
-0.8627061455842326 -2.757028136100057 0.012543847220017426 -0.018757860489637953 -0.0012103310271274349 0.9243358541470548 -0.3811166573463969  738511.6024415658
-0.863465052249675 -2.7562621164446477 0.0348337234713764 -0.020471633544515814 -0.003996160821962283 0.9241313968967714 -0.38150505132740536  738511.6024426398
-0.8653879776390452 -2.7569115095874994 0.05791406368506478 -0.020688331681288166 -0.005183864936456123 0.9237647173460004 -0.3823661431968442  738511.6024437138
-0.867920065814219 -2.758810171280768 0.0929404834184704 -0.019621282719945694 -0.004865609783458276 0.9228962616382428 -0.3845176476574452  738511.6024449567
-0.8694014771935263 -2.7604212125177137 0.12848823651659474 -0.0170866238629188 -0.004287902455443347 0.9221237336242178 -0.3864938305645154  738511.6024460299
-0.8699688436373244 -2.7608590472779833 0.17909929040681774 -0.014449839280434532 -0.0043606424354797856 0.9213437361747545 -0.38845579768342253  738511.6024472689
-0.8689382311090672 -2.7610988863236012 0.22585748880112155 -0.01324708824120709 -0.003970137113408207 0.9207241165083935 -0.389969042289601  738511.6024483475
-0.8680465963392501 -2.7607184028029064 0.2862470477587442 -0.014198000700910578 -0.004462532117022419 0.9211716201849562 -0.38887189246463205  738511.6024496102
-0.8664316898748283 -2.761489510514858 0.3343264817644967 -0.016223547991892247 -0.002203595567957234 0.93211313302114 -0.3617969705603441  738511.6024506805
-0.8669687990041803 -2.759584098877333 0.37923495278408215 -0.021230805273993555 -0.00025696422245847426 0.9689241648074307 -0.24644502374572133  738511.6024519412
-0.8713433243628715 -2.7575012604168236 0.4083622614290666 -0.02294800996996842 -0.0012486429165404539 0.9986225509523686 -0.04716810849153413  738511.6024530273
-0.8723984120844105 -2.756370888159886 0.4349126919077951 -0.01023123681861929 -0.00566105922572181 0.9757630913292511 0.21851696456153627  738511.6024542806
-0.8709471613304657 -2.7588215132461253 0.4531897504360405 0.0013052746459732952 -0.00022661679821927682 0.9104182690442145 0.41368686260680493  738511.602455352
-0.8674892341539181 -2.7660282804717102 0.4663411860664858 0.002840854241210483 0.001630304953177031 0.8322490451431435 0.554392278545856  738511.6024566136
-0.8620100124812454 -2.7733213018057357 0.48053762670091127 0.0019275804489285128 0.0021225495575936696 0.7658714344413247 0.6429873444507102  738511.6024576867
-0.8569269917921601 -2.7818995921006735 0.49239949979170955 -0.0001737995076230005 0.0028280544364913205 0.7245971690455874 0.6891668263294134  738511.6024587625
-0.8513754602732455 -2.787371691329342 0.5082464967408056 -0.0071457330083921225 0.002995157422653507 0.6917777539023097 0.7220689071949172  738511.60246001
-0.8485957525722786 -2.7896609698328376 0.5182541542803374 -0.010366031228378916 0.005356192708372891 0.6746597835208976 0.7380366068805656  738511.6024610726
-0.846582298797063 -2.791080183388982 0.5272561331679191 -0.014971250930378252 0.006310176050682741 0.6653163038565252 0.7463847929496428  738511.6024623539
-0.8443373702340146 -2.7893805496740085 0.5318431624304639 -0.03426018249609472 0.030329532699972923 0.6610991890544923 0.7489020106616274  738511.602463446
-0.8390546054341994 -2.757794039164138 0.5333393322316722 -0.056414175363872485 0.06224327320789463 0.6569891043613009 0.7492052672725396  738511.6024646696
-0.8263080962944988 -2.69939863123542 0.5340139952896396 -0.07122366901022396 0.07892615238163375 0.6546825357844301 0.7483906926076924  738511.602465757
-0.8119567801221901 -2.6210977778789526 0.5328578614031734 -0.07045480986288125 0.07589852073536538 0.6564322821048749 0.7472430617462797  738511.6024670135
-0.7977819714131458 -2.531171023031574 0.5338536480652427 -0.06123048704098331 0.06061934288195845 0.6606364615259499 0.7457449888720378  738511.6024680807
-0.784702133935213 -2.4382299998775 0.5369133348489072 -0.04767046712586813 0.040282635070096766 0.665465740575196 0.7438146166865214  738511.6024693223
-0.7739366408809075 -2.3465135020314762 0.5408561946983768 -0.03466218099961843 0.02452574849134182 0.6687701161669278 0.7422557191368505  738511.6024703961
-0.7651805322843208 -2.258160345542912 0.5457946111521996 -0.024884731669451782 0.0148196281236059 0.6703512848727898 0.741478444475237  738511.6024716456
-0.7570504239586178 -2.173304845894172 0.5505306529811064 -0.01842475160739018 0.011290624384278183 0.6703029377205835 0.7417728911279885  738511.6024727788
-0.7493061198295692 -2.0993851705770346 0.5541973867335974 -0.015484535930768074 0.012038958637911632 0.669907645279249 0.7421853133943944  738511.6024738412
-0.7379638520977598 -2.0110197459701205 0.5571825886347255 -0.015257658159959815 0.014841934789577281 0.6697199411505674 0.7423086428598661  738511.6024750763
-0.7275647830370258 -1.93936315213339 0.5585163184278173 -0.017451305052325252 0.016396838907550327 0.6703495299871206 0.7416590208929283  738511.6024761581
-0.7150668898436429 -1.8514215759439654 0.5583644497041472 -0.020344327121755094 0.018604195319749415 0.6713700306131913 0.7406093938540816  738511.6024774235
-0.7038570218958411 -1.7707437694967225 0.5585210108120104 -0.02219429257611456 0.018392472155811534 0.6717689226441789 0.7401997331224343  738511.6024785822
-0.6923997607973053 -1.6899950247348734 0.559954295063067 -0.02232764503154741 0.018545552851305554 0.6718821490371159 0.7400891274313194  738511.6024798458
-0.6806715085123692 -1.6094150623235908 0.5610953013959358 -0.023923648680115005 0.01918851114611898 0.6720997784120913 0.7398252144474691  738511.6024808384
-0.6678981945628156 -1.5189253233095454 0.5617575280215479 -0.0260988028515832 0.02079037054816022 0.6717857960799499 0.7399935521120522  738511.6024821075
-0.6576413900447569 -1.4449940520726163 0.5624051825767366 -0.02257483296481109 0.01672094591461138 0.6714820343195899 0.7404881258132076  738511.602483152
-0.6452165253487101 -1.3561993583590792 0.5622153921785354 -0.022964598046221283 0.01784587307658305 0.6712799951723148 0.7406330536319367  738511.6024844348
-0.6350014646236942 -1.2830964302906416 0.5617912938654352 -0.02367889647545951 0.018342718019973527 0.6716096516828872 0.7402994869130568  738511.6024854957
-0.6245571283519182 -1.209240665878854 0.5608596478088986 -0.024620741985838943 0.01918939707512935 0.6719735259025121 0.7399169997980218  738511.6024865607
-0.6115389471429908 -1.1181521951368063 0.5592999434403825 -0.025389603641886686 0.019694504308837856 0.6722267514198571 0.739647679102992  738511.6024878253
-0.6004354190696187 -1.0433029943065442 0.5573293686127341 -0.024857482322805522 0.019375343982148175 0.6727000801645177 0.7392437377244371  738511.6024888818
-0.5868060167510109 -0.9520792296639533 0.5548284660293559 -0.025126913635168856 0.018241446906553924 0.6738380324264647 0.7382263838969433  738511.6024901482
-0.5758743489185233 -0.8775703890809246 0.5533436373659918 -0.024997396601221 0.017802651364450056 0.6744567944335793 0.7376762353566351  738511.6024912035
-0.562780902132238 -0.7866412536599596 0.5520187327794148 -0.025915613911006205 0.017357295554927057 0.675953153600792 0.7362842110107881  738511.6024924387
-0.5515660769143051 -0.7035499401646023 0.551503085297804 -0.02681932928951335 0.017214228865844495 0.6772090831531079 0.7351001643286049  738511.6024935178
-0.5401937754069074 -0.6118151826435008 0.5512491359018981 -0.02620853877533528 0.015420329503731156 0.6782983271725622 0.73415713937015  738511.6024947828
-0.5317261899877064 -0.5384714990381815 0.5513373168349942 -0.024254379102751838 0.012461041640244034 0.6790106357515906 0.733621839963752  738511.6024958453
-0.5224815191188538 -0.4502760334677595 0.5508081462477635 -0.02547595044971098 0.014462766354264264 0.6794523615628019 0.7331345665734207  738511.6024971022
-0.5150960932683515 -0.37775130195235584 0.5498521803136579 -0.02598160087460656 0.016895980348128517 0.679373348358199 0.7331380059747535  738511.6024981823
-0.5054731832916137 -0.28777480082944057 0.5493165561720228 -0.026941627527218924 0.019221724808651697 0.678916381412297 0.733469304778051  738511.6024994438
-0.4975563188281437 -0.2132764979180452 0.5490169170003878 -0.026779931421533964 0.02017836515865704 0.6779892299166586 0.7343066613953588  738511.6025005351
-0.4889465729634112 -0.1382618758594058 0.5486768365061688 -0.026640235398036307 0.020868678393550964 0.6763292648468923 0.7358216642853798  738511.6025016169
-0.47755132073431844 -0.044936725275741676 0.5467321329544768 -0.028055006290279825 0.023708079848330524 0.673760048315961 0.7380367476387821  738511.6025028736
-0.46613273727879695 0.041153724567015604 0.5437379022555164 -0.02589090420542482 0.022566132603279332 0.6716336650141653 0.7400869210831906  738511.6025039377
-0.45223950181317296 0.1352439589362013 0.5410876604207376 -0.02166287551353683 0.019256623826702735 0.6677760970560875 0.7437976784474529  738511.6025052172
-0.44037346865064203 0.20878317929686505 0.5394806213009177 -0.01702718131888897 0.014751450268204005 0.6638460641823424 0.7475298474849896  738511.6025063022
-0.4278156018043797 0.2796268184369349 0.5382716408496967 -0.016478425799545407 0.01503472070581462 0.6572669266700147 0.7533276881691131  738511.6025073774
-0.41154296580044114 0.36529558517617405 0.5370311608537073 -0.018065460388351835 0.018584686337831578 0.6477062214748495 0.7614492098869462  738511.6025086489
-0.3948531971524711 0.44520375042913 0.5366981101985959 -0.02175873522059829 0.023838282018483706 0.6377680188991418 0.7695519786352778  738511.6025097256
-0.374132823279076 0.5350744250028447 0.5362011858607229 -0.01940775334857609 0.023837284862104995 0.6246460210237533 0.7803028074917816  738511.6025109981
-0.3550757541720454 0.6070397929310614 0.5357274938839748 -0.013856334874079484 0.021073836966190612 0.609702792951501 0.7922287546198503  738511.6025120603
-0.32837055374253565 0.691427696530212 0.5348939161036634 -0.009139552303727263 0.024522526547808593 0.5821243362779156 0.8126785166278211  738511.6025133323
-0.30160158655184266 0.7590064346339979 0.5325998887434805 -0.0035013573217512455 0.029944779787430067 0.5485331329546133 0.8355850960323457  738511.6025144113
-0.2693024974208416 0.8244154337310452 0.5299694615641948 0.001248791255105788 0.034626153736935214 0.5084229972524419 0.8604100916787476  738511.6025154872
-0.22067481804242972 0.8992418085439308 0.5280552526909664 0.011360157624748842 0.04148525983552041 0.433112182152017 0.90031314424851  738511.6025167537
-0.1656271488440778 0.960370672006498 0.5273877466058019 0.024717827594862147 0.053097579118035636 0.32574396263852645 0.9436421710030476  738511.6025178138
-0.09849737786480502 1.0094043894021716 0.5269868150003151 0.04532684163934171 0.05505000763140317 0.24696319133908415 0.9663975145924163  738511.6025190599
-0.02479721767221807 1.0352564424397481 0.5202456661939826 0.08007128696606162 0.033234342090049336 0.21524550070418116 0.9727041903559616  738511.6025201445
0.05274894925000347 1.033762679684503 0.5010003690370896 0.059207063597738536 0.014094412998783938 0.2627009093241431 0.9629559197505468  738511.6025214144
0.11354863761874232 1.0369863288197378 0.4908656742534515 0.00399491204626421 0.021607774314964707 0.3107750996744254 0.9502294366042588  738511.6025224909
0.1714411171945954 1.056876014122855 0.48664747757743304 -0.042054957193424086 0.02934602220411674 0.3298380398017002 0.9426436543339306  738511.6025235788
0.23927498476335762 1.107507415957753 0.4877071490944652 -0.06359710692974685 0.03875589810544541 0.3104745475738842 0.9476597193407551  738511.6025248404
0.29832195888782337 1.1625261679841372 0.49395047504454814 -0.056349220200225716 0.04484985561092799 0.2772430257972874 0.9580968429554865  738511.6025259075
0.3773823082595091 1.2304429126665626 0.5062588304363069 -0.023262683968038055 0.04578343921519738 0.22822389209808722 0.9722533513975831  738511.602527174
0.45747443308516067 1.2819602375957422 0.5175970691490559 0.004070359128996267 0.050925529278085566 0.1956471563833179 0.9793427453366005  738511.602528253
0.5537990883005347 1.3235853195517449 0.5269611525582357 0.027427472637353803 0.04440233296333064 0.16900251647399722 0.9842328565931932  738511.602529522
0.6346805898147772 1.345863868201005 0.5303754482015292 0.03731893528606998 0.03446469027761112 0.14915563891861644 0.987508013927969  738511.6025306138
0.7146747775995609 1.3598699135261545 0.5310061267973327 0.03730498259655867 0.029512254883710683 0.12766641906381598 0.9906758554282887  738511.6025316734
0.8135315306501445 1.3703595558036594 0.5296812904802564 0.03325748038647248 0.026866463588218332 0.09730232352196728 0.9943361559200353  738511.6025329544
0.9028767465721871 1.3745068895005832 0.5289239755242099 0.029199263547334417 0.025101818220018883 0.06270876214266437 0.9972887810864399  738511.6025340278
1.000347876359289 1.3722538353904257 0.529852144119645 0.027178549910199613 0.02335043712492208 0.019944797073568377 0.9991587904735404  738511.6025352917
1.0798961314552318 1.365301273653978 0.5314644544068977 0.02739714009136009 0.019041776186334767 -0.014699227559335764 0.9993351490784474  738511.6025363792
1.1661143264667506 1.351316236930483 0.5336074671176465 0.023393358460327952 -0.03015972886331973 -0.03903354711923858 0.9985086498043609  738511.6025376288
1.2117425560569577 1.338489418928011 0.5320892839241432 0.018543290729821436 -0.06557782488043225 -0.04725884901467693 0.9965552149493117  738511.6025387183
1.233242400937285 1.3269308018654578 0.5267367441852259 0.011483517092011649 -0.08906326992124133 -0.04921920315756009 0.9947428475875906  738511.6025398051
1.2340151206096102 1.315317352315857 0.5169840791021127 0.001767500812420437 -0.08971532824688107 -0.046432235567519284 0.9948829495566979  738511.6025410788
1.220095649375101 1.307727803725771 0.5055005480064669 -0.0017624995990497226 -0.06887751922723435 -0.042112011433191036 0.996734347473446  738511.6025421404
1.2015712350272374 1.3005634288415417 0.4856270087306368 -0.0076390896923688115 -0.03480180411031214 -0.03615108498301588 0.9987109580824125  738511.602543405
1.1894371950955933 1.2963620212866866 0.46843014723905413 -0.007629724152642899 -0.012033418257408208 -0.031436747753595916 0.9994041800218136  738511.6025444714
1.1809596382421876 1.2911951991884711 0.44993386158064624 -0.007290358579928491 0.006441746522288337 -0.027393749934550266 0.999577379214857  738511.6025457424
1.1786892594338956 1.2875833186199228 0.4349090557551209 -0.004579372164291533 0.011379461284434872 -0.025527965197160565 0.9995988496413697  738511.6025468091
1.1791568940507218 1.281924595031447 0.41022734453362275 -0.0036180052419964217 0.013170172483308292 -0.02565126141617814 0.9995776454996319  738511.6025480466
1.1810690947096691 1.2765444648619355 0.3864850971502371 -0.0012431393926796114 0.010319565692949945 -0.026028581438096162 0.9996071598966665  738511.6025491249
1.182753699634944 1.2695284553861788 0.3592234419395261 0.00036483476242999763 0.005244136795218437 -0.027363303527426178 0.9996117323966016  738511.6025503621
1.1830580846584815 1.2629705445630894 0.3371410643766628 0.0021436015390700496 0.0017222454174325378 -0.028350051757416703 0.9995942743976256  738511.6025514391
1.182267332410102 1.2550711492938613 0.3108566635001577 0.00019066345502961643 -0.0006438444750170203 -0.029692423026927123 0.9995588572598059  738511.6025525179
1.1797076769160504 1.247688991655719 0.2790083551015542 -0.004668948486967682 -0.0016780367112231216 -0.03151111941855741 0.99949108773706  738511.60255376
1.1764514457723172 1.2418988788875283 0.25568678429090996 -0.00444703246440489 -0.001974979351419335 -0.032547669902515196 0.9994583395733606  738511.602554842
1.1718233118343937 1.2360328207232683 0.23106071429692382 -0.003557399974715683 -0.0011061310211549769 -0.0338085510136105 0.9994213842308679  738511.6025561133
1.1672681645145795 1.230686419907368 0.2061443467566067 -0.003391977913084097 0.0014459049584691673 -0.034743815665952055 0.9993894491726729  738511.6025572012
1.1643209602896347 1.226013974691364 0.17738859511493893 -0.0026796246860918767 0.0022576559942749435 -0.034429186914180586 0.999400997442659  738511.602558435
1.1614662131062548 1.220464677900483 0.1496757091126887 -0.0028235973809901524 0.0029110541231224616 -0.034145407182443535 0.9994086472660058  738511.6025595041
1.159476653772224 1.2141315089791205 0.12060765926656083 -0.0013544912953858594 0.0020817585228590342 -0.03499930964164355 0.9993842504059145  738511.602560765
1.1568393695256594 1.2090089120834686 0.09589876684983535 -0.002781573714322124 0.0026220785554888085 -0.036335120899618864 0.9993323503924662  738511.602561837
1.1547193011718095 1.2034278130699967 0.06477922691589161 -0.0013609153671940556 0.0023787102123722747 -0.03739610776750296 0.9992967631144065  738511.6025630813
1.152537617125034 1.1981854380392902 0.0423817844747735 -2.8294513118207976e-06 0.0027766612339207484 -0.03748760850208389 0.9992932349181499  738511.602564144
1.1489055311023795 1.1936776152899276 0.02494508284708323 -0.003048025237527603 0.0010437174638659465 -0.037761017406211586 0.9992816048344205  738511.6025654102
1.1461265000240866 1.1916660536426442 0.017840430697492374 -0.0012426364304761032 0.0010325424776804813 -0.036407523871161536 0.9993357203244084  738511.6025664903
1.1463150677909872 1.192596510039582 0.021647650628648818 3.2851441120601284e-05 0.0019473556844384573 -0.03582169411197859 0.9993562993034911  738511.6025675625
1.1463655781444049 1.1944663372989355 0.017832378831075708 0.002275405909588427 -0.0003828429344793675 -0.033925716343857215 0.9994216936457755  738511.6025688235
