0.2150955370033224 -1.1143942196207604 0.0009567488734445773 -0.003318973282855485 0.0176275466194726 0.04237713392189918 0.9989406551628037 
0.21492624766140278 -1.114142043710296 0.0006818658649614698 -0.01343856062383067 0.017759510207450983 0.042657381682396786 0.9988415052817706 
0.2147019232497252 -1.114385914333559 0.001414590636535067 -0.004494361688721603 0.02307619578179088 0.0414102412711168 0.9988655974750154 
0.2151772661066067 -1.114503007872427 0.0008823110754069687 -0.0033832974811491296 0.01676265709087283 0.04318866168876048 0.998920570479426 
0.21512540229674337 -1.1143159834163092 0.0010424182887677875 -0.004891650238861335 0.017519893346849866 0.042111163450392196 0.9989473334505229 
0.21432916282140682 -1.1141685634354954 0.0013416405089607477 -0.016272511045608666 0.02366656454524 0.04012661857376491 0.9987817347092067 
0.2150711220803657 -1.114448823279996 0.00122895524513105 -0.006551153563363146 0.01799457641087257 0.043270270855250245 0.9988798532690986 
0.2153723699443674 -1.1146972268417659 0.0009553641996464433 -0.0071379184314990796 0.020756376825074207 0.04046067383792428 0.998940016624693 
0.21518772639086362 -1.114637243440191 0.0004915284585294852 -0.01242391890679279 0.020597530707528254 0.03896048847159022 0.9989511841455543 
0.21498003277209343 -1.1141691568288512 0.0005246846486535128 -0.012709222416039084 0.017059969999981547 0.0425232017567433 0.9988689655813393 
0.21552048127156256 -1.1147853989197813 0.0006967208091170792 -0.002731239989928068 0.021018739824335178 0.03826663966165122 0.9990427504332934 
0.21551913881421972 -1.1148124494933407 0.000763098685005942 -0.0029330126307315738 0.020192803076476414 0.03955408488897854 0.9990090702838579 
0.21511910085224606 -1.1146069689542093 0.0012375758578579514 -0.007465363695231279 0.01637448027375659 0.04069379502836996 0.9990095894368839 
0.21536278917536952 -1.1150931917686757 0.0007946927069403755 0.0003809293217169836 0.020888441853357285 0.02948680973627492 0.9993468146451299 
0.2163197750518317 -1.116287156887483 0.0006410675281632284 -0.016725077404381193 0.019113774437430033 0.012349556069999603 0.9996011323910385 
0.21766641267095035 -1.1183171072276425 0.0025734586155172355 -0.00512421115705368 0.012126817122685958 -0.0020408829800416684 0.999911254843725 
0.21827926183979823 -1.1200659343013553 0.006908547376984703 -0.017762172099915628 0.01339573129971829 -0.029888155879513857 0.9993056378122565 
0.21786042176172707 -1.1212745715141 0.012151605458500527 -0.0229463089663435 0.018098141621146285 -0.046900024464253245 0.9984719885304417 
0.21553916532490625 -1.120227578558165 0.02024908891259608 -0.013248017313175929 0.006408114413197914 -0.05988132600261801 0.9980970157770763 
0.21289554462830038 -1.1199171628768685 0.03341125020911153 0.003589710678490407 0.014846018242443018 -0.07389451351507212 0.9971490914562179 
0.20973004463561826 -1.121857368035561 0.05389960260842199 0.003527585135527793 0.025731957130367047 -0.08278125216084056 0.9962292340701692 
0.20876931282705416 -1.1260687671630853 0.07659747851260906 -0.0019882000579936163 0.030154030426950276 -0.09116510889823519 0.9953771669217216 
0.20872621073700987 -1.133489513891433 0.10631999186845971 -0.006223219997944151 0.01648882547872042 -0.08565542890557075 0.9961689302855176 
0.20941420445822637 -1.1423303424689364 0.14522514270741743 -0.002783407599386702 0.01833167848842127 -0.06568194212450537 0.9976683239858255 
0.2099432803159379 -1.1509601296910246 0.19297573066354218 -0.03398621840436424 0.024920487306478136 -0.06548157160889442 0.9969634246303161 
0.21085554676038493 -1.1571319571360925 0.24510493447588622 -0.039280252268432736 0.013296944929078519 -0.06437502133311751 0.9970637440332699 
0.21164248616186626 -1.1595729778911905 0.2991835031453482 -0.029885170717385605 0.01689805567280553 -0.06214251456244695 0.9974766364028421 
0.21115222087695204 -1.158678515239948 0.35061722711140897 -0.026837305720452464 0.010537331700164066 -0.060095809497092034 0.9977761358857993 
0.20719623956338992 -1.1516398846929372 0.39100255070282536 -0.12485260457855088 -0.07540900995262259 -0.06878631414736099 0.9869112175540097 
0.18887061191830742 -1.12760057827587 0.4223004942691306 -0.14736378653835286 -0.11430787274912503 -0.07581192047697295 0.979525485813535 
0.1499233897080354 -1.0789599586459329 0.44021037588402795 0.977046211682283 -0.08178651390372843 0.13385660608565553 0.14413214557483142 
0.0864215245284549 -1.0108832884553698 0.45504592743620426 -0.10267715749623761 -0.11782951933212446 -0.07650637127859795 0.9847438148352264 
0.0028247778788265915 -0.9251282040299746 0.4647841767623883 -0.07510986150021845 -0.07327155872900755 -0.07279570889525082 0.99181176245963 
-0.093591935492912 -0.8306682226699701 0.4754678484059337 -0.04208984098182356 -0.021686249562074978 -0.06736513927978212 0.9966042794790075 
-0.19209673147669254 -0.7329792461268306 0.4886478993448689 -0.02818950601954483 0.04260457892933113 -0.06478135455222948 0.9965909781384773 
-0.28094613567172216 -0.63705369181606 0.5037667682572791 -0.022815919716009596 0.08085127398446518 -0.059187648507040086 0.9947056487055901 
-0.355080343265694 -0.5442170722094021 0.516877634625501 -0.02393466894481433 0.09125485886010132 -0.051430244614073355 0.9942105472664539 
-0.4116227134198708 -0.45424106636093914 0.526481651628589 -0.04518247742258363 0.09507787655994829 -0.04342748519438154 0.9934952413839236 
-0.4501177593504075 -0.3680945731249961 0.5344334881547712 -0.007135662253359288 0.08891476962973109 -0.04182965862551175 0.9951349284017575 
-0.47414021364367825 -0.28836177954910064 0.5385609074780455 0.016491401149560114 0.07362137295629108 -0.03792931179039849 0.9964282685869875 
-0.48620918460706575 -0.21851957621157983 0.5406409994889383 0.039616470325332664 0.058923205770927856 -0.03839496543401216 0.9967368849049182 
-0.4916568810195202 -0.16028217503163159 0.5416561537064088 0.034783678448453544 0.03736855816977405 -0.03487886286965711 0.9980867454779803 
-0.49326325375771407 -0.11523051899855848 0.5422068955363264 0.03286858786847991 0.022245243126539437 -0.03705707071846265 0.9985247010462687 
-0.4928703372447418 -0.08223221829034322 0.5441734900550647 0.03892736660315637 0.02434799877238773 -0.03320476289484621 0.9983933487389729 
-0.49330007288491856 -0.05864529367996958 0.5450161645119053 0.02528159189790702 0.015285456987233536 -0.031197713200732956 0.9990765228984434 
-0.49493715834952556 -0.044242489259318375 0.5453736680425111 0.017702181759095506 0.009859637191731812 -0.03377518128319799 0.9992240276558118 
-0.49739625231086865 -0.03436727453812577 0.5448352045322947 -0.004600362120589729 0.014256593543062622 -0.029848006431891432 0.9994421857821237 
-0.49965733407121055 -0.030216372930342343 0.5466177845639436 0.00011135521111476992 0.016425565767740413 -0.031014816432809237 0.9993839450135598 
-0.5017305588732325 -0.02768917156523066 0.5481465637791635 -0.009330936548484426 0.017769155539773096 -0.02975840976834161 0.9993556062696557 
-0.5046152319509466 -0.02525761858986306 0.5481138335878701 -0.024465881849175235 0.01639467118427762 -0.024560950052941195 0.9992644270234975 
-0.5051879735315713 -0.025003751486363978 0.5509177121073422 -0.007595403401746307 0.025263157503418787 -0.024804706773368664 0.9993441895773495 
-0.5055149026713717 -0.024008349986946585 0.5520296354474499 -0.006544784069899321 0.01664498865405033 -0.027370931710623308 0.9994653281887659 
-0.504944681035239 -0.022546028724704178 0.5525037109130504 -0.020735724355924755 0.019013739442707588 -0.030525489490111617 0.9991379794298829 
-0.5042005479157511 -0.020910159108957813 0.5533647077652522 -0.011391427189926253 0.02224980397718852 -0.023184156535973607 0.9994186692749285 
-0.503004783425517 -0.020609000114521738 0.5539714873534956 -0.004671527038329743 0.01825293894503601 -0.02413189940552933 0.9995312193653985 
-0.5021183381460813 -0.019611038191908695 0.5542081329805524 -0.009045756226471673 0.018336792954596434 -0.02020688175647118 0.9995867237254162 
-0.5015377932935368 -0.019234486926949432 0.552401424091753 -0.015394561444787165 0.015542342205402643 -0.020250749962168434 0.9995555763451388 
-0.49946084657139395 -0.019957955688022003 0.5521743645516127 -0.0121530301469338 0.015743139803149703 -0.022897789116745355 0.9995399685159926 
-0.4984440464775921 -0.01971015188385868 0.5512879099479114 -0.00881032186176316 0.0181486772902974 -0.020163222923396333 0.9995931413243322 
-0.4974033166376005 -0.020199240693952115 0.5512226093795927 -0.01707348846106364 0.004669237455115711 -0.018590895314676475 0.9996704821213621 
-0.4975958148991841 -0.02043610439844273 0.5495519562958189 -0.010307634456088677 0.012097085777616975 -0.021389047625619755 0.999644897865876 
-0.49782467374460343 -0.020614180670618917 0.548064646478584 -0.007542823888690794 0.013823844010513535 -0.02336982153406543 0.9996028504291208 
-0.49774437668680327 -0.020433775875433467 0.5473735869035322 -0.011920765738242176 0.015049553001853172 -0.019369174421317668 0.9996280515176107 
-0.497702319843986 -0.020427646559241612 0.5471227756022736 -0.010678712430696083 0.015051360915753997 -0.019717278267833507 0.9996352587684746 
-0.49774436356624124 -0.02069440524550931 0.5467606960314869 -0.006349352472999998 0.014507171048859228 -0.0189955000937062 0.9996941525724369 
-0.4975939758680912 -0.020932380347367722 0.5465898421647156 -0.012726110785994787 0.01540243666718214 -0.02028506775553839 0.999594581355426 
-0.497758805188642 -0.020783742044132504 0.546784206790099 -0.008887348922192818 0.01506132857610263 -0.019097027483107938 0.9996646812566539 
-0.4978400532302245 -0.020568811924286348 0.5469618331453867 -0.011334834877836491 0.015313356042726937 -0.018466947273324635 0.999647935276918 
-0.4984293865453568 -0.020295642152569265 0.5448953142522918 -0.016181490166186557 0.015140381690528665 -0.015476321138653076 0.9996346391068489 
-0.4983030990577749 -0.020403012176051876 0.5449311593590568 -0.012641780797428332 0.022088077683171274 -0.01415492079393633 0.9995758802711525 
-0.4980312536418857 -0.0204385480697134 0.5445412551755299 -0.014556004815494242 0.01945903213539005 -0.012654757172026826 0.9996245924911423 
-0.4987033259106064 -0.019369376681839794 0.542902906666531 -0.023361089269914773 0.016026997270190385 -0.017242895270564752 0.9994498874027216 
-0.49880626345359363 -0.01922554348974374 0.5424196629021915 -0.03025583945965611 0.014769567731828418 -0.01634828395209688 0.9992993433698574 
-0.4989846797879196 -0.019121129040206183 0.5416537257796739 -0.028495924760015643 0.00870767857112846 -0.014592170207683549 0.9994494620412797 
-0.49812097005334616 -0.02007001258756337 0.5427605163465419 -0.010127643217503996 0.017056493532126793 -0.014981819718910848 0.9996909782273508 
-0.49862099829539136 -0.01934731786913693 0.540661943835977 -0.02432347222012005 0.007732588615110788 -0.015281922220904921 0.9995574213749308 
-0.49789855657288373 -0.019867280778446825 0.5395605338848682 -0.021941777536786552 0.01569027762430289 -0.014894217892063062 0.9995251551911949 
-0.4968962031719231 -0.01953477269267006 0.5375479043119428 0.9997106373693424 -0.017902040657412473 -0.010757046037798262 0.011935008647845781 
-0.49731411034792283 -0.015432494364830806 0.5381421762309119 -0.12414932051649337 0.018752843069674903 -0.018698174002814746 0.9919101044858136 
-0.49808593769499127 0.004977622488642628 0.5363792884417626 -0.14170652814568332 0.01044768999968536 -0.016615062633625666 0.9897141230417236 
-0.4991285406525118 0.04906600370760615 0.532047423185274 -0.17169055198934738 0.016365108249127274 -0.023002132418222902 0.9847463833362385 
-0.5004043214780639 0.1173060167934114 0.5266587772814671 -0.13531837122067258 0.017700926008409112 -0.025561635329594965 0.9903142018712576 
-0.501643897450634 0.20419375366463588 0.5224641385015683 -0.10940937111817439 0.018146074809187198 -0.024120488174997387 0.993538379495601 
-0.5023082635394795 0.301763512394306 0.5215425491940328 -0.06570092615068042 0.018246902113032905 -0.028263219115052415 0.9972720939199466 
-0.5022991491745727 0.40347435001677356 0.5239961894251755 -0.0506624747660589 0.02499169433699941 -0.02743216928743308 0.9980261544433242 
-0.5012238336141495 0.5043161919410655 0.5282442058425514 -0.04388436669874886 0.020124938522644752 -0.022013656426009824 0.9985912818263872 
-0.499891221327604 0.60119310455961 0.5321814352241455 -0.020450632216972624 0.019928516089947487 -0.02062956646402783 0.9993793308228288 
-0.49779156306767386 0.6902302313854369 0.5343159157378689 0.0066253764954832045 0.014445960483206913 -0.017194257663863635 0.9997258504787198 
-0.4957482753095953 0.7684604278357655 0.5352747546532948 0.0123504715525288 0.017205860255035337 -0.01389839436985405 0.999679077934141 
-0.49409058923462923 0.835079124114178 0.5347088893276656 0.03917245338957906 0.020063765877847757 -0.011255227213676906 0.9989676091118314 
-0.49306156744864577 0.8820803835115252 0.5318660371417866 0.0322855878568983 0.021215142842190778 -0.012020503919253259 0.9991811977896938 
-0.4921717011348023 0.9177718619330676 0.5269819860311331 0.014347353050617781 0.0028083103737865066 -0.013736137847977748 0.9997987724388877 
-0.49223369771072273 0.9415091028670254 0.5223472549566712 0.019233500659101038 0.011929643842400053 -0.015275036697227 0.9996271451416715 
-0.48976977829485396 0.9549791349524831 0.5230422923176418 -0.004085314848573482 0.0014698591675134907 -0.012533260434881304 0.999912029680355 
-0.48825227569394786 0.9623450486692775 0.5254362918790143 -0.015847661817895767 0.011819268267208067 -0.011767396975155272 0.9997353074093975 
-0.4882180607028278 0.9662092122139433 0.5268877085129358 -0.02868639063944298 0.012594900548036844 -0.011906321172683578 0.9994381916799054 
-0.49061325272124 0.9693370840440566 0.5236802055038494 -0.02115319705881498 0.011991702559838408 -0.011097869301945564 0.9996427254878937 
-0.491713137118107 0.9709540465040084 0.5229953894748379 -0.019792709013780524 0.01775800340443991 -0.011022164785458283 0.999585621079268 
-0.4919535102753235 0.9728811375941996 0.524683839285045 -0.02744899683883437 0.023598829138503287 -0.012564049182726841 0.9992656265998383 
-0.49272838288506987 0.9748789310233847 0.525517109583945 -0.015795491229326664 0.010805922192510592 -0.013240727832680103 0.9997291721405626 
-0.4910515356286208 0.9764138362554883 0.5306235115754321 -0.032690858092034335 0.021432342234707556 -0.009085110777471159 0.9991943871268002 
-0.49139619212357366 0.9787251179989102 0.5299115841888212 -0.022356057543193742 0.01685237361582858 -0.005030661372680969 0.9995953664562434 
-0.49311232005086986 0.9819094899312893 0.5266680441760059 -0.017150040804386694 0.005677826248613635 -0.014379449424201931 0.9997333993739307 
-0.4940349898708062 0.9834509956123787 0.524844891227547 -0.011826120786228182 0.006771326536877021 -0.014199059469694426 0.9998063206012736 
-0.49517322672861763 0.9846146019474049 0.5231194954140151 -0.01337246697418154 0.016103591241459124 -0.0112182769346603 0.9997179610964133 
-0.49386224890905916 0.9841105875344348 0.5248487262280621 -0.023832222338172015 0.01620469773324886 -0.006355332853114123 0.9995644264849186 
-0.494217941257269 0.983912606359895 0.5248149228438367 -0.034464292118926876 0.023956121155726838 -0.01191041845296407 0.9990477760148354 
-0.49540754343317916 0.9828166695057114 0.5211710200015468 -0.03292279772151367 0.002700978031963194 -0.007353322803279494 0.9994271973243524 
-0.49716014873492953 0.98212142375023 0.5174396188070932 -0.046678693070651464 0.017952670778650055 -0.002183226132537782 0.9987462314065488 
-0.4967067436000675 0.981695489559359 0.5179967617335939 -0.020879325681964246 0.01568856015518905 -0.008359582071753052 0.9996239494064302 
-0.4939057648372064 0.9795682937901644 0.5226687789001705 -0.00447524909497561 0.023114226557849664 -0.009665638014811226 0.9996760875993469 
-0.4945063207657956 0.9789599877526813 0.5221069980047818 -0.027542213866948828 0.018281109058833032 -0.006073394334267717 0.9994350110878379 
-0.4960637308073281 0.978313735298143 0.5195080143773478 -0.033791798796986225 0.011533227941105353 -0.004586130749316653 0.9993518231294086 
-0.4969587881032421 0.978181084077323 0.5179103243417602 -0.03117041968820956 0.024248518273893974 -0.00477105379301707 0.9992085124455684 
-0.5000272562751422 0.9785958388675776 0.5140231091438124 -0.015781017441259745 0.002812271139463034 -0.012328681700345878 0.999795506204688 
-0.5010679760197053 0.9780440053440056 0.5140848732340617 -0.016878615583324003 0.0049558273968155825 -0.010368040647283248 0.9997915061871349 
-0.5005369506076267 0.9772820837688178 0.5183694059995537 -0.030696424355718205 0.01833701591264922 -0.0025747980198212684 0.999357220314313 
-0.5018867886056754 0.9773266198691437 0.518091066208962 -0.02394274848269806 0.006207347339546976 -0.010667046998536142 0.9996371480404436 
-0.5019143864284271 0.9770728248750873 0.5183500481076496 -0.017526147899325675 0.00592081050839816 -0.006503053791945919 0.9998077257323599 
-0.5023256735474211 0.9770193920344338 0.5180362593929622 -0.01922599030148499 0.005520694975099042 -0.007362577140294594 0.9997728120337002 
-0.5009830546641 0.9763119306940256 0.5195756471705235 -0.03203006926530948 0.01930755795054236 -0.00249975945775718 0.9992972751246244 
-0.5027777738518168 0.9768362696185854 0.5161073586536333 -0.028056016386094004 0.0052144040927908945 -0.003881395316450146 0.9995852163297023 
-0.502245503826838 0.9772073507159077 0.514463285945382 -0.014703611851464885 0.000857421466768819 -0.008758746197026188 0.9998531657158495 
-0.5002888377911119 0.9770327126135728 0.5163475029934164 -0.02842046649675878 0.02508615700790461 -0.006305375603134233 0.9992613292073225 
-0.5011347582237177 0.977710458734135 0.5129025377948273 -0.01806039312206939 0.011348960412136008 -0.0072384520160696094 0.9997462818686805 
-0.4994490091132761 0.9770025861286821 0.5137948244295916 -0.03650693253432247 0.013427287600182934 -0.00587714326398437 0.9992259058950038 
-0.49960895087653084 0.9771146850326008 0.5128095777721593 -0.0344492175643917 0.02201644852712925 -0.008113449227220248 0.9991309720677719 
-0.49981593046779677 0.9770554768703811 0.5116745112077564 -0.02947313216477027 0.01605712979827498 -0.009130286195648941 0.9993948873878759 
-0.4974366088771899 0.9774814931132494 0.5077578520473108 -0.011770384846956234 0.097987400731298 -0.015633449765798425 0.9949952374694558 
-0.477205269034345 0.9775219871310338 0.5077968807882263 -0.03726758772596641 0.1614515774928165 -0.0115557561028106 0.9861090099634324 
-0.4348872743691801 0.9787454612314762 0.5021467806239409 -0.028145576581776244 0.14806421300835096 -0.01886039171205554 0.988397238446954 
-0.3643989633909771 0.9788134935667645 0.49939113010867686 -0.030362326938111323 0.13488644482065343 -0.012483113408485128 0.9903170946652284 
-0.2716292266441111 0.980229729341168 0.49524108452787385 -0.022849861283791538 0.08909951221979646 -0.0201210516079322 0.9955572831553676 
-0.17615558842595858 0.980107047268972 0.4969929053421653 -0.022888645224230376 0.04743542369398152 -0.02496467742592612 0.9982999325752714 
-0.07195221604947122 0.9785968479131671 0.5015381460296148 -0.009508154348757776 0.03825014118791371 -0.02647229112106017 0.9988722338231185 
0.031152013140605835 0.976231080719645 0.5073455102972753 -0.016083523420057987 0.011151128521151035 -0.0257043154267621 0.9994779941427139 
0.1356723040526872 0.9734947860930846 0.5126531348147721 -0.021740385909882847 -0.0016548221579178977 -0.023315127914877387 0.9994903811415236 
0.22304939855823055 0.9708701450910456 0.5161203605326988 -0.012809168587285013 -0.028511872437515105 -0.017423777408329216 0.999359500035415 
0.30065161641177873 0.968711275836747 0.5197216268314114 -0.014606147738325394 -0.06555450551048284 -0.022195985123970006 0.9974951656523949 
0.3638528301035815 0.9674561736792893 0.5197320512229254 -0.026997640757273844 -0.04336577098246765 -0.024534935868472284 0.9983929958801631 
0.41274761552510825 0.9670125136962374 0.5166436129416314 -0.009367095569977082 -0.03834483098030355 -0.019455999802479713 0.9990312285055762 
0.44822553814190264 0.9662670686149266 0.5127129752593763 -0.018369334433162316 -0.04665926329786425 -0.01797483331481128 0.9985801850969646 
0.4723123872286995 0.9661679138431807 0.5085543800122266 -0.013194526059520187 -0.016179772517875377 -0.013754462301945684 0.9996874182513846 
0.4876670536134215 0.9657377678493279 0.5042548810684523 -0.004571402428532356 -0.002321389055859332 -0.011698598615522002 0.9999184247843025 
0.4966927166917612 0.9662592668013176 0.5021842714945484 -0.014896410980723793 -0.007445886719251105 -0.014669875288509047 0.9997536949018379 
0.5016827546028781 0.9671895308498557 0.5015573623192373 -0.012855276679270328 -0.0019218680795174128 -0.01057283454544126 0.9998596218741205 
0.5045233315837645 0.9682206307785801 0.5018439885061136 -0.025464660310102808 0.005637036151810519 -0.012526189825280275 0.9995813470984617 
0.5070109507000654 0.9691492044136629 0.500931387687746 -0.02364342748959058 0.006497984781009993 -0.009317663830353907 0.999655913637825 
0.5075557795851986 0.9707994811230319 0.5013234914460005 -0.0034366565924973842 0.01776838790373936 -0.004279008186666795 0.9998270669829388 
0.5079282433166535 0.9719960572866831 0.5028177343831634 -0.010832530716104773 0.007614210193829331 -0.01104945991981856 0.9998512837001757 
0.5085507110456488 0.973327179553594 0.5045274431531991 -0.01603872328377021 0.006909472370058581 -0.01110757297512294 0.9997857972433878 
0.5096068632940361 0.9740240518272835 0.5046891628854199 -0.010876626696008166 0.022619685795778895 -0.010367069087926086 0.9996312183424156 
0.5097227335772164 0.9747141059462129 0.506603668095713 -0.02107845242059523 0.007675062882183287 -0.014354383787824212 0.999645309056857 
0.5092372718172411 0.9752883626481819 0.5080564649403235 -0.0160165622353437 0.00670221710326413 -0.011942603435650007 0.999777937465736 
0.5088825160080133 0.9752275272225187 0.508191993261126 -0.014731610115006621 0.013729342583134489 -0.011383662700382385 0.9997324127181124 
0.5079900420368657 0.9751560585317495 0.5073057257611678 -0.01327282501654803 0.003929297462750783 -0.005925603754470086 0.9998866335528616 
0.5057412383329224 0.9750619211436703 0.5065546216490006 -0.01727345037591142 0.01779417322949933 -0.009770012591510358 0.9996447079663611 
0.5036642128218807 0.9748161317546254 0.5074946610401446 -0.012520985183346057 0.0262221049773945 -0.0037943563905871794 0.9995705222745288 
0.5022220939118416 0.9743144540486128 0.507008402587913 -0.011644302971729454 0.021580890116229875 -0.002799927205298298 0.9996953714996079 
0.5006770644070151 0.9735956459839042 0.5069075768384607 -0.012673854075547957 0.010522518884893188 -0.004894102451003433 0.9998523379881591 
0.4999120708358729 0.9729445372140471 0.505782033325746 -0.02106669493516609 0.0167260639166665 -0.006320364290717797 0.9996181701757911 
0.4991488236597527 0.9727456324913162 0.5047057415676219 -0.020896074422835104 0.013728373811712716 -0.005248888173059717 0.9996736142357404 
0.49781796268166306 0.9728051997712026 0.5047575736021334 -0.012150565987346727 0.0358410353692962 0.004164612892494793 0.9992749571210617 
0.4979725499059517 0.9736544090288587 0.5026498923583917 -0.015136353005456534 0.018998609622076473 0.0006768042675552416 0.9997046991917692 
0.49854476676142734 0.9741832438389046 0.5018002935088247 -0.02077258687880097 0.009876602030788178 -0.00403282834684469 0.9997273071504114 
0.49810973820013943 0.9752533457748662 0.501990186067633 -0.015267394701712813 0.008126305286616354 -0.0037917957726436857 0.9998432337652886 
0.4975629055679952 0.9761242458729663 0.5027595794841203 -0.022400854595019806 0.013032419839379318 -0.009641426439278847 0.9996176272169068 
0.4968599592727028 0.9767101945672684 0.5039158810768696 -0.01550941545698691 0.01518963098071446 -0.009432030506783446 0.9997198457284778 
0.4963677364573528 0.976729655265681 0.5040723959500698 -0.01521635332814901 0.016110204441216514 -0.009386583900109312 0.9997103660295523 
0.4960869591025325 0.9762619034137694 0.5036165849647072 -0.021641355395587078 0.01517060300232707 -0.011200037666273152 0.999587946954875 
0.4953753758635048 0.9755759550766601 0.5035270082634004 -0.016534767651488844 0.01465531759072579 -0.009530956673194048 0.9997104500753806 
0.4946958147398635 0.974680752154658 0.5034024244881088 -0.017017885676345303 0.010157954511238495 -0.007654619478452939 0.9997742816895695 
0.49484996429821043 0.9736652458948273 0.5023461387059255 -0.018588342439173306 0.02153919854690127 -0.006940809865294062 0.9995710888224685 
0.495616441516627 0.9721018669902087 0.5005011446478863 -0.008804910829919367 0.02200179603191577 -0.0034110674339999465 0.9997133384803906 
0.4952947190875624 0.9713742411957939 0.5008982832878842 -0.013617732663924733 0.02224937102789994 -0.004350254193174077 0.9996502379004426 
0.4948919201198128 0.9710153354682175 0.5019714266377586 -0.01446450585077962 0.01782721512438028 -0.0007055608759615712 0.9997362005325465 
0.49481059598198657 0.9709157641817628 0.5025337778726362 -0.013505538077231032 0.019038035465989447 0.0010804198642422082 0.9997269558933365 
0.49493543873310436 0.9711202346886192 0.5025764391454131 -0.01295965029880938 0.01896575539570058 0.0027716624008702496 0.9997322969044957 
0.4948595380584963 0.9714579000282156 0.5080585511884864 -0.02007631537510627 0.016450670015036008 -0.008486108901969552 0.9996270819524247 
0.49313167793084517 0.9710468379582939 0.5299642128846727 -0.0043815309780149605 -0.007414231888747353 -0.011271816647522808 0.9998993836888056 
0.4901369456272933 0.9703258826055728 0.5684890205220798 -0.020091364894276834 0.020184281233892046 -0.01950490356523697 0.9994040677246951 
0.48630412909442977 0.9696607673815116 0.6172253014134109 -0.01313655004411038 0.013907002900725395 -0.01594917025865917 0.9996897770265124 
0.4842949394422872 0.9693791902965005 0.6638201521543183 -0.008523046585905655 0.019555010518182925 -0.010536892431276458 0.999716926503908 
0.4837975803440637 0.9699141938097977 0.7031037130671769 -0.01593605015813254 0.026933336016842332 -0.000533757668858057 0.9995100563871843 
0.48564906435672284 0.9706734143156533 0.7319583353944364 -0.014573949749313697 0.024640418874232007 0.007601793244242141 0.9995612349855704 
0.48853861521844555 0.972030200602488 0.7514191446921837 -0.0147429236274332 0.019825029727424896 0.0110571324548962 0.9996336099897288 
0.492315960710218 0.9733854763066279 0.7636434902089797 -0.01464342990651449 0.008304587507479567 0.010773123250303588 0.9998002518515073 
0.496434179526963 0.9746802181054992 0.7705092267754167 -0.001685344725832443 0.004365137420870402 0.013784754274484784 0.9998940372549704 
0.4993286045314033 0.976155642746679 0.7741874636563325 -0.006229581162849665 0.008618023133985771 0.012772985467283497 0.9998618768800269 
0.50141214415276 0.9769612466428542 0.7773976912388055 -0.018818016082634878 0.006665779184316745 0.0025435062082102143 0.9997974696080945 
0.5009898839881435 0.9782117462564891 0.7800924539437383 -0.011417119947593066 0.008302942338459305 0.006012729023978522 0.9998822718751997 
0.5007415217430399 0.9783200075111124 0.781129385011688 -0.01757976178861363 0.016484894513158953 0.0006899181804154567 0.9997093198731569 
0.4989292904754097 0.978217366362371 0.7819198800650543 -0.005997378410183488 0.022900105989698532 0.0072322182890453696 0.9996936088704805 
0.4966030198019623 0.9781509594474173 0.782308611470677 -0.01555495821574458 0.007715791440831594 -0.00017923903633831494 0.9998492274891829 
0.49476241977444185 0.9776997161467956 0.7815517181647281 -0.00890137699782641 0.010224769521847766 0.0006931081366252621 0.999907865344042 
0.49312482585490164 0.9775050062186806 0.7805788034828874 -0.005146980547612839 0.01688532090994613 0.003613764548535917 0.9998376544393587 
0.4923436631478867 0.9773682046276109 0.7798798722083967 -0.004974395253552072 0.01911316707438644 0.0028139708948432952 0.9998009920999534 
0.4924015566672654 0.9771190912259975 0.7785239532258967 -0.01860727000958288 0.02080394534468155 -0.00021403089971621712 0.9996103838754677 
0.49238813016559047 0.9771705455055709 0.7784221059115544 -0.016710151720232137 0.014350161963807643 -0.002642954999934405 0.999753898952121 
0.4919790537179688 0.9773480376908836 0.7778936804548334 -0.017329646312115927 0.01046064576927499 0.0007907149907836254 0.9997947954548424 
0.4919917653528635 0.9774890624101518 0.7772407657730014 -0.014857433789925328 0.009463470404845456 -0.0005129481164328045 0.9998447060785512 
0.4921320452846356 0.9774922430474331 0.7761995417951824 -0.013317689975404149 0.009184051653511403 -0.00032595430733582133 0.9998690844719293 
0.4920819528343088 0.9773075755546906 0.7754883134499526 -0.006638673037776698 0.00687836081616688 0.0013903937277456825 0.9999533404004719 
0.4925106794441298 0.9768625313793297 0.773634956674074 -0.01404989919749654 0.021686147895140506 -0.0007615479399577017 0.9996658098418418 
0.4926789713020098 0.97633163619662 0.7729864197563089 -0.01921632291938062 0.013020441184679474 -0.0037586827980532833 0.9997234984476648 
0.49219414129922257 0.9762407815223767 0.7728865738173101 -0.022351571978770093 0.011986381097886944 -0.003906910964062253 0.9996706807469012 
0.49177026706705157 0.9761524642482426 0.772521552093956 -0.020693640794661104 0.012687802691486814 -0.0023188229254156633 0.9997026637724659 
0.4905877961917202 0.9765625076737627 0.7728173861156084 -0.013760723946005521 0.0086865751487878 0.002539776965891292 0.9998643585115082 
0.490167696464745 0.976644676864423 0.7718885118295016 -0.010992654296636335 0.010114819276192101 0.0032856665830908686 0.9998830213468121 
0.48963142086276534 0.9769680831927566 0.7700761192699513 -0.002307540593619114 0.01750788678155323 0.005439855941924475 0.999829263986699 
0.48987260616602024 0.9767053832191549 0.7689223516825964 -0.009193699128937256 0.009296154151889776 0.0030388929621934786 0.9999099072135825 
0.49030180076121455 0.9765845723604394 0.7679780947916182 -0.010099294750230347 0.009211953221395116 0.002572065735165101 0.9999032596412759 
0.49097544571548046 0.9763764625656256 0.767178814876643 -0.010010901927122616 0.007889784843731523 0.004026576018068867 0.9999106559204657 
0.49164381930510187 0.9760686986315076 0.7663669692918113 -0.015966107509321047 0.009161605500409188 0.0013184596296733372 0.9998296905272721 
0.49246070474955594 0.9756668541376308 0.7658117853258409 -0.018003194921220374 0.009473894981129235 0.0009940836764563616 0.9997925495242297 
0.4917109775758205 0.9756115135136553 0.7657048793474203 -0.015699197008307617 0.006125926117111836 0.0006412418079463257 0.9998577884136552 
0.49132336880569116 0.9756610145099006 0.7657528468440842 -0.0077574192822996105 0.006639704940944687 0.0032416281166758295 0.9999426126591111 
0.4912031293461381 0.9756354116264153 0.7652432505834135 -0.008234403386774773 0.007940733394984544 0.00393424374589734 0.9999268278629999 
0.4912779160130613 0.9755624697322246 0.7642645630316313 -0.00919726244676935 0.008633320681793894 0.004178972496170028 0.9999117022649384 
0.49162862412807484 0.9754873255110454 0.7629437881618918 -0.00978055497267143 0.009387969970371259 0.005227480622293739 0.9998944345332689 
0.4919637856027617 0.9754163103628145 0.7619400229046239 -0.00912739033327732 0.025687906675735735 0.008288398289950236 0.9995939798988938 
0.49177220005245753 0.9754338827078526 0.7619930726195379 -0.03766229072389768 0.006336835221775226 6.331987852945367e-05 0.9992704300475391 
0.4915462370694954 0.9753856654343825 0.762184516393522 -0.03209507815217592 0.006722002222720006 0.002031229663603512 0.999460151657172 
0.49191321053819237 0.9746255448318207 0.76067623930071 -0.016354660370162068 0.0072586557053455 0.0011747946194727078 0.9998392155037379 
0.4914419681754219 0.9747167749133061 0.7607536687984825 -0.009090097953042517 0.005650108369276684 0.0032598662292635853 0.9999374078745064 
0.49163614518849613 0.974189189623929 0.7602733266652535 -0.00773465631910806 0.006295616947652496 0.004934839762872513 0.9999380919113885 
0.4912182539652815 0.9740454366483408 0.7605750869085222 -0.009830192271923116 0.004431965938510544 0.0036929903840284316 0.9999350413001039 
0.49123556606211527 0.9735893207811082 0.7602723589639704 -0.007018856447038971 0.006771914703554883 0.005394479556769647 0.9999378862788104 
0.490950707312229 0.9733411487370607 0.7645370249332475 -0.00846576918243493 0.004495416417182097 -0.0019899890332627504 0.9999520798153446 
0.48947200396667284 0.9727004335032033 0.7854411202576248 -0.007126007763112651 -0.0048045703279670175 -0.017667993113677716 0.9998069704381235 
0.4853887653105991 0.9702699306672748 0.8232303301477023 -0.017966315827108826 0.01170657266290648 -0.021922969282269087 0.9995296649274285 
0.4828325388111286 0.9688503784142065 0.8672486190425664 -0.022663656385409948 0.022323258830861233 -0.019170944480934968 0.9993100148012745 
0.48036327822908875 0.9673356870049258 0.9111704696031061 -0.01180406842519621 0.018507097754544836 -0.012929588427916304 0.9996754358512575 
0.4801287008334173 0.9668791341284861 0.9484402142636462 -0.014696126691047272 0.01863382221570597 -0.005044952681624886 0.9997056331652605 
0.4816542694507316 0.9674853109937556 0.9772171728414727 -0.013543807863889017 0.0271120057386357 0.004070469486141439 0.9995323585014828 
0.4845954198661081 0.9685583215040882 0.9983265681445087 -0.011449356299437385 0.021662144291615625 0.009766188002511908 0.9996520821350383 
0.4882307416428588 0.9696522637218589 1.0120636507904552 -0.006688361558676351 0.01750617035874738 0.01337972564629017 0.999734856229721 
0.49239963872746556 0.9706954949203297 1.0217004531093186 -0.00965490493566708 0.015323004016703105 0.013419109405381107 0.9997459256537902 
0.49505324048483146 0.9709137704926963 1.0277874851239077 -0.0018744948017056229 0.019227613211808277 0.018270542074987958 0.9996464237177571 
0.4977179823549724 0.9721732466431392 1.0313667472661336 -0.015350734816635172 0.011361350507106906 0.012090409703804605 0.9997445156881023 
0.49844137097353874 0.971877746348219 1.0334195562177961 -0.008943395866324446 0.022078005666391225 0.013850351251773644 0.9996203004673202 
0.4987104305459278 0.9716303710477269 1.0335559019196605 -0.008836399507256372 0.025725544576261212 0.011978496386725056 0.9995582174262369 
0.49817532645859564 0.9718560190371387 1.0328623076007193 -0.016081148595635097 0.01449488338538536 0.010050639960778264 0.999715099241713 
0.49683838552931975 0.9710151502495321 1.0324184084517403 -0.009637860632564969 0.017852557462543543 0.010638655046637028 0.9997375739929317 
0.4958618616276683 0.9704023748997218 1.032187113528726 -0.01004413814179794 0.012374698976171477 0.006057785002542043 0.9998546321116388 
0.4941414878222127 0.9698271768387429 1.0319023753950074 -0.009624689007306075 0.008899895134975223 0.003986069173460906 0.9999061298345178 
0.493169730287401 0.9698881194841176 1.031355191933007 -0.013802082786621327 0.018220692968266713 0.00632279563348651 0.9997187259994106 
0.49165989653725917 0.9695829387607006 1.0313931281848117 -0.00808415505834788 0.00788247700844338 0.003732864164687465 0.9999292868589919 
0.4908880905530148 0.9697097785173168 1.0314465649044247 -0.011688574444928077 0.00827005102703974 0.003298028963665619 0.9998920474173252 
0.49051469041148776 0.9700781062786812 1.0308287501755886 -0.008166316738276993 0.01827119935728412 0.006367801425024607 0.9997794385013067 
0.4900649207234092 0.970311273331051 1.030517160134538 -0.009938077391220261 0.017381442564574266 0.00601815378282833 0.9997814270615287 
0.48922966821221503 0.9702326855689012 1.0299373388811977 -0.012394985157317427 0.021533874338032027 0.0048617359912281576 0.9996794586876813 
0.4894326158755375 0.9704079799781229 1.028510186405144 -0.018759295436884444 0.02277876014496891 0.003949633548278938 0.9995567104050695 
0.4889357033627722 0.9702418183840079 1.0280527220270372 -0.009737679488891843 0.010237653938392996 0.0032328119294179223 0.9998949529660796 
0.48918118886100415 0.9704122052958104 1.0263788404551972 -0.010326957719317232 0.016407036334765344 0.007159890425944013 0.9997864267292599 
0.4893133011646971 0.9701999832581676 1.0245372156905632 -0.011185236042808881 0.01788303754047318 0.0067976645996563724 0.999754409452133 
0.4889927615177969 0.9700737661902367 1.023111540090399 -0.010131301121380158 0.01750051461946448 0.006034152725783414 0.9997773140687499 
0.4887794752551256 0.969798459750777 1.0228526153433553 -0.013612376278313083 0.01141721931163246 0.0019443144376260746 0.9998402722218261 
0.48873936037140503 0.9697670947623988 1.0224706755050852 -0.013802777225061635 0.01083378004080809 0.0017904080789179345 0.9998444413956672 
0.48878032447624803 0.9697917305934457 1.0220029349726427 -0.015925651093033785 0.009190000864159484 0.002092826517526613 0.9998287541367008 
0.48904258064117384 0.9702245792023564 1.0213368337366653 -0.015803433979674687 0.01640589699877644 0.005195639791162121 0.9997270144120725 
0.4887927218954229 0.9701965402846959 1.0215275609729058 -0.011118523919958984 0.008152093875597177 0.0024412368816481337 0.9999019762725607 
0.4887203469483478 0.9704170447004731 1.0211519292351183 -0.012646945425714689 0.008533086812148564 0.0025773981586326286 0.9998802919447843 
0.4886846560116645 0.9706476410521907 1.0202589514455718 -0.008872913572532042 0.009165967463154501 0.003053277633504064 0.9999139632692863 
0.48858440418735094 0.9710082881880163 1.0188658414049312 -0.007565802687914399 0.007158826408701468 0.0032785242789037912 0.9999403787790002 
0.4882810220171428 0.9711977528609883 1.0180093070469942 -0.00517961977227923 0.02413943853027155 0.010976079536660821 0.9996349257226174 
0.48823633887421714 0.9714248584082111 1.017183444405513 -0.004744015780860417 0.024253886371899357 0.011390938624626921 0.9996296763438849 
0.48787022518613854 0.9716625973855303 1.0168659345062212 -0.004677984867917728 0.0234544936741491 0.010846027160341344 0.9996551239697129 
0.48755755830358866 0.9722687897797189 1.0168356288559603 -0.009100282234570859 0.006419922142708949 0.0018940023256220997 0.9999361890731444 
0.48717223803537074 0.9727691581955695 1.0165481415348459 -0.007752417953042759 0.021824231870078526 0.0036056766137157552 0.9997252632675238 
0.4860461206391859 0.9727621882498498 1.0166353221405433 -0.008051678348124147 0.006868797679374662 0.0011130171443141808 0.9999433740402777 
0.48553083149180426 0.9725895147042413 1.0163461977301884 -0.005589930671780686 0.009886632280596797 0.0007754432774789067 0.9999352008330121 
0.4850233943015814 0.9728042337872711 1.0162544088017083 -0.0040548418068975635 0.017076767965021975 0.0048805757837381706 0.999834047346763 
0.4843814539883994 0.9729029256432034 1.0169434083610045 -0.008292311381167115 0.015898614437608958 0.004473986461193473 0.999829212953926 
0.48382101648668024 0.9728512758879321 1.0172497527395494 -0.009157746980904808 0.01764048943871459 0.004246821812819848 0.9997934353190596 
0.483359774885166 0.9728055535310753 1.0171649205594675 -0.010164934872786847 0.020367765042578027 0.0038721591542781454 0.9997333817722035 
0.4830315500401233 0.9723421941758715 1.016204622642685 -0.017073580894489224 0.011484451648369967 -0.00041582571038428865 0.9997881912158966 
0.48280069625975064 0.9725456541888665 1.0153910292433033 -0.0099616719307469 0.010821007940246537 0.0011272305357088736 0.9998911941960589 
0.4797019877645177 0.9726424607023226 1.0131700510888615 -0.014617385628772617 -0.06745832844399005 0.00034985584412235653 0.9976149475432948 
0.46081431214166135 0.9727306411905998 1.0109502819552263 -0.01061322896932255 -0.13706804862956398 -0.008781482720212298 0.9904658474561164 
0.4195020406809831 0.9726785978325299 1.0061905696270947 -0.004958995645974383 -0.13623992158747325 -0.010453140226028319 0.9906083100738845 
0.35075271698712857 0.9721857799849135 0.9992159637743614 -0.007392050096510939 -0.11147046604297248 -0.00743335918563531 0.9937124523556855 
0.2595219625100983 0.9712752009760652 0.9938766863048523 -0.02027037968582594 -0.06659855448356251 -0.008711690504914155 0.9975358894278636 
0.1491174996877043 0.968951539308635 0.9926350670394114 -0.002781610819596932 -0.03272455444660268 -0.004153173080226349 0.9994519084632764 
0.04453255132057996 0.9685118666233522 0.995566235668827 -0.028614726438202478 0.004577819310857391 -0.004450878343762676 0.9995701229444551 
-0.06430032666212335 0.967646700691044 1.0014718325466583 -0.023935318662336724 0.0092706743108432 -0.0025038491253672386 0.9996673876134562 
-0.1684210811353097 0.9678883569096622 1.0091148216049193 -0.020094397196070216 0.038862027708797625 3.726182406740719e-05 0.9990425199235735 
-0.2665857481637973 0.9685438332005862 1.0147057502394639 -0.023411272880809138 0.07165700915652928 0.0033683944568621985 0.9971488551162381 
-0.3451479206966845 0.9698322546234043 1.0178804796138492 -0.02211583730227857 0.09104382351473313 0.0073144240685150816 0.995574412658734 
-0.4056248715439653 0.9713288684145808 1.017988293907583 -0.015625206906486933 0.09078102235832634 0.009677596284623158 0.9957012619349532 
-0.4471310185211589 0.9730893218267059 1.0172539071574715 -0.021875748391276602 0.07599237457819952 0.008148583655450943 0.9968350973068205 
-0.4761869407680332 0.9746504345702979 1.0150854194127814 -0.014551674146571374 0.06635425059627897 0.008716124664864608 0.9976519389938381 
-0.4938431142813336 0.9754433059816712 1.0136309930245073 -0.025328340398831296 0.05652839718004798 0.00921714767673532 0.9980371033551814 
-0.5051865296728557 0.9763660005778111 1.011133620498696 -0.0222930989089741 0.028739165982196974 0.004884837101893217 0.9993263813420371 
-0.5107679045691527 0.976355551669787 1.010079769985743 -0.019748538587296065 0.02227144442737064 0.0027416979247746687 0.9995531306935485 
-0.5145544152311574 0.9757730635059109 1.01096297313074 -0.010931395742733427 0.03302544026944652 0.008132615317508585 0.9993616389727107 
-0.5174055852489277 0.975116427957851 1.0102129203281955 -0.017693397581339778 0.011305645399754996 0.0022340168455591254 0.9997770427614636 
-0.5196453414948683 0.9742613566052865 1.0103753341743231 -0.016511025051253417 0.01582593833548739 0.0036182249861852777 0.9997318811438933 
-0.5226389843377163 0.9736221287770189 1.0098138338601097 -0.021185550478474147 0.007623098191690445 0.001966581840594978 0.999744564066616 
-0.5243119692042014 0.9728865834777619 1.0098154469443419 -0.019879087548318467 0.032441661284236804 0.006333694263695428 0.9992558455212255 
-0.5263630422150934 0.9727372508154901 1.0098839050796649 -0.028899596990979146 0.019464408323664525 0.0028875066411182975 0.9993886193107095 
-0.5280556546418165 0.9729567032904273 1.008874387492394 -0.0157185050746495 0.01527392471300586 0.001913658793617668 0.9997579575737826 
-0.528596598365884 0.9731396673398598 1.0086352977340982 -0.018951833646554634 0.02063120305865142 0.0022343108584732974 0.9996050166524645 
-0.5287036003818534 0.9733668171543566 1.008719636708864 -0.016503264736725393 0.019194025469101914 0.002678844277672132 0.9996759752202996 
-0.5284929235980944 0.9739966310618497 1.0088602261717607 -0.015445151234552605 0.018551016273374025 0.0010527536173612275 0.9997080567887747 
-0.5278152043962122 0.974429591285753 1.0086347494664762 -0.01702871345956097 0.013630798352281 -0.00010429875191253634 0.9997620783846335 
-0.5268567773908104 0.9746484009774184 1.0103236206149733 -0.02713086761095058 0.021092194172824714 0.00243518686666872 0.9994063764218124 
-0.5259605921193723 0.9752764250679189 1.0098672509774178 -0.01733004760945388 0.02688942009895435 0.00478345914752227 0.9994767366253104 
-0.5251250745337268 0.9754319612575821 1.0084831549256708 -0.015819879103624583 0.02157277677774098 0.002716222238204795 0.9996384190616111 
-0.5243960950391046 0.974944232587456 1.0085677981961783 -0.02272211844300815 0.0245249508052696 0.0027782073535502307 0.9994370984135829 
-0.5244801267024264 0.9751605610489078 1.0072138901349341 -0.01684432836247775 0.012524913326202708 -0.0006887157386805597 0.9997794360851895 
-0.5241187034519044 0.9750666028399699 1.0064203474720979 -0.020347115090820628 0.012404385269863028 -0.0007839482752714203 0.9997157153704544 
-0.5237057450732165 0.9749335501280444 1.0063624954635382 -0.014934319563602123 0.017167157555506306 0.0006165123478873762 0.9997409037911581 
-0.5233804490040397 0.974803737949973 1.005876631165817 -0.015867616555292192 0.015813032451413637 0.0008075196080926311 0.9997487257614421 
-0.5231358743345917 0.974762388958864 1.0043745734271887 -0.02187551601525538 0.009225593917703456 -0.0016849138584929173 0.9997167155155612 
-0.5226959266684519 0.9745195041888988 1.0042399143442535 -0.019664706081424222 0.013666451918271962 -0.0004901154206819537 0.999713102451684 
-0.5229231451066941 0.9748131698813294 1.0047609228737597 -0.016124540428994107 0.015947922618400407 -0.0006793464781652172 0.9997425675885138 
-0.5231656923219318 0.97484263849408 1.0044143575554727 -0.022169250683378494 0.01214404227847002 -0.003388456214656896 0.9996747295624501 
-0.5233151836040459 0.9749005748498482 1.0042190431817073 -0.022364538586833432 0.014876771328137958 -0.0037140370031438857 0.9996322899035363 
-0.5231935376977873 0.974974369981208 1.0044820259928766 -0.017817169144013958 0.016891017351078407 -0.002182038653778998 0.9996961942129482 
-0.5231708138532334 0.974990332070345 1.0043155762318519 -0.02185278593694188 0.014210715461357461 -0.0018792556797696625 0.9996584315209673 
-0.5233319299207453 0.9749720564143797 1.0035979986393762 -0.017736994466520533 0.011185977520073637 -0.0027752557964078025 0.9997762604150389 
-0.5235598585541796 0.9748996949868934 1.0036416985108734 -0.01640371008323181 0.012292557397380425 -0.0032619838211309037 0.9997845621881187 
-0.5232507699608137 0.9742725258807894 1.00486027948673 -0.027780048979558596 0.02234143589844323 -0.0006160871246670657 0.9993641726404564 
-0.5237981141159159 0.9738787362079531 1.0054506937007472 -0.023573724122267235 0.02524689989453486 0.0008575094809749395 0.9994028908574423 
-0.5240320486511909 0.973601316570124 1.0047192102332159 -0.027063995115377996 0.024882662073326962 -9.728528802693602e-05 0.9993239634033161 
-0.5248024384259877 0.9737264226582415 1.0025075524597062 -0.01876114024081765 0.010568982154194535 -0.0016147740232923472 0.9997668271841902 
-0.5251271890681977 0.9734537284376366 1.0023122489979763 -0.017350413475625295 0.017864591319463562 -0.0030901411160371554 0.9996850856930378 
-0.5236375848616082 0.9700635937153298 1.0018686828864156 0.07151247002670774 0.07028260995954501 -0.002696338309149957 0.9949568086744652 
-0.5105321644098055 0.9535053456037214 1.000359332223464 0.14260356420995152 0.1612489420438439 0.0012578105689036072 0.9765558970570667 
-0.47341164917658485 0.9085902916830275 0.9949359603313264 0.1420596590958008 0.15039946710256272 -0.009498791728299427 0.978319388803346 
-0.41849294703330164 0.8422701618990589 0.9881990253231248 0.11857780333797009 0.11550604413502046 -0.016652561537243076 0.9860630560557823 
-0.3409212782897213 0.746103830214412 0.9831100130841582 0.0729804972984757 0.0619996009886987 -0.02434031483872182 0.9951067508387537 
-0.26700044920859567 0.6470794789941477 0.9828339671388043 0.041306035635671326 0.004341802896480589 -0.024705582153993096 0.9988316146268624 
-0.19492976920656974 0.5379799512195238 0.988414219189834 0.008798674883075508 -0.0383850993315145 -0.022491434323190836 0.998971122131014 
-0.13561924744418696 0.4289645318004363 0.994083008911372 0.010730893308463971 -0.03704038371984824 -0.016971912612374542 0.9991120117809448 
-0.0909026987296992 0.32428508208534895 0.9997062849961492 -0.04314547020098218 -0.05276722413059808 -0.0133335465261624 0.9975852369575856 
-0.060344056529285754 0.22982575686847723 1.0032110370991194 -0.07005137061218195 -0.03493717628235441 -0.013547618089274953 0.9968393357170842 
-0.042342718554929895 0.15031060161637175 1.0047374454106115 -0.08673701866445917 -0.025917828610668665 -0.00805843661886945 0.9958614448569485 
-0.03309569334102227 0.08725860932983541 1.0034930622098095 -0.08833457038381055 -0.007195722292292514 -0.0043662712166805525 0.9960553001372274 
-0.029107870967876464 0.04126851012646233 1.000912585806723 -0.08629584774880575 0.006217098819542713 -0.0031172884825047442 0.9962452794649016 
-0.02881099284061803 0.009011861927173103 0.9988204819022972 -0.07696505851588722 0.011020993695484227 0.0012924845934772669 0.9969720392012936 
-0.029267153517516242 -0.008477341337309048 0.9983250957667088 -0.06070218931235435 0.021591985818074273 0.00399266187305974 0.9979143695790169 
-0.029436060897768325 -0.01818915759705298 0.9989958488152363 -0.04564454833967637 0.020759006458392917 0.006550166836754366 0.9987205485881113 
-0.029554669912927215 -0.022274471823476475 1.0012107805334405 -0.021702866877014663 0.019526805563362486 0.006128731401138229 0.9995549650145419 
-0.029422592113065246 -0.023325670262563446 1.0029901867444784 -0.016471692438748634 0.019753476544066326 0.00923802211647238 0.9996265014794286 
-0.028601304662186043 -0.02340246451151313 1.0050707519196038 -0.014882555246176625 0.01893648539830208 0.012336039736386787 0.9996338035469422 
-0.027274682791355434 -0.023524352154006067 1.006999890922271 -0.013835560438671644 0.018697171870120065 0.010380476748667105 0.9996755667384681 
-0.02633418690418024 -0.024493558219908933 1.0085385708083126 -0.012778741957371222 0.01653630240393368 0.012686130645317647 0.9997011136064832 
-0.02521114406942838 -0.026424615356631858 1.0090201634466993 -0.012163158493956086 0.017351150284169548 0.01173291144242702 0.9997066239394192 
-0.024832421270043224 -0.02789851405052279 1.0093776088414206 -0.0179700481713309 0.016065596731107416 0.013029530636670932 0.9996245321628424 
-0.024826089633969275 -0.030121920776282184 1.0089674538731752 -0.008580599517103495 0.014313516567981303 0.011755862682451355 0.9997916264142127 
-0.025388772711671666 -0.03106295369174514 1.0076241983994918 -0.021214667263834412 0.015498067769125044 0.012809088806577933 0.9995727462432404 
-0.026119115651312738 -0.032300527967459795 1.0065213192137066 -0.013862756259849188 0.016843893545754697 0.013397738293245103 0.9996722502139014 
-0.027065578110139668 -0.0323302646971945 1.006097281325023 -0.019677116608668256 0.018957633760731427 0.01312414588872277 0.9995404824212246 
-0.027693527491845237 -0.032277201660942965 1.0062317863197587 -0.013514821806891704 0.015548425062535554 0.008983388653094697 0.9997474154994902 
-0.028553430564710457 -0.031052011103476718 1.0055703312489785 -0.021503357515732388 0.020295992682477625 0.012693944736902297 0.9994821369407259 
-0.02925074929531044 -0.029916887066080887 1.0049121664878207 -0.01896873476868531 0.018437077399049064 0.012907616888294572 0.9995667334923276 
-0.02960956209216454 -0.028853287600113568 1.0047914748757751 -0.011494557645761272 0.020625730433184313 0.011846480483687787 0.999650996742751 
-0.029810305924252246 -0.027553228851145205 1.0044669460567748 -0.017226575225227643 0.018454867580282034 0.009543168821809571 0.9996357291020777 
-0.029909663744890756 -0.026896820084031933 1.0045495932077242 -0.017004060578951718 0.019129067592981747 0.011032718851926268 0.9996115344530518 
-0.02984728260292631 -0.026465774843108494 1.004688014707058 -0.01733956402174359 0.020773862965258374 0.009086350985981288 0.9995925291651575 
-0.030005411830408158 -0.026437682345466014 1.0044621024651097 -0.015316479077620163 0.020791284784381647 0.009924643766432763 0.9996172414438383 
-0.030104809688843867 -0.026392869601524125 1.0038335948263009 -0.012630365219227793 0.01786408858298936 0.010524853691065391 0.9997052443937212 
-0.030154933197782507 -0.026279996912222388 1.0031121769780493 -0.014566183701726758 0.019400945942810218 0.009499160019229192 0.999660540157418 
-0.0304709017528247 -0.026874147081356683 1.0028961563749113 -0.01604069215164358 0.016022048476547132 0.01002038054317762 0.9996927438626737 
-0.03027997759156275 -0.0270853210097622 1.0026536073614365 -0.01797875745621165 0.016635465513245802 0.011054377167639295 0.9996388479410572 
-0.02980577940212268 -0.027312595293307443 1.0019149694512455 -0.015617168973863045 0.01823144854306843 0.010221237292520778 0.9996595643645257 
-0.029651556014683736 -0.026965022024916505 1.0013767467607686 -0.01971771796684478 0.015604646181726614 0.01322552241095219 0.9995963146053913 
-0.029456023489658534 -0.026994220551706742 1.0009599639790823 -0.014135317419635121 0.018176421640131227 0.012106144236652882 0.9996615686168633 
-0.029521589745404534 -0.026646867056591236 1.0009525096966243 -0.019464608351612768 0.017207806868127003 0.011823773208252926 0.9995925263784375 
-0.029254027132915847 -0.02628000754530684 1.000676635503808 -0.022899080463955293 0.018729807684721902 0.010873066925157153 0.9995031780007705 
-0.029366755485113197 -0.02631168349120153 1.0006882707760585 -0.01861657069136032 0.01709975856127216 0.01091854503926492 0.999620831579187 
-0.029297560920512864 -0.026071959404771743 1.0005217678581373 -0.0181785483354185 0.017069266240530352 0.009399597589837622 0.9996448509823757 
-0.029419348589053877 -0.02596194354630447 1.0004292511330681 -0.018189391015100476 0.018512690555707492 0.008936538250004265 0.999623211328646 
-0.029343294865601235 -0.026013994073892682 1.0002542591148307 -0.020333196800219708 0.01782849625331435 0.008786914093616437 0.9995956662420764 
-0.029764158636799543 -0.02596398233239293 1.000099101349013 -0.01769342557554897 0.016667015785700373 0.009414740404533755 0.9996602002377193 
-0.029960601417800603 -0.026100557266397532 1.0001000074575401 -0.015380581690706078 0.016806487181911012 0.009619543353259716 0.9996941752761864 
-0.03014382328798806 -0.02624233652443884 0.9975554403290922 -0.015824082340424022 0.018087036029120197 0.00813340732693902 0.999678100805964 
-0.029999843034033163 -0.026217618266756552 0.9764601712902399 -0.019693572137822038 0.020933852416390286 0.012269830831994373 0.999511574865852 
-0.029023498182738975 -0.026679193689360843 0.937656895821704 -0.01969121327992401 0.018331059619206693 0.01634208961478959 0.9995044594596983 
-0.027359618746403334 -0.02667134151665597 0.8923117595074977 -0.019362356397383863 0.01915210830110691 0.017081876045503125 0.9994831191236446 
-0.02562550489290291 -0.02707765952204157 0.8447466882170634 -0.01721979178539527 0.012989326280065725 0.015921073917631083 0.9996405731956697 
-0.024425793707081145 -0.026932352467146467 0.8044888216319039 -0.016129492050071956 0.011650545629272625 0.009585540614623356 0.9997560810937197 
-0.024920579827906523 -0.026629282649521448 0.7743426449072067 -0.01463833644843109 0.008979343177986793 0.0009308769926823793 0.9998521010480195 
-0.02666206191127284 -0.027086052314370366 0.7546453673319393 -0.01477359163589986 0.011204421763464084 -0.0015397856390867244 0.9998269005099372 
-0.02940811291252793 -0.027326605827143014 0.741500485751587 -0.018504157854879594 0.017013612643868706 -0.005147759482479906 0.9996707626509823 
-0.032340699782219574 -0.028322584096317813 0.7337715420728566 -0.0200420784195649 0.016664471752173983 -0.0050601475512098565 0.9996474405412166 
-0.035288452739727756 -0.029078449373580385 0.7295581189388842 -0.02152567438782585 0.019876375698576476 -0.004058855803582232 0.9995624546374299 
-0.03744330519221587 -0.029711653782313902 0.7274170198856845 -0.0182117214868494 0.023284190658272936 -0.0018907670985887472 0.9995612060627671 
-0.03923934582458497 -0.030537259366773345 0.7266022418120168 -0.018444823994164593 0.02319090997530931 0.0003219157861939748 0.9995608368341409 
-0.03979563699371766 -0.030621134676869083 0.7260933052840418 -0.015032893617788054 0.02155241869747132 0.00272287269410347 0.999650984755208 
-0.039391609941325234 -0.030954918706366914 0.7259942018530513 -0.021713410554103 0.0197466824156485 0.003104995579330471 0.9995643827878907 
-0.03859837018802703 -0.03144237013463537 0.7258628105479371 -0.018242140218598584 0.022193932364926214 0.0030712563390300003 0.999582523392104 
-0.03802112085446047 -0.031583477093527 0.7258043034301138 -0.02390822160455861 0.01965978172025091 0.005985276489207541 0.9995029096444729 
-0.03724848888056608 -0.03157067983203987 0.7257679081056657 -0.02115713277317313 0.02048328708298855 0.00623489232898092 0.9995468657350391 
-0.036234880903573546 -0.03165250509317127 0.726344536217976 -0.022881402132223935 0.01910359702729177 0.0076003784750681485 0.9995267521502954 
-0.03563847829738798 -0.03191699805345565 0.7271265825724378 -0.016041969841761893 0.015660573606410957 0.008581984991106184 0.9997118340659605 
-0.03563984729555475 -0.03200095921061509 0.728577667933641 -0.010509144571605292 0.010516778140529284 0.00859687467845767 0.9998525136257241 
-0.036088857979546106 -0.03208979493200182 0.7296611087628115 -0.02101984212064293 0.019236000014157584 0.0066970593488365395 0.9995715541854704 
-0.036911403129175895 -0.03306512245536606 0.7300033460067257 -0.01747754231125048 0.015860309845351715 0.0066552244393569965 0.9996993018273194 
-0.037232826602704355 -0.033819541336704596 0.7301150875919804 -0.015186357080110166 0.02223857164727894 0.007331306366363854 0.9996104603477731 
-0.03690730293156369 -0.034181663824887784 0.7298088512411748 -0.020439242650555325 0.017628014639264857 0.00863492714011917 0.9995983835986503 
-0.03665050682980036 -0.03421293078338384 0.7297321198126115 -0.02217093942810681 0.01696744083376245 0.007220618456690305 0.9995841225557411 
-0.03604581448254928 -0.03420102654121899 0.7289520710916473 -0.022777548310998114 0.016101902169977166 0.008084500446795881 0.9995781874830875 
-0.03568906225516638 -0.03398732103015869 0.7291286231534427 -0.01887612772270943 0.016586243832912673 0.00827436546532125 0.9996500003470502 
-0.03544417202425834 -0.033494394385586275 0.7299389131966706 -0.014407483392745083 0.013888409834431766 0.0062649758719972954 0.9997801191121386 
-0.035386766885961624 -0.03253646517749678 0.7310927270223574 -0.02180844785152357 0.014951285858387441 0.005454960741142901 0.9996354805912007 
-0.03541533824931127 -0.032500534704105306 0.7319676958419944 -0.017560482767395965 0.018450147701805315 0.005479200063483513 0.9996605423149509 
-0.036030811114693834 -0.032838061225315116 0.7325262523967755 -0.016190005394798975 0.015910387695327627 0.006851565025001551 0.9997188601528977 
-0.036534993396939275 -0.03283409841341878 0.7331143938865472 -0.018105719580183227 0.016545640583006914 0.007921599658450747 0.9996677812928818 
-0.03679067707061458 -0.03314658843287699 0.7335344581724105 -0.022570510974387618 0.01709556151949332 0.007461034129121329 0.9995712314689796 
-0.03679891671411107 -0.033284379272256054 0.7342192597916922 -0.023430847287879513 0.017528314115385888 0.007011731855864508 0.9995471920905116 
-0.03645517442809701 -0.03325729091176541 0.7349862411087028 -0.021561126165985784 0.017518406217050246 0.006420394740509008 0.9995934182523637 
-0.03628836286021063 -0.03329350609209744 0.7352484631048052 -0.023045202721492217 0.016600141092564764 0.0061520592467867235 0.9995776638732262 
-0.03633117043435541 -0.0336217897716789 0.7349993425743305 -0.016657556319785417 0.018585230139578225 0.007450071670648793 0.9996607481892116 
-0.03644598223481517 -0.033584551016800565 0.734997610512938 -0.018134094028550162 0.01798053403744432 0.006679639922273289 0.9996515580140917 
-0.036537159064043784 -0.03303004516042843 0.7348912038201609 -0.019990855855639162 0.01608549922331365 0.00523820489710097 0.999657032989991 
-0.036525546406248374 -0.03242896975769057 0.7354661843445216 -0.019993441552954287 0.018047248072435382 0.003170456999068938 0.9996321860235882 
-0.03631611742634067 -0.0323167836435806 0.736403252508514 -0.014452100811891537 0.013368741850548623 0.004114630060602641 0.9997977212131066 
-0.03656427082374947 -0.031314416790894146 0.7376424572615204 -0.018760927880384186 0.013794008082636476 0.0004529013281656644 0.9997287371114577 
-0.03674880512134392 -0.03101824666702975 0.73773100465068 -0.01955636947550657 0.015169699363027464 -7.295134534214593e-05 0.9996936647354899 
-0.036515211116908405 -0.03015577791930065 0.7379833780589035 -0.024645725793066654 0.018174663478957492 -0.0003575311569589172 0.9995309609907196 
-0.03651641205048937 -0.029608574613710838 0.73811315864755 -0.02064697414935664 0.019853186521627927 0.0010051441006600273 0.9995891871807889 
-0.03640725257393087 -0.02946480126707686 0.7379702156215202 -0.019885125589521244 0.02030176942013469 0.001478376346599099 0.9995950351727836 
-0.03648746765290196 -0.030042908643520688 0.737466033073829 -0.013714172061631776 0.016296836277070886 0.002859419324442531 0.9997690524982004 
-0.03642240597408866 -0.029781908331024506 0.7388518848091707 -0.01830422113938474 0.015858565618186212 0.00035314993003111666 0.9997066253007135 
-0.0361974378671471 -0.02997098304264344 0.7396941576914127 -0.019722247099587857 0.020444936830618675 0.0013836643469732617 0.999595479681811 
-0.03572258611357578 -0.031033050122497848 0.7404125908276289 0.006766014474654611 0.02318332195046729 0.00015962245747536892 0.9997083220380537 
-0.03207195673508484 -0.03996339248322904 0.7288586539305945 0.1354442431792757 0.09229256910673315 0.005772255943419514 0.9864601460467604 
-0.020551990337311647 -0.06475105737204402 0.697746498346651 0.13883308493595195 0.09049445078022109 0.0038693701111525837 0.9861648730714838 
0.001525758457108054 -0.11492764931577894 0.6492015103845716 0.14763779288596873 0.07031535927313744 0.0017418662077540712 0.9865372766723839 
0.032234410255269984 -0.19014646705246618 0.596367276598871 0.10273799993907125 0.05111527227838268 0.004636430919970401 0.9933834283984964 
0.06789616562784749 -0.28650416061827283 0.5490305390443878 0.07728486244151077 0.018495594555939708 -0.0019918993313563105 0.9968354906184234 
0.10160373924798512 -0.39402646941402664 0.5100874360318377 0.029461997923246434 -0.0008216149402617975 -0.0029736541344174104 0.999561140205215 
0.13057720297465053 -0.5113318616731221 0.47222668661986794 0.0015536456615432835 -0.008526718625945834 0.0006730186000518251 0.999962213436386 
0.1495482814337349 -0.6158400170221294 0.4425594992348355 -0.003197696801085294 -0.013083910729033628 -0.0007480607971350084 0.9999090090704488 
0.16310386231546117 -0.7261528753074126 0.41484070767339604 -0.02604177910804866 -0.01112991226303594 -0.0035234262295114117 0.999592685178073 
0.16863289135848897 -0.8186394357762614 0.3954305552826033 -0.04570695054880301 -0.00047477226381269607 -0.0017005444789316242 0.9989533309475984 
0.17077149955412316 -0.9045955827695258 0.37425198074276866 -0.06279923612325315 0.006560901694979631 -0.0011968334960186487 0.9980038968365141 
0.1701125385254133 -0.9806801018200436 0.3499562572410787 -0.06955684168495925 0.018012018392560242 -0.0021484206042463923 0.9974130524798374 
0.1694637975779835 -1.0378014848366408 0.3247459410428059 -0.08796398883441744 0.014949256248505554 0.007181576098337071 0.9959855829130755 
0.16975203133550645 -1.0787864602958919 0.3019161991112923 -0.07709271862238926 0.02695896878165663 0.006108873805697323 0.9966406616220638 
0.171139215439089 -1.1047981586679128 0.2858647445724778 -0.06014260775359167 0.02331508108580849 0.008409787830485453 0.9978820317027489 
0.17314290829665754 -1.1219163732251263 0.2688266733626388 -0.038886073096382714 0.015425706521424531 0.009775526930890583 0.9990767537935618 
0.17578782182533598 -1.13227907307949 0.24858973993938024 -0.02920124978494915 0.009878188010288218 0.010757837769390254 0.9994668465432748 
0.1786729946159686 -1.1391537865426364 0.22689748269075968 -0.019719921466686715 0.011246538779206835 0.016907241523026313 0.9995993123481616 
0.18055588742030537 -1.1433811328387742 0.20653266780096555 -0.015253101599893099 0.021594378482012535 0.013859877086270055 0.999554365463286 
0.1839153750896309 -1.147226847370342 0.1883020166980089 -0.01154541738338273 0.00813792258797367 0.016313098490061434 0.9997671530766797 
0.1858044457159096 -1.1508245385238824 0.16886291766876868 -0.01257658070963561 0.00887259080080118 0.017152978340653248 0.9997344057719434 
0.18649484891189197 -1.1530535848276426 0.14767941668427217 -0.014694115242375556 0.007182724489395807 0.01531112813499915 0.9997489988999173 
0.18667759562389563 -1.1548214771128738 0.12463252562885617 -0.03310381179710584 0.020343603225208687 0.016001905874052334 0.9991167171360487 
0.18652643796751447 -1.1541053159214008 0.10120564560788813 -0.028083516044090543 0.007490343277929848 0.016411514318475165 0.9994427812946345 
0.18478047088116129 -1.150045771226691 0.08322810176988256 -0.0010599692728182832 0.013323807376420157 0.018507308916244802 0.9997393821085651 
0.18177688395310077 -1.1451138138268637 0.06353021937802772 -0.008779892966420507 0.014673635384854266 0.022044994779644462 0.999610732289953 
0.17891149342261572 -1.1413353095916214 0.04194325421817428 0.009269141354816378 0.02675916304538683 0.029755194063933843 0.9991559731282562 
0.17593658017805866 -1.1400885201189777 0.01948057390959933 0.005432717817545792 0.019630163446438947 0.03378349936648862 0.9992216057665765 
0.17379547071437876 -1.141407195673281 0.007343740935522588 -0.008808215208855465 0.014640150491041882 0.02755381407103691 0.9994742961520185 
0.1730567983961987 -1.1439064722588497 0.007914637723014546 -0.0036103143144374703 0.028669809000083774 0.021257623554846467 0.9993563534211659 
0.17399925812027894 -1.1469556403192618 0.007265638296418537 -0.0122977719601804 0.018101030518465448 0.01725869182485254 0.9996115520818474 
0.17563931737968702 -1.1502882857282677 0.0017376400553068122 -0.0021956805928625696 0.027851452157554836 0.012873267637274947 0.9995267653143605 
0.17736043177116895 -1.153792058269513 0.0021355983751581557 -0.018674598392918993 0.02108205214133658 0.014454782865272775 0.9994988072552619 
0.1806079986585523 -1.1568255647417207 0.000869156015885747 -0.015480058235922162 0.019830949771331603 0.016982534010933265 0.9995392412340532 
0.18344965590549833 -1.1594280106131105 0.0004844703267234598 0.0017169828627837127 0.008017431856400178 0.0111148843738664 0.9999046115013335 
0.18516793622152228 -1.1605107994724753 0.0009456934138589679 0.0038478607500129756 0.023129068820151734 0.005960977741744246 0.9997073106102224 
0.18517892106566167 -1.161107994711294 0.0008707098819530081 0.0015270777230812188 0.036724593709317424 -0.009429364467130491 0.9992797703027212 
0.18488600373410913 -1.16118346130765 0.0012469845960642273 -0.004459385160048983 0.0217877487485152 -0.009113778929108992 0.9997111317386125 
0.1849094899188255 -1.1612032630097306 0.001128196488411366 -0.005855931005658124 0.02115555108253186 -0.007840271983362722 0.9997283035233515 
0.18374161172065276 -1.1607583317901142 0.0017395711968034898 -0.005374776850083136 0.034154940947981376 -0.003836808125742323 0.9993947321684551 
0.18369500933403823 -1.161541272984816 0.0017260433254883006 -0.004023051481643088 0.022478849223016576 -0.004151952326748977 0.9997306025556392 
0.18430454264447738 -1.1617605636729031 0.0010581635987339704 -0.001634945263791046 0.023055246099277265 -0.006860699983784205 0.9997093144394619 
0.18412280273311868 -1.1608121494809596 0.0008563415997424864 0.007693216906032142 0.023538841650081972 0.0025680569780373815 0.9996900231725666 
0.18297136160324443 -1.1612901993863363 0.001605192819256768 0.01565959634240419 0.01818448916731316 0.010008573092470805 0.9996619077772092 
0.18316125902686892 -1.1613043861262442 0.0012831896327951439 0.013518129734650613 0.023549450454063155 0.01272740471361146 0.9995502472217416 
0.18337351738940155 -1.1611257796277665 0.0012256672587124798 0.006800730228235237 0.02728507960236347 0.012499481571294305 0.9995264065845907 
0.18273130870910667 -1.1613941926854519 0.0020368249495814512 0.007116571215976015 0.01883049760355622 0.0026649611600319395 0.9997938111211461 
0.18274028642609602 -1.1614972480517793 0.0011617448180922044 0.004584350144767427 0.010083272488716332 -0.0026884167353515565 0.9999350397726472 
0.18330096980169552 -1.1617102546659153 0.0011663958870141728 0.004139462852681428 0.027936762706994932 -0.0045269305976163585 0.9995908708247133 
0.18292577372230018 -1.1614842261679634 0.0010704966998305477 0.0025203643423360516 0.007085380640170341 -0.006098997073020792 0.9999531225909888 
0.18295783768529109 -1.1615179273630134 0.0009210919785806963 -0.0004439653853674623 0.016935337010736996 -0.004148005824309408 0.9998478840817492 
