0.13730586309930498 -0.23481425258089134 0.031750076330495036 -0.06557882656199969 -0.00885794639183017 0.18592646313426564 0.9803327519770281  738505.4749236244
0.13729556301841453 -0.23482623838017225 0.03181571583381611 -0.06413562604936775 -0.00846653608528119 0.18580252252899457 0.98045518095415  738505.4749248965
0.13737501240974412 -0.23484216736132943 0.03166420298058239 -0.06735681891037704 -0.009633839601385842 0.18532589177172448 0.9803186022512399  738505.4749259843
0.13727684795277792 -0.23480231133136228 0.031826780692297135 -0.06350418737358872 -0.008219668699956944 0.18621502616450192 0.9804201238566235  738505.4749270591
0.13741641458475348 -0.234881801647508 0.03159371194448811 -0.06887127418174473 -0.010025906845774823 0.1843627916287583 0.9803910392528861  738505.4749283408
0.13728306765135417 -0.23478547668307426 0.03180328284395977 -0.06435385966673039 -0.008689176288119766 0.18644861091853904 0.9803162726630503  738505.4749293991
0.1372306540084016 -0.23478703683721716 0.031978767808803404 -0.06085078428031382 -0.00737768640363871 0.18658232904104624 0.9805252604014948  738505.474930647
0.13729687169300567 -0.23483052112378305 0.03183219096189196 -0.06342689995666675 -0.008070563279515348 0.1858051447661725 0.9805041267371902  738505.4749317061
0.13731822643641153 -0.2348061982510724 0.03169181833098876 -0.0663463878530752 -0.00925121941310579 0.18598779227889642 0.9802658378630983  738505.4749329687
0.13736642314844194 -0.2348408111470649 0.031651908618023784 -0.06754170742639823 -0.009450139237797767 0.1852177114745247 0.9803281144506939  738505.4749340471
0.13727231864365638 -0.23485663554495084 0.03198335946174441 -0.06271547906969763 -0.007820641783476944 0.18562182201604854 0.9805866333162998  738505.4749352883
0.13719383846183814 -0.23478960941917273 0.03229870254435722 -0.06017119344961146 -0.006938660741467849 0.18626112526613017 0.980631467820893  738505.4749363558
0.1372790547215236 -0.23452044300749111 0.03246784808981415 -0.06999284671060182 -0.00971742997312235 0.18629303442453501 0.9799497325317064  738505.4749376234
0.1373246167650742 -0.23463405880486454 0.032637566016009444 -0.07068023770600125 -0.010517210303285654 0.1862185467272865 0.9799062940608337  738505.4749387035
0.1373293372792246 -0.2346811513093885 0.032858153234504354 -0.06476040798052145 -0.008888639590170989 0.18739946948535424 0.9801063822264603  738505.4749397777
0.13708163359087155 -0.2351343595117112 0.033172892537016135 -0.04558658509947005 -0.009532408566047656 0.18213343836591078 0.9821702536092761  738505.4749410724
0.1376937071158937 -0.23665251605612533 0.037501031382022376 -0.044277801742422164 -0.006288126314993401 0.17838527024560805 0.9829438595869587  738505.4749421397
0.13889989459160332 -0.24055880790648682 0.04875774393314763 -0.04317581510643187 -0.005448245451984177 0.16057250320727162 0.9860642153658863  738505.4749433972
0.13972979391459225 -0.24465306531022765 0.0627349778937942 -0.0486593898334808 -0.0007165821479760152 0.1468340032057223 0.9879633220892569  738505.4749444787
0.1413165732362089 -0.2503852489110332 0.08674811284695441 -0.0695300740319625 -0.0026503151881968694 0.1246298837977737 0.9897605451315316  738505.4749457223
0.1426660313179428 -0.2549315958997305 0.11516112503527696 -0.06855001550678035 -0.0009883731149012258 0.10396211514175775 0.9922156001131296  738505.4749468178
0.14391315133949137 -0.25807467882112806 0.14481868189315378 -0.06508834964276136 -0.0005054594458054762 0.08619744036818018 0.994149512158762  738505.474947895
0.14531485447143494 -0.26050270840200845 0.18701004127336357 -0.07363674968691582 -0.004502548000937218 0.06744619533190147 0.9949916416193137  738505.4749491534
0.14606274558279161 -0.26096673697029293 0.22494110511347634 -0.06226004596730553 -0.003019381531856261 0.05253991015033702 0.9966715245519502  738505.4749502282
0.14629552630374254 -0.260133857147494 0.2735428249147373 -0.0634062201696369 0.005910488875334822 0.03856428580640048 0.9972249060394032  738505.4749514952
0.1465491682414395 -0.25882665876640487 0.3147459044577324 -0.05967464336116101 -0.0004266472357740874 0.031515569157816364 0.9977201630780614  738505.4749525789
0.1460138143662693 -0.25669839441391396 0.36178303751314234 -0.05803107760953933 -0.0007081951681610924 0.026571626401772505 0.9979608414970219  738505.474953818
0.14564112482362576 -0.2554813013904672 0.396271538644684 -0.04952581144382938 0.00329366786411899 0.022213157289203853 0.99852036603971  738505.4749549078
0.14596311214970117 -0.255638066306661 0.4197428791446456 -0.047145585877092465 0.007021580816252764 0.019155011869062256 0.9986796666876936  738505.4749559833
0.1472527737125602 -0.25779374731729005 0.4392981400577702 -0.05185976779925276 0.010672525917727564 0.0174818538558143 0.9984443131492647  738505.4749572586
0.1495520913654266 -0.2605821391571578 0.4514187993033713 -0.061150905124899166 0.007664618165267468 0.017455599504778194 0.9979464527101216  738505.4749583619
0.15295865227053038 -0.26354352870691006 0.46390783157158416 -0.0639277047547264 0.004163172219551501 0.016311058518084346 0.9978125404763575  738505.4749596111
0.15690166565590577 -0.2648234766817082 0.4743811940210731 -0.06962337641241584 0.0031716868162218184 0.015350417359959592 0.9974501945192802  738505.4749606902
0.16047141790707461 -0.26444823784973415 0.48367754755014375 -0.07000619912668683 0.0006327174464861277 0.014482098384591774 0.9974412266288408  738505.4749619263
0.16420423885904128 -0.2622114428757591 0.49123474352345314 -0.06456171457019946 0.0013699046357812262 0.014598789175937314 0.997805985012939  738505.4749630069
0.16756486604584483 -0.25936844776501916 0.49733604226475886 -0.06120652598032395 0.005856768218275999 0.014097217244206726 0.9980083806809575  738505.4749640725
0.17246537080317692 -0.25560083221312746 0.5044218575303572 -0.06449162547977119 0.004938564438565701 0.014792943385680976 0.9977963768476268  738505.4749653534
0.1767596771807988 -0.25244430270280355 0.5091052872619211 -0.056457526296094386 0.008136991176651632 0.013208034161604503 0.9982844709463845  738505.4749664325
0.18325781376655248 -0.249237853993086 0.5142730361351826 -0.05999069760893122 0.007843968258841118 0.013250295744011285 0.9980801661314808  738505.4749676962
0.18911037238194342 -0.24684887191542168 0.5186488473217953 -0.06538763405420628 0.006807660380624346 0.012021083905027269 0.9977643041393511  738505.4749687823
0.19737223723294295 -0.2433136211091102 0.5231078699431512 -0.06279337212917815 0.005086781456361925 0.011800808884831444 0.9979438150420722  738505.474970031
0.20508135009422973 -0.2392829177336177 0.5270204995105788 -0.06678036925807376 0.004780470212834448 0.012024057944988991 0.9976837933016829  738505.4749711273
0.212156842105409 -0.234905135503065 0.5296156403597093 -0.06330713841070379 0.003490008204030696 0.010460154841096065 0.9979331697211413  738505.474972187
0.22076991413299038 -0.22886464053037664 0.5318950483912684 -0.060652599476488225 0.0038057941180381204 0.009647313832247815 0.9981050583198634  738505.4749734497
0.22770659316702938 -0.22333544195343713 0.5331360769412147 -0.06139769449597064 0.013457154263039674 0.00930551376858587 0.9979792760990696  738505.4749745361
0.2369412784217137 -0.21626015036591925 0.5353442602952719 -0.06252822414121707 0.007839927640029543 0.006613144998054331 0.9979904924565062  738505.4749757737
0.2448669044109583 -0.21014248557575657 0.5372210136189586 -0.06001213295701345 0.007707231566080425 0.0051254814654672085 0.9981547334553315  738505.4749768386
0.25537152695232845 -0.20228082349009344 0.5395567599380408 -0.06427701416800861 0.0074354549246619375 0.004026207078563278 0.9978962717218005  738505.4749780732
0.2642288406634615 -0.19554524734421283 0.540712290504298 -0.06092237015769404 0.01220852668014794 0.00351367150466575 0.9980616568144608  738505.4749791654
0.2757134078775038 -0.187126773989002 0.5417080264077363 -0.05915977537686203 0.01250624400954819 0.0031526620334354593 0.9981652045429333  738505.474980403
0.28552773345440763 -0.180101517194264 0.5425362137142862 -0.05749928302700281 0.0161988101730401 0.0034715621161182015 0.9982080841472044  738505.4749814899
0.29800712181366207 -0.17175191117083322 0.5437775723333774 -0.05868577025980882 0.01571292435332786 0.002684956494945057 0.9981492250089161  738505.474982732
0.3085056724332388 -0.16471403261749842 0.5446759060400574 -0.06068538086659809 0.015398434457007065 0.002384191235146025 0.9980353142036125  738505.4749838101
0.32160248015980925 -0.15609935351237325 0.5457114354215243 -0.05967393807687908 0.00851713602538708 0.0007517385180102837 0.9981813033700453  738505.4749850569
0.3322724224702943 -0.14894183520490897 0.5463327116556228 -0.058642035847152545 0.012704400235835566 0.0015401141140092467 0.9981970436215812  738505.4749861404
0.3440059106118199 -0.14094183973388053 0.5471061015026403 -0.05963315466955354 0.014680562364699367 0.0007815202231841975 0.9981120964996638  738505.4749872294
0.35716114573877694 -0.13188866047773953 0.5475818142666178 -0.060028830223607076 0.015716716164632077 -0.0006956988103661769 0.9980726628748786  738505.4749884929
0.36809853568307377 -0.12420279097261214 0.5473877885675664 -0.06134872128089085 0.014134431144247532 -0.0020300197536653125 0.9980142440232143  738505.4749895594
0.38124845715800904 -0.11450397211210164 0.547251047735629 -0.06202385655373401 0.01689810187191565 -0.002429206196538049 0.9979286519228632  738505.4749908224
0.3922560264203269 -0.10620231055399855 0.5470909924300762 -0.06028095620648857 0.01639597124908841 -0.0022270741021681697 0.9980442969059911  738505.4749919168
0.4064308978875839 -0.09610344514917982 0.5468323844416755 -0.05812244403940271 0.015282702740078969 -0.002473740886271179 0.9981894114354612  738505.4749931721
0.4182282383516528 -0.08787838691508572 0.5468079616867413 -0.0595528648438476 0.014673005264509658 -0.0028961624961556915 0.9981131055387431  738505.4749942333
0.43116309901312233 -0.07906426623323656 0.5466477438107786 -0.056852812400173654 0.012982539834768199 -0.0011811536294372533 0.9982974588056073  738505.4749953289
0.4457680522170484 -0.06981055959495597 0.5462034053108495 -0.05758233023092325 0.011801318648533957 -0.00021020819344171737 0.9982709852218726  738505.4749965853
0.45739126528744306 -0.06253451122843012 0.5459714363124312 -0.058052160171132246 0.01194614764090318 0.0003967404140798059 0.9982419941342133  738505.4749976622
0.4711555094358204 -0.0536886481329532 0.5458450222927876 -0.05680970635693987 0.011781022893639177 0.0025828110510831693 0.9983121725443862  738505.4749989113
0.48212128822871797 -0.04638237784531748 0.5456116267416359 -0.05303755494548439 0.012325012298432275 0.0060039289651711136 0.9984984049432575  738505.474999999
0.4954961271915047 -0.03734570921024265 0.5444774554687558 -0.05429918691967591 0.013129732387537901 0.006118969290109802 0.9984196345435723  738505.475001272
0.5059066535851869 -0.029911146801704126 0.544195684365591 -0.05743003333596169 0.010073629326548717 0.004175765426802529 0.9982899760321757  738505.4750023374
0.5170151249160135 -0.02315360230086676 0.5438971608691845 -0.060177002427236344 0.002820783911406429 0.000809111574149864 0.9981834084452907  738505.4750034331
0.5310703729608237 -0.013124281104107531 0.5429145398606406 -0.060893691462401346 0.014952280905789333 0.007273637055949352 0.9980057524081585  738505.4750046855
0.5421626557635661 -0.0054102415542920685 0.5416836194176525 -0.05846054877237589 0.01566485664271586 0.00889945689741887 0.9981271342722463  738505.4750057803
0.5552211612597153 0.0038978363216684952 0.5405014625956271 -0.05000130280284783 0.010561023874400478 0.009369425593978752 0.9986493620669775  738505.4750070423
0.5656937274149699 0.010375752360861188 0.5396926199613967 -0.05579086980596116 0.004623634665319666 0.007792462484672934 0.9984013613658592  738505.4750081331
0.5760316058372873 0.01766659173621933 0.5395157588819854 -0.05530282959453677 0.0012175619792751584 0.006131634239367398 0.9984500576609824  738505.47500922
0.5872726527347392 0.02492860790923231 0.5387152761341099 -0.05713231679185307 0.0006966242215133674 0.004176090818930034 0.9983576380026155  738505.4750104751
0.5961677453132577 0.031047575696127976 0.5376580268037494 -0.053865607724910974 0.014498519075038031 0.010012099998828818 0.998392731895956  738505.4750115369
0.60690656790904 0.03808953063791537 0.5372704237561613 -0.05757665292236873 0.013354364816931188 0.00924317183773597 0.9982089729876062  738505.4750127872
0.6156502762875731 0.04305994008571737 0.5368130804426909 -0.05379984918618138 0.014665231908459959 0.008994133263430942 0.9984035320287358  738505.475013869
0.6263039690094608 0.04882606211519897 0.5360488754329475 -0.053443492853605584 0.015466268224543007 0.008441585501604882 0.9984154081608678  738505.4750151278
0.634678645643112 0.05298493641467366 0.5357299594394034 -0.05384039703691038 0.014129082130770004 0.0068187643270207834 0.9984263043099888  738505.4750161993
0.6442295834194782 0.05769088196563746 0.5355234068285175 -0.05731117401642382 0.010981540566172378 0.0073760322389738965 0.9982687159518034  738505.4750174498
0.6516797021479506 0.06115555320064579 0.5348257778345696 -0.05749316978558074 0.009935468500238265 0.006901089576880819 0.99827260648399  738505.4750185201
0.6598509173963396 0.06562637996020217 0.5338000412072633 -0.05681819168491725 0.010959342023868864 0.00589538517258205 0.998306982019923  738505.4750197623
0.6660533739851067 0.06920274583863456 0.5327944594709342 -0.054827360455046256 0.010035177429693651 0.006426496878047721 0.9984247372222723  738505.4750208326
0.6730841418918356 0.07333658617546368 0.532156888015868 -0.05260493548705281 0.01352218023833585 0.0051049102477326675 0.9985107967845754  738505.4750220934
0.6788223371108056 0.07615994219433728 0.5313095953750199 -0.05127062812694637 0.013301952358589504 0.003990574498877515 0.9985882314898805  738505.4750231615
0.6852971746172848 0.07864954498531351 0.5306304110777628 -0.049371584499551854 0.013610645089936984 0.004744692840696262 0.9986764665666689  738505.4750244117
0.6907061770465108 0.07996589507218936 0.5294106938133218 -0.05314834916999582 0.009447786117267402 0.0039717634392201434 0.9985340341786901  738505.4750254941
0.6960224983362355 0.08084905083533803 0.5287169565075713 -0.05008929411980822 0.006630723055335062 0.0029972384947988184 0.9987182348829664  738505.4750265697
0.7006899496562635 0.08092344524352865 0.5280176292116752 -0.053116340386048684 0.009780638004350311 0.0025761779873387223 0.998537108379653  738505.4750278557
0.7037306767097374 0.08027370581766735 0.5273842373908756 -0.05290604453915273 0.0072706471132744106 0.0027409391541037826 0.9985692641946922  738505.4750289227
0.7065094683819416 0.07913453944878493 0.5267972457574959 -0.051484804958550144 0.011949982902596374 0.006260978070965873 0.9985826520226568  738505.4750301819
0.708986393183706 0.07756631389690773 0.5261694936536759 -0.052474310779291884 0.012279160601698818 0.0031649194569013093 0.9985417628762391  738505.4750312588
0.711438194611048 0.07531004775410972 0.525619784588181 -0.05356969781227345 0.010772882054286153 0.003651256182821523 0.9984993243947807  738505.4750325225
0.7131990005610209 0.07317258573281478 0.5256084002442647 -0.056217456787939324 0.009402579977057037 0.003101630781727247 0.9983694551259895  738505.4750336095
0.7140372983847713 0.07107511803605517 0.5257659411980177 -0.05633828542224676 0.009300746731678959 0.0036843591177981184 0.998361617453218  738505.475034675
0.7143853521770271 0.06778112868678242 0.5254234566498364 -0.05206372451927156 0.00912082755027662 0.0031238707528747247 0.9985972263758292  738505.4750359239
0.7139982156063995 0.06505794870024155 0.524835431518346 -0.05011976373701531 0.012181162295309052 0.004543349893673986 0.9986585935843264  738505.4750369842
0.7135741221863067 0.060258521659845105 0.5234774740657208 -0.05363386152748773 0.011139139646441336 0.0010860539473503223 0.9984979463936873  738505.4750382598
0.712707336447199 0.055664481875149815 0.5226155128459773 -0.05026221092830855 0.011099765605838289 0.0006380161801114822 0.9986741702334389  738505.4750393284
0.7110770328672001 0.04920084687632813 0.5217557630215846 -0.0499481592492548 0.010202872462424762 0.0016366728334803484 0.9986983549016003  738505.4750406069
0.7095943530871516 0.043440019297635954 0.5209797340043736 -0.049280007325362064 0.010553399392640111 0.0005636527316151699 0.9987290868573269  738505.4750416824
0.7068482035801068 0.03581072966222628 0.5208255943257826 -0.05298799569016199 0.010144735056229927 0.000865655657860919 0.9985432425807409  738505.4750429427
0.7043144647372674 0.029148848441259523 0.520621406481448 -0.05020495319939805 0.010959023228521656 0.00024035493003032518 0.9986787795450701  738505.4750440139
0.7006627821934529 0.020670682347819495 0.5201154119192761 -0.05476990844716773 0.007353082244975106 -0.00015775226765160025 0.9984719146898472  738505.4750452553
0.6969658319898253 0.012356081273711735 0.5199100495270979 -0.05174875763786574 0.00868032073351404 0.0004975193989173176 0.9986222862470817  738505.4750463509
0.6934791073818312 0.004368214522770799 0.519719689505222 -0.047796455797686106 0.009974375422560576 0.0001247230368577087 0.9988072862631078  738505.4750474356
0.688102076096409 -0.0052264675333847125 0.5200496424302681 -0.050114971360030985 0.009198253845766972 0.0005983422386969396 0.9987009180722413  738505.4750486996
0.6835955978060795 -0.01359045440730891 0.5199188030058235 -0.0525735055907579 0.00715589363104102 -0.002363099118189018 0.9985886217350954  738505.4750497591
0.6773626082318198 -0.024676342423391333 0.5192879470672553 -0.05105934635028573 0.011031338555639496 -0.0035181385462309572 0.9986284972005967  738505.475051016
0.671319413286012 -0.033773138027471374 0.5190703882516374 -0.04937266567023349 0.01002185269861578 -0.000943165551269245 0.9987296995643243  738505.4750520941
0.6639090600524671 -0.04580732784071169 0.5183112644595599 -0.051673829825973745 0.009024320508161144 -0.0026770533647697916 0.9986196524882557  738505.4750533497
0.6575600103984308 -0.056023762959236306 0.5175418188627984 -0.051526797710782474 0.013287361185545915 -0.003441217602552294 0.9985772845262448  738505.4750544166
0.6501501618270055 -0.06732771834289258 0.5171924507271607 -0.05103911155989981 0.009997733005519937 -0.00241134895403627 0.9986437001364142  738505.4750555061
0.6425743418722114 -0.07887811991783189 0.5167933594454103 -0.0539981189739916 0.010581138896883203 -0.0028601019101640647 0.9984808773651997  738505.4750567469
0.6347237272265074 -0.0907531652600766 0.5162315462925297 -0.04867829266270831 0.010667381565614737 -0.0015638653896164327 0.9987563191885298  738505.475057829
0.6259523616728431 -0.10444367450759817 0.5153560355233386 -0.049992440030766805 0.008882234751550734 -0.0018436985533458196 0.9987083971917093  738505.4750590828
0.6185421073620555 -0.11584121371463109 0.5145271412103734 -0.052037934343014604 0.012769159394256921 -0.004064502416392273 0.9985551971612703  738505.4750601797
0.6092182196472359 -0.13037583228981992 0.5136729106139097 -0.048698001307510584 0.004721887996150531 -0.00045194849313877903 0.9988022848316703  738505.4750614456
0.6005824679096571 -0.14257148625985974 0.5144403917758662 -0.04841033617884953 0.004583195258993825 -0.0010576416290724408 0.9988164571463835  738505.4750625324
0.5901941593032775 -0.15616776363526444 0.5148616931342083 -0.05108242633344412 0.0069310519660629975 -0.0014965557163013974 0.9986692678557402  738505.4750636033
0.5786008829791102 -0.17173669168686428 0.5145616219519915 -0.054863111987331556 0.009863767947165031 -0.0014402862980931745 0.9984441249265427  738505.4750648706
0.5691828216898136 -0.1837276654780002 0.5141077691302228 -0.0568082174267611 0.014527008181113245 -0.0033189652316156963 0.9982738987551919  738505.4750659707
0.5580417557328601 -0.19833593162212257 0.5134166181201452 -0.04890884545167385 0.010875333489249746 -0.0012992458440242534 0.9987431921762063  738505.4750672112
0.5491479990601394 -0.21099527503542032 0.5129833559656384 -0.04638519909397912 0.009402138914236687 -0.0034308390597894995 0.9988734866999901  738505.4750682868
0.5384461635790317 -0.22673658626815674 0.5115811439107316 -0.05406769523152053 0.005523406221743338 -0.005069837785721366 0.9985091251765742  738505.4750695246
0.5289938848990456 -0.24003336133996783 0.5111586512112347 -0.05156576009285958 0.002762256446709617 -0.0051162884778043465 0.9986526753168893  738505.4750705885
0.5178365537765415 -0.25680537945534404 0.5098578511233742 -0.05716121258170008 0.00836655080047681 -0.005392335281791239 0.9983153406234433  738505.4750718551
0.5077705501835611 -0.2698130805112085 0.5102451826154659 -0.04983814779092029 0.010816733057586498 -0.001844170962884088 0.9986970293057805  738505.4750729491
0.49747647248657045 -0.28443707970809823 0.5100077772002773 -0.05048714286180344 0.010171417793241069 -0.0041783321499195055 0.9986641738873845  738505.4750740388
0.4853753734808679 -0.30022638369565346 0.5100328268463279 -0.055698306145002124 0.009866754689233967 -0.0052548199272411415 0.9983850623441901  738505.4750752868
0.47624616816026155 -0.3130496870541228 0.5090932451389311 -0.06050410926184549 0.01542672921595782 -0.005967965295383975 0.9980308873869392  738505.4750763737
0.4647743466223411 -0.32802851130082633 0.5090950616197903 -0.0557220776304803 0.007885176395965041 -0.005187630020511388 0.9984017040012089  738505.4750776418
0.4554913411143492 -0.3404780072382722 0.5094408655143632 -0.05791596056014799 0.007987750023810693 -0.006191822469488375 0.9982703034231054  738505.4750787232
0.44405219143901753 -0.35540003686175464 0.5095713593144077 -0.05624309655322269 5.315667263831859e-05 -0.007860593121530712 0.9983861589286236  738505.4750799736
0.4333082329556164 -0.3695154140989296 0.5096928481280075 -0.058071649797099605 -0.0009518643401442281 -0.007812013947414513 0.9982813981449351  738505.4750810623
0.42360825685054143 -0.38224982235712196 0.5082357715595757 -0.061129795039343945 0.009565760933273083 -0.00862897827198179 0.9980466848350317  738505.4750821491
0.41234980001201926 -0.3972766734318843 0.5082863134591507 -0.056881755719456195 0.005591769630767135 -0.008512257141925302 0.998328973563834  738505.475083409
0.40347473124930355 -0.4091424851279958 0.5081253484006243 -0.05719000023880653 0.0029487744710935565 -0.00732006427613889 0.9983321217214225  738505.4750845013
0.39299987112870616 -0.42324247564687545 0.5078595327383365 -0.053845771240118974 0.0008374937653281869 -0.007535929153254808 0.9985204761523656  738505.4750857534
0.38447926369294266 -0.43495047779146145 0.5077543023570701 -0.05271210619763978 0.0008640547667389671 -0.0069015558600889395 0.9985855275319581  738505.4750868437
0.3743681267230498 -0.4495940236968868 0.507470956015772 -0.05703032583846635 0.00456287066411705 -0.007616504856499745 0.9983329659987352  738505.4750880892
0.3651260332451726 -0.4624787621190751 0.5081779879889968 -0.05930282691777147 0.0026398846121607204 -0.005763960609167077 0.9982199068776836  738505.4750891725
0.3575909989558656 -0.4741781123955881 0.5081159410611649 -0.061954927870257595 0.0023701043020769048 -0.005151124282916656 0.9980628414267363  738505.4750902404
0.34876344563507655 -0.4873982436630116 0.507359645784795 -0.06495524440821468 0.0039406790094417875 -0.005621994234636211 0.997864560175197  738505.475091506
0.34200079000854267 -0.49727338928233916 0.5066986561876929 -0.058431883450423265 0.001192953564113059 -0.0056638793224438435 0.9982746176925721  738505.4750925768
0.33387662252645434 -0.508634648952504 0.506599026925098 -0.056504125265369166 0.0011926657215556764 -0.0053359104329548275 0.9983873944698639  738505.4750938189
0.32769565636837633 -0.5177497206255534 0.5065957534305402 -0.05607679806840259 0.0018299215918778004 -0.005857280019013901 0.9984076003197001  738505.4750949068
0.32022174311775325 -0.5288568714167265 0.5070879680282575 -0.059630992553449974 0.0031383658639748077 -0.006093792427874454 0.9981969550547829  738505.4750961532
0.3145112061759562 -0.537615355031611 0.5064683395042398 -0.0564895893967604 0.003344813653935459 -0.0061004936758963305 0.9983789473382921  738505.4750972257
0.3081347765239769 -0.5481487369987632 0.5059485151904562 -0.059311494865269335 0.004342718235019032 -0.004759655165297192 0.998218730067657  738505.4750985105
0.3027639497603318 -0.5575064247269824 0.5058970025170024 -0.0588234387269349 0.004381481549799622 -0.006662238440866976 0.9982365552586844  738505.4750995858
0.2986308329338029 -0.5652664807330919 0.5055801580387552 -0.05876052495408118 0.004087157325320977 -0.004667188913636679 0.9982528302988994  738505.4751006565
0.294194222631498 -0.5744712700637674 0.50552005905256 -0.0628881659850027 0.0030063945693304573 -0.005859883291160165 0.9979988486659442  738505.4751019096
0.2908848775990792 -0.581291907165671 0.5050749142391087 -0.05938943493507911 0.004090371343305697 -0.005710145703512927 0.9982101773256024  738505.4751029918
0.28722505662149656 -0.5889782468401334 0.5048938915993096 -0.05942478155337574 0.0019971939160375305 -0.007747307464197625 0.9982007241937118  738505.4751042324
0.2848276916379992 -0.5948484953939559 0.5047386478282161 -0.05930711026403326 0.0027498528670537358 -0.006757214464542267 0.9982131260577671  738505.475105311
0.28221420512955775 -0.6013059357784285 0.5047297057235011 -0.05933331709023909 0.0034353559656546567 -0.006025580656667198 0.9982141294282547  738505.4751065943
0.28044553388166593 -0.6060410481032256 0.5049655523326989 -0.059384679243892916 0.005486688887389889 -0.005764184292012205 0.9982034513542821  738505.4751076776
0.27859140882195504 -0.6105431642895116 0.5046279402979659 -0.05819425777384873 0.005806746125902022 -0.005988387293840334 0.9982704289315593  738505.4751087533
0.2774672158231112 -0.6152574176920008 0.5047002946381824 -0.0602309408115299 0.00545365081756742 -0.00473809438424046 0.9981583250784036  738505.4751100034
0.2769574206286576 -0.6184748236374698 0.5042119335187137 -0.06339160407106426 0.008383439300057843 -0.004895517164927374 0.9979415095036821  738505.4751110747
0.2771647348050244 -0.6219519581862021 0.5043485440038243 -0.06226460950999357 0.005562176351119956 -0.005236834811840298 0.9980304384927148  738505.4751123127
0.2769335445012502 -0.6214458380802846 0.5041009235324326 -0.11772366986070891 -0.021676711968286678 -0.004143923421005144 0.9928011309479112  738505.4751134005
0.2694575411990921 -0.6063154842154742 0.5014710367550477 -0.16103787728879096 -0.04717665249071444 -0.005241327910669567 0.9858061138072859  738505.4751146559
0.2557456018640737 -0.5762332100264004 0.49694818375793337 -0.15610691887757686 -0.03755072170325819 -0.0074627760150067874 0.9869979129422027  738505.4751157217
0.2311916684963953 -0.5217154075214961 0.4923160934418902 -0.1200822735930317 -0.020928087264324595 -0.008510688365597539 0.9925068417475664  738505.4751169934
0.20790003020016173 -0.4682889085380131 0.49090699651749264 -0.084164738733936 -0.0010228566567387952 -0.008839962142198919 0.9964121163391344  738505.4751180657
0.18018164735292772 -0.4018906281292188 0.49044665181121705 -0.04153671821776804 0.01838187888996754 -0.010059998886425267 0.99891721578446  738505.4751193312
0.16095754556422423 -0.35252171600739884 0.48449809842965 -0.014717483153459752 0.03411068383182881 -0.011923905794375075 0.9992385488004151  738505.4751204015
0.14510774082426775 -0.3072237938420897 0.4707472886791566 -0.0023334787683415683 0.03894743922991777 -0.015252179588030292 0.999122126104754  738505.4751214752
0.13593146139927556 -0.2716636829945985 0.4503644640592118 0.002504744686250621 0.037625054223673814 -0.015885516685075395 0.9991625152638436  738505.4751227397
0.13374032590472532 -0.25419069494757485 0.4343889149959643 -0.0025900696578178353 0.031177198375081115 -0.015815201795333966 0.999385387742297  738505.4751238177
0.13643013399284643 -0.24479556404593203 0.41703071515872603 -0.020394432189892224 0.018112880168670718 -0.013912191152940689 0.9995311108939888  738505.4751250746
0.14058736236096603 -0.244009286183862 0.40023883927171905 -0.03272963666343693 0.008549216241940412 -0.012168384299041032 0.9993535971862406  738505.4751261367
0.14600367219425595 -0.24771553231047042 0.3752747095862561 -0.04830948614688121 -0.0013663912569768 -0.0096679403820383 0.9987846902370533  738505.4751273838
0.14945355836957658 -0.2526280262162888 0.3540259442150501 -0.054918026876509166 -0.0025960970446803444 -0.007934350377607743 0.9984559663241094  738505.4751284505
0.15139268090386232 -0.258300013396985 0.33164827038906913 -0.06575705716041928 -0.007592889919489198 -0.0046663685891315 0.9977958621183305  738505.4751297258
0.15089938245452705 -0.2620913431964575 0.31503537020479294 -0.0645906146116716 -0.0028233340171214794 -0.0013200206373517314 0.9979069790489649  738505.4751308233
0.1495449079207318 -0.26414741539592185 0.29802517658151095 -0.06601522110338996 -0.0012890888408741727 0.0004712255658207486 0.9978176721120432  738505.4751319081
0.14676796216797647 -0.2650038786889829 0.27371837986375414 -0.07040659405153495 0.00428913120491937 -0.00044100978956448087 0.9975090577924267  738505.4751331961
0.144208778183983 -0.2640252666670152 0.2516383426852384 -0.06263350741989765 0.004672737487082364 0.00032593638067136203 0.998025602396118  738505.4751342556
0.1416930040278007 -0.2620467908532597 0.2268492271760651 -0.05990857363975449 0.006163194484938772 0.0010793594085603683 0.9981842579511351  738505.4751355323
0.1395880706599841 -0.2600807559738902 0.21065636048612996 -0.05790775492039675 0.005841819490442028 0.0017359312533979361 0.9983033364703355  738505.475136596
0.13888014645920194 -0.2577904583694288 0.1901353680996714 -0.05641858475143852 0.007817109464868745 0.0025239543501199436 0.998373409976797  738505.4751376928
0.13859906336017871 -0.2560372513785098 0.16198338431591713 -0.06037469347540528 0.01654608141122691 0.0001584183908826018 0.9980386257461669  738505.4751389545
0.13933416923851194 -0.25487300563782644 0.14022013327147065 -0.05435623939250588 0.007017768024409132 0.0014740550398257683 0.9984958574439855  738505.475140012
0.1403733937962145 -0.2545530550145821 0.11572514034916663 -0.05427292203964513 0.004854788903218872 0.002034959806485409 0.998512263267993  738505.4751412605
0.14118516875132495 -0.25463538289814147 0.10180508080972475 -0.056941575041677905 0.008070618771819808 0.003846568964914111 0.9983374810411614  738505.4751423243
0.1421277933089003 -0.2557391412897758 0.08577462263300041 -0.056425007948932855 0.000773813631080789 0.003915647509860761 0.9983988618758566  738505.475143587
0.14265276688685696 -0.2567584045959711 0.06945712927073365 -0.059530181633973105 0.012515829708338392 0.0009927556748104416 0.9981475471680068  738505.47514466
0.14345295942227743 -0.25706196999247166 0.051421822118248244 -0.060308588321527135 0.00023715708595514534 -0.003684819435002449 0.998172950964367  738505.4751459218
0.14325033109028948 -0.25646612746261926 0.04220095693167552 -0.058795996606112524 0.0027562016269041126 -0.009008445475119913 0.9982255667161645  738505.4751470139
0.1424190514900338 -0.2552723515319375 0.0388955036643342 -0.051229263078996876 0.0019201435222265468 -0.012596831828592859 0.9986056256005768  738505.4751482625
0.1415179157839143 -0.25373941065542965 0.035934429863578435 -0.0686515995587895 -0.004441069042743657 -0.018574778698751127 0.9974578749902523  738505.4751493501
0.1412120200566294 -0.2517989382475435 0.03607079764500567 -0.07321881081681066 -0.006483887692725705 -0.021044950517367347 0.9970727531131727  738505.4751504384
0.13996030404222679 -0.24912248381911908 0.03547676718495977 -0.06718947233928446 -0.011897285031695628 -0.023753919534383255 0.9973864751050102  738505.4751516796
0.13937221215217044 -0.24763883053470703 0.03311439827114597 -0.06254070120512639 -0.0031623050155325477 -0.014381537807567757 0.9979337813151979  738505.4751527506
0.1393400921607474 -0.24782041087295717 0.032685558772161345 -0.05764373237878496 0.0053806347008280185 -0.009766169260388346 0.9982749475097713  738505.4751540103
0.1394051295771625 -0.2478205663038873 0.03265324571488606 -0.059283963152565844 0.004381587359837833 -0.010842160556988875 0.9981726608956939  738505.4751551005
0.1394089331456845 -0.24780493946251664 0.03265709516845527 -0.05867690098145286 0.004246162842743266 -0.011046049086556308 0.998206880457104  738505.47515636
0.1393349805096193 -0.2478004035756615 0.032781422139550265 -0.05518202374449772 0.005035093449984107 -0.010753690068956722 0.9984057042301554  738505.4751574448
0.13941051667600476 -0.24778807782950496 0.0325453678399941 -0.05904909380362648 0.004097949084631038 -0.011275889131024076 0.9981829820521763  738505.475158522
0.13941542211063418 -0.24779552471278465 0.032461825264268565 -0.05951146378999734 0.003744715447544259 -0.011642801971335656 0.9981526977101475  738505.4751597872
0.13933936163748845 -0.24777088723274152 0.03257602813006309 -0.055331572808167015 0.004859220244654723 -0.010309837041108761 0.9984029809096998  738505.4751608516
0.13933809879470108 -0.24776204272401628 0.03249257630781799 -0.056797043997847935 0.004516139623912822 -0.010464464183806078 0.9983206875875856  738505.475162114
0.13933042644384405 -0.24781305881402016 0.032509743442490205 -0.056467108462314175 0.004490961192560183 -0.010810282655697702 0.9983358326326749  738505.4751631866
0.13944888530113583 -0.24781202742352654 0.03227338022428671 -0.05731100040112457 0.004146291685079017 -0.010710405552749675 0.9982903108370732  738505.4751644426
0.1393761258169665 -0.24782917087391548 0.03237994707916417 -0.058594663090276285 0.0036734926492647826 -0.01142021846440332 0.9982097723020539  738505.4751655125
0.1393915471087764 -0.24784370239625814 0.032326874851712824 -0.05848161371168505 0.0036253582546413392 -0.011492262153188593 0.9982157510006567  738505.475166756
0.1393742862609216 -0.24783959247961837 0.03228876770355355 -0.05876535983850327 0.0038370198975694503 -0.011312929046294542 0.9982003443185894  738505.4751678408
0.13935268572334872 -0.24781053994319227 0.03226764008325414 -0.058558305743274 0.003771298849325483 -0.010921609964134084 0.9982171209557857  738505.4751691025
0.13932623115596698 -0.24784845471591718 0.032332734626606636 -0.05684018522611611 0.004003303190878356 -0.011009682474713782 0.9983145565395852  738505.4751701934
0.13936710344034772 -0.24784680643820883 0.03226152018506441 -0.05815762580365442 0.0034191839723638063 -0.011562543980149045 0.9982345953324562  738505.4751712693
0.13931347423776014 -0.24784759170258439 0.032385767638138545 -0.05560576075847635 0.004061324981196014 -0.01098319448883178 0.9983841317091777  738505.4751725213
