0.00996272718556419 -1.6949730467187019 0.004273938049047948 -0.024735882262701604 -0.011397510441192004 -0.1976064261092636 0.9799030223673937  738545.673489615
0.01210412659361972 -1.6961108456109757 0.00438629544755052 -0.01783230730300307 0.015452032760610046 -0.22134568073334723 0.9749099102586389  738545.6734908576
0.012186769429050632 -1.6960225717130482 0.004627025179607396 -0.024321463927189084 0.00973415224551359 -0.2436791368739065 0.9695020324501067  738545.6734919242
0.012862932953531428 -1.6966493940644283 0.006324120512259974 -0.03861972426501634 0.003175601021595535 -0.2672568198213161 0.9628458987370941  738545.67349316
0.013906782145152114 -1.6977603369066072 0.01101381982378041 -0.027183571599706764 0.000342830326902447 -0.2888343748034366 0.9569930197417109  738545.6734942681
0.012270443337439292 -1.6989326886315166 0.02367753374640085 -0.061257065402375535 0.003036182077486668 -0.29137590481190717 0.9546404745409258  738545.6734953489
0.010083982382755322 -1.7010986769192327 0.043575928986261794 -0.020505372975699297 0.003614338719231273 -0.29762918877169403 0.9544544683880177  738545.6734965853
0.006413778590367038 -1.7054027625698198 0.06468154839517061 -0.025304530823864604 0.02079355338161147 -0.3021762711277713 0.9526892515531316  738545.6734976553
0.0019524265646636127 -1.7121337596388642 0.08865900846176455 -0.025073265250145915 0.022394217536583976 -0.30091185356781086 0.9530592252179318  738545.6734988778
-0.0015406543285421646 -1.7207563404042137 0.11507845253407627 -0.033301919341766066 0.02516295877069102 -0.29693027477706463 0.953986488161586  738545.6734999561
-0.0040701351631943486 -1.7306344950958004 0.14699318322856264 -0.05637970928781314 0.025955563453631862 -0.2895676061131684 0.9551430461435163  738545.673501193
-0.00489410072641407 -1.7401534565973373 0.18483625638618115 -0.04614166945897698 0.01826692973818182 -0.290827143047505 0.9554877489974976  738545.6735022811
-0.00543516006703161 -1.7496541295658479 0.2371092024512002 -0.04883136766091868 0.011522903686227572 -0.28928628293824216 0.9559268626452431  738545.6735035431
-0.0037922349393109014 -1.7556415126544878 0.2814817855357398 -0.04723005217784366 0.012573472458317768 -0.2790734462508053 0.9590251516823305  738545.6735046136
-0.0002518175169182166 -1.760433725571009 0.3323301943089874 -0.04420460544380057 0.014256608882363108 -0.26878146026519095 0.9620806767514067  738545.6735058867
0.002554950751566731 -1.7624633528774754 0.37037368493676737 -0.04479801144686157 0.0009600321987002216 -0.29503314340646014 0.9544357813914395  738545.673506963
0.006664926640358021 -1.7632668547301638 0.40807288423241184 -0.047579373058173315 0.008387565654617575 -0.32320003904599176 0.9450966018151002  738545.6735082228
0.008962055545718568 -1.7628790971940886 0.4335163318103047 -0.03675669196538544 0.007287315447956435 -0.36989392262979126 0.9283180094293495  738545.6735093083
0.009901522487264764 -1.7616035835428572 0.45527177173197575 -0.058344406326663385 0.004557403486616955 -0.42488665499736195 0.9033529159354068  738545.6735103917
0.007862942798163006 -1.7583109852036651 0.47499445787671746 -0.04239254905139797 0.010477814803059437 -0.48102159957028906 0.8756205273568671  738545.6735116648
0.00554675164958893 -1.7554681332172641 0.4883609364803547 -0.030327121989212745 0.01326240890412054 -0.5306262759451016 0.8469593434507612  738545.673512721
0.0014488078496877645 -1.750130392690455 0.4980209618770458 -0.03423100371291837 0.01886254973851703 -0.5866010249497036 0.808932432363869  738545.6735139693
-0.0028012630564688812 -1.7452986640740658 0.5038556094744604 -0.029875461475860877 0.015406546945484462 -0.6377026105716386 0.7695488779687345  738545.6735150268
-0.00903141100852081 -1.737707849439182 0.5082599307995164 -0.029020978627261114 0.02104613358913934 -0.6863187395899761 0.7264168436566505  738545.6735162851
-0.014436921613057424 -1.730441286465123 0.5115328181035411 -0.021842997297678655 0.021931626746883905 -0.7306529043505926 0.6820470809125516  738545.6735173604
-0.020382515042362423 -1.720806658345942 0.5146647749988245 -0.026369847357690934 0.033135366561329344 -0.7713725028654335 0.6349733383822468  738545.6735186186
-0.024574692628082016 -1.7125100852857207 0.5173150133752014 -0.024151563259120004 0.027678898012478626 -0.8097883089753622 0.5855710676286687  738545.673519721
-0.02676863979416145 -1.702968960147342 0.5211753017777334 -0.012704524527308273 0.03645652161609207 -0.8413757178706323 0.5390699569312585  738545.6735207982
-0.028032264314540613 -1.692037399002947 0.5241061087738418 0.01593493017478932 -0.0343263020422843 0.8770419480364963 -0.47892087485593515  738545.6735220669
-0.027197054337147898 -1.6832818768647353 0.5272294645644686 0.012475388093114699 -0.04113324503924418 0.9002591365871544 -0.4332273165854376  738545.673523147
-0.024705570067220836 -1.6726426989806193 0.530685327546356 0.008363409874368408 -0.04396426021586137 0.9282779241934389 -0.3691846322019179  738545.6735244012
-0.021123524125131233 -1.6641949693347249 0.5329020316761756 0.009160955316303723 -0.04817555039610635 0.9458316039438598 -0.32093265683428135  738545.6735254851
-0.015884988191580015 -1.6547600568425784 0.5363761326201508 0.0015070177068048948 -0.052879683542918915 0.9641188445692761 -0.2601467307356298  738545.6735267314
-0.011024082369344658 -1.6484276208759707 0.5394695976095198 -0.003256901851079432 -0.04796560600212488 0.9774187207621532 -0.20577010845809815  738545.6735278055
-0.004727290003760985 -1.641929450634873 0.5428362496745478 -0.004678340529626308 -0.05092530027664542 0.9877352777234905 -0.14752541497017235  738545.6735290529
0.0006637821465274776 -1.6379271241449662 0.5455754219653774 -0.0038736436869686694 -0.04600957606533716 0.9948909039262749 -0.08977863375900837  738545.6735301391
0.00697036057188668 -1.634084668309613 0.5480490923284788 -0.009878594171324072 -0.047521977019974314 0.998053471979027 -0.03915791296686828  738545.6735312049
0.014731397048597732 -1.630422347307519 0.5500945495678873 -0.005564472791112396 -0.04451320681299532 0.9984460636046205 0.03306159606278512  738545.6735324758
0.021257171109779406 -1.6273259057368221 0.5508654388862285 -0.014209899018984392 -0.045594327735263465 0.9956881730705796 0.07952545539392711  738545.6735335528
0.030353221631028285 -1.6239039639685422 0.5511987007873993 -0.015758246800013954 -0.04953247524297582 0.9868090413563516 0.15331708140795128  738545.6735348181
0.03808450120571894 -1.6211742504048805 0.5510177576464033 -0.019164129300224333 -0.05019145957844363 0.9771812503827575 0.20550026139628258  738545.6735359035
0.04889013304415594 -1.618863797966228 0.5501783953566018 -0.01811964860383466 -0.0529610729395535 0.9601400924691537 0.27385727290121403  738545.6735371491
0.058572207392407476 -1.6176011854063261 0.5487825380897335 -0.014363566387753686 -0.051186664426505865 0.9434300846939511 0.3272816656030053  738545.673538312
0.07020592948036436 -1.617681013529631 0.5475009524864632 -0.020888612411637288 -0.04944798693748413 0.9215694086914497 0.3844845737132229  738545.6735393096
0.08178068444812309 -1.6191654196241825 0.5451146233638045 -0.01974164558777898 -0.07088916003125208 0.8928091450354874 0.444383646144356  738545.6735405653
0.09118329524670891 -1.622437109653888 0.5456103884473029 -0.01883187345094201 -0.06569408034804355 0.8659398732042142 0.49545714682969505  738545.6735416341
0.09838268658247096 -1.6279311035653878 0.5462602700458484 -0.018876864681627276 -0.06015772835534438 0.8275104707470367 0.5578988550830104  738545.6735428872
0.10325896883363796 -1.6342488201095284 0.5476300014809291 -0.02652278296127782 -0.04910392437310812 0.7975383520037591 0.6006812163521323  738545.6735439813
0.10866459458978694 -1.6430350559317453 0.5477566577546334 -0.024390331660946164 -0.0479523279020425 0.750307144867965 0.6588967099100789  738545.6735452374
0.1119445839609703 -1.6510848820663542 0.546323351468357 -0.01552807775508538 -0.04862505235965881 0.7208011234777233 0.6912598812874247  738545.6735463338
0.11744726282469611 -1.6604307838161434 0.5467530566125366 -0.02840351900730196 -0.03694184394889383 0.6835336321332914 0.7284300337138274  738545.6735474191
0.12158618214245763 -1.6695431388770872 0.5456088402582221 -0.026574228541829725 -0.04702044961721535 0.6589761451504755 0.7502221856342434  738545.6735486946
0.12494833943704953 -1.6760184604392805 0.5453361674822732 -0.034839761505570305 -0.040070939460282715 0.6455483953252064 0.7618712359198611  738545.6735497797
0.1285577188742807 -1.6825499436297888 0.5447918672427463 -0.03159789458559557 -0.039034869081401066 0.6360302955170967 0.770028126264223  738545.673551044
0.13061989299226767 -1.6870818268088827 0.543460811525759 -0.032022402892883384 -0.030841864707272324 0.6336759864699401 0.7723199397048431  738545.6735521194
0.1314934482223406 -1.6917767484620476 0.5419639784550438 -0.0272549339824374 -0.04673311193060271 0.6351053630273976 0.7705286254752203  738545.673553195
0.13261906977505225 -1.6958363572482709 0.5415381389909728 -0.026373529503376392 -0.0464552638278837 0.6407116693766527 0.7659209503132809  738545.6735544603
0.13293068984001827 -1.6988390987693853 0.5409548100469059 -0.022687580909109786 -0.05132168883542652 0.642701670769179 0.7640588461094331  738545.6735555349
0.13249428775214908 -1.700326232434802 0.5408095823140592 -0.045264705553549826 -0.0273949914810317 0.6440904035914573 0.7631174043843441  738545.6735567958
0.1316785165944254 -1.7012488201386453 0.5422345579179716 -0.030241782549433313 -0.03344269255251645 0.6424561795888573 0.7649948223427141  738545.6735578828
0.13059044949762913 -1.7011179431904315 0.5437624923638833 -0.02672163523693901 -0.031849206934656905 0.6486953799474889 0.7599117621557653  738545.6735591793
0.13204107347834054 -1.6975386673869506 0.5439890704711025 -0.03323308658978276 0.03232086436510257 0.647052921489615 0.7610344541964987  738545.673560259
0.14113594092876228 -1.6859440998986108 0.5436225771847175 -0.04059340050243716 0.025926127290096333 0.6469736974685081 0.7609895180246006  738545.6735613765
0.15882315372459846 -1.665106454389288 0.5423362927193977 -0.03361709631084327 0.01760893619382101 0.6460053977582103 0.7623889048700839  738545.6735625955
0.18336031926417737 -1.6366890368240838 0.5407381923004974 -0.028471098948434213 0.0014390917073860072 0.6501685967781199 0.7592549777928997  738545.6735637265
0.21624008773233272 -1.5991804648694719 0.5387323619479674 -0.027067344857689277 -0.02704736793870649 0.6532086393522091 0.7562104681935968  738545.6735649239
0.24494735400846943 -1.5661034429993936 0.5380594248644449 -0.02870292826211053 -0.030077044928981635 0.6507510153168303 0.7581521149094255  738545.6735660398
0.27856669257493716 -1.5257213830728866 0.5370948111216379 -0.03347246858262572 -0.031298407794931454 0.6514369508684513 0.7573175704813023  738545.6735673298
0.30433536584365595 -1.4934274353262518 0.5356960795332655 -0.02778275254698482 -0.04494866685739077 0.6483769894612198 0.7594833872744431  738545.6735684637
0.33197408125676187 -1.4590953792219934 0.535317481873552 -0.028720523623433435 -0.04687773365980422 0.6541954863784709 0.7543247809874419  738545.6735694547
0.3606064299362298 -1.4220411204404404 0.5341966907167509 -0.03844378765377543 -0.03816063121486103 0.6502647323884487 0.757774121508444  738545.6735707663
0.38338920610994076 -1.3930884997933737 0.5341677834828583 -0.037285503481233745 -0.04042292150254191 0.6532686690038144 0.7551263634288866  738545.6735717611
0.4106865165848991 -1.3583452698674232 0.5334497237534666 -0.034033392467944214 -0.02809623214856563 0.6574017938914566 0.7522467755494016  738545.6735730476
0.4327187223295606 -1.3297597856010896 0.532751605760765 -0.03509514562796112 -0.03135544345677236 0.6603552291649135 0.7494772433059833  738545.6735741289
0.45681139718812425 -1.2975031592222441 0.5321273897556718 -0.03807352672887953 -0.025365255187081735 0.6636587842187623 0.7466351374808139  738545.6735752445
0.48235303079335706 -1.260758677527417 0.5312135787966212 -0.03650776266438794 -0.02551321971559593 0.664249034720968 0.7461832742411523  738545.6735765521
0.502830811648228 -1.2298772232647759 0.5301764361394699 -0.03317656001333587 -0.02384163753953288 0.6640929510071436 0.7465329494454607  738545.6735775826
0.5279060271030782 -1.191564461367578 0.5287885825494575 -0.032650039200363704 -0.025884641402608887 0.6628751850640567 0.7475696952832998  738545.6735788167
0.5486328846046377 -1.1597788711753074 0.5276969256473577 -0.030354865722084873 -0.026579890092368625 0.6622779517058759 0.7481711076043643  738545.6735798848
0.5744007549068706 -1.1211667734603206 0.5272648729789791 -0.03145602541390301 -0.025854451207568394 0.6625221411558803 0.7479348088544504  738545.6735811243
0.5960539352502048 -1.0895515877298343 0.5266751382462707 -0.03184029255257381 -0.0296201665637434 0.6601062560130195 0.7499123763983206  738545.673582224
0.6225200692929267 -1.0520239291849718 0.5264493048905617 -0.029057502273935977 -0.031377176140074944 0.6653998036317604 0.7452611862333162  738545.6735834599
0.6440790947098815 -1.0205638208091663 0.5262942043927488 -0.03730787181020401 -0.0183808971262813 0.6641610626318236 0.7464317438356929  738545.6735845507
0.6702954035497383 -0.9821348112859922 0.5260806553244876 -0.03216145995872686 -0.03284964563037666 0.6658587289603213 0.7446601200162577  738545.6735857701
0.6915371688284446 -0.9504503957572141 0.5248935004363682 -0.024951268421993942 -0.0402399610693097 0.6671454862193966 0.7434211995594147  738545.6735868606
0.7144267258112639 -0.9159045890465121 0.5239465166795346 -0.034781693754424796 -0.02743681820411517 0.664837060423155 0.7456736135027884  738545.6735879532
0.7375020215689596 -0.8818108222941046 0.523030488847913 -0.041256597971258274 -0.023790646224514395 0.6676759642338151 0.7429271196157153  738545.6735892269
0.7602243849690253 -0.8483326096336321 0.5222162811958236 -0.037576289372438725 -0.029325626140563447 0.6711512700085838 0.7397864576310706  738545.6735903327
0.7848135583719236 -0.8111388300657761 0.5213454382749022 -0.04254314467284103 -0.01998059829488435 0.6749442790868287 0.7363702035396904  738545.6735915755
0.804564734075374 -0.780162146946906 0.5210582343081989 -0.04060520659575609 -0.026585712352638634 0.6770241848036503 0.7343586795885042  738545.6735926445
0.8276467495715707 -0.7417529715296279 0.5206383359057132 -0.04242252296591561 -0.025339614178721936 0.6791612481448966 0.7323238576727827  738545.6735939187
0.8458060929716812 -0.7099909910251547 0.5207308546063285 -0.03941377225417013 -0.0242033775724335 0.6809112263701756 0.7309039970296004  738545.6735949649
0.8669379713760378 -0.6706778543789965 0.5204985432492925 -0.03692475047726058 -0.030489667386147293 0.6842231337971997 0.7276988705237996  738545.673596218
0.884825750295079 -0.6347955813003024 0.5207665733501896 -0.03717481856361593 -0.02855624505739513 0.6820750564509815 0.7297781793808135  738545.6735973166
0.9004156411498325 -0.6030389184692924 0.5209506884124384 -0.034695389968241314 -0.024085299985725186 0.6795014613378692 0.7324574337661197  738545.673598403
0.9192626435362822 -0.5649325774993724 0.5218830149689262 -0.03150848027409727 -0.01446438811487392 0.6774058334919245 0.734792034454913  738545.6735996928
0.9362922868134702 -0.533556726151933 0.5223700721145978 -0.03975007067633173 -0.005603693458105498 0.6687243528902342 0.7424259359373108  738545.6736007526
0.9589686836911366 -0.4953755711338386 0.5234899803354005 -0.03492034962599055 -0.012155175103461376 0.6667077318497414 0.744401518800154  738545.6736020348
0.9786218589253255 -0.46384006767519015 0.5242755376000483 -0.03380683564279214 -0.011493380174148332 0.6667326882846872 0.7444410805756678  738545.6736030228
1.0040743860426502 -0.4262726861651035 0.5240761786987962 -0.05257152574245502 -0.027503236739640467 0.672048098044294 0.7381267916591301  738545.6736042796
1.0234831674605753 -0.39580141775029254 0.5231004902852849 -0.041012667467638764 -0.041079796039594475 0.6724303394905894 0.737880647528518  738545.6736053348
1.0448923401489882 -0.3642548450556885 0.5202911770518418 0.008041144516884731 -0.08927361145929828 0.6605828932018052 0.7453829911535448  738545.6736066024
1.05949851781531 -0.3480852762777925 0.5184912107164895 -0.0012954469094124284 -0.0800355519723371 0.6474907329809948 0.7578577590428975  738545.673607689
1.073339997107909 -0.3405472673319433 0.5141017856471377 -0.013974058782363461 -0.04700143100874672 0.6405340867213323 0.7663626262497056  738545.6736087693
1.0878136474404685 -0.3400481724551314 0.5068255348809755 -0.020822475486878284 -0.05029113112986422 0.6291077730387974 0.7754099796536296  738545.673610015
1.099040315941173 -0.34150383705265647 0.49509266248628264 -0.03413832496659523 -0.025104468684912232 0.6220484250223577 0.781831246080462  738545.6736110669
1.1118418641219625 -0.3445745142738287 0.4780061314447996 -0.040695586513947925 -0.029012592102751533 0.6132354470910929 0.7883174647112372  738545.673612304
1.124748242608344 -0.3487077917993156 0.4613020780096748 -0.045518825146431116 -0.026252197812894177 0.6022511229669184 0.7965754474953187  738545.6736134044
1.1380922997062728 -0.3494658328912065 0.43589348657467925 -0.04917463879030651 -0.024406565956326832 0.5948802553700393 0.8019374390867028  738545.6736146538
1.1480037118428237 -0.35046774576997153 0.41379350901256495 -0.03244197213168369 -0.03475679762924347 0.5974098427340416 0.8005254294944381  738545.6736157291
1.1595647271014062 -0.34973731185775386 0.3881784348673825 -0.019343424835299453 -0.03037111445142827 0.5793607847744292 0.8142754499480976  738545.6736169938
1.1708037482288423 -0.34672188041599067 0.3640422897141769 -0.02959632475894874 -0.02905472504548504 0.5734295071142724 0.8182044248743566  738545.6736180633
1.1807283873884855 -0.3442848109896841 0.3371540317175716 -0.032984277110394145 -0.03567376999438758 0.5695955373237493 0.8204878691722148  738545.67361933
1.1888612952498065 -0.3422133464216383 0.314918438385082 -0.021476745323816455 -0.023340324739426956 0.5664539137683359 0.8234828123451569  738545.6736203929
1.1972393125944865 -0.34036928322478455 0.285449037201253 -0.02527614313692432 -0.01641427434088478 0.556080786462051 0.830581631818168  738545.6736216326
1.203787305861905 -0.33960524238463335 0.259845154357236 -0.016384902913688534 -0.027988241385469327 0.5459089821675988 0.837216564868012  738545.6736227069
1.215337756316407 -0.3391455475958082 0.2295641082452074 -0.023621391922111143 -0.008003596111132038 0.5371254116322842 0.8431335982344679  738545.6736239712
1.2263115577850328 -0.3396192902155891 0.20396961485523288 -0.03070888272598273 -0.015340626043495087 0.5272046220239879 0.849044708028299  738545.6736250465
1.2385349776051207 -0.3413851073295429 0.17260288572137333 -0.0302187814228048 -0.0447030155881917 0.5071145194856943 0.8601879618859102  738545.6736261179
1.2550587749063873 -0.34226338862244876 0.13812089395365476 -0.04376955697912816 -0.010276863070050862 0.4905407390011921 0.8702576603210423  738545.6736274075
1.2690181394922249 -0.34385216390452905 0.1099964520463631 -0.038481198824561594 -0.04514690813285865 0.480809122499698 0.8748162902827875  738545.6736284863
1.283551891725996 -0.34787253557295045 0.07448519567245629 -0.03725669120475768 -0.037888807515781185 0.4684176851124222 0.8819077329853873  738545.6736297575
1.2961470456412396 -0.35362102018116315 0.03878412915145365 -0.04899960382507945 -0.028590624788753783 0.46938069216395234 0.881171595560628  738545.673630857
