-0.867745855384843 -2.472716067449636 0.018581384924064845 -0.09447843625902981 -0.011755866217981595 0.9918963079380176 0.084126921912326  738511.4310285458
-0.8677102294040738 -2.4726290684433967 0.018783961005356738 -0.09466549417531099 -0.013374339171262423 0.9918925757456842 0.08371791591331113  738511.4310296298
-0.8668483135722117 -2.474716459317221 0.020287381455254563 -0.07803064061405555 -0.051131507442424076 0.9919425557951291 0.0857132082858454  738511.4310308906
-0.8648298583804888 -2.4811506712497478 0.022660506678405242 -0.044513252142449694 -0.12106201598507689 0.9872675045234296 0.09308830851085313  738511.4310319625
-0.865572012539143 -2.479795675987688 0.022172188548718493 -0.05150230141122102 -0.10245052224074322 0.9899122046933299 0.08321796946055497  738511.43103323
-0.865679286419461 -2.4803070285570277 0.022109554847117834 -0.04793949352349047 -0.10368794360239961 0.9901002612999761 0.0815603327968686  738511.431034312
-0.865482693773548 -2.482950907340643 0.022897243265753903 -0.03584310992754225 -0.11481053816387271 0.9902374390307959 0.07045300659996749  738511.4310355575
-0.8667147804581584 -2.486037664665175 0.02417144001799558 -0.037743672941234825 -0.14385172304029203 0.9873368601081759 0.055208890615304505  738511.4310366466
-0.8676645131341697 -2.4936042603601707 0.02739058391468043 0.007481971838861795 -0.1717225103100775 0.9851124570525593 -0.002974308335933014  738511.4310378949
-0.8680851730604309 -2.5161762188092935 0.033547239014138405 0.08583909350073853 -0.28856385546471797 0.9416306013459218 -0.1506464800625177  738511.4310389855
-0.844977329342399 -2.558373643163811 0.031649770909369095 0.261838240358313 -0.5324390356299984 0.7099588312914631 -0.3793519040346568  738511.4310400739
0.0 0.0 0.0 0.0 0.0 0.0 0.0  738511.4310413674
0.0 0.0 0.0 0.0 0.0 0.0 0.0  738511.4310424353
0.0 0.0 0.0 0.0 0.0 0.0 0.0  738511.4310435265
0.0 0.0 0.0 0.0 0.0 0.0 0.0  738511.431044762
0.0 0.0 0.0 0.0 0.0 0.0 0.0  738511.4310458488
0.0 0.0 0.0 0.0 0.0 0.0 0.0  738511.4310471232
0.0 0.0 0.0 0.0 0.0 0.0 0.0  738511.4310481935
0.0 0.0 0.0 0.0 0.0 0.0 0.0  738511.4310494609
0.0 0.0 0.0 0.0 0.0 0.0 0.0  738511.4310505472
0.0 0.0 0.0 0.0 0.0 0.0 0.0  738511.4310516345
0.0 0.0 0.0 0.0 0.0 0.0 0.0  738511.4310528776
0.0 0.0 0.0 0.0 0.0 0.0 0.0  738511.4310539503
0.0 0.0 0.0 0.0 0.0 0.0 0.0  738511.4310552093
0.0 0.0 0.0 0.0 0.0 0.0 0.0  738511.4310562821
0.0 0.0 0.0 0.0 0.0 0.0 0.0  738511.4310575491
0.0 0.0 0.0 0.0 0.0 0.0 0.0  738511.4310586132
0.0 0.0 0.0 0.0 0.0 0.0 0.0  738511.4310598655
0.0 0.0 0.0 0.0 0.0 0.0 0.0  738511.431060943
0.0 0.0 0.0 0.0 0.0 0.0 0.0  738511.4310621927
0.0 0.0 0.0 0.0 0.0 0.0 0.0  738511.4310632661
0.0 0.0 0.0 0.0 0.0 0.0 0.0  738511.4310645179
0.0 0.0 0.0 0.0 0.0 0.0 0.0  738511.431065597
0.0 0.0 0.0 0.0 0.0 0.0 0.0  738511.4310666637
0.0 0.0 0.0 0.0 0.0 0.0 0.0  738511.431067934
0.0 0.0 0.0 0.0 0.0 0.0 0.0  738511.4310689971
0.0 0.0 0.0 0.0 0.0 0.0 0.0  738511.4310702548
0.0 0.0 0.0 0.0 0.0 0.0 0.0  738511.4310713318
0.0 0.0 0.0 0.0 0.0 0.0 0.0  738511.4310726083
0.0 0.0 0.0 0.0 0.0 0.0 0.0  738511.4310737079
0.0 0.0 0.0 0.0 0.0 0.0 0.0  738511.4310747816
0.0 0.0 0.0 0.0 0.0 0.0 0.0  738511.4310760624
0.0 0.0 0.0 0.0 0.0 0.0 0.0  738511.431077123
0.0 0.0 0.0 0.0 0.0 0.0 0.0  738511.4310783829
0.0 0.0 0.0 0.0 0.0 0.0 0.0  738511.4310794631
0.0 0.0 0.0 0.0 0.0 0.0 0.0  738511.4310806997
0.0 0.0 0.0 0.0 0.0 0.0 0.0  738511.4310817897
0.0 0.0 0.0 0.0 0.0 0.0 0.0  738511.4310828629
0.0 0.0 0.0 0.0 0.0 0.0 0.0  738511.4310841169
0.0 0.0 0.0 0.0 0.0 0.0 0.0  738511.4310851897
0.0 0.0 0.0 0.0 0.0 0.0 0.0  738511.4310864498
0.0 0.0 0.0 0.0 0.0 0.0 0.0  738511.4310875272
0.0 0.0 0.0 0.0 0.0 0.0 0.0  738511.4310887835
0.0 0.0 0.0 0.0 0.0 0.0 0.0  738511.4310898561
0.0 0.0 0.0 0.0 0.0 0.0 0.0  738511.431091113
0.0 0.0 0.0 0.0 0.0 0.0 0.0  738511.4310921811
0.0 0.0 0.0 0.0 0.0 0.0 0.0  738511.4310934269
0.0 0.0 0.0 0.0 0.0 0.0 0.0  738511.4310945079
0.0 0.0 0.0 0.0 0.0 0.0 0.0  738511.4310957525
0.0 0.0 0.0 0.0 0.0 0.0 0.0  738511.4310968195
0.0 0.0 0.0 0.0 0.0 0.0 0.0  738511.4310980812
0.0 0.0 0.0 0.0 0.0 0.0 0.0  738511.4310991456
0.0 0.0 0.0 0.0 0.0 0.0 0.0  738511.4311003978
0.0 0.0 0.0 0.0 0.0 0.0 0.0  738511.4311014648
0.0 0.0 0.0 0.0 0.0 0.0 0.0  738511.4311025547
0.0 0.0 0.0 0.0 0.0 0.0 0.0  738511.4311037988
0.0 0.0 0.0 0.0 0.0 0.0 0.0  738511.4311048739
0.0 0.0 0.0 0.0 0.0 0.0 0.0  738511.431106124
0.0 0.0 0.0 0.0 0.0 0.0 0.0  738511.4311072029
0.0 0.0 0.0 0.0 0.0 0.0 0.0  738511.4311084592
0.0 0.0 0.0 0.0 0.0 0.0 0.0  738511.4311095191
0.0 0.0 0.0 0.0 0.0 0.0 0.0  738511.431110779
0.0 0.0 0.0 0.0 0.0 0.0 0.0  738511.431111858
0.0 0.0 0.0 0.0 0.0 0.0 0.0  738511.4311131175
