-0.9233479045458085 -2.17673934852187 -0.03143132915884648 -0.005258748743228816 0.03646769999431664 0.28850616908006516 0.9567688554826212  738511.6426261383
-0.9238303989581528 -2.1775555957637365 -0.03107007011672991 -0.01317117458509874 0.04194094205142489 0.29694072599301563 0.953883474427893  738511.6426271996
-0.9235197905702244 -2.1801090419630946 -0.030757483993575238 -0.010055650257193896 0.03771212532291157 0.28249318724541056 0.9584749755009065  738511.6426284557
-0.9223101168886918 -2.185066082907144 -0.02498248040544958 -0.0027720094390231652 0.02252330126534996 0.25954751114556956 0.9654636742632634  738511.6426295338
-0.9221014467122013 -2.1946745711117583 -0.012316286869858323 -0.019820486412661573 0.025241659889962298 0.23113775991036106 0.9723915584104921  738511.6426307878
-0.9233375332776814 -2.2045010856580385 0.0073841744106115355 -0.014512619867086204 0.03930545648202336 0.2006656059606032 0.978763393032145  738511.6426318787
-0.9228417944587037 -2.216242840080281 0.03394979661116735 -0.033906506475666745 0.04641383511489976 0.17574359702228332 0.982756476872176  738511.6426331545
-0.9207579384185456 -2.2230330947541184 0.05695374406920742 -0.04446520977737862 0.05170052532690032 0.1662327607010956 0.9837258612388253  738511.6426342427
-0.9161848944468115 -2.2264061325339393 0.08652794953102434 -0.024941229320143074 0.041118451575509654 0.15856777348267936 0.9861761856954254  738511.6426354682
-0.9113178674782197 -2.227411385218102 0.1158848117251375 -0.03071815924385438 0.04096732459375882 0.15488311266502808 0.9866049333038484  738511.6426365589
-0.9062757319563168 -2.2270134432878637 0.14952109140303477 -0.027576891027216912 0.03770638510131145 0.15477071369950726 0.9868453626505066  738511.6426376378
-0.9000128567779383 -2.225659731280516 0.19846950715158268 -0.022709055206207675 0.02483258890884179 0.1549292518411612 0.9873523019994758  738511.642638904
-0.8960088515950949 -2.2246823591382814 0.24962188017470074 -0.01353674135223568 0.021178977151044342 0.1683156027041508 0.985412637145849  738511.6426400053
-0.8925157829498224 -2.2269878668578293 0.3013286593883183 -0.02128764703165089 0.024307163435954033 0.2661862474755611 0.9633799248190887  738511.6426412571
-0.8906885674042173 -2.230286288962001 0.3325357969051753 -0.029858022757672815 0.035817588478879614 0.3754539304965792 0.9256672970928755  738511.6426423555
-0.8869871632634466 -2.234098760303584 0.3593037294845811 -0.03828274432651792 0.03848572562618399 0.484290044088804 0.8732218696335547  738511.6426434238
-0.8813513284176341 -2.236305843754468 0.38770955712845917 -0.0467057231135148 0.04350687279011358 0.5682888722725732 0.8203496115069694  738511.6426446978
-0.8756768001274573 -2.23530364166448 0.41238933612389295 -0.05041695559962506 0.04256418485729665 0.6138922220107368 0.7866274597992493  738511.6426457787
-0.8670066149406536 -2.230389232671853 0.44437963544726633 -0.054553463694774346 0.032929785637189055 0.6474856403729964 0.7594089111457427  738511.6426470326
-0.8606413894401739 -2.223993566476141 0.47000462460556325 -0.04958360843665745 0.027820007953298264 0.663107521487114 0.7463617942252239  738511.64264812
-0.8544174891625719 -2.216425367391384 0.49339225675631915 -0.05010204567403746 0.0226295068953531 0.6726226312763576 0.737940706514974  738511.6426492003
-0.8483405215997424 -2.206122467475269 0.5165445688566366 -0.0489962103772776 0.015973261802623463 0.6773537807636184 0.7338501767808485  738511.642650446
-0.8451275783982252 -2.1977189443283023 0.531837483556298 -0.04566962909317757 0.011563682622609985 0.680865797714391 0.7308914637108859  738511.6426515103
-0.842963062749 -2.188602883572099 0.5453334313464794 -0.042094700908894646 0.00855539346633091 0.6827809680270492 0.7293593017834711  738511.6426527495
-0.8432444229056638 -2.182633009727037 0.5519703191130847 -0.039156003850460516 0.01103906634571056 0.6812494793583629 0.7309200320490863  738511.6426538201
-0.8451348232436637 -2.177674577830497 0.5561869891149034 -0.036777189286949334 0.012410404389386682 0.681635958753173 0.7306612347358293  738511.642655054
-0.8478672867041271 -2.1751167733121486 0.5590215444172653 -0.03497806951334003 0.014423745416897954 0.6799838017822037 0.7322503120757882  738511.6426563052
-0.850400499203252 -2.1746576447586596 0.5612456100692368 -0.03595661962720415 0.021824647860014847 0.6783750074548193 0.7335108421226266  738511.6426573804
-0.8520472080702105 -2.1746577471127098 0.5631808784950032 -0.03753410590732544 0.02039138488350488 0.677073679323752 0.7346744960070873  738511.6426584629
-0.8536456552921166 -2.1752597708916976 0.5645931076136924 -0.03932246441035063 0.02302376511100205 0.674212113289631 0.7371307050492063  738511.6426596983
-0.8545177029467026 -2.1756817206385013 0.564876343888187 -0.03865714310613803 0.024072813815973537 0.672275888365995 0.7388986769805217  738511.6426607743
-0.854869096968939 -2.176012425685135 0.5644555896743106 -0.038350732726899366 0.02401919127385226 0.6708013511629215 0.7402552580210822  738511.6426620313
-0.8545787491167214 -2.1762430880128005 0.5630909117248758 -0.03937645441225579 0.022408903602079144 0.6697778146494419 0.7411781262832101  738511.6426631082
-0.8540831244820102 -2.1765096460424345 0.5611361051564766 -0.03961101763585908 0.022097120629249928 0.6683560029914041 0.7424573643025587  738511.6426643925
-0.8542210706077192 -2.1776002396232346 0.5590959484382929 -0.06375519212041277 0.0873958885221294 0.6603274371878023 0.7431452817882288  738511.6426654825
-0.8468197903010102 -2.164090602094088 0.5559489602760547 -0.1186514061315884 0.13286927177475913 0.6523729493172573 0.736666230690769  738511.6426667236
-0.8352601029944042 -2.129184335291458 0.5510545873857865 -0.10321166591993182 0.11542464048802371 0.6530449837952822 0.7413209517652003  738511.642667828
-0.8194899658727998 -2.078179381536422 0.5463405585492647 -0.08754969559806959 0.09949060572298178 0.6548253245426584 0.7440702013326174  738511.642668893
-0.795392840881284 -1.9997709541806235 0.5424159609658484 -0.06619933380125337 0.06456902987898808 0.6592097344770373 0.7462513079087169  738511.6426701572
-0.7712608712989284 -1.9218976501437082 0.5422288930849126 -0.04628299832094026 0.039367361788797774 0.6606512695785778 0.7482299077799732  738511.6426712486
-0.7432987941193425 -1.8373218545241439 0.5458247750116715 -0.0370339119509705 0.01582289000339666 0.6633128699692665 0.7472577614522872  738511.6426725305
-0.7213012290591428 -1.7726744658571238 0.5500902704054683 -0.032874807828753336 0.006625539565672068 0.6657605067070581 0.7454114950447488  738511.6426736247
-0.69655331685814 -1.7008305691084837 0.5546040002350101 -0.05193655730788057 0.03254480684975548 0.6698580047476825 0.7399551898848815  738511.6426748632
-0.6765981964833179 -1.6424214563849064 0.5575404991260144 -0.05706645556539911 0.03186647967763872 0.6745639056788136 0.7353172677677994  738511.642675924
-0.6557351844802133 -1.5772023666305237 0.5607460327741157 -0.05908527558168734 0.029213194579452356 0.6774028041455571 0.7326533698875856  738511.6426770085
-0.6368105670615061 -1.511441272533119 0.5645022848922016 -0.0702932745125985 0.03604277737451235 0.6783871131290682 0.7304455479348456  738511.6426782709
-0.6207530682018312 -1.4423783382288025 0.5675111312395053 -0.05414517464896534 0.022528588510051056 0.6770013894864365 0.733641521041041  738511.642679356
-0.6051330635774663 -1.367362496661453 0.5707952492315875 -0.051074485985154794 0.04393987094298579 0.672945269269232 0.7366175053520158  738511.6426806358
-0.5907302813411904 -1.304443378273634 0.5729840088460342 -0.04217193529440652 0.02554447979033336 0.6730429969763514 0.7379580825811562  738511.642681699
-0.5732898516253978 -1.230112311832687 0.5732866193654508 -0.055402092179777866 0.04536512130041702 0.6746639083514616 0.7346436038783924  738511.6426829472
-0.5580404099927614 -1.167315555947139 0.5713822899892304 -0.05269244403996717 0.03575333958324395 0.6771187467693295 0.7331135026878669  738511.6426840352
-0.5412047875590547 -1.0973653779553707 0.5678699248658264 -0.05554027937877592 0.04576893786663816 0.678740253996631 0.7308434506087308  738511.6426851286
-0.521707098594382 -1.0176146847499745 0.5631802205245404 -0.05245516074575941 0.027942604194553643 0.6809744514934299 0.7298914052070933  738511.6426864294
-0.5069094497676846 -0.9526690602249575 0.5601428360356449 -0.04190711286697195 0.02383305984508521 0.6822459307836103 0.7295315408389007  738511.6426874411
-0.4892752504713424 -0.8766680989540775 0.5572465772187899 -0.05560531671263124 0.036694139447854435 0.6818539623496396 0.7284481882135241  738511.6426887101
-0.4751367434159649 -0.8137362268017674 0.5552434201220607 -0.06191307109507358 0.04454659451378208 0.6811864736009491 0.7281259236752284  738511.6426897761
-0.45784104401455067 -0.7332641546230542 0.5535609327577853 -0.06340816130109685 0.04626100178521096 0.6798463445774292 0.7291421483901135  738511.6426910285
-0.4437956749269943 -0.664409317658108 0.5528851492243886 -0.06127823196517876 0.04488809219049339 0.6793233627932386 0.7298971203053246  738511.6426921055
-0.4297624194050748 -0.5933356350201688 0.5523145863618103 -0.05793381587792814 0.04112318719327905 0.6783230607499575 0.7313209840471544  738511.6426931932
-0.41128274853409474 -0.497049870239202 0.5517893768907112 -0.054953677933963316 0.04646174233605285 0.6769118009641517 0.7325379263192434  738511.642694463
-0.3963254686557673 -0.4231437747600205 0.5512571568982749 -0.051950713045953244 0.03910940065554744 0.6790095979878008 0.7312438335020857  738511.642695535
-0.37794022956066275 -0.33291500890548514 0.5505172108531003 -0.04560794296880799 0.029310378909392264 0.6823194003056909 0.7290411875832697  738511.6426968125
-0.36291176429110866 -0.2612928377408674 0.5494218282197206 -0.05288207854601153 0.03706772528441151 0.6862296947170092 0.7245124399204566  738511.6426978841
-0.34464887250877013 -0.1736591578608357 0.5474390161528434 -0.055304195857594905 0.03045074659388602 0.6975254780846869 0.713773357148576  738511.6426991337
-0.3306565476634707 -0.10251834666944326 0.5452704036144247 -0.060738909285636744 0.033096481915983376 0.7106923284273128 0.7000941523096311  738511.6427002138
-0.31762410381920536 -0.03085439543717262 0.5430230983624816 -0.06799848401582224 0.027910769202299176 0.728327097092734 0.6812758874160726  738511.6427012814
-0.3048955983954663 0.05752101994316403 0.5396028556112699 -0.0754180152052524 0.03115864011607877 0.756284024767952 0.649134605462846  738511.642702549
-0.2965474816143614 0.14029353238659653 0.5356394113353099 -0.08049605773905046 0.020303145739783618 0.7878204304156574 0.6102844716861384  738511.6427036243
-0.29329837501687595 0.22375047981369636 0.5313889664307755 -0.07692069606677901 0.0014653434381343192 0.8244275588800389 0.5607140621068021  738511.6427048713
-0.2959848648335419 0.3041523803388476 0.5258763439102178 -0.08265630790441607 0.00733231341345438 0.8631507842884 0.4980812137854  738511.6427059324
-0.3053471215556742 0.3911693324902883 0.518366287226725 -0.09791995744056653 -0.010163067295021214 0.9070202507347134 0.4094174626895296  738511.6427072063
-0.3205778079919197 0.459504551771129 0.5102030397338685 -0.10754310034137153 -0.009584951550165942 0.9412249129301281 0.32005979683868363  738511.6427082965
-0.34347830180081995 0.5261385863879023 0.49900440039050725 -0.11677291073034587 -0.031934622605131725 0.9696129302455123 0.2125912338252489  738511.6427093868
-0.3840798786574969 0.6001393413784281 0.48042280807929466 -0.13765882046753794 -0.04732627452573515 0.9874293535171712 0.06159175837449646  738511.6427106239
-0.44223896003668245 0.6625171165716698 0.4560751334495128 -0.1437428387176603 -0.0740625432583263 0.9805926286250245 -0.11086402793405205  738511.6427118676
-0.5022915674590528 0.6994421041809251 0.43374622577853766 -0.1409495882234369 -0.09314190877124959 0.9523838878183574 -0.2538163285410974  738511.6427129408
-0.5708912523366831 0.7192989825228512 0.41076156971115646 -0.12938844356650733 -0.11416441697694935 0.9034246861870149 -0.3924907042920173  738511.6427140126
-0.6669427917693175 0.7134202043496201 0.38229838748297545 0.09332073586206954 0.15502048485937467 -0.8223406012596866 0.5394588260951743  738511.6427152997
-0.7305978107505594 0.6813543759754777 0.3689894485182891 0.07128209781474759 0.17690551445765534 -0.7583128062377116 0.6233658551617083  738511.6427163648
-0.7880345172175571 0.6117435001091441 0.3595430565296175 0.03692818595282033 0.161766755636515 -0.6925221304333133 0.7020547875438033  738511.6427176365
-0.8140135500171451 0.536754155590046 0.3660178784618132 0.012407425840994152 0.11659059234646157 -0.6777717436970627 0.7258637289506513  738511.6427187053
-0.8243002258145019 0.4381155913834735 0.39664053403599503 -0.00435621150122777 0.05450268860478755 -0.6841637340597146 0.7272760585593852  738511.6427199657
-0.8231059481994119 0.36236931377210974 0.4336709408052286 0.009066999134920022 0.007435329086209701 -0.686998833506105 0.7265639050829034  738511.6427210536
-0.8226223503894922 0.2884197995732026 0.47683157456008274 0.02144772926494603 0.0032024839106140164 -0.670149296884904 0.7419094681231994  738511.6427221405
-0.8262264618463923 0.21537881383494914 0.5181299384647632 0.030550358118880197 0.049030974832725345 -0.6282732315991307 0.7758449494465669  738511.642723401
-0.8281409845670861 0.1558788047150291 0.5451371390180968 0.02042741429608293 0.07280016854038926 -0.5861649727280124 0.8066557388083442  738511.6427244851
-0.8230416685907551 0.08104479053462574 0.570843133365727 0.02654268910291936 0.09697273239157368 -0.5383367477900546 0.8367110139149151  738511.6427257563
-0.8108801974902005 0.014955825780872803 0.5872440549006956 0.014270292363371774 0.09915415800920875 -0.502749660616323 0.8586079375684346  738511.6427267998
-0.784394164030271 -0.06765350563547043 0.6029644741600474 0.005723580987978244 0.08042035927354171 -0.463244348938574 0.8825556524160192  738511.6427280692
-0.7556788774921341 -0.13452905135538146 0.6121419267954188 -0.00975634929684364 0.0713322202843992 -0.43493397892814456 0.8975795017553756  738511.642729159
-0.7170637195011111 -0.20476932951248944 0.618823030789503 -0.0146881690448434 0.061848597866796085 -0.4047119484263064 0.9122320140364535  738511.6427302301
-0.6734324239773276 -0.26949497106103976 0.6220027735563266 -0.019000851976884798 0.04782132633591587 -0.3746556532039051 0.9257349674145303  738511.6427314895
-0.627673627954824 -0.3269853366410572 0.6216983233097865 -0.013477946236282533 0.04524031770410643 -0.3445624270182109 0.9375758062720068  738511.6427325531
-0.5757475014636136 -0.3841139067547595 0.6187407592825432 -0.010708656967598528 0.0504621356668813 -0.3118394275442308 0.9487334024681402  738511.6427338261
-0.5316902294980054 -0.4272194049718013 0.6152871203713118 -0.013886646421716348 0.0446630090339637 -0.285259618503958 0.9573083759824557  738511.6427348964
-0.47765656769082965 -0.47449729213254543 0.6098536031543441 -0.00435326842860837 0.06214179972707405 -0.25503898962943444 0.964922048431616  738511.6427361391
-0.4307736890986324 -0.5114885033150338 0.6045269093227198 -0.007441637011995464 0.05955938360803686 -0.23171200395264205 0.9709309188027042  738511.6427372124
-0.37088533805662766 -0.5538651760141992 0.5972400943689198 -0.007187314780065125 0.06368018439094227 -0.20484800154704988 0.9766936433111295  738511.6427384738
-0.3192445897173105 -0.5868853660506186 0.5911157773765184 -0.009327369387788798 0.0631351011406569 -0.18571614247590826 0.9805286704671776  738511.6427395474
-0.265485442835868 -0.6177673500514647 0.5849675723904882 -0.008636009395248093 0.06622845718604084 -0.16984523447604633 0.9832048652881346  738511.6427406395
-0.19610908897070892 -0.6536727557840701 0.5775190258488366 -0.01097177850638413 0.06657247725736692 -0.1530011399120009 0.9859200659961499  738511.6427418969
-0.129702149620082 -0.683997998646702 0.5712559134278723 -0.011811723857157237 0.05528046157725527 -0.14007691715554837 0.9885256754518446  738511.6427429849
-0.055812709664666754 -0.7146201756594321 0.56488561162828 -0.016135045021123694 0.0456656657572742 -0.12760518501480228 0.9906418242989993  738511.6427442508
0.003795765753509342 -0.7366347813946019 0.5604077731726599 -0.011626126386129046 0.04044119235498183 -0.11938652018447699 0.9919557459606767  738511.6427453416
0.07431428044958333 -0.7610924819862566 0.5555592176012557 -0.005307457377055585 0.06393273458994282 -0.11128417154110226 0.9917158209429016  738511.6427465836
0.13418826174488618 -0.7807676169342294 0.5517040707606328 -0.007742626212869915 0.0593883959886484 -0.10579012593394167 0.9925832556597477  738511.6427476543
0.1952007335871038 -0.799553626700048 0.5482765700117214 -0.008177326232913642 0.05228158805947217 -0.10129907136799454 0.9934476659722152  738511.6427487369
0.27009118435628626 -0.8217877063865963 0.5446702915425459 -0.006356939931208764 0.06528330620825666 -0.09869560508487761 0.9929536025324446  738511.6427499753
0.34081583140014576 -0.8417377300662903 0.5416999421507596 -0.00602159656320591 0.05131887194681456 -0.0991911801336075 0.9937259297918308  738511.642751064
0.41133075180285567 -0.8612150788342892 0.5383731787294948 -0.008847333528263132 0.047440094040286616 -0.10078396195452044 0.993737266675472  738511.6427523212
0.4806604266117527 -0.8797587180759576 0.5351376093040496 -0.003020557749161277 0.044508781796867715 -0.10567321308267388 0.993399726500177  738511.6427534097
0.5552259696768572 -0.900291904645823 0.5317811391379677 -0.0033785913448316483 0.05345494569624406 -0.11441949013623615 0.9919875675521846  738511.6427546797
0.616378023217679 -0.9172706345195937 0.5302725826434277 0.00014637828856660067 0.03776470520972601 -0.12215084525067106 0.9917928093197519  738511.6427557619
0.680608087434847 -0.9360087261142355 0.5289163112202245 0.0027309570648370095 0.0657800377465327 -0.13056849427355163 0.9892509271214823  738511.6427568683
0.753981937415627 -0.9573709213468294 0.5277661673854904 -0.0008599084362487559 0.05223174509189074 -0.14109784359506478 0.9886164594497502  738511.6427581268
0.8138274297382113 -0.9737457958288138 0.5272963667428413 0.005778785615997589 0.0475274568275582 -0.15207590916106284 0.9872085212036741  738511.6427592115
0.885228658234447 -0.9939435106304119 0.526636588986614 0.016337987107937716 0.05597046453238835 -0.17150031206195332 0.9834571776340555  738511.6427604534
0.9438630333834243 -1.012719461249367 0.5256098379307113 0.020149996846327307 0.05756060324924213 -0.1902264141253315 0.9798442049375473  738511.6427615266
1.0152615553102728 -1.039608667701898 0.5244417165560266 -0.025059959028683736 -0.07188913391808635 -0.1889382868760107 0.9790333368329939  738511.6427627837
1.054376179766471 -1.053281446116345 0.5210310465296956 -0.005966768169158743 -0.11660145757985117 -0.1752345355979381 0.977579334530781  738511.6427638648
1.0675154467984969 -1.061952887114929 0.5105895678658058 -0.019030134311229012 -0.07493499862151787 -0.16912178629677488 0.9825581007601931  738511.64276495
1.0589052076531287 -1.063586992998896 0.49869425986347266 -0.007113988971689944 -0.024435850866605574 -0.16224186761122059 0.9864227576183342  738511.6427662084
1.039037707235315 -1.0622075485253917 0.48813325854174955 -0.0048181767763678125 0.02696460457854283 -0.151656368289587 0.9880536631325688  738511.6427672802
1.0166677842472462 -1.060605341649135 0.4739799667794676 -0.002189097096456595 0.064165852508676 -0.13877776156175214 0.9882401955605968  738511.6427685379
1.003858840198726 -1.0606916782309612 0.45995187893566136 -0.0003210750041480159 0.06868761418750385 -0.12890216630673387 0.9892755632731972  738511.6427696232
0.9953039843503567 -1.0629132813554707 0.4417976079173947 0.0001366075460900582 0.06115772781424318 -0.1259837874574211 0.9901453423436686  738511.6427708736
0.9926230929695827 -1.0663203569023587 0.42575784485459617 -0.00019657232730949158 0.04867239419165804 -0.12237008511883574 0.9912903316743188  738511.6427719486
0.9916007049203526 -1.0707472453770424 0.40590120889867404 -0.0023911836192415502 0.03664369169833517 -0.12141288127652139 0.9919225949436528  738511.6427730384
0.9899316139941949 -1.0764179240574898 0.3764394867984759 -0.0060183096586802235 0.02948520389778501 -0.122622792861088 0.9919970027025813  738511.6427742736
0.9875446627469113 -1.080586755612824 0.3499082233964111 -0.011287977551066579 0.023428043683606032 -0.12879297183948277 0.9913304588968908  738511.6427753626
0.9817291886305342 -1.0838736806409752 0.31681952511095474 -0.00879810032122418 0.027184040463139447 -0.14086184012625472 0.989616877064595  738511.6427765961
0.9746703140869387 -1.0855378755263023 0.2842937970271277 -0.012021743171289432 0.03927464402826469 -0.1512724332945116 0.9876384110355035  738511.6427776811
0.9681592233974468 -1.085502253298418 0.25067843833420034 -0.01798123588841076 0.05161769354681115 -0.17145856607560886 0.9836738529554035  738511.6427789473
0.9651949630014796 -1.082870022010874 0.21714454590890322 -0.01455973946550958 0.05383659309133484 -0.19116735350642383 0.9799717741773813  738511.6427800241
0.9662114123599561 -1.07816689375771 0.17978142509681594 0.0002911689794501651 0.030443676489194216 -0.21390167813803737 0.9763806480426465  738511.6427812908
0.9657492786111922 -1.074212213048755 0.1492777467882117 0.022187939899845157 0.002955706982483497 -0.23058239419023074 0.9727953117736206  738511.6427823787
0.9559389452029144 -1.0724175081342087 0.11063716798164491 0.024986000037787143 0.0058321476635709605 -0.26235447041372123 0.9646304047196926  738511.6427836214
0.9403467568015381 -1.0729265363567764 0.07978405829489506 0.008023934389836274 0.05523085070694427 -0.29219568609141056 0.9547286790689095  738511.6427846801
0.9262748805876814 -1.0740267439826936 0.04577155025576837 -0.016485617604884508 0.10993018401066174 -0.3264423360004371 0.9386580742326491  738511.6427859325
0.9285939666462503 -1.0746103865475376 0.021584572633161797 -0.024994318373695115 0.0987774819198905 -0.3505235871866292 0.9309949022096833  738511.6427870194
0.9281934936203645 -1.0739884859845983 0.014088618758415121 0.018989043884049168 0.003355884833087365 -0.3641889106896847 0.9311254435252092  738511.6427880854
0.9166807750968948 -1.0729137030025602 0.025605951505066116 0.0046386315811218605 0.004403986617707463 -0.3605797297701302 0.9327064631907649  738511.6427893444
0.899968157888551 -1.0678186582932125 0.03697016619900529 0.011971770840792172 0.023847265701127125 -0.35454031129051483 0.9346599126375007  738511.6427904257
0.881365427550755 -1.0619448665113973 0.03861043138539588 0.012055030785338972 0.04302004536772651 -0.3523980445991538 0.9347831674201329  738511.6427916792
0.8648945465994201 -1.0566976765246927 0.02789694000135878 0.012450391947362556 0.0575890662982141 -0.3460866933553917 0.9363506222914513  738511.6427927357
0.8521750292006027 -1.0529758524139525 0.011115854102273944 0.01936572480913288 0.026757772595828348 -0.3423057817778407 0.939007849844605  738511.642794009
0.8504709507756244 -1.0536482145179376 0.016435203494161343 0.019408153661351374 0.04415548953921634 -0.33674252497820056 0.9403606160331873  738511.6427951041
