0.6972239739864979 -1.8694559850427601 -0.01151136158250249 0.04446941370677788 0.029300882451262 -0.36915726529573056 0.9278398800501789  738512.4282078872
0.6962161916357428 -1.870185328896563 -0.011250637360983601 0.03852276958393303 0.029001801914615325 -0.3663903636668769 0.9292109518948549  738512.428209138
0.6956697007875133 -1.8716797739855684 -0.00988120862966611 0.04076913624405634 0.035241045300840095 -0.38230394308954524 0.9224638970464933  738512.4282102191
0.6959909819883344 -1.8741917134261747 -0.005874582061978383 0.026617300360924696 0.0036514757539946783 -0.39794960353597103 0.9170137943847289  738512.4282112983
0.6918542223919398 -1.8746650994826657 0.0034203561874268547 0.03761109836374987 -0.0005477000017512599 -0.41903006743591575 0.9071928724859076  738512.4282125572
0.6843409361522794 -1.8734467199910532 0.017144592208175012 0.03160069807363879 0.006239776674912722 -0.4370226265493357 0.8988735644973802  738512.4282136367
0.6716897921469366 -1.871874216236502 0.04005793593169358 0.03525652424573803 0.026232581285243875 -0.45351287274514246 0.8901656606675361  738512.4282149086
0.6603398001934585 -1.8725657705839835 0.0629681925522527 0.03319978066177156 0.03996408529499783 -0.4603011951221848 0.8862411952846881  738512.4282159965
0.6473245248572418 -1.8773031577940027 0.09905932811624084 0.04698595780336242 0.0332167417359522 -0.4698615128532911 0.8808627172136214  738512.4282170712
0.639034315745419 -1.8851387783144231 0.13483857905902372 0.022643816664397434 0.04456952555763179 -0.4650445138974119 0.8838746602614856  738512.4282183322
0.6371923045747032 -1.8932968567158461 0.16633881390408528 0.004914175329969069 0.05347695911062864 -0.4602730778881828 0.8861516571650957  738512.4282194247
0.6429089226513134 -1.9016379070923406 0.2070276088967816 0.023093349065852805 0.027336460401497033 -0.4630917906328479 0.8855876064004637  738512.4282205335
0.6499520714097496 -1.91094512628874 0.25880363943767526 0.006076479722875283 0.019663893995844457 -0.49326300282042923 0.8696367159427383  738512.4282217943
0.6589629262105299 -1.915642906772217 0.30030368036509025 0.048379027110712035 -0.005748443111780716 -0.6568276967152755 0.7524651500005285  738512.4282229054
0.6614179973938105 -1.9180896596782682 0.34282031702127275 0.030629878476543453 -0.02322076453140773 0.8884407420517713 -0.45737911463203834  738512.4282241608
0.6733427189555047 -1.9174123835964585 0.3666571831762775 0.051267879528205815 0.0649163475659783 0.9914961006950842 -0.10046369818903753  738512.4282252401
0.6984767859747827 -1.9054151779694057 0.39013196974847575 -0.052474987276929036 0.09596959440367825 0.9626480713225091 0.2476790331040017  738512.4282263208
0.7231807198432811 -1.8776139307100481 0.4151817700026155 -0.10631572664987188 0.003135073786285291 0.8651215055441803 0.49015499408272384  738512.4282275811
0.7308021753287176 -1.853049238583403 0.429830519593175 -0.08095030154211408 -0.04620260387038211 0.7954982526199065 0.5987444347586981  738512.4282286718
0.7233592245572301 -1.8323005969342359 0.43937860313857335 0.06691877485876363 -0.007421457262852621 0.761828505730663 0.6442702285529598  738512.4282299328
0.7244863303594068 -1.8291963443523709 0.43508485530652014 0.14245867365536988 0.010426554948321162 0.7485975449109872 0.6474554262692568  738512.4282310046
0.7509674880092787 -1.850675918501388 0.4134164580809179 0.06962490774512849 0.03714195375434367 0.7614320224275352 0.6434237505056106  738512.428232259
0.7878655094233504 -1.879241874858948 0.3969264207556976 -0.011117009562644034 0.0353354741354248 0.7727951824460425 0.6335735335019897  738512.4282333434
0.8304628320874786 -1.910408948846448 0.39085724174435915 -0.0964862557058884 0.05141486045731734 0.7776126347503667 0.6191651676738649  738512.4282344615
0.8662989746833888 -1.9269422763977475 0.4009550755758392 -0.1828062276598862 0.09778638851854643 0.7831815346012954 0.5862136037391336  738512.4282357174
0.8799070377547719 -1.9099385374439248 0.41238675434067346 -0.19356578506896216 0.1019672295345309 0.8016704984463577 0.5562907359218353  738512.4282367852
0.8745701627176379 -1.854247806997135 0.4342242854552283 -0.16803915182588872 0.07978091158495544 0.8275773119247005 0.5296353862685126  738512.4282380458
0.8531452100482261 -1.7854869255737875 0.4580068251679134 -0.10380879776054826 0.05633367885483516 0.8492410635350314 0.5146259477912855  738512.4282391428
0.8161683382286893 -1.6916045422999995 0.4962504037040342 -0.06300225788665348 0.02485183887516762 0.8650391851469088 0.4971119690432714  738512.4282403879
0.7777831034096983 -1.6081735069828909 0.5361886703891794 -0.042055230441156013 0.002262843343285041 0.8721119015800008 0.48749058273474377  738512.4282414869
0.7412242698104818 -1.5389872911628193 0.5695486692585754 -0.011447864363708829 -0.011791421820827114 0.8794709556212527 0.47566873661361664  738512.4282425841
0.6995031470256359 -1.4680346809654867 0.6007636279912354 -0.029753345904746868 0.009665248421975865 0.8821789462232823 0.4698740557008795  738512.4282438558
0.6667719905220528 -1.416525883763127 0.6195329172708991 -0.04246253134448998 0.02791366469007496 0.8841312589118986 0.4644670900830861  738512.428244931
0.628475400791288 -1.3564161080762431 0.6333311343192837 -0.044734260550299866 0.03483553036148787 0.8888479521358333 0.45468082183152075  738512.4282462077
0.5960297233873236 -1.303455014100781 0.6379522021212846 -0.05274183363315611 0.0398911420638665 0.8902449593422423 0.4506560863181392  738512.4282473188
0.5679687545128546 -1.2549535563079939 0.6373840157442702 -0.04900002989465687 0.03247748660936597 0.8919394729006288 0.4483170603664438  738512.4282484123
0.535566484241891 -1.196819120533058 0.6353711571529969 -0.054635931594657336 0.04015419660990689 0.8919523513694935 0.4470162842222066  738512.4282497024
0.5085555242397292 -1.1485274803370193 0.6323399781423302 -0.040568887945566366 0.05259525649141745 0.8930062806756021 0.4451153636973116  738512.4282507192
0.48171025358786407 -1.093674188213941 0.6293817797891139 -0.048359029737805405 0.04472229238894078 0.8935765085916235 0.44405218623434356  738512.4282518543
0.4528022185369231 -1.0325026833983844 0.6243947631579938 -0.05336829740700724 0.023883587385008686 0.8921479788417142 0.447943504176748  738512.4282531046
0.4290183445188358 -0.9829096633622453 0.6195859896790271 -0.05337392502250139 0.024991752246399577 0.8921464974592773 0.4478853240713417  738512.4282541334
0.39932851422463805 -0.9226209228137296 0.6131204198693572 -0.047674417760099834 0.033001706947419635 0.8913347167169673 0.4496225750614351  738512.4282554078
0.3729531645664322 -0.8680493362606575 0.6081314141005817 -0.057123613483016054 0.04170206757848414 0.8827669763576977 0.4644569902527151  738512.4282565047
0.3483387372135889 -0.8170946943249854 0.6040174934142953 -0.0559281612455681 0.04838979232808783 0.8727232297550427 0.4825812190958754  738512.4282575909
0.3181720495724459 -0.7519813853581905 0.5992888213406576 -0.04190995952441712 0.051754680122916175 0.8558123428319704 0.5129817172516876  738512.4282588518
0.29525730398281697 -0.6972104149365776 0.5959514105986762 -0.03834868016656123 0.057863920482971794 0.8393385709174932 0.5391585191815144  738512.4282599385
0.27043355669346125 -0.6278151530981544 0.5915832715538045 -0.03576582155867723 0.06515997268268237 0.8155546968188357 0.573886330613443  738512.4282612189
0.252336456246142 -0.5614763467941303 0.5874126994956229 -0.03109125054090791 0.06239697552750329 0.794595411148659 0.6031236060430036  738512.4282622944
0.24000662381356136 -0.5000223734896596 0.5840379909032674 -0.015502350745955535 0.0560338741181537 0.7732417938365586 0.6314404250102154  738512.4282633902
0.23159711771296249 -0.4265712872734893 0.5807493567118507 -0.01467597870337422 0.06655694387222182 0.7435080383485354 0.6652447562984626  738512.4282646361
0.2311692082086792 -0.36609401038595213 0.5786446941290594 -0.01742959069389359 0.061376573257911196 0.7202178030388762 0.6908078182890044  738512.4282657277
0.237104740490918 -0.29279112914231903 0.5757076169910806 -0.017709200335158975 0.06555096606570193 0.6932191639116795 0.7175211814691845  738512.4282670055
0.24859332257382816 -0.22598666472794193 0.5720825413975781 -0.027007055699749028 0.06408090787192387 0.6700911236154241 0.7390143044898111  738512.4282680975
0.26293205298711875 -0.16482626305114365 0.5683305130267645 -0.01749432843070901 0.05566536313649896 0.6520613315543838 0.7559175455770055  738512.4282691878
0.2842235754800885 -0.09222939040469683 0.5648497102239174 -0.012882290691522023 0.05297591516182004 0.6304684427822587 0.7742978378214811  738512.428270436
0.30503454787228007 -0.03536591079022033 0.562562813451084 -0.016972657350205336 0.0536817332131655 0.613326545696197 0.7878202515587384  738512.428271519
0.33431333055305396 0.03246343297691862 0.5598091920237986 -0.022727307325802613 0.05943221519423766 0.5966833764203845 0.7999501419478554  738512.4282727869
0.3648613333525197 0.09399476960879971 0.5570066498602629 -0.02681890272592 0.058311141099608624 0.5834306119520482 0.809622923537555  738512.4282738816
0.3949555759822514 0.1500037623201997 0.5545631874402753 -0.019258203380018008 0.04590734553259622 0.5751906190459929 0.8165031469567109  738512.4282749548
0.43341217023939493 0.21526273603270935 0.5528029577999157 -0.01987699643875553 0.04394109050047315 0.5656007568854946 0.8232677993148757  738512.4282762278
0.46640857123448365 0.26601683668330545 0.5518875223280019 -0.029633325761238748 0.04527121670212486 0.5593942450666587 0.8271338836784167  738512.4282773295
0.5042209000603591 0.32162157317650863 0.5515333353198439 -0.030101509179508736 0.053576264497349965 0.561013237586464 0.8255226406830884  738512.4282784214
0.5482879177763644 0.38350846803188576 0.549241465810362 -0.03068740339665961 0.03907411071325128 0.5671009829505861 0.8221483882373173  738512.428279722
0.5847101894761244 0.43366518829500506 0.5474023155055229 -0.0339297927360932 0.0371982221545933 0.5761906111501326 0.8157631035146539  738512.428280792
0.6286384889430477 0.4941091055265732 0.5446378109489873 -0.04872901054373503 0.04793463390138122 0.5958707029354441 0.8001661451144937  738512.4282820482
0.6681904208524464 0.5518909003165399 0.5422223986499451 -0.050668998483002714 0.03820514879053029 0.6194556042923095 0.782462633938179  738512.4282831298
0.7017161593186344 0.6053566494364273 0.5409542999372837 -0.06009902774014106 0.02766590741972811 0.6449870544073485 0.7613241123715082  738512.4282842256
0.736356793625151 0.6729676786348484 0.5396383483014945 -0.05995119488256514 0.038171997959502914 0.6819022058565127 0.7279822349837629  738512.4282854928
0.7610440172983478 0.7305566078927449 0.5379901548257755 -0.06201068033056528 0.030911276045433707 0.7185606808062677 0.6920041304337834  738512.428286582
0.7839138323155683 0.7980722077030571 0.532380337288632 -0.07141333576815964 0.0298207436959029 0.7549208332881243 0.6512337477338312  738512.4282876746
0.7982885765077155 0.8720759000638335 0.5305373471696476 -0.05270822414741149 0.027102541723628304 0.800620645418379 0.596233073109169  738512.4282889375
0.8047167726931814 0.9320419704021782 0.5309296624425048 -0.0710952951578663 0.027737194705625454 0.8260912766468026 0.5583451528260401  738512.4282900312
0.8046372770055237 1.0069469609977737 0.5295108486038045 -0.0887407229245522 0.036643073387380626 0.8537517221289601 0.5117522508298229  738512.4282912881
0.794175426844054 1.078023408255683 0.5292176673159948 0.004505534881239618 -0.042333628959915916 0.8696628374411296 0.49180698773844345  738512.4282923858
0.7856386472003162 1.1254432290239638 0.5273451601181733 0.0519495691696134 -0.06919294025826718 0.8613423442967771 0.5006025820976552  738512.4282934767
0.7811596213812152 1.153764664961911 0.5190256831950244 0.06420456876306209 -0.05759552673166966 0.8599605872667901 0.5030192014209879  738512.4282947336
0.7838798362267794 1.1547435913200197 0.5059784222856385 0.03393062011499763 -0.007307174885381842 0.8552788809063241 0.5170042109010643  738512.4282958147
0.7933944936732861 1.1452352855365437 0.48277645936713726 -0.012069791769710654 0.03130272700668951 0.849068503266204 0.5272164035477926  738512.4282970877
0.8064097773267065 1.133758543986243 0.45301873138633775 -0.04959443796042323 0.05056755998132178 0.8440580961205956 0.5315536134523035  738512.428298173
0.8168673258677323 1.1279117801356517 0.42199249656638665 -0.047292784201630717 0.04835159982710107 0.8401841267181539 0.5380670483940371  738512.428299256
0.8304942169081405 1.1248749558840248 0.37590041415948483 -0.055875844714837156 0.046141574009099705 0.8345523976526277 0.5461420517572481  738512.428300521
0.8394206654436087 1.1267124475943182 0.3335978258049774 -0.036095064439842034 0.039085755063064075 0.8286572972877526 0.5572221583228641  738512.4283016113
0.8511918939385259 1.1299671818118477 0.27637954000801945 -0.03166427536992212 0.03597867299159996 0.8203657007330611 0.5698271894318617  738512.428302871
0.8630529666733365 1.1349373286353828 0.22026985666799065 -0.02483808156221319 0.02878284798922461 0.8123807868115871 0.5818866509770824  738512.42830396
0.8734149588089773 1.1360961549596056 0.17285968451418882 -0.03461940936979121 0.023585999734745643 0.8043337308904233 0.5926992883944536  738512.4283050409
0.8849605720437655 1.1346648787585636 0.11761879975060772 -0.029972508793920626 0.0449921207910419 0.7903466065753263 0.6102701035264542  738512.4283063016
0.8955365715043742 1.1334068140684481 0.0708627633798093 -0.037969182508970946 0.05072103381616771 0.7825184136473732 0.61939539085387  738512.4283073941
