-1.0861620335429123 -2.178569471755777 -0.032542957063456876 -0.010718768374166224 0.013452116647893756 0.6768509671742445 0.7359190966387014  738511.5049333427
-1.0861192281985452 -2.178704711391051 -0.03255829172353654 -0.010299523616094246 0.013375997447795171 0.6764146124407068 0.7363275592983374  738511.5049344446
-1.085561634411723 -2.179649619174866 -0.03220327154745251 -0.009895621258062584 0.013813610214526427 0.6750733635700428 0.7375548892462086  738511.5049357098
-1.084330439195564 -2.182654480641566 -0.02662371251312792 -0.009106854974443952 0.01093626031645313 0.674747207879607 0.7379116944875177  738511.5049367897
-1.0832380464397988 -2.1903064995533112 -0.008360005834004952 -0.008225482609926178 0.010642758504422053 0.674761035836377 0.7379136925442364  738511.5049380381
-1.0810876595187693 -2.199174988610857 0.016051384811341735 -0.01024154056913786 0.010900334613908776 0.6756563844315304 0.7370649521778847  738511.5049391295
-1.079913128765324 -2.2078433269888995 0.04258857518841803 -0.01406098461247058 0.013153333967522983 0.6775074417659052 0.7352638607119796  738511.5049403586
-1.0782035201102302 -2.214304143442681 0.07173360451067984 -0.01807051630092199 0.01639663596117908 0.6797143677749822 0.7330709276802831  738511.5049414275
-1.075861100135222 -2.217891090971891 0.10367400141921665 -0.021915907905417684 0.018727521397136855 0.6818035855432804 0.7309670605870883  738511.5049426536
-1.073595580683359 -2.21844817663667 0.14170683117416913 -0.02439746213322936 0.019824060228355405 0.6832247614276181 0.7295311479640156  738511.5049437404
-1.0712244610913562 -2.214835010857295 0.19108916158191516 -0.02401298461807803 0.019002336670180763 0.6841185417763884 0.7287277328114753  738511.5049449967
-1.070004018355332 -2.210802681596428 0.2372867968722791 -0.022423633996067036 0.017108448136577206 0.6847242998563665 0.7282562150967044  738511.504946079
-1.068559435253142 -2.206479762587366 0.28500128255862517 -0.02087260112297594 0.014692792052028598 0.6854981905681155 0.7276267498600616  738511.504947172
-1.0668741929816956 -2.200915144360591 0.3426698423412165 -0.019301791387740515 0.013059745549978819 0.6886238381178569 0.7247441572522166  738511.5049484184
-1.0655071293015395 -2.196685160299492 0.3842768549935895 -0.018498860672990166 0.011281890080659364 0.6924119602151209 0.7211769467066061  738511.5049495079
-1.0640043280232905 -2.1917096884754286 0.42392393772083475 -0.018328093448913917 0.009284540081591408 0.6975856655236355 0.7162067561549164  738511.504950757
-1.0625219155908496 -2.187875747553853 0.4496587948383939 -0.01860602822515154 0.007463085484550101 0.7019496426788426 0.7119443919378678  738511.5049518315
-1.061811046717857 -2.1849684272265804 0.4667306608218912 -0.017463898742373054 0.005801545144054897 0.7050796244034321 0.7088893267399171  738511.5049530696
-1.0609817736271492 -2.182796039018227 0.47806420676171907 -0.017244591666445857 0.004167195278505679 0.7072994413622741 0.7066914169497063  738511.5049541655
-1.060748923993891 -2.1821086764512074 0.4870142327492296 -0.017264885781327847 0.0038082399711493785 0.7088872501454165 0.7051001968575455  738511.5049552644
-1.0609224154036634 -2.182267712523984 0.49778231061419154 -0.01746822061475944 0.0032337435306415588 0.7103154350930376 0.7036592832045355  738511.5049565143
-1.0619816929161794 -2.183332016080217 0.5057586020100319 -0.01759945507537213 0.0037103362596212666 0.7110703586406742 0.7028907722032731  738511.5049576137
-1.0632984364069884 -2.1850091755776577 0.5148724231090047 -0.017830060893652126 0.0047706512239941755 0.71195228694316 0.7019852355511703  738511.5049588514
-1.0642015134707887 -2.1865633367411457 0.5220765077065173 -0.018329730637387437 0.005381667968373532 0.7126244884699466 0.7012855317611977  738511.5049599163
-1.0663822485077865 -2.188432387903511 0.5284383024110056 -0.019338429300259065 0.00622706180338945 0.7126962581721886 0.7011785025518515  738511.504961165
-1.0680083106712441 -2.1899781709954094 0.5323867226806311 -0.01963895472104803 0.007390344924266511 0.7122151885593921 0.7016475036973157  738511.5049622435
-1.0698901440071344 -2.191024801722273 0.534898120238421 -0.019283306718374436 0.008712649923832569 0.710927090682925 0.7029473063796617  738511.5049635037
-1.0714118564795085 -2.191945957848012 0.5368649560657126 -0.01922707431292087 0.009930847411838858 0.7092637270020002 0.7046110015052847  738511.504964582
-1.071776795923332 -2.192320682513166 0.5388884858783098 -0.018839972104221586 0.009935276281826192 0.7078586842606501 0.706032880858319  738511.5049656732
-1.0722390861352917 -2.1932048034213576 0.5418438796240526 -0.01859436555901303 0.010308201419435932 0.7059058333989188 0.7079865428991797  738511.5049669323
-1.0720014037891987 -2.193578203196822 0.543843114326072 -0.01758337584650729 0.01054626738452122 0.704190482438688 0.7097149889785777  738511.5049680307
-1.0713472988566113 -2.193969181049568 0.5451892352507797 -0.017326981495828654 0.010133892496394977 0.7026489463933594 0.7112534977540826  738511.5049692933
-1.0706576166288089 -2.1945969899024704 0.546164632067392 -0.0172680774421923 0.00991035216224999 0.7013723800291344 0.7125169352048681  738511.5049703546
-1.0693572686883484 -2.195376761400009 0.5470979966190819 -0.017857014460662388 0.009472053509923802 0.7007406357552898 0.7131296997307918  738511.5049716131
-1.0682185918279365 -2.196056635327575 0.5479276507420202 -0.01829211244231049 0.009639294940999625 0.7006190039070873 0.7132359314979014  738511.5049726862
-1.0672526983213966 -2.196505927031193 0.5487503765073393 -0.018843893075707056 0.009388370016174942 0.7006943560692527 0.7131508855599116  738511.5049737727
-1.0661138730502588 -2.197043973684171 0.5500954030291678 -0.01966257878576682 0.009414834547209072 0.7009981121197562 0.7128298469413861  738511.5049750234
-1.0652283181218563 -2.1972426532321183 0.5508888893483531 -0.020407064625594256 0.009415880271208354 0.7012467283125428 0.7125643261790756  738511.5049761106
-1.064588975563205 -2.197109241773008 0.5508277258559423 -0.02125285157397075 0.009721669466664553 0.7017698242039466 0.7120203081931846  738511.5049773538
-1.0642993606718347 -2.1965600773954517 0.5501544227522017 -0.021616526276408334 0.009311025570096098 0.7023484132948575 0.7114441207408846  738511.5049784395
-1.063704692984564 -2.1956473258810556 0.5498316033647002 -0.02228988614791357 0.008594432205968621 0.7041959866726262 0.709603628136678  738511.5049797029
-1.0637011255797673 -2.194910024523432 0.5504820020171091 -0.022606059305480295 0.00776944506311483 0.7070106653387792 0.7067987838864079  738511.5049807729
-1.0641694808317073 -2.1944216894091646 0.551573180914307 -0.022006235419266357 0.007638497530723807 0.7109788924382322 0.7028274279404935  738511.5049820391
-1.0646520543233713 -2.1942736071562394 0.5524075301405377 -0.021012434447747797 0.007845468528832885 0.7146768790003454 0.6990950470747651  738511.5049831162
-1.0650143319192895 -2.194422612037732 0.5528328301884314 -0.02061377213241578 0.008119846385930317 0.7183373103087195 0.6953421094048426  738511.5049842179
-1.0654231703089234 -2.1954784927095385 0.5528525112742138 -0.030504261010628475 0.018650994196402676 0.7223712124576667 0.6905805252742955  738511.5049854538
-1.0664318847794148 -2.1856498611641153 0.5517056751650252 -0.05470996576960905 0.04236745931627671 0.7247954048669021 0.6854804440101815  738511.5049865335
-1.0691484034622458 -2.142994401922888 0.5467455566222514 -0.0800242965687857 0.0675219756628701 0.7256352827586781 0.6800664167395617  738511.5049877852
-1.072991727914561 -2.084378549456371 0.5404548042249139 -0.09115248410946777 0.07849458834196736 0.7251256702004459 0.6780284556403607  738511.5049888506
-1.0785333397546364 -1.9915872924502824 0.535276727372284 -0.08732984836525891 0.0748428628756254 0.7238559024483177 0.6802974907728331  738511.5049901367
-1.0847248806157634 -1.8959703130796475 0.5356589440640873 -0.0722544924064546 0.06293463214096102 0.7213596000983193 0.6859000275188509  738511.5049912023
-1.0909739757432118 -1.788605428674311 0.5408997861738718 -0.05042043415420984 0.047075199169964554 0.7170617217314971 0.6935879127192676  738511.5049924748
-1.0940501418518087 -1.7055292606128671 0.5466318207330763 -0.03189713319430053 0.03478427150200784 0.7129568212780726 0.6996178945275243  738511.5049935488
-1.0935712875087962 -1.6106709478216608 0.5512140144463313 -0.021306803413803557 0.03107861194918664 0.7079991666757157 0.7052072886705649  738511.504994791
-1.0896315889344028 -1.5341831132087362 0.552538308549003 -0.020606831835663544 0.032726334153965295 0.7053143551554276 0.7078389689373022  738511.5049958755
-1.0830894786294785 -1.4585131616888993 0.5526116874427662 -0.019615509371904885 0.030180320007619145 0.7041673212391343 0.7091211206664347  738511.5049969547
-1.0740391381299976 -1.3656844137593882 0.5516299335901488 -0.026358943766814982 0.03193119266393238 0.703974020807217 0.709017759331229  738511.5049981973
-1.0668993288288062 -1.2880212736449355 0.5503741083722005 -0.028771413037839717 0.029975285057552672 0.704458287049383 0.7085281997810488  738511.5049992576
-1.0587768194457003 -1.192461829689502 0.5486422906415539 -0.03203725742344664 0.027886789663523148 0.7050290631163725 0.7079053335441798  738511.5050005378
-1.0531192790306616 -1.1145114646162035 0.547466422553281 -0.03324331608127321 0.025623492399778756 0.7054951336967764 0.7074708014493084  738511.5050016297
-1.0473899977164178 -1.0199294462696247 0.5464565597690795 -0.033484427928105326 0.023790805542417803 0.705932399062366 0.7070871506483644  738511.50500288
-1.042696863293742 -0.9347442665435429 0.5458405878211836 -0.03351850681862742 0.02282523567929465 0.7064072670138887 0.7066429730966005  738511.5050039361
-1.0391204927683872 -0.8586253584527045 0.5451877445515061 -0.033016227525702074 0.02231258822756439 0.705872427920352 0.7072172174292604  738511.5050050234
-1.0350823449089301 -0.7679216947871118 0.5443859390649395 -0.030676636520679774 0.0214531243104444 0.6986367999957486 0.7144965564093358  738511.5050062757
-1.0308820505156167 -0.693732689846949 0.5436457096803727 -0.031149956741409857 0.02704314840340312 0.6845955523329637 0.7277549574172368  738511.5050073505
-1.0219404084770738 -0.6033581061732535 0.5430292401540414 -0.02390612508605867 0.031877588299447 0.6569658022639794 0.7528666888654502  738511.5050086097
-1.0095944118468385 -0.529010802376055 0.5423589432600519 -0.022675517365007603 0.04285771644365935 0.6271532318550874 0.7773852718100486  738511.5050096647
-0.9853986970826768 -0.43865940310176504 0.5411668383909586 -0.011278793048838588 0.04887746184799816 0.585544399616923 0.8090868548109753  738511.505010924
-0.9533329200594007 -0.3581800968122737 0.5397668004271942 -0.007197845355844082 0.05835165977191767 0.5456649795628039 0.8359383977918592  738511.5050120123
-0.9115972717986521 -0.28070335501925897 0.5384055088854741 0.0032685882722901095 0.057045171697114955 0.5064720949881637 0.8603610763598348  738511.5050132545
-0.8613675397112613 -0.20840157695849815 0.5369024489898563 0.006394467265277359 0.05941186277457933 0.46948279150366035 0.8809172775192791  738511.5050143392
-0.8026669754566842 -0.13969847803052166 0.5354447649036346 0.007104423253629669 0.057991808587143784 0.43541569438896205 0.8983315926687669  738511.5050155787
-0.7392891213481511 -0.07604580238524698 0.533847061551762 0.010488739240982651 0.049819965652868815 0.4042424599517652 0.913233809571036  738511.5050166635
-0.6720002855161787 -0.01723216064412685 0.5325260834904844 0.008326045878616517 0.047417737607380384 0.37673205147643635 0.9250703738151929  738511.5050179111
-0.6032148982840505 0.036448425873770694 0.5312781198512034 0.00924313957279318 0.03949762740744311 0.35395965514655947 0.9343805778849159  738511.5050190003
-0.5247467869817551 0.09176589124400443 0.530193154223508 0.0041543538495058185 0.040344259457072006 0.3371107461231872 0.9405909987455875  738511.5050202406
-0.4598187486110836 0.13466050496522827 0.5296813747185191 0.001576077583919283 0.03437263484917351 0.33243863259469986 0.9424969992055895  738511.5050213273
-0.3951010218841692 0.17630878017955082 0.5289220928404713 -0.004547346891486014 0.03450222044716623 0.3378041002180696 0.9405728617689988  738511.5050224118
-0.31670775902960985 0.22880649865125008 0.527720300578255 -0.015025890816607483 0.03337088567905063 0.3606561873298286 0.9319805368862993  738511.5050236664
-0.2537711439404764 0.27627910115373266 0.5268786167393597 -0.027197777724818708 0.03503118391137102 0.39555105228377047 0.9173725862907617  738511.5050247427
-0.1813603073396876 0.3420340634146013 0.5268630050613744 -0.04437387993375671 0.02811715688631767 0.4625170037295471 0.8850527699122221  738511.5050260092
-0.12585230580270165 0.40934029579520287 0.5274097824199606 -0.06406109800892104 0.02095603299603156 0.5485570414489246 0.833391980210851  738511.5050270916
-0.08842848103438729 0.4762712519063432 0.5281556097682579 -0.08587688004924066 0.008273746766554391 0.6435396307137806 0.760534976374014  738511.5050281868
-0.06914977387558731 0.5609300882552056 0.5265258373256361 -0.11799728773604826 -0.01022974896812469 0.7661761831906091 0.6316217607353752  738511.5050294303
-0.07975627032827998 0.6295275828129405 0.5220404109410977 -0.14320856756537143 -0.01994484935972055 0.8552026383731653 0.49771674321793674  738511.5050305084
-0.1264036595192546 0.7055458471495912 0.5125016704912323 -0.16021868300446016 -0.03663369206543596 0.9344892714990984 0.31578117055178523  738511.5050317683
-0.19678135977990155 0.7569179918004185 0.502180050774389 -0.16070120393960635 -0.05780377347566368 0.9733997058347216 0.15273133111844733  738511.5050328558
-0.2829514773780061 0.7809208226996857 0.4933812734374191 -0.1428327999033538 -0.08706473056603671 0.9859082076591492 0.0018788383527833603  738511.5050340923
-0.3725055145677454 0.7729745848038199 0.48810199972089013 -0.12033523880730575 -0.10587378552834945 0.9783027112452931 -0.13127824271064278  738511.5050351764
-0.45658685257975296 0.7372532976010506 0.48738899287011167 -0.09308714563029813 -0.11570725427961867 0.957008991402464 -0.2491593967730579  738511.5050364209
-0.5284451468018093 0.6800017685532067 0.4912950120266185 -0.06807584531895174 -0.11581138135004133 0.9257941969967238 -0.3533532340889168  738511.5050374973
-0.5811597474243912 0.6150978256197773 0.4977455724634061 -0.04962810719951682 -0.11151300492251744 0.8908468102248218 -0.4376001158834448  738511.5050385809
-0.6276069834875778 0.5264584309920143 0.5067819504229933 0.022275264083496935 0.10333315683174686 -0.8404388082958464 0.5314966423407149  738511.505039842
-0.6495759384335381 0.45095856024489717 0.5128477400288955 0.01042728166137153 0.0978242014382803 -0.7936023087508951 0.6004307395156967  738511.5050409264
-0.6596831162601685 0.3570868206735765 0.51794636880522 -0.000707519523003606 0.09023647433267515 -0.7319404223553503 0.6753666383812607  738511.5050421807
-0.6536863945805831 0.2721285969523876 0.5200160743681296 -0.007302484956490463 0.08386688283088116 -0.6746264110620172 0.7333431837654685  738511.5050432701
-0.6347402162458686 0.18991156578907908 0.5217092486764682 -0.01243072801749436 0.07737923826121079 -0.6197750100376183 0.780856496047731  738511.505044527
-0.6043733314921645 0.1115754613010026 0.5230938630234924 -0.015200936064850753 0.07113066107258727 -0.5700986791846274 0.8183500819270885  738511.505045595
-0.564015527362547 0.03657226774026177 0.5240435885675014 -0.014906306175947686 0.06454546000058534 -0.5278880415817727 0.8467265799444721  738511.5050468424
-0.517265601605226 -0.032446889744642014 0.5248939897449453 -0.01612500288068683 0.05287700590515792 -0.4962349028584293 0.866426527591168  738511.5050479042
-0.4712756841880225 -0.09057201347582432 0.525358739615997 -0.011044932702865867 0.048717810636773703 -0.4778259868895673 0.8770330157077098  738511.5050489999
-0.41297694141546903 -0.15788191808373614 0.5256637550205486 -0.005287089146527738 0.03657976362871975 -0.4694951950029012 0.8821611130912604  738511.5050502557
-0.36576350656932577 -0.21135432607385676 0.5256019995401622 0.0038121220800883407 0.0330119148014636 -0.47563716836881026 0.8790136320174378  738511.5050513467
-0.3106049785450266 -0.27818017939908196 0.5253845161713893 0.017578667446265003 0.027642209539524298 -0.5004741741048984 0.8651314927550647  738511.5050526024
-0.26920410712915327 -0.33617823278241526 0.5251748020049687 0.030501218247322076 0.023755128034415603 -0.538676289771625 0.8416253468232608  738511.5050536675
-0.22808294384310898 -0.41235820914759447 0.5247614380056052 0.05037686232003849 0.016887943045071848 -0.6075036416899342 0.7925378820321224  738511.5050549327
-0.20404963028693712 -0.4875066342896577 0.5238225617740606 0.070256026232431 0.009907840914829623 -0.6858748797053229 0.7242524248186147  738511.5050560065
-0.19827911491451758 -0.5741352319675579 0.521477558576013 0.09217822579335877 -0.002433918697719286 -0.7777711278769294 0.6217469930529708  738511.5050572903
-0.21292507932452978 -0.6443622021565095 0.5176591616420805 0.10742612699838346 -0.012599460321755556 -0.8473649919967563 0.5198783041982663  738511.5050583372
-0.25504362258128643 -0.7239270114789269 0.5119078793291223 -0.1173982291846538 0.031214780682278814 0.9164654509322966 -0.381227452446341  738511.5050595962
-0.3075186121940942 -0.7760086930687339 0.5072248671170894 -0.11922562209769814 0.04688451701968611 0.9559096932261448 -0.26424184281741864  738511.5050606935
-0.371974697258301 -0.8122740838879325 0.5034083674803762 -0.11312140302656916 0.0644405562810092 0.9801943477265013 -0.14923137595195396  738511.505061761
-0.45994009025886207 -0.8318122077384562 0.5004722328128655 -0.1056862219758459 0.07525106929041078 0.9913782711817857 -0.018352724150269707  738511.5050630175
-0.5355465341604246 -0.8285917024952574 0.4999296000847058 -0.09072923348865064 0.08349598549861198 0.989112712535178 0.08032850364272985  738511.5050640883
-0.6236276983140813 -0.8030066312792805 0.5013219651238843 -0.07343900081232928 0.08734581368306032 0.9752715678331699 0.18926909670614914  738511.5050653684
-0.6963369741504443 -0.7626668555052284 0.5036017147360823 -0.057560061760769304 0.08687028589860794 0.9548986731466826 0.2780448106703227  738511.5050664205
-0.7589148364325928 -0.7093125659207073 0.5064713324860927 -0.04270061719829655 0.08438809914224166 0.9286269668288049 0.3587579441522899  738511.5050676753
-0.8096689267150201 -0.6482651405461161 0.5094624551264674 -0.02737206774411104 0.0799352069124729 0.8974931535200394 0.43285929814193325  738511.5050687802
-0.8450176235104446 -0.5882084214576426 0.5116756980207562 -0.024851035335177338 0.0768008562514407 0.8660474153886245 0.49340240050135414  738511.5050698556
-0.8776340958397746 -0.5080077412116244 0.5136712422765404 -0.019007704027493504 0.07282435116664096 0.824744776580221 0.5604742407715115  738511.5050711202
-0.8951682924254981 -0.43915420156299245 0.5146967352009245 -0.016465818537588245 0.0697323245622578 0.7898844598559012 0.6090556787430706  738511.505072172
-0.905459521322798 -0.3525693937451275 0.5152110100104543 -0.012083645701052 0.06606798413537188 0.7472915223090651 0.6610933274991208  738511.5050734215
-0.9050474247660732 -0.2806176464626287 0.5151303830339513 -0.009002712978254475 0.06299010294129923 0.713635147215716 0.6976217275493068  738511.5050744968
-0.8945240521617992 -0.19368449005871316 0.5140156168925395 -0.006116746427017966 0.058898892444243824 0.6756370463920438 0.734852425609812  738511.5050757801
-0.876256298982308 -0.11577443354936377 0.5129194610757175 -0.00493035833608018 0.05477904568507957 0.645305789117262 0.7619418522776248  738511.5050768657
-0.8484555634443876 -0.032341129197719476 0.5117293732005097 -0.005873317339977112 0.04959132520448212 0.6170380228128761 0.7853472372212587  738511.5050781092
-0.8209997463395531 0.03502334385173733 0.5114806514136502 -0.006804698002176083 0.04454462386375821 0.5981450591409291 0.8001199665020428  738511.5050791877
-0.7916386623912526 0.09967503878049845 0.511614243982003 -0.008039430834140281 0.03820602741086717 0.5835943766793448 0.811106201757569  738511.5050802563
-0.7536462576663234 0.17822610361424635 0.5119466247363833 -0.015355041397542108 0.03708086879060828 0.5729832093569699 0.8185838220172692  738511.5050815229
-0.7218358083560354 0.24283364490987644 0.5123519567172284 -0.01864203440669195 0.03437206691535968 0.5703302537989366 0.8204842699106342  738511.5050825817
-0.6824866727550647 0.3231025544963055 0.5132941888338962 -0.02423329126678673 0.031361276023139345 0.5755231785109757 0.81682451539924  738511.5050838515
-0.6488192374425003 0.39695098540103735 0.5132458571366729 -0.029102375616426042 0.02784189519641991 0.5893759369092947 0.8068543149773962  738511.50508495
-0.6154902096547252 0.4802265454168049 0.5125829117290676 -0.035797149237065506 0.020860976478764115 0.6167325444222816 0.7860816448800151  738511.5050862039
-0.5939160435575417 0.5478828362955799 0.5120658307297395 -0.041671713497255555 0.012300752288447273 0.6484318280957077 0.7600317915059868  738511.5050872855
-0.5769545145454725 0.6308554374630438 0.5112925737461244 -0.05497721277783814 0.008821520786061151 0.6953460515032138 0.7165148676092432  738511.5050885258
-0.5722167438959689 0.7026114949356704 0.5103751875521273 -0.06619735698018948 0.0076517637002804255 0.7367383432606842 0.6728863009532999  738511.505089578
-0.5795482199154993 0.7914320475719266 0.5094842819337329 -0.07351658443746009 -0.0021218324543503617 0.7879233120223765 0.6113654095640136  738511.5050908349
-0.5967706010974513 0.8624081433238175 0.5090487585766034 -0.07988319410531379 -0.007786989611556795 0.827957736649839 0.5550171388470793  738511.5050919161
-0.624304499382835 0.9306235659463976 0.5087237005883427 -0.08265512054662107 -0.015273768144545487 0.8651144897440199 0.49448130671344304  738511.5050930042
-0.6721181754163349 1.0075345429531062 0.5081538369138936 -0.0862357193512943 -0.021815274410083095 0.9048869390138318 0.4162536751940522  738511.5050942603
-0.7226441612145749 1.0651162727252417 0.507476331012921 -0.08836096850784574 -0.025779760163433963 0.9319044599792483 0.3508301878132167  738511.5050953197
-0.7960949769676344 1.1255090117683517 0.5060654703849783 -0.08484723879772768 -0.03459592331581057 0.9583818458660138 0.27038547607587987  738511.5050965934
-0.8712930488010181 1.168443541958518 0.5045847538594022 -0.08021624539932964 -0.04246572114386653 0.9758544736607758 0.1986707395114241  738511.5050976932
-0.9436733063550905 1.195718083045705 0.502722450507674 -0.07429599633138095 -0.04806907528565638 0.9867381094689441 0.1360785517705248  738511.505098764
-1.0339192841821934 1.2142342105951567 0.5013982602475602 -0.06403490989152576 -0.052706897446623956 0.9945759152061305 0.06277150761789242  738511.5051000271
-1.1086211823974517 1.2178540738229773 0.5003649035802914 -0.06352750305818171 -0.051321262471899554 0.9966401747780079 0.00622465998629633  738511.505101101
-1.2009062205721373 1.2107089651881398 0.5004012600848741 -0.057882653169012414 -0.048098237886588735 0.995409035846916 -0.05913551664299644  738511.5051023648
-1.2837823824091372 1.1940521741941834 0.5011444348448129 -0.05426850042881641 -0.044783997976751 0.9908556085778578 -0.11512813008222166  738511.505103457
-1.364403753574571 1.1688056923992107 0.501952022278052 -0.04855296639789689 -0.0422450792388924 0.9836954112856277 -0.16793242852309517  738511.5051047127
-1.4402956648357244 1.137912888515745 0.5028830465410961 -0.04086589325406897 -0.04149894844381111 0.9740490466091565 -0.21871504485608273  738511.5051057853
-1.5188978219548714 1.0957117824741252 0.5025331065423719 -0.04047454225961128 -0.04227799063458985 0.9610149289353082 -0.27023080745955164  738511.505107033
-1.5790253053382544 1.0558036251050216 0.5019993383569706 -0.03314090902562165 -0.04210569550350207 0.9480587540806241 -0.31354966012773255  738511.505108115
-1.633634867342009 1.0123486637354528 0.5007483695579741 -0.01227085973708792 -0.04142080971391142 0.919726064366429 -0.3901765101194535  738511.5051091909
-1.6774732796897913 0.9696528604812393 0.4934685027259156 -0.058969314660975054 0.030341846962179574 -0.8299835120520352 0.5538315285112501  738511.5051104536
-1.695249413641531 0.964277273140109 0.4789700409638188 -0.09131462057126924 0.0354195002397437 -0.6939305029355374 0.7133495329558462  738511.5051115257
-1.6926205710068245 0.9758849488986947 0.46398898797012955 -0.08126397721375316 0.06188035202975609 -0.4761761859736131 0.8733975200054664  738511.5051127856
-1.678776672173706 0.9884961246833132 0.45766116359402814 -0.03952573882037997 0.049352727536460576 -0.2956270094143729 0.9532086317066844  738511.5051138559
-1.6624845120913805 0.9947426173642004 0.4489607526451235 -0.010918362186851827 0.021355097144000336 -0.123516860680572 0.9920525864694589  738511.5051151155
-1.6544891156612922 0.9933247496606041 0.4380014458915352 0.003279051152638153 0.001490339228822448 -0.0237740126745704 0.9997108697187757  738511.5051162203
-1.6535354037004846 0.9879787518711574 0.4272221945074107 0.006869301981358076 -0.008958342978124378 0.029036768459016652 0.9995145956207107  738511.5051173059
-1.6593423403209637 0.9779985406401108 0.41236397683294523 0.004989321066619366 -0.011023547976060876 0.061795805061449424 0.9980154640796509  738511.5051185611
-1.6668655422620406 0.9694969402676348 0.3941315860818299 0.001404718135257315 -0.007730346210163647 0.07197637525884953 0.9973753906724533  738511.5051196316
-1.677636870294681 0.9613296213042776 0.36833195788660567 -0.003378767341286146 -0.0018361374255791455 0.0737296575994078 0.9972708509331264  738511.5051208985
-1.686463112781145 0.9569294899330568 0.3479967722996338 -0.005928238349832098 0.0018961147932655094 0.07104053270179075 0.9974540106953323  738511.5051219827
-1.697379855524989 0.9540074593533133 0.3241209157958935 -0.0071822892357920245 0.006175570602860924 0.06559574663716894 0.9978013204401841  738511.5051232193
-1.7067891024929636 0.9528223457665559 0.29849278969695103 -0.0066464352100200725 0.009435296166934068 0.05987590572654084 0.9981391065370937  738511.5051243105
-1.713763930068776 0.9525161103296493 0.2741466126898839 -0.004951912839375933 0.010924065104045142 0.0552580405833808 0.9984000662618765  738511.5051253957
-1.7216626870964415 0.9520267805886494 0.2473787793672115 -0.002396061373947802 0.01187263432006535 0.05064614146521889 0.9986432134645884  738511.5051266585
-1.7273712507925443 0.9513743238298805 0.22716677606520097 -0.0008375074689576964 0.011664597679262097 0.04842542739353962 0.9987583359972388  738511.5051277427
-1.7340811513589867 0.9500604066360081 0.1966308787627023 0.0005585378326601524 0.011305589801704692 0.04775821648785512 0.998794785945854  738511.5051289926
-1.740371861662901 0.9481594428943706 0.16387004551255596 0.0022622861138179014 0.010436422513342244 0.04851991781280895 0.9987651279065066  738511.5051300752
-1.7466090867188664 0.9446571139539871 0.13384914555549676 0.0022972961595615405 0.01038221194409348 0.05107506180594299 0.9986382078445739  738511.5051313366
-1.7522897407386617 0.9402009369420253 0.10757121689797534 0.001235591596535758 0.009615862492518557 0.05649967967662557 0.9983555452334456  738511.5051324103
-1.7578544139076808 0.9361171129372056 0.08079954624154172 -0.0003708478075816594 0.010044234552439999 0.060222421519379316 0.998134377611803  738511.5051334974
-1.7643539021777468 0.9313325806341959 0.04897287054068833 -0.0019057265834225305 0.010113980864142308 0.06364154766731833 0.9979197507854916  738511.505134762
-1.770473957408187 0.9282183324887824 0.02753193937667584 -0.003258202237363431 0.011394790387425214 0.0661012583412194 0.9977425351842601  738511.5051358412
-1.7767895425871625 0.9255556367059077 0.00953683787074706 -0.0024989504756737215 0.011874246367383826 0.06972494936230328 0.9974924505760187  738511.5051370979
-1.7831228430883639 0.9218667118525675 -0.006684025865101122 -0.0027054986932201195 0.012901529717265355 0.07205373622474588 0.9973136366779662  738511.5051381759
-1.7871548111951874 0.9196262496340856 -0.01576798065800627 -0.0023714677582261194 0.013596319155662518 0.07152251156270781 0.9973434947829416  738511.5051394281
-1.7839988888783163 0.9203466304600703 -0.007951165428563532 -0.004976003237986527 0.014542925732692837 0.06838625502887376 0.9975405068597639  738511.5051408857
