-0.040355080074484025 -1.6710718470689614 0.008819149249391664 -0.007349475235572952 -0.01865047565424298 0.5515243173419438 0.8339179050434972  738559.6556040121
-0.04050321276356835 -1.6710553712846892 0.008857892956399377 -0.005828361552402633 -0.018312250555129615 0.5508925792167656 0.8343548752450124  738559.6556051924
-0.04038282408973575 -1.6710474894128957 0.008803399730574615 -0.0070087959830794095 -0.019814185085879777 0.5529389028928724 0.8329566882592856  738559.6556063636
-0.03988536353268596 -1.6707048820501638 0.009390299122114702 -0.01070472316638171 -0.017112837588859002 0.5442687646490248 0.838668034158339  738559.6556075015
-0.03941995040234796 -1.6696709381574268 0.01112299251255961 -0.01698708039463565 -0.030477603414062023 0.5434710639669649 0.8387024248327989  738559.6556086717
-0.03917857993153944 -1.6683561248106271 0.017426133066999062 -0.013159681846259087 -0.02577688311142916 0.5465284050919295 0.8369403070102651  738559.6556098337
-0.03893986016021643 -1.666952781058387 0.0306245408748128 -0.009388144305204082 -0.028931523690490853 0.5506046555640733 0.8342118094073109  738559.6556109877
-0.03868979626393454 -1.66586181074888 0.04795367280618548 -0.007927379120278443 -0.022997284395699497 0.5523882667503055 0.833231951096032  738559.6556121503
-0.036406081508995464 -1.6652922578867486 0.068981238538759 -0.004920106060204768 -0.016403888846986108 0.5536164977692228 0.8325956271713131  738559.6556133002
-0.031447370298533346 -1.665457607135387 0.09367524588317767 -0.006700375175746952 -0.025881229715316947 0.5540107854573607 0.8320801142425203  738559.6556144563
-0.025026838340969637 -1.665485883813755 0.12332175398981443 -0.01129313484305855 -0.026385227797437773 0.553948805762819 0.8320558908231108  738559.6556156051
-0.017837753443875722 -1.6656658266538178 0.1590640405509952 -0.019280974604748195 -0.031746327322505735 0.5543605021510073 0.8314474417392278  738559.6556167704
-0.010615737762435594 -1.6658304270312363 0.20181781297099166 -0.01879182956108371 -0.03213768835807506 0.5577386244077805 0.8291813209259258  738559.6556179209
-0.004307246378084894 -1.6661122301707478 0.2507458408495272 -0.014839910300278208 -0.03879986858213171 0.5643985776498839 0.8244565439167046  738559.6556190818
0.0009843888825258145 -1.6668424441937228 0.3007505081917627 -0.015433194772300896 -0.03700429624933872 0.569940605850421 0.8207071367796593  738559.6556202351
0.005171844261865525 -1.6682233377051265 0.34664445229827195 -0.019354836495861838 -0.03807555674531789 0.5902118310800155 0.8061176320711064  738559.6556214022
0.00813866975284591 -1.669860843517923 0.3853616841943156 -0.018714000353480552 -0.03390480394647994 0.6253070692577408 0.7794172949046074  738559.655622557
0.010402825065223867 -1.671199296187686 0.41551379070439415 -0.021516930660940223 -0.03138404819865376 0.6595746075846531 0.7506752961455091  738559.6556237167
0.01192966780402826 -1.671806075296599 0.43809907098161954 -0.02164043052671439 -0.03011859337745557 0.6931338053931486 0.7198542143523192  738559.6556248768
0.012849000813191859 -1.6711485389778837 0.45418455016200027 -0.017917448379064654 -0.030093142670050546 0.717770042471272 0.6953988308435758  738559.6556260329
0.013188378744653903 -1.6697264412741422 0.46619922342048814 -0.017336605011507775 -0.02898649867562009 0.7342262377423171 0.6780641981641309  738559.6556271841
0.013652004809914879 -1.6675634084094588 0.4748224605831679 -0.015200510940343078 -0.030201078310773052 0.7433261288140953 0.6680741766886893  738559.6556283374
0.01384689134017178 -1.664639956560864 0.4822014929092671 -0.015252272442528723 -0.030744045425582834 0.7483672348273434 0.66239614559045  738559.6556295074
0.013821174499012887 -1.661268997764819 0.48862913746624226 -0.013271840271352127 -0.028971257536444407 0.7494113173111797 0.661337434278819  738559.6556306646
0.013527500738287101 -1.6575443631799207 0.4948442442803112 -0.013281569939206936 -0.03188206471247765 0.7501829818207116 0.6603276668716868  738559.6556318143
0.01304083306918736 -1.6538154663627924 0.5004445932616801 -0.011792380283630784 -0.034370250286484424 0.7489113130181951 0.6616732357409159  738559.6556329661
0.012630220085968539 -1.6505999290941182 0.5054151851167346 -0.010655984867657443 -0.03217559546094031 0.7473599849094433 0.6635542434491629  738559.6556341327
0.012218088555237693 -1.6466900560471984 0.5092223292448237 -0.0282510315811761 -0.013322224835748919 0.7468895581521148 0.6642141111594694  738559.655635305
0.011980324435471697 -1.6336065206403303 0.5120253063705923 -0.09942561408208236 0.062272681911315055 0.7385051823918554 0.6639629175882833  738559.65563647
0.01159807782254793 -1.60193453571258 0.5123486419568271 -0.08712962295221541 0.039334689450868966 0.7389359510594563 0.6669594224852553  738559.6556376356
0.011711859763295272 -1.5503697927231965 0.5119135008735979 -0.06658564114483188 0.04757364433768642 0.7373939730548449 0.6704873073072702  738559.6556387685
