-1.92004985127438 1.2504863484813709 -0.0849003959055426 0.027663171153758093 0.021196247942496232 0.04719780834268263 0.9982774338441822  738512.6123417334
-1.9152382340045433 1.2508174512914902 -0.08135256011196398 0.010479182142830145 0.02178598744066238 0.051209536552978684 0.9983952828709087  738512.6123428053
-1.9123825044157465 1.2508629225442667 -0.07900615750965673 0.011317869983646965 0.021707930082683017 0.03844299448467091 0.9989608639809721  738512.6123440869
-1.9087481165696671 1.2495829754475871 -0.06689588052731571 0.007201791510436473 0.015988010561383815 0.013896822063944818 0.999749666693544  738512.6123451389
-1.9024896595383145 1.2462244333847718 -0.04049483740674039 0.00904025195626913 0.010623903997150214 -0.019300121797104622 0.9997164156934922  738512.6123464084
-1.8955946321894674 1.2415555269510925 -0.011159811628377838 -0.0014515429148120819 0.015123298891873764 -0.04186681143687615 0.9990076821295734  738512.6123474982
-1.889057723349509 1.2342967455947893 0.020686688026209932 -0.015447864667147575 -0.0010902526248444855 -0.06388363794660447 0.99783718893873  738512.6123485863
-1.8871953177199403 1.2261058635684607 0.0564597087428076 -0.0017422416775967696 0.0035397280215593106 -0.08118779113880685 0.9966910140507297  738512.6123498657
-1.8860633032985226 1.220267289992644 0.08837411167481517 -0.0098277954540849 0.0034452292708681887 -0.09138343863272777 0.9957613227954992  738512.6123509353
-1.8863467243044918 1.2159333003385078 0.13239165862373706 -0.014712997397126708 0.016517056808033545 -0.09713960977391257 0.9950249297153134  738512.6123521981
-1.8846420022855714 1.2153233241737846 0.1728435889019822 -0.006932924957086596 0.009560415340854746 -0.09684701084549852 0.9952292145532816  738512.6123532588
-1.882472785353603 1.2159456374146527 0.2286169330886849 -0.0030146618803445963 0.005462562259722924 -0.09178168169255252 0.9957596071005255  738512.6123545258
-1.8812723880374413 1.2165458147402912 0.27826323944256665 -0.0006843785131211455 0.005698585972961887 -0.08498641471904332 0.9963655790206536  738512.6123555962
-1.8805194973815256 1.2166582076963515 0.33371158744863105 0.009261697256119333 -0.007427177585532867 -0.07026979082050964 0.9974573747760306  738512.6123566882
-1.8837643626940583 1.2147599357408547 0.3847725975726652 0.009847523753000598 -0.005115881060888647 -0.06407490138386455 0.9978833905069033  738512.6123579496
-1.8892852837292944 1.2111249194984086 0.42580357861709234 0.007474890530165742 -0.0016297732935610348 -0.0753512386127897 0.9971277053066433  738512.6123590207
-1.897933739944718 1.2057951687031776 0.46119820886302587 0.0014265011835312854 0.006563620816420564 -0.09641890208154459 0.9953181799291828  738512.6123602794
-1.905231265631346 1.2016553340157978 0.48335956794585344 -0.0032744686044135136 0.012515440589440327 -0.12766341421860278 0.9917331769544974  738512.6123613465
-1.911895438017596 1.198207793661148 0.4992860154364916 -0.005716449700224659 0.014983874587966317 -0.15587309262716031 0.9876468927202685  738512.6123624532
-1.9188832662622393 1.1952989480368645 0.5136899807094066 -0.0025275222597911456 0.014794641136954665 -0.20241575161543635 0.9791846576222552  738512.6123637176
-1.923567869918042 1.1934652861118789 0.52395323368989 -0.0009135882849776774 0.018036133841701853 -0.23830176738356246 0.9710232391113821  738512.6123648045
-1.9264397037891026 1.192332478426688 0.5326229662537618 -0.005770209381715753 0.012660330508870332 -0.28831292211569687 0.957435156893774  738512.6123660699
-1.9286729257540056 1.1929540508493601 0.5375085307815687 -0.00958582947379046 0.016162062444044625 -0.32724609676653876 0.944752291218137  738512.6123671517
-1.9287989310934157 1.195570487137807 0.5413906813718834 -0.003998951284815476 0.007438661480864871 -0.3666284820037207 0.9303290981623881  738512.6123682647
-1.9291908826355453 1.2001838014084625 0.5438428094737131 -0.0014270666635449783 0.0033640608216664986 -0.40863299266336367 0.912691472449759  738512.6123695067
-1.8903438202916132 1.208345709565222 0.5811600896561517 0.008392742767725501 0.003940672835735061 -0.43768024806566763 0.899082884621664  738512.61237058
-1.890862432886776 1.2140615120221858 0.5790450158255063 0.0324606958564618 -0.04485524812111247 -0.4538775784468574 0.8893421466026022  738512.6123718383
-1.900410873040976 1.220995037225246 0.5620368613479344 0.05085146539583115 -0.06925501680626496 -0.46021276306680803 0.8836413773837634  738512.6123729042
-1.9256272355917516 1.227083722459772 0.5350195023008086 0.018972051470726656 0.04146588936553557 -0.4790965611061445 0.8765769369646818  738512.6123741453
-1.9776318641426573 1.1992946443849983 0.5241424600594053 0.3017401055936166 0.6971743869114685 0.2705032385879077 0.5913787118458229  738512.6123752214
-1.9844633342670195 1.201311129890524 0.5038582104446734 0.31251216727510017 0.6966100736811983 0.24764036614821153 0.596443458849936  738512.6123764714
-1.9286754509006883 1.209759203023481 0.47945750052363645 -0.6603368604919232 -0.1951425601551884 0.6824340105870502 0.24527216125321516  738512.6123775473
-1.9108935548120307 1.2446115186544207 0.4566595394346089 0.04048882257035437 -0.020917997052161935 -0.5217146186035103 0.8519019599587654  738512.6123788204
-1.8914429174128735 1.2538118369707756 0.45261361632975916 0.07543035906137342 -0.09429457840917178 -0.5252677471456755 0.8423257013905106  738512.6123798959
-1.89734816729838 1.2638811803805552 0.4546731278360624 0.09163646943688733 -0.06146051861955241 -0.5280398426511247 0.8420209538325834  738512.6123811485
-1.9216935817331064 1.2651808299925758 0.4591789196230125 0.038367712948861064 0.022090822812751057 -0.5287994053374923 0.8475913538169465  738512.6123822536
-1.9449196731815663 1.2611245728398617 0.4654183980097109 0.030979683836351624 0.06614564708819691 -0.5203173315801898 0.8508436325306514  738512.6123834025
-1.9634355439776363 1.2441118489400846 0.47626218104963963 0.03124234378362321 0.10752180250794639 -0.5028734012244352 0.8570771962205717  738512.612384574
-1.9643888480160396 1.2094205301390555 0.4885559586297363 0.02907647634275771 0.08601072487405569 -0.4840069480895352 0.8703413054263153  738512.6123858552
-1.9550417887116627 1.1714151538881938 0.5022850155744311 0.027960018095288097 0.04680433752297161 -0.4707165311758006 0.8805983980538282  738512.612386885
-1.9394570475934456 1.1194538488693662 0.5239751286820126 0.020751922096217703 0.012514078716465506 -0.4521098946798045 0.8916329955176663  738512.612388122
-1.9279027613461484 1.075471879820918 0.5438084449608118 0.005361848268319424 0.009002856847841748 -0.44124793575761256 0.8973240542531837  738512.6123892271
-1.9148004046168765 1.0308193653048552 0.5681463342758581 0.0014592941887658921 0.01350913468921948 -0.4260109511032782 0.9046159645288709  738512.6123902694
-1.900514916668713 0.9855358405711451 0.5845673657117204 0.0009395543091210035 0.00783399668657458 -0.4114812289975823 0.9113840814476926  738512.6123915255
-1.8860126707012164 0.9456698366360454 0.5981890203719082 -0.004283681165689471 0.021349881947877684 -0.40914928976833614 0.9122075922171162  738512.6123926438
-1.8687082348104793 0.9060135508695366 0.6055196648586587 0.008577659764325231 0.01991379835998432 -0.4078779058388589 0.9127789865659444  738512.6123939047
-1.8516576392489887 0.8698416021196352 0.609358708421975 0.013269375615972653 0.024823511526251594 -0.410924942279727 0.9112345520000169  738512.6123949591
-1.827662551716321 0.820084759542159 0.6119310077971148 0.01132900143516448 0.03293198349349155 -0.41913133811510733 0.9072574384371319  738512.6123962279
-1.8103526665774747 0.7847178945856775 0.6117206576243592 0.00828528644491526 0.028858644530638262 -0.4166857490561024 0.9085546319280613  738512.6123972721
-1.7898965575116157 0.739016137650495 0.6014730772502481 0.00331620474367767 0.033829896711596044 -0.41466878400824353 0.9093373083975524  738512.6123985327
-1.7654001943876245 0.6930987645304721 0.5973246411555474 0.005312715630369972 0.027224592052347712 -0.41368843627363316 0.9099958650091166  738512.6123996025
-1.742641761019103 0.6503852410999086 0.5969669134070336 0.01060872754016919 0.01659646222262248 -0.41369761683799344 0.9102012382787865  738512.6124006857
-1.7129587353553128 0.5980173491169205 0.5964312705054025 -0.00035029604013664303 0.006350259719621416 -0.41393296586225203 0.9102851483280705  738512.6124019455
-1.6858187601246095 0.5527629245508855 0.5948913114943304 0.008380400543519717 -0.0023472159043199234 -0.41265808869812504 0.9108444221140288  738512.612403081
-1.6578187684931671 0.5043737887760688 0.5998651537498504 -0.014171710856870804 0.01755415278706431 -0.41495916402074384 0.9095602819640506  738512.6124042096
-1.6324946410933168 0.460623569414455 0.594144154490752 -0.0021439338360510715 0.015615452265003885 -0.3977289708877103 0.9173675527916109  738512.612405432
-1.6051947124191066 0.4195867952093223 0.5855780842902274 -0.003128459442393517 0.01059729865552703 -0.39503728070894073 0.9185986375195689  738512.612406525
-1.5778165398068746 0.3803734522564747 0.576119782917804 0.003872397968092242 0.017488486107217545 -0.39564491292841264 0.9182288713940132  738512.6124077629
-1.547430094426705 0.34274651042622806 0.5680956659116123 0.0046456129240070865 0.0231085838752342 -0.3974641500687848 0.9173149192299993  738512.6124088544
-1.5161265800811152 0.29797217286389244 0.5607935626576518 0.008904865169252428 0.02772767525402457 -0.4041017715058261 0.9142503145567837  738512.6124101131
-1.4897543777993476 0.26317317408320634 0.5541369425640752 0.03974710448729172 0.005592415449792881 -0.41545887914191965 0.908725928053367  738512.6124112097
-1.4667981360672 0.2243662439712565 0.5507610166730902 0.010629407028876289 0.015244209629703034 -0.40522935348920897 0.9140261488872723  738512.6124122713
-1.4350850736390728 0.1767409999468593 0.5511182867491807 0.008466331531175748 0.017588892536170117 -0.4028495594760276 0.9150580224880419  738512.6124135285
-1.4071874680954648 0.13309498546514995 0.5523765472041474 0.005705726215942962 0.015680644706369838 -0.4009984129564012 0.9159267628344467  738512.6124145997
-1.3740355733968497 0.08515673037904174 0.5534115138888223 -0.002343518912022898 0.007565893469926336 -0.406780021161177 0.9134918059617301  738512.6124159372
-1.348859964466842 0.04806822511728623 0.5536459968578169 0.013857354723030202 -0.002764661520410164 -0.40324361100772055 0.9149835629934626  738512.6124169434
-1.3191799196592364 0.003411423895726621 0.5525262588597925 0.013739996358633093 0.021575605910663438 -0.4047189637403949 0.9140832927685275  738512.6124181917
-1.2941652063422395 -0.03435332051576051 0.5508488026809304 0.008016909345113041 0.007608716197171389 -0.40355874758089744 0.9148869732668188  738512.6124192256
-1.264493106728854 -0.0779891979625743 0.5475396407731269 0.01840850899934305 0.0328589432429815 -0.399780758023919 0.9158366460014561  738512.6124204913
-1.2386129405038675 -0.11624928382210004 0.5453900912292615 0.02492440253316494 0.05267802845618552 -0.3916360240505877 0.9182728484182583  738512.6124215611
-1.1991450697022925 -0.17205528882127813 0.5466301604208701 0.011958239653832196 0.053691399606388704 -0.38221795567666095 0.9224335577541846  738512.6124228066
-1.1650026561219438 -0.2171985616376484 0.5424121499822173 0.01774816174688229 0.046096713228738505 -0.3763627538325154 0.9251546753444634  738512.6124238641
-1.1165732119191514 -0.27730570185678927 0.5401259013146598 0.010303837441185702 0.03969064739104112 -0.36601071374956384 0.929706749929353  738512.6124251254
-1.0740385620279174 -0.3272486991341273 0.5394175008656193 0.010073078012606894 0.03296445405405381 -0.36498271527635057 0.9303759967979466  738512.6124261908
-1.025243217235579 -0.3830828828497346 0.5399783596354278 0.009156974677130858 0.021828272171616828 -0.3750664977978939 0.9266956342717855  738512.6124272888
-0.9720175874054642 -0.4434986286648582 0.5411034209448382 0.012404949350812867 0.01419128669886655 -0.3876704283655731 0.9216053187695302  738512.6124285727
-0.9298053514284738 -0.4921962361821394 0.5414712492882607 0.012510682006856117 0.011801568136174882 -0.37175169095828214 0.9281728751126637  738512.6124296418
-0.8809452789543029 -0.5514840813771513 0.5412794358902835 0.012515092339363642 0.018837459054718855 -0.33105445610220946 0.943340590505343  738512.6124308895
-0.8414106558540425 -0.600440786265232 0.5397493985790217 -0.002775364265233182 0.02919045214820205 -0.28533813780986017 0.9579782680039146  738512.6124319596
-0.7997793132878251 -0.6474694800965671 0.537266212569742 -0.015171721310045357 0.03778891364909344 -0.25217681655436597 0.9668240119433409  738512.6124330601
-0.744298421230864 -0.7007048780260791 0.5338262756352653 -0.009542257300669788 0.04373638771500578 -0.25737134091326896 0.9652751248176638  738512.6124343158
-0.6883497104501759 -0.746177918861873 0.5306986966394929 -0.004440773285734063 0.035153949463206886 -0.28768668015748255 0.9570688864599712  738512.6124353956
-0.6232002099171162 -0.7943178223356419 0.5285429231071043 0.004640603459446348 0.0060330085138433605 -0.30157654586429056 0.9534115871922093  738512.6124366666
-0.5732461074899886 -0.8318679869593985 0.528136315129504 0.012532046893133614 0.014082775766113742 -0.29348809812549614 0.9557768356086419  738512.61243775
-0.5143961922006395 -0.8785835860575505 0.5277781175691466 0.007412452807821013 0.017779175503905165 -0.27045647422052543 0.9625394807559716  738512.612439019
-0.46689037455633087 -0.917100993898089 0.5277704225384965 0.012112347216413369 0.029320484715293246 -0.22975537978298655 0.9727312402106478  738512.6124400795
-0.40710496278561925 -0.9654208917621615 0.5257002881831851 0.0046850034082275135 0.03883566598908657 -0.16068811554344226 0.9862297761238739  738512.6124413252
-0.3553236217933265 -1.0055814294053023 0.5223713553846001 -0.021234819273876073 0.04712794472460759 -0.10832864416944243 0.9927703380585313  738512.61244241
-0.2985249804813265 -1.0421662233016258 0.518517993829201 -0.03797269992214987 0.02040859537511578 -0.08591606128361524 0.9953692750476816  738512.6124434836
-0.23287029579218052 -1.0785617788087363 0.515897907357522 -0.058708978315114645 -0.10037317291765173 -0.0788717905601413 0.9900796547134356  738512.612444734
-0.19549760859322168 -1.0965940202359192 0.5109121603804287 -0.04802512509879123 -0.10352654308768044 -0.08151526128354912 0.9901167125210214  738512.6124458192
-0.17960827425840256 -1.1048674794053812 0.4987003232546346 -0.02503294994904356 -0.0760320503210353 -0.0814357749934667 0.9934589540046643  738512.6124470916
-0.1809012443213305 -1.106420899207826 0.4814079147858742 -0.005882135058116995 -0.03462339093672255 -0.0810874817540838 0.9960880691936743  738512.6124481413
-0.18938029107863127 -1.1076398055658032 0.45251682892098277 0.008361115182688785 0.005944791105935098 -0.080434141359397 0.9967071285565209  738512.6124494077
-0.19615353303481733 -1.1103673119630177 0.4234969069494856 0.010045451845911955 0.022680551627556486 -0.08119565153691646 0.9963894558086095  738512.6124504807
-0.20038836203787597 -1.116788850987252 0.3812814194087744 0.0046695759303291276 0.018786893618036288 -0.08242234694540918 0.9964094562040376  738512.6124517377
-0.2007447507045879 -1.123498212723645 0.34243980782773775 -0.002347647988495795 0.0164249828407647 -0.08283906935310426 0.9964248075375856  738512.6124527977
-0.19901529028050086 -1.1317760322486992 0.2900032860294727 -0.004456162400906453 0.010356738076773037 -0.08345437841075284 0.9964478146481835  738512.61245406
-0.1962543054019434 -1.13841434098612 0.24444167612271034 -0.0019573270006464465 0.0008698914545909717 -0.08417631459251819 0.9964485737967069  738512.6124551578
-0.19314878371660943 -1.1452766299638164 0.1927750651504541 -0.001001044009619427 0.005132300930228034 -0.0841202413275843 0.9964418911291523  738512.6124562253
-0.18999066693514857 -1.1518837512032734 0.1393507434127969 -0.0026695825409797126 0.006297550633121875 -0.08324491192398605 0.9965056441505227  738512.6124574752
-0.1865600089949557 -1.158164514504411 0.08364122105560458 -0.001041169871856545 0.0002695420978414429 -0.08390696613171132 0.9964730123525309  738512.6124585511
-0.1839446668158971 -1.1642740494728476 0.02580190693103104 -0.0036716177058733444 -0.007064118305082082 -0.09704965381228897 0.9952476988925464  738512.6124598397
