-0.42464801841853916 -2.0364437709652887 0.013830605593781973 -0.04867621368314258 -0.024854133639570754 0.5965559674483176 0.8007083588700078  738559.4397135812
-0.4248154002569024 -2.0361972299881352 0.013826528521242694 -0.04976480255678605 -0.025289983220640813 0.594614888987192 0.8020704551159662  738559.4397146577
-0.4247982910670468 -2.0355806306926607 0.013986407620621968 -0.04781734096379713 -0.02872450979810752 0.5912244857239981 0.804575671966537  738559.4397159141
-0.4236764585622136 -2.0347361077546924 0.014529476361933085 -0.04931854367565433 -0.031045167493674627 0.5836058289761148 0.8099432790079217  738559.4397170001
-0.42174378733425955 -2.03461939443156 0.018142631204178174 -0.04582618008658389 -0.04239174256966925 0.5787196890126495 0.8131337054443637  738559.4397182548
-0.4197104941080922 -2.035279962157202 0.02885609654477168 -0.046436244991462206 -0.03628750918140158 0.5769714206202194 0.8146354225148748  738559.4397193232
-0.41850823336825355 -2.0376131796688837 0.04731470662964207 -0.05155142195150955 -0.033769818958623986 0.5733832757794717 0.8169661371676807  738559.4397205721
-0.43252534359686634 -2.029319656047139 0.03059668095414205 -0.04508241437871134 -0.029253242167967004 0.5741044739730111 0.8170164482436206  738559.4397216617
-0.41567598047680826 -2.0443960179642757 0.09038506793234069 -0.0362800560716116 -0.02396207367976393 0.5667296087495017 0.8227558125732344  738559.4397227507
-0.4115072483093618 -2.0502222024898837 0.13224822489559945 -0.06265281672496377 -0.02301080381309231 0.5628365540212913 0.823869007137507  738559.4397239988
-0.40866689668913525 -2.052864898287319 0.15956172143118644 -0.1112631377713608 -0.02244574775526534 0.5675893243291915 0.8154502201167833  738559.439725062
-0.4061134528987145 -2.050566328048998 0.19129176394483796 -0.057000103891175054 -0.011268401116716757 0.5652052444247369 0.8229015998085321  738559.4397263173
-0.40365072108100447 -2.0449837951961127 0.2298071388284281 -0.06065856934554096 -0.004228255210204742 0.5641925235539483 0.8234011514375342  738559.439727392
-0.40069965693504855 -2.037689941258619 0.2774006121023691 -0.07217012203664422 -0.0209923586435147 0.5626478851273157 0.8232728294590785  738559.4397286517
-0.39751299628860676 -2.0310023304432927 0.31984542848062736 -0.056519886754563695 -0.02018129314082253 0.5672989178431783 0.8213221996405395  738559.439729754
-0.39378280163180485 -2.0245038161356046 0.36677748111073405 -0.04475223133851672 -0.04127537308760065 0.6009428966629072 0.7969700222198435  738559.4397310211
-0.38977191068184164 -2.020528360259657 0.40018169550291 -0.03936386261708456 -0.03246657558429566 0.6342795177843678 0.7714181104361776  738559.4397320896
-0.3852250095097728 -2.0176406179961894 0.42814591903914917 -0.06432950183882438 -0.051751418056749765 0.6544433093380102 0.7515899552182677  738559.4397331747
-0.38421103783973853 -2.0121913419997552 0.4461171031861572 -0.06912361059162198 -0.03766606275965077 0.6824886742714377 0.7266446199251595  738559.4397344294
-0.3766045506788837 -2.0100637795384895 0.4597412523133712 -0.0453111544214222 -0.07353726066381162 0.6892813023212017 0.7193263910419588  738559.4397355162
-0.3732718358142608 -2.008942874495682 0.476297239570459 -0.07568371708275409 -0.030472166484643192 0.678452389123658 0.7300998409331908  738559.4397367652
-0.3731127594856234 -2.0076105620820752 0.49544135059238376 -0.055912278668265813 -0.04583449575657729 0.6917385116143622 0.7185199006585756  738559.4397378481
-0.37081865882533693 -2.005706646161071 0.5070971000271836 -0.0853012342519155 -0.06779060093619736 0.6891059522009224 0.716422445559231  738559.4397391065
-0.36899334584468096 -2.0037319961125775 0.5123006311455296 -0.062163497466463304 -0.08386011727522888 0.6958121358587884 0.7105973908655682  738559.4397401607
-0.36854151833453713 -2.0016837258970472 0.519046759790837 -0.07587987080918962 -0.06924801170413387 0.6911525105427724 0.7153706488607342  738559.4397413995
-0.3662778123040235 -2.000903838022162 0.5219289748115027 -0.07398046153654814 -0.041202120901900036 0.6833615800332252 0.7251525546245553  738559.4397424902
-0.36745811875076534 -1.9999949848770588 0.5300469060769692 -0.05031618674632883 -0.05066522840061217 0.6960521413654314 0.7144317549514578  738559.4397435719
-0.3653435293298867 -2.0000190713397896 0.5303115890714585 -0.042605904053563196 -0.06336462180800097 0.7038807549864212 0.7062021979593757  738559.4397448652
-0.3640707791139252 -1.996046102931981 0.5302990187644407 -0.10271016141806698 0.014499744798998538 0.7049164698225556 0.7016645571176762  738559.4397459131
-0.3597019430525514 -1.9734764234709832 0.5296441333019248 -0.11776971090886888 0.020186786854687205 0.6994341422969053 0.7046379704630722  738559.4397472084
-0.35357510341999454 -1.928866686626219 0.5307216340249421 -0.13284239653773755 0.00852533161990749 0.7028267975512827 0.6987951839034734  738559.439748285
-0.3445130430964098 -1.8595048831365648 0.5346729500947447 -0.10500253612603155 0.007459771079058334 0.6972523943279326 0.7090542418084209  738559.4397495304
-0.33534632426933336 -1.7919806802310636 0.5362928085328592 -0.08634880325666154 -0.011860657553492342 0.6993603280624311 0.7094352264378686  738559.4397506352
-0.32483962276307454 -1.7208179723047643 0.5356776445486342 -0.0654024709099905 -0.05476126310807015 0.7040972286958318 0.7049615687429537  738559.4397517111
-0.3159523263617633 -1.633643583454199 0.5399515468484425 -0.04726569667970152 -0.05948776209621568 0.6965437954507651 0.7134801336387785  738559.4397529833
-0.30806695695626707 -1.5573431319228515 0.546271804078537 -0.0248686561375903 -0.04727169052327212 0.6893294533538399 0.7224761878123588  738559.4397540634
-0.2961302180761929 -1.4781500616627705 0.5516030546203389 -0.04153466920557238 -0.053633751273380506 0.6909760110989152 0.7196877406654645  738559.439755315
-0.2848429563120796 -1.4162535866246415 0.5553517880043031 -0.04275145488623446 -0.05285593335163151 0.6963357646992272 0.7144893744593973  738559.4397563887
-0.2698884121866972 -1.3494992364238931 0.5582148756386088 -0.049028121838967376 -0.04580260126868326 0.699146042472613 0.7118238379549033  738559.4397576512
-0.2532810102100986 -1.283519468246905 0.5606521156274789 -0.049817572109464206 -0.044244906358775454 0.7041185004148467 0.7069495987296189  738559.439758833
-0.23716717122264216 -1.2250381807917288 0.5622908030769866 -0.05141271222491817 -0.04442934044569606 0.7054623986835705 0.7054825091898885  738559.4397598945
-0.21403936234258528 -1.1474100320931546 0.5641128347149834 -0.052200245172034775 -0.04212175743950211 0.7072343758435797 0.7037900465190805  738559.4397611003
-0.19745844508430208 -1.0906882191107448 0.567953273041874 -0.06058468327210228 -0.02581196060835464 0.7033073882222236 0.7078290446954026  738559.4397621866
-0.1728463682541477 -1.021779349269326 0.5664568840250579 -0.08954933043337568 -0.05802751769953509 0.7028586021683939 0.7032805343292644  738559.439763473
-0.14814024757522454 -0.959607039931915 0.5628726505742438 -0.04929452208313917 -0.03957836874724513 0.7126487031381208 0.698666893974129  738559.4397645536
-0.12414274226751983 -0.8988474768956092 0.5600627613953973 -0.05192855840615667 -0.04115100623355767 0.7122473620410338 0.6987944724834426  738559.4397657551
-0.09910294074952505 -0.8394650511303295 0.5570323810212191 -0.05010070940363426 -0.04214338995801699 0.7127159113020715 0.6983909244663458  738559.4397668669
-0.07258605364791124 -0.7748744263173394 0.5573411806512021 -0.05219042739685394 -0.019912161528516274 0.7049114185275636 0.707092325754462  738559.4397681393
-0.0502377883628192 -0.7282473339004515 0.5566204783861357 -0.04870527861993272 -0.020903325808568362 0.7036901586977674 0.7085273511704447  738559.4397692448
-0.021855753114316076 -0.6707004835501406 0.5558333163593872 -0.0478354681155948 -0.018289614650557732 0.7026671447360154 0.7096732640410175  738559.4397702272
0.00785527034928177 -0.6140496752272607 0.5565612455803376 -0.045889961165475786 -0.005443886619582593 0.7021959171420454 0.7104824906440312  738559.4397714675
0.034677926131070916 -0.5632930879898649 0.5592785378174077 -0.060706356688260035 -0.018445916063299653 0.7043158659959712 0.7070457180017207  738559.4397725549
0.06890792267857308 -0.5015153014418733 0.562954948936485 -0.0619635388615767 -0.025294493207146575 0.7058148728868494 0.7052276750644887  738559.4397738137
0.10016641610311491 -0.4456366445162929 0.5666002472664196 -0.056328835675409805 -0.024478352767157728 0.7031532166224759 0.7083808484641047  738559.4397749015
0.13589234345893988 -0.38499183561112776 0.57094892612133 -0.05522482108340701 -0.02364882492322465 0.7024476012512841 0.7091955440584589  738559.4397761539
0.16698278277230366 -0.3362476274285364 0.5738715158512729 -0.05450999464859097 -0.02576200229707823 0.7042268226987668 0.7074104621170483  738559.4397772214
0.20342764861819776 -0.2832731513228874 0.5763757306685156 -0.057474555245860516 -0.02558407000634055 0.7066867152460061 0.7047240717869736  738559.4397783532
0.2448771037647214 -0.2262804444712378 0.567718862649261 -0.05528160691933597 -0.03380080538590493 0.7030580599169124 0.7081742821350882  738559.4397796559
0.27498873736925106 -0.18676114495511356 0.5261790117334026 -0.050707004609600245 -0.06975374074582574 0.6923069782708774 0.7164316179321883  738559.4397807199
0.31849749135521616 -0.1331926434174976 0.37700726221736375 -0.0013260386325297908 -0.18765976429961445 0.6618993567952692 0.7257212246851866  738559.4397819167
0.34608956583115735 -0.09840355007436069 0.18921643595995827 0.044164566358544995 -0.36171386216770723 0.6077992662237955 0.7055442048319144  738559.4397829733
0.4040477937792785 -0.054312133811366695 0.04524450326999118 0.19487163427317564 0.16981012727929148 0.5636204395692379 0.784551825521343  738559.4397842278
0.45739769988047646 -0.025826569903671215 0.057912952128780455 0.27052259268231055 0.6782545615116343 0.20777573395372026 0.6508590638664365  738559.4397854496
0.4970002072220229 -0.026027217113100222 0.0466348775332585 -0.24248687627139756 0.2148228278561744 0.8830894558558744 0.3394175605713296  738559.4397865776
0.4968119796538399 -0.0716914993793431 0.05179375560956286 0.5495242427649216 0.7212837015050276 0.21530474530106633 0.36251454482225776  738559.4397877572
0.0 0.0 0.0 0.0 0.0 0.0 0.0  738559.4397887471
0.5502638647797806 -0.1272875101906778 0.005085339345030496 -0.07536528826946988 -0.3186821282993204 0.7313065588556892 0.598291309815984  738559.4397900595
0.5490095372592895 -0.1484470939128619 -0.016495525061913867 0.7835542049783841 0.6153821905208826 -0.08469707789375405 0.01318986151071399  738559.4397911031
0.5587325264759773 -0.1476530125871624 -0.006648665647847437 0.1045880005389388 0.15836324868404886 0.56978146027512 0.7995820903048373  738559.4397923392
0.5517582134085723 -0.1488190943732746 -0.011715702063254212 0.8133470639150251 0.5564806127907609 -0.16191846359591158 -0.05077688800593232  738559.4397934286
0.5519718225461785 -0.14876809592537676 -0.011564870402970448 0.8138567287594848 0.5568431442733267 -0.15625468651007313 -0.05610178849505778  738559.4397945962
0.5517977531082124 -0.14881572274040136 -0.01139990398940075 0.8140889673900643 0.5563156759938049 -0.15701673857534504 -0.05583695572375386  738559.4397958096
0.5520614718596485 -0.14881806256516025 -0.011625725240104016 0.8138256868885285 0.5565440414503251 -0.1574475693497709 -0.05618491071811867  738559.439796928
0.5517607599716051 -0.1487590757731744 -0.011277956850465343 0.8138097626371334 0.5569451765784553 -0.15643702215418756 -0.055255756460446316  738559.4397981287
0.5520250277292915 -0.14882139036320158 -0.01166270048120873 0.8138556487089711 0.5566206934375787 -0.15701146661690862 -0.05621197427929683  738559.4397992302
0.551991514611061 -0.14885106402571646 -0.011675573657942775 0.814085139875582 0.5559353030902201 -0.157957108320989 -0.057016451508409866  738559.4398004712
0.5517941796894268 -0.14877685754209213 -0.011361366981875511 0.8141849851688019 0.5562686529111825 -0.15687894026833246 -0.055290087848919055  738559.4398016689
0.5518482587212254 -0.14873140546616923 -0.011412933669423359 0.8138144952005802 0.5571870151695767 -0.1557462755905582 -0.054696390808834865  738559.439802641
0.5518570695318555 -0.1487743787505597 -0.011411665297273629 0.8141818651424296 0.5561168568951046 -0.15721259243079802 -0.055911829978030805  738559.4398039669
0.5518983129845638 -0.1487865527531151 -0.01156351643919132 0.8143279731380485 0.5559933803103166 -0.15706182863562845 -0.05543370095544766  738559.4398049556
0.551975024662603 -0.14877009050637688 -0.011558080244938974 0.8141910283821225 0.5560088597609336 -0.15788084072070985 -0.054961416491299396  738559.439806275
0.5520069619893982 -0.14877371331164727 -0.011593099467529903 0.8142045988136526 0.5563988475945684 -0.15621169722279363 -0.05557966639797121  738559.4398074482
0.5518050878860713 -0.1488075533719187 -0.011470141215261557 0.8139769037926627 0.5560208539873217 -0.15820449234703438 -0.057041639392087125  738559.439808534
0.5518790641644028 -0.148756070416557 -0.011502307070378288 0.8137316974635009 0.5568356005626084 -0.15721042719488645 -0.0553147364673286  738559.439809712
0.5518490181394003 -0.14874166317016493 -0.011485768453032631 0.8137606834290816 0.5571197916091131 -0.15622794343893456 -0.05480800663492191  738559.439810713
0.5517369510051148 -0.14871355805547493 -0.011264927062377937 0.8136219408555762 0.5575219300217658 -0.15566788438157297 -0.05437043935242664  738559.4398120616
0.5519053705377266 -0.14875611868077712 -0.011544477988779157 0.813896982152366 0.5566278614655722 -0.1571307530720912 -0.05520011524020987  738559.4398131077
0.5518732690723366 -0.14874956061068306 -0.011437628683520398 0.8142319833269127 0.5564964370132036 -0.15595691320355215 -0.05491296880657027  738559.4398143583
0.5514669467464323 -0.14867425075977075 -0.01082742837937635 0.8134615029861059 0.557719089633754 -0.15566535009276172 -0.05475489930755533  738559.4398154895
0.5519170343334151 -0.14875874458643473 -0.011516574678852375 0.813736896838627 0.5569089894819972 -0.15692517474807272 -0.05530939963396304  738559.4398166998
0.5519578749013205 -0.14877003652928822 -0.011553144179567558 0.8140903613275905 0.5567096828909809 -0.15598421937320844 -0.05477349610411608  738559.4398177998
0.5518699184310176 -0.14874981052825295 -0.01143549391164712 0.8137487798952823 0.5569587768014619 -0.15667760086398583 -0.05533510233355152  738559.4398188173
0.552015990858325 -0.14878845724428386 -0.01171615134407171 0.8138726737471322 0.5565234003049238 -0.15719339531725018 -0.056419963748431265  738559.4398200767
0.5519320012588984 -0.14877119264036628 -0.011547166052161535 0.813974599615002 0.5566979453218304 -0.15633019610617616 -0.05562030781517037  738559.4398211628
0.5517959384041169 -0.1487167201348635 -0.011261096702744824 0.8138454245453913 0.5570466935831735 -0.15597034435322416 -0.05502597383892937  738559.4398224243
0.5520236298658519 -0.1487704970316001 -0.011673811038221179 0.814362573090684 0.5561272954576115 -0.15653707431389088 -0.05506519010564072  738559.4398234908
0.5520470584087122 -0.14878894958204633 -0.011706886094035116 0.8140134616320838 0.5562685218376191 -0.15744305454966442 -0.056205875746347854  738559.4398247544
0.5519317783749353 -0.1487616324107724 -0.011612373389481467 0.8141096397873921 0.556345165746971 -0.15714864264946357 -0.05486214604487515  738559.4398258369
0.5517393351159943 -0.14861479658660676 -0.01132666572118767 0.8151107003608201 0.5546675906362127 -0.1583772601052443 -0.05343270100479689  738559.4398269183
0.5518328878662625 -0.14874330516704723 -0.01143771087881846 0.8138380275400382 0.5569640452025131 -0.15628496140608367 -0.0550792893898603  738559.4398282825
0.5519283550793286 -0.14877260423140254 -0.011581012284483216 0.8139574383705508 0.556561631597816 -0.15682765300065366 -0.055834810008942304  738559.4398293222
0.5517869171830779 -0.14878218584632058 -0.011396953011372396 0.8141715122363558 0.5562980918116717 -0.15689689922169897 -0.055141134591834534  738559.4398305981
0.5519571888358296 -0.1487896292189819 -0.011673228088462191 0.8139567326325436 0.5564974298087655 -0.15732540464174824 -0.05507962484169803  738559.4398316244
0.5520513273922113 -0.14882112596300767 -0.011767880871143764 0.8143135548160825 0.5559040242758434 -0.15727974799196667 -0.05592165151621544  738559.4398327114
0.551904619965214 -0.14874615720768336 -0.011487652737312873 0.8140469973500926 0.5564718892184014 -0.1569275575255504 -0.05513859178530794  738559.439834003
0.5519596203344154 -0.14879894255472303 -0.011653649503013173 0.8138388815137054 0.556779648566807 -0.1568586894988206 -0.05529963297397751  738559.4398351129
0.551683432509438 -0.14876217977826925 -0.011240550028671817 0.8136782895650544 0.5570785863691409 -0.15669394715490162 -0.05511893163391418  738559.439836374
0.5519457033969053 -0.1487936929931622 -0.011600044091721355 0.8136038905867251 0.5568852045003034 -0.1575003370133328 -0.05586789839868921  738559.4398373887
0.5520549051310958 -0.14880112100878473 -0.011731957774975545 0.8140866347729702 0.5561131422666962 -0.15756762261000892 -0.05633443340721613  738559.4398385795
0.5518719548606186 -0.14881124427990616 -0.011584054379191565 0.8143573122270532 0.5558411014164648 -0.15750986122490013 -0.05525831716016827  738559.439839802
0.5520273308208833 -0.1488053445000131 -0.011723279772577566 0.8137527329333922 0.5565166506205413 -0.15793768939695166 -0.05613727365558159  738559.4398408311
0.551823455171875 -0.14878108227417028 -0.011429300825242687 0.814033988612491 0.5564706266293659 -0.1566961606261154 -0.05599482411254265  738559.4398421393
0.5518721395450286 -0.14877511367958843 -0.011473883361523758 0.8136701609471353 0.5568070601196495 -0.15744920336234353 -0.05582575880128511  738559.4398432691
0.5518696708281329 -0.14877144713414917 -0.011434063704285055 0.8137457428467096 0.55705518774737 -0.15646052548975195 -0.055022611407220305  738559.439844314
0.5519076474289141 -0.14881878269207324 -0.011606495373934229 0.8143220625473278 0.5555643092258936 -0.15841760635693644 -0.05596194027337326  738559.4398456481
0.5519387746894456 -0.14877234213506657 -0.011606213854728101 0.8141248647051059 0.5563590445276425 -0.157063657818629 -0.054738703252949515  738559.4398467458
0.5520201116302225 -0.148817555313098 -0.011742184625559787 0.8137786006430813 0.5564531540877284 -0.15804420983457226 -0.056091926147823254  738559.4398479476
0.5521002583263265 -0.1488331827818994 -0.01188822027164497 0.8141491880474927 0.5560347705906741 -0.1576950197970408 -0.05584544947438131  738559.4398491086
0.5520303659569602 -0.14879929920400103 -0.01167724130074128 0.8139488487329 0.5563507861068367 -0.15752447845945253 -0.056099136631226  738559.4398500929
0.5518446623933366 -0.1488210732906322 -0.011474942565927602 0.8142265333295717 0.556107121315526 -0.15719297727922266 -0.05541109941483491  738559.4398513668
0.5519280364334014 -0.1487759390559617 -0.011596011200474404 0.8138264971002652 0.5567064730138956 -0.1570190468995986 -0.055761585636372256  738559.4398524768
0.551951756541348 -0.14883327619419418 -0.011748862579475697 0.8142003482278167 0.5557028301860297 -0.15835097433675335 -0.056543137475201746  738559.4398537015
0.5519413921383703 -0.14885630605603975 -0.011661407918432943 0.8138409604539131 0.5561960239155798 -0.1579983775049037 -0.05783931857975372  738559.4398548497
0.5517619443241476 -0.1487553121945971 -0.01129906453866434 0.8135062612428956 0.5574609170929309 -0.1562023904004907 -0.055187879699141455  738559.4398560079
0.5518567464983 -0.14880140453031815 -0.011495781776767735 0.8140582659581983 0.5561170240264566 -0.15780651029050624 -0.056036599852429134  738559.4398571575
0.5518226806022257 -0.14881379493334138 -0.011428910280902009 0.8140287465303997 0.5562176782723373 -0.15763461582373714 -0.05595017509874275  738559.4398581653
0.5519242510963598 -0.14878900989808433 -0.011522303697987814 0.8138941114120143 0.5566203505337931 -0.1569112236799818 -0.055937721295525746  738559.4398595096
0.5518784219662254 -0.14883362233337624 -0.011584279097158309 0.8139545809180868 0.5562712977985291 -0.15765565479617416 -0.05643472298852482  738559.4398606495
0.5519941335163003 -0.1487970688836845 -0.011723901762791901 0.8138982708568923 0.5564782115999845 -0.1573532564952093 -0.05604959750967625  738559.4398617917
0.5519188438090874 -0.14876781478698176 -0.011570458053860637 0.8135778646857047 0.557045304892797 -0.15705412566386073 -0.05590695844257845  738559.4398628656
0.5519018741959648 -0.14877610015766668 -0.01154385161057976 0.8140167004449349 0.5566247744079756 -0.15672255038550997 -0.05462338430262954  738559.4398641564
0.551906412170624 -0.14874729290761235 -0.011459713184101066 0.8140012613435155 0.5566848076307618 -0.1562716531353871 -0.055526047136466423  738559.4398652132
0.5520424237214646 -0.14883345435857165 -0.01172251029361178 0.8139933134198625 0.556239445097304 -0.157397855456335 -0.05690764907588158  738559.4398663582
0.5521191717097886 -0.14883368017552254 -0.011952696506305103 0.814325646797453 0.5559367021926848 -0.15726435243170725 -0.05546212741382966  738559.4398675938
0.5519439896303865 -0.148814519129299 -0.011635085468640715 0.8140508726493869 0.5563472545620154 -0.1571082080358684 -0.055820426797347326  738559.4398686825
0.5520104056835358 -0.14879550737612052 -0.011735249835372318 0.8140230062143484 0.556439219685999 -0.15686421163160227 -0.05599606466697022  738559.4398699579
0.5516333293356513 -0.1487796155366999 -0.01123504972422802 0.8139861631461167 0.5563431557445532 -0.15725549317546594 -0.05638731354654507  738559.4398709658
0.5516862691103919 -0.1487835088612872 -0.011353704265264155 0.8137203069819265 0.5565512938399204 -0.1579560240574765 -0.056212221040479626  738559.4398721342
0.5518429600011879 -0.14881518231136928 -0.011545337747144387 0.814131632473633 0.5560443228037931 -0.15767267527631254 -0.05606891790198234  738559.4398735113
0.5520713940158092 -0.14881180358014648 -0.011807003384517905 0.8141794951568804 0.5558905371712897 -0.15792065114089587 -0.056200785517091754  738559.4398745717
0.552081709908442 -0.14884384198127903 -0.011856706620153227 0.8138649851431377 0.5562889410505131 -0.15774575066703314 -0.057294660914901416  738559.4398757954
0.5519552728698087 -0.14878699302311987 -0.011649869919267634 0.814016684935122 0.5564430559670951 -0.1569343362801013 -0.05585316651326829  738559.4398769132
0.5517323672242263 -0.1487932849743993 -0.011371920634521394 0.8140441297614072 0.5564242424518216 -0.1570368440998325 -0.05535021958470251  738559.4398779225
0.5518749690341668 -0.14882107509181983 -0.011590771432705727 0.8143608951021856 0.5556190571761392 -0.15794091396009075 -0.05620020932804949  738559.4398791575
0.5519472880636128 -0.14881043933831825 -0.011627116426452064 0.8137255826469645 0.5568595445138054 -0.15668775819375946 -0.05663100089129203  738559.439880224
0.5519878470962796 -0.14879735343799588 -0.01168383213286893 0.814413144506276 0.5558371555066454 -0.15727224382752153 -0.055151862481131665  738559.4398814653
0.5519490841162743 -0.14879883755742512 -0.011592224853713359 0.8139634910776534 0.5566195750517755 -0.15662539736599743 -0.05573660163486124  738559.4398825626
0.5519619878319414 -0.1487898884623862 -0.011669312044149215 0.8138597119071783 0.5565540007023818 -0.15711054339447572 -0.05653574790193145  738559.4398837201
0.5519949575397617 -0.14878635028552087 -0.011706691065974523 0.8141166064929047 0.5563334193108956 -0.15696326698609112 -0.05540586979172264  738559.439884936
0.5517959041411189 -0.14883252811761066 -0.011504255397336646 0.8141762098294302 0.5557871170021229 -0.1581506392114798 -0.056622921500508384  738559.4398859753
0.5517808863452655 -0.14881981581936093 -0.011471261777572092 0.8138641651352234 0.5564398706989647 -0.15745767091532697 -0.05662925811968448  738559.4398872488
0.5518336074352985 -0.14883709928753208 -0.011611410435218197 0.8140921795360435 0.5557597811234524 -0.1586224495179823 -0.05677946294904407  738559.4398884112
0.5518892574700879 -0.14882228546829934 -0.011634602853825848 0.8141241962020993 0.5561957791089044 -0.15709396548669588 -0.05629861869876986  738559.4398895669
0.5521203591507795 -0.14884345656728395 -0.011924103785767765 0.8143403192499176 0.5555646903924758 -0.15823587145608697 -0.05620612259876746  738559.4398907212
0.5519168895231329 -0.14877996593645537 -0.011654082921732568 0.8139609548151931 0.5567457413423703 -0.15647497110742825 -0.05493020071329454  738559.4398917641
0.5519722783292321 -0.14879093372783622 -0.01168101782769622 0.8140379733237838 0.5563254701830077 -0.15737310258815812 -0.055478426386652  738559.4398929927
0.551748026307975 -0.14879354936605907 -0.011419451633678445 0.8140268200119842 0.5563093985191996 -0.15710198939901493 -0.05656106741615428  738559.4398940897
0.5518032660581388 -0.14876205548432242 -0.011440846877576735 0.8144806620612983 0.5558619264338762 -0.1569710236490665 -0.054761917460708784  738559.4398954216
0.5518088237385477 -0.14877908120304076 -0.011490195294072563 0.8141058177511078 0.5562568134481446 -0.15716110103367395 -0.05577152784530506  738559.4398964717
0.5518376397650979 -0.14880449049346928 -0.011536943302236676 0.8142447201106688 0.5560510521996987 -0.1571850832813381 -0.0557280244880921  738559.4398976759
0.5518920994724016 -0.1487969191603494 -0.01157858884675442 0.8143910710862189 0.5557756445806274 -0.15749474419950807 -0.05546189480680441  738559.4398987795
0.5516352822414389 -0.1487979573434387 -0.011288519335155648 0.8142496480446908 0.5558562054410067 -0.15803586729784638 -0.05519106974176232  738559.4398998673
0.5519733662670108 -0.14880393410031162 -0.011780149102469767 0.8139564637454512 0.5563944321076384 -0.1575077868591855 -0.055600432780152614  738559.4399011515
0.5517491183084188 -0.1486022923979563 -0.01139986602703124 0.8153708632680736 0.5542152230250992 -0.15858689271132176 -0.053535402874022586  738559.4399023097
0.5517947518746014 -0.1487311153364781 -0.011385742843265382 0.813836160668709 0.5571243048312967 -0.15571488883310045 -0.055100689196732444  738559.439903357
0.5519161685787078 -0.14879433643327275 -0.011628054799174652 0.8140582920747346 0.5565883863257319 -0.15647478536614506 -0.055082727386203276  738559.4399045683
0.5519951852352003 -0.14880428274551707 -0.011756913323600522 0.8138489219554058 0.556605538242023 -0.15707250879625353 -0.056288844461248155  738559.4399056787
0.55172169916312 -0.14875710524652438 -0.011317046469035766 0.8139494139583194 0.556553394611734 -0.15711575468109773 -0.05522055861771979  738559.4399069843
0.5517325382950452 -0.14871393337666933 -0.01126903826782669 0.8138629942723807 0.5572940899095019 -0.15532241852227985 -0.054085767169601166  738559.4399080962
0.5518643200510241 -0.14876758552706343 -0.011530492048516814 0.8140216568493874 0.5567141145120224 -0.15651883349506684 -0.05422168979860968  738559.4399090909
0.5519013515365851 -0.14875669970075925 -0.011636162062044417 0.8141137747913767 0.556569767797032 -0.1564466376407772 -0.054528018854428636  738559.439910357
0.5519462894446566 -0.1487842394893258 -0.011635563755833711 0.814038310778551 0.5564217598308521 -0.15720671662244817 -0.054977286403842536  738559.4399115131
0.5520172584444432 -0.14881528662741414 -0.011795920440523302 0.8145632523961469 0.555555253954951 -0.15749945683397007 -0.05512702373487436  738559.4399127242
0.5518840527045025 -0.148782325288186 -0.01154844482575578 0.8138052825993735 0.557012930335252 -0.1562823507083937 -0.055076168255865705  738559.4399137885
0.5518825178323072 -0.14879211792542965 -0.011560777144459388 0.8143565251377392 0.5558472827494175 -0.15740848586293402 -0.05549609719624159  738559.4399150662
0.5518121421425042 -0.14874733444685007 -0.011440255000445614 0.8140832178047503 0.5567478216326608 -0.15603755771607022 -0.05433836745757362  738559.4399162455
0.5518581210203787 -0.14875459203989802 -0.011530876413794928 0.8141363078414082 0.556547761939331 -0.15632625508031217 -0.05476096152595289  738559.4399171991
0.5518682633372015 -0.14880520036101297 -0.011576457625564158 0.8141132927314112 0.5562061620933227 -0.1572901891340597 -0.05580365803070556  738559.4399184618
0.5518111289404604 -0.14876789266481705 -0.011447229885992243 0.8137273310236457 0.5571432632229545 -0.15624202389257275 -0.05502403984046222  738559.4399195465
0.5518798857842141 -0.14880703040686394 -0.01164638967238477 0.81440632364903 0.555797401346842 -0.15731652427923848 -0.05552566834598952  738559.4399208894
0.5520737672039225 -0.14882086552634485 -0.011921637552658305 0.8141880312959946 0.5560086643943453 -0.1578288422859835 -0.05515678884267269  738559.4399218959
0.5517733956192659 -0.14877094738026353 -0.011486823184001928 0.8140919150784754 0.5563344251344148 -0.156901676233483 -0.05593053914762325  738559.4399231443
0.5520855483746341 -0.14882830390454435 -0.011857278624568422 0.8145071536555931 0.5555468837616938 -0.15766413232938414 -0.05556777810348013  738559.4399242225
0.5519608548759875 -0.14878867098437512 -0.011758910539875178 0.8139502896559934 0.556580078385944 -0.15665614028603267 -0.05623518492459806  738559.43992538
0.5518597272913055 -0.14866848210858422 -0.011582838497527585 0.8157596138974446 0.5531517821463051 -0.15989798950351425 -0.05469909683891585  738559.4399266074
0.5518672748003537 -0.14883308338552584 -0.011576777350615684 0.8141338075446527 0.5561513180925719 -0.1573427078378294 -0.055902836126629565  738559.4399277042
0.5519363422341133 -0.14878575639813169 -0.011600551669953893 0.8141010971910407 0.556480476549077 -0.15644089580352274 -0.05563388259188056  738559.4399289631
0.5518560902519829 -0.14880448608231178 -0.011505105245385963 0.814276319954906 0.5562258845520269 -0.15639731803176368 -0.05573794961677509  738559.4399299924
0.5519423026229049 -0.14881938053456137 -0.011739991934083949 0.814530964745886 0.5554894410029786 -0.15765305477724537 -0.05582385443282872  738559.439931242
0.5518895474647418 -0.14881541838645496 -0.011652193756820578 0.8141116130075251 0.5560224958836866 -0.15787510515092737 -0.05600639973382763  738559.4399323413
0.5517261715802915 -0.14882527213616298 -0.011414878637550262 0.8142302833243709 0.5557392416101692 -0.15819572128033077 -0.05618767498895744  738559.4399335058
0.5520166971966219 -0.14886758171475367 -0.01184400610157182 0.8144372981030232 0.5553565909548375 -0.15819041017943236 -0.0569801585548136  738559.4399346471
0.5517330700281458 -0.14879866746774625 -0.011480521069717723 0.8140861641656841 0.5558601275273403 -0.15836385949555956 -0.056604981626732796  738559.4399357579
0.5518690826726295 -0.14875844986498327 -0.011590707942285427 0.8139195760273416 0.5567574614468115 -0.15660441701338546 -0.05505551248215408  738559.4399370321
0.5519128818046976 -0.1488324985495747 -0.011660812303957829 0.8143273566008589 0.5555924512175214 -0.1582924277290528 -0.055959733426871085  738559.439938069
0.5516177254249957 -0.1487990847892319 -0.011304461910758215 0.8143345577209842 0.5558470775544269 -0.1574770892859696 -0.055625720899516624  738559.439939337
0.5519102593742631 -0.14877676416601376 -0.011604260030978518 0.8139778685302334 0.5566115774775762 -0.15679491408581317 -0.05512654784879162  738559.439940503
0.5519771321308199 -0.14880192254723545 -0.011699633013180005 0.8141258701143044 0.5563687998201046 -0.15675762692134715 -0.0554965998900039  738559.4399416576
0.5520640562461414 -0.14880793899502395 -0.01183413540969989 0.8142823163966514 0.555867199572686 -0.15747800110469226 -0.056184026297463954  738559.4399428235
0.5520578893956962 -0.14882131558615466 -0.011872834942132107 0.8142781327032741 0.5559777374330249 -0.15728084445312987 -0.05570111352777619  738559.4399438665
0.5519843923007389 -0.14882817869875917 -0.011753427969253483 0.8143412333743659 0.5555655921596002 -0.15819293951735477 -0.05630472734618351  738559.4399451333
0.5520698557406079 -0.14882988452351875 -0.011902727430052246 0.8142930705988153 0.5559260834941603 -0.1573422269682057 -0.055824801641228695  738559.439946199
0.5519292031878691 -0.1487903254370421 -0.011627595207682674 0.8140034341681738 0.5566598685585524 -0.15632561829263036 -0.05559227432136213  738559.4399474587
0.5519517353876275 -0.14879013393534582 -0.01170553751175167 0.8139586250115177 0.5566378557085063 -0.15665711214562084 -0.05553560637816156  738559.4399486126
0.5518159864829679 -0.14880235846363388 -0.011584187268628076 0.813887401095112 0.556590429523275 -0.15690211803948445 -0.05635705329827205  738559.4399496011
0.5519378973288313 -0.1488238625526489 -0.01172911834738167 0.814494914897143 0.555379644251605 -0.15817351679436334 -0.05596983957954431  738559.4399508694
0.5518033658140941 -0.1487473781854931 -0.011443635401114054 0.8137857447635972 0.557172302826493 -0.15584955127497246 -0.05497912285558965  738559.4399519728
0.5516723799250415 -0.14879088159034298 -0.011370368651788271 0.8142371024288656 0.5558604357069713 -0.15770180458087174 -0.05627839617328675  738559.4399535219
0.5519475322075827 -0.148771356183961 -0.011629520286333449 0.8142670463190865 0.556353553291095 -0.15617912983694943 -0.05520851766291626  738559.4399543987
0.5519208349381525 -0.14876253421465963 -0.011592815849520715 0.8141396960995928 0.5562964754931335 -0.15701358482052294 -0.055294853020771854  738559.4399554525
0.5518894521535913 -0.1487741611816409 -0.011577391197706552 0.8141158383027622 0.5562574626268337 -0.1571586673958653 -0.05562544704452344  738559.4399567378
0.5518120524583068 -0.14878593764432418 -0.011512905761592546 0.8143293630299611 0.5559992409397182 -0.15700624926138548 -0.05551189309100184  738559.43995776
0.5519394628030208 -0.14878933730502536 -0.011717938460739881 0.8141013190603053 0.5562939450037715 -0.15733188346332055 -0.054979700820359356  738559.439959027
0.5519094167972239 -0.14877115806347646 -0.01162975294565781 0.8140030035587168 0.5568219310304399 -0.15613933040094322 -0.05448813469797675  738559.4399601878
0.5527974306855975 -0.1490426857233941 -0.013228176363510969 0.8153344076547734 0.5523986247671133 -0.162674681575451 -0.060187299523801134  738559.4399615113
0.5517834472365366 -0.14862861619886877 -0.011478293431627769 0.8153033084053033 0.5543498195465026 -0.15848619672275804 -0.053468853741987725  738559.4399624122
0.5517955622789257 -0.14879011150966157 -0.011517719117312801 0.8140728026637084 0.5563592175232066 -0.15713745940334953 -0.05529658120065763  738559.439963501
0.5517757233338006 -0.14879982677841683 -0.01149261044177629 0.8138362374579384 0.5566686585655053 -0.15710138922011194 -0.055765013012622  738559.4399648475
0.5519170685184933 -0.1487967920581975 -0.011671057664490576 0.8139666726288365 0.5565430050796787 -0.15706464762473468 -0.05521626402554915  738559.4399659225
0.5518467063267557 -0.1487788892402162 -0.011531317267254544 0.8136606462080597 0.557098015982709 -0.15647214710857302 -0.05580878586428246  738559.4399671226
0.5518981252403456 -0.1487728554571428 -0.01166607918570905 0.8141099180524094 0.5565261795624183 -0.15641696808093103 -0.05511247487391039  738559.4399681926
0.5519468917987135 -0.1487913201602609 -0.011720126424769425 0.8140436592936592 0.5563229264020993 -0.15745122332931633 -0.05519813941878082  738559.439969444
0.5518757891970576 -0.14878945555928297 -0.011564850165296485 0.8138838852921895 0.5566191885387685 -0.15702338466583604 -0.055783123614747625  738559.4399705232
0.5518618783294199 -0.14876150039822023 -0.011545227687291095 0.8138387908819931 0.5566581288215152 -0.1572143234001216 -0.055514021566691135  738559.4399716471
0.551936105333908 -0.1487951064906171 -0.011710850607359055 0.813926513862541 0.556543178184746 -0.157096220234021 -0.05571443651134899  738559.4399729589
0.5517088105686039 -0.14875885838825784 -0.011338903415859126 0.8138001551507652 0.556871725575694 -0.15690678531155014 -0.05480373576805465  738559.4399740722
0.5520205348521042 -0.14879406782752239 -0.011805574060891255 0.814503785586999 0.5558761723111636 -0.15681956387948517 -0.05470730029699316  738559.4399751079
0.5518041000194379 -0.1487509131297964 -0.011480576212759651 0.8139920418511335 0.5567837629393662 -0.15649461181571275 -0.05402067754806198  738559.4399763204
0.5516763844046167 -0.148815441250141 -0.011381990081882197 0.814329244316033 0.5557397116996857 -0.15768362858468374 -0.056188325904909485  738559.4399774296
0.5518088547529291 -0.14879298030655963 -0.011489023003080323 0.8141110095931576 0.5564103238860936 -0.15662369595571707 -0.05567614747226402  738559.4399786612
0.5519260695843589 -0.14879200797987263 -0.011616318614563251 0.8138892546042333 0.5567951449561205 -0.15657527081351713 -0.05520536534370487  738559.4399797431
0.5518311239142406 -0.14876090007210738 -0.011460167364644346 0.8137639351435326 0.5570860028140789 -0.1560856383978718 -0.05550420537466721  738559.4399811594
0.5517787946964874 -0.14882880887756947 -0.011550860288581455 0.8140038040343466 0.5560463618430431 -0.1581549469963512 -0.05654434754517967  738559.4399821012
0.5519930886382844 -0.14881322962508212 -0.01182071850915256 0.8142568436096096 0.5561167969937317 -0.1569579848548327 -0.05553459936524753  738559.4399832679
0.5519718713595744 -0.14881317423972082 -0.011712599496191736 0.8141047040722682 0.5561641735030722 -0.15737490539129334 -0.0561077719405324  738559.4399844273
0.5520639371990044 -0.1488184834104629 -0.011891364486488082 0.814325639089606 0.555756709505909 -0.15761392666459062 -0.05626796141534464  738559.439985536
0.5519268868944129 -0.1488154263669941 -0.011707036190019357 0.8142703661697264 0.5559566343029665 -0.15755489239605472 -0.0552489586725858  738559.4399867633
0.5517362864255173 -0.14882179550538502 -0.011453645364204639 0.8140920131365189 0.556148767727254 -0.15731136132563558 -0.056620472451776926  738559.439987908
0.551810094343188 -0.1487920971262104 -0.01153103437645973 0.8143236867522186 0.5560774176274323 -0.1569122698974611 -0.055076114193970224  738559.4399891185
0.5519201096800175 -0.1487925669911919 -0.011613344846471165 0.8140224178296356 0.5566268609365133 -0.1565198186779499 -0.05509616425650404  738559.4399902811
0.5519477031860008 -0.14884341078643118 -0.011784916114793431 0.8141144001224031 0.5558878372657053 -0.1581487148875782 -0.05652822191440371  738559.4399913211
0.551842336963778 -0.14880493005461976 -0.011538368875369638 0.8139558951528338 0.5563419643000945 -0.15764555202328348 -0.05574315592012831  738559.4399926409
0.5518834429764179 -0.14877608777777535 -0.011600683963833059 0.8137059184509167 0.5571299291078162 -0.15630865248194045 -0.05528585288796704  738559.4399936384
0.5519653397095378 -0.14879676865451014 -0.01171172422516888 0.8137190009170768 0.5565948980826644 -0.15787417494970096 -0.056029026930817634  738559.439994904
0.5517836098421935 -0.14877144254671404 -0.011477074594058856 0.8140967881274181 0.5564268165679661 -0.15665655739326392 -0.055626795614630846  738559.4399960118
0.5517615296787463 -0.14876612609060408 -0.011472468827837269 0.8137510099850915 0.5568288007579618 -0.15686660269650818 -0.05607003971060975  738559.4399972252
0.5519230157607913 -0.14877750638306309 -0.011684917530751762 0.8140465959423736 0.5563216931888121 -0.15730140587883604 -0.055592994439128414  738559.4399983905
0.5518010888500001 -0.1487837009408489 -0.011522819080767898 0.8140440592690023 0.5562208088522116 -0.15761622837483008 -0.055747698800311565  738559.4399994328
0.5517126897657364 -0.1488028949270783 -0.011422318681394246 0.8142347754561705 0.5559652913714567 -0.15747568844026502 -0.05590825322218218  738559.4400006994
0.5520077595473346 -0.1487953198504547 -0.011824679524243929 0.8140874115251338 0.556298478766119 -0.15699454659772483 -0.056092791492172195  738559.4400018601
0.5518736152189758 -0.14877272905191702 -0.011535959589690649 0.8135639580067443 0.5574826075343715 -0.15560507028465095 -0.055802245750392276  738559.4400028922
0.5518858263096199 -0.14881561481854325 -0.01166441163398568 0.8141492225027127 0.5560818083689874 -0.15758541355990469 -0.05568575520237788  738559.4400041169
0.5516300970382417 -0.1488034970659731 -0.011371399613230858 0.8145632611778975 0.5551487187305568 -0.1583189820040144 -0.05684798649259376  738559.4400052137
0.5517308737360627 -0.14881085221156798 -0.011419558432220273 0.8142010548825928 0.5558622732402624 -0.15796035457238428 -0.056056237829588636  738559.4400063681
0.5518357912705784 -0.14879858504839963 -0.011575967890136228 0.8142937673957801 0.5559188406680214 -0.15749881488823178 -0.05544390209493548  738559.4400076412
0.5518318643134026 -0.14877762659347052 -0.01146667056287628 0.8139943874771364 0.5568462358739922 -0.15597508981404673 -0.05483774344544051  738559.4400086888
0.5518118106112294 -0.14882563035812865 -0.011579062406168825 0.8141846266906504 0.5561049744702622 -0.15737333412837887 -0.055536337071803665  738559.4400099128
0.5518920561521015 -0.14882111239768192 -0.011704773943978102 0.8143519080501079 0.5559317787656747 -0.15709268109250552 -0.0556121997474467  738559.4400111242
0.5518325110068775 -0.14881131932274774 -0.011568431427732135 0.8142140208352622 0.5562255693761827 -0.1569517869015477 -0.055088844930964616  738559.440012097
0.5520064331727443 -0.14881852379112995 -0.011796292603997768 0.8142930861541426 0.5559759029615926 -0.15727309412548818 -0.05552241918179598  738559.4400133766
0.5519538489140345 -0.14879104758449407 -0.011735049795151206 0.8140496478444036 0.5563569535940371 -0.1572929324310342 -0.055218153167332716  738559.4400146033
0.5518599671776029 -0.14875838039215913 -0.011515924145660515 0.8141025439920944 0.5564370253091774 -0.15682870475380906 -0.05495127019384259  738559.4400157023
0.5518229802884285 -0.14880687135051424 -0.01157388854153938 0.8141493194689983 0.5563563781594515 -0.1565665017379793 -0.05581573812999265  738559.4400167923
0.5520080939188111 -0.14881618222110285 -0.011808158887940207 0.8141350972699626 0.5561841086890866 -0.15730061289495906 -0.05567582794916633  738559.4400181922
0.5519042409683281 -0.14880277758985322 -0.011650865873645503 0.8137614004246094 0.5570118634269857 -0.15629970223067746 -0.055682764507315324  738559.4400192081
0.5517696006338012 -0.14878769624643204 -0.01143864743658861 0.8139104570146779 0.5567175824343404 -0.15671625206759107 -0.05527492838990199  738559.4400202628
0.5518005896496505 -0.14880728115067968 -0.011543121426974853 0.8142704114600163 0.5558140564989406 -0.15790531295156776 -0.05568073060400644  738559.4400214922
0.5517101755440401 -0.14879212733682623 -0.011384576692756516 0.8142376868675785 0.5561642149211432 -0.15707416022129442 -0.05500966748180769  738559.4400226366
0.551883453292153 -0.1488170367157155 -0.011575367158497791 0.8141790795509768 0.5560365977299608 -0.1574395233600255 -0.05611171794359918  738559.4400237898
0.5518790885885047 -0.1488023813495464 -0.01164620284388741 0.8142079516720181 0.5561391561350565 -0.15688055681204366 -0.05624181133095785  738559.440025069
0.5517176611491222 -0.14881394264599412 -0.01140812708543759 0.8143988496782831 0.5556794022659961 -0.1576970884712493 -0.05573637795628078  738559.4400261096
0.5519125082411483 -0.14881963070067752 -0.01167673912632688 0.814509899318082 0.5555363992736292 -0.15759964341125057 -0.05581474170490658  738559.4400273131
0.5519779644024809 -0.1487780345939302 -0.011731300244658825 0.8142686223963548 0.5559726128665191 -0.15743338229826284 -0.055459845485244956  738559.4400284676
0.551827617441515 -0.1488474718134485 -0.011589833607670906 0.8142939198172933 0.5557809594139396 -0.15796238007484134 -0.0555051689719067  738559.4400295154
0.5519440197330405 -0.1487818492782092 -0.01173836049313142 0.8139410523464529 0.5564973265904559 -0.15726446820966797 -0.055484915441540564  738559.4400307753
0.5518009174177257 -0.1487668564079512 -0.0115154045758683 0.8135828149154893 0.5572656411960458 -0.15649559289778783 -0.05520088604468593  738559.4400319434
0.5516790840048116 -0.14879469448314822 -0.011385397331393144 0.8143145799811826 0.5561002639570781 -0.15689273558468947 -0.05503572274160665  738559.4400329906
0.552002283275067 -0.14888090095778386 -0.011826952651873142 0.8140840898722959 0.5558909841755302 -0.15816986231109753 -0.05687357018549854  738559.440034259
0.55195764181717 -0.148823054279489 -0.01172065103850306 0.8138424901924937 0.5566993745162893 -0.15693715210534812 -0.05582954289187822  738559.4400353543
0.5519333807732498 -0.14878774170045125 -0.011685818373134175 0.8138334177016061 0.5568212274110763 -0.15664148773256836 -0.05557637319467095  738559.4400365737
0.5520378287962387 -0.14880625211444293 -0.011788926863507795 0.814052612533997 0.5563270440244917 -0.15707230036306577 -0.056096849931171616  738559.4400376518
0.5519710591370606 -0.14879865012824434 -0.0117520110696609 0.8140995389737034 0.5563596522656712 -0.1568830181809967 -0.055620109493297584  738559.4400387802
0.5520213115716639 -0.14882752976030367 -0.011845850932911028 0.8141148680050483 0.5562277335775677 -0.1572320099534043 -0.0557295714885542  738559.4400400588
0.551893617855321 -0.14876952607131472 -0.011625250751075128 0.8140741327291648 0.5564065289527194 -0.15698652603785127 -0.05522962613137987  738559.440041106
0.5517070674917686 -0.14881566989688608 -0.011427253598925945 0.8142235834886024 0.5561456118132394 -0.15686599957562947 -0.055991720182500024  738559.440042373
0.5518838158291324 -0.14877093354934412 -0.011554112486467845 0.813991418554092 0.5566541455553409 -0.1564434049383829 -0.055494088042201385  738559.4400435196
0.5518905784175323 -0.14880938332134697 -0.011657432794052564 0.8141822679668292 0.5559561315021494 -0.15764269434641456 -0.0562920535489505  738559.4400445076
0.5520616584675745 -0.1488260056679692 -0.011890411473948505 0.8140741578727948 0.5562594975453434 -0.15713049802150533 -0.05629070496818999  738559.4400458406
0.5519855076753429 -0.14882710188296927 -0.011773039068756295 0.8142177448270549 0.555851978979231 -0.15783967944767655 -0.05625546253895927  738559.4400469231
0.5519900298608525 -0.14881208647394079 -0.011770587760224029 0.8138714476260862 0.5565658299266768 -0.15711088760965133 -0.05624866835362397  738559.4400481521
0.551948291413408 -0.14879481010263265 -0.011734685218908837 0.8140203181057637 0.5565171743941661 -0.15694415746830215 -0.055028063312181894  738559.440049237
0.5520020202895403 -0.14880884119283014 -0.01183032167765674 0.8139210632763563 0.55661428206503 -0.15685583982128118 -0.05576100133854885  738559.4400506801
0.5517049734498509 -0.14880373381730377 -0.01139561077128296 0.8138728609194121 0.5565481411602836 -0.15720459592516767 -0.056141320343301854  738559.440051569
0.5516486899978301 -0.14877783679449566 -0.011381558795747 0.8143307178743224 0.5557835526821687 -0.157709436134353 -0.05565840680851744  738559.440052794
0.5516632500607707 -0.1485906432982176 -0.01125513268581149 0.8153087712266862 0.5546538849190523 -0.1578119537247607 -0.05221171101015242  738559.4400539405
0.5516283644120757 -0.14878506932221555 -0.011319431320549495 0.8138027402175348 0.5568147487958478 -0.15654578661832858 -0.05635470015799269  738559.440055095
0.551725120755007 -0.14883034316407995 -0.011437324294797753 0.8144612508827606 0.5555382935499691 -0.157801097417519 -0.055936471679077504  738559.4400561376
0.5518973020507749 -0.14882543291608494 -0.011722947019583591 0.8142616412943389 0.555875024298066 -0.15770848676736032 -0.05575813913522871  738559.4400574164
0.5518974772274283 -0.14884861526431425 -0.011697130230541627 0.814329857315742 0.555946759152745 -0.15716828371470185 -0.055571711021509644  738559.4400584621
0.5519072027755315 -0.14878919754647693 -0.01161562598163885 0.8137217620603139 0.5569295162720796 -0.156809928120651 -0.055651184149141386  738559.4400596841
0.5517852267485317 -0.1488239671529064 -0.011501890151823626 0.8143001929053664 0.5555856727941862 -0.1583592841273381 -0.05623249194897635  738559.4400608413
0.551797889599574 -0.14881367586710023 -0.011527587498266243 0.8138053033994584 0.5565324937391342 -0.15753452998653333 -0.05635054066589019  738559.4400619946
0.5519392258451761 -0.1488102486730324 -0.011737936650204261 0.8138631753340809 0.5567576482579688 -0.156756427901019 -0.05545336106220976  738559.4400631958
0.5528093242597105 -0.14262547521454064 -0.011411932057277393 0.8190995192254588 0.5519190418111922 -0.14924269215179178 -0.04677571731275962  738559.4400643641
0.5527567660603941 -0.14150293893557414 -0.011312600034807612 0.8258959754243861 0.5391782161646788 -0.15375635322583373 -0.059511955386876855  738559.4400653534
0.5526918377163437 -0.14142154826959025 -0.011210788696628662 0.8263095603708364 0.5386955948803616 -0.15402851573206916 -0.05740019893366469  738559.4400666428
0.5526553374121786 -0.14145293503565384 -0.011203365638194256 0.8262249992848817 0.5389919452310034 -0.1534944620854117 -0.057265902960720635  738559.4400677559
0.5535647769180467 -0.14176504616706065 -0.0127749143784818 0.826683878921407 0.5361193474743762 -0.15782578393159427 -0.06527504516645977  738559.4400689981
0.5535037050383345 -0.1408681022694086 -0.013108905444193079 0.8283074887741104 0.5324679960407559 -0.13377307368337532 -0.11175554568060898  738559.4400700541
0.5479316079319061 -0.1372485954973904 -0.012419242018369359 0.8153584941888891 0.5590866754554753 -0.11528989474173522 -0.09654457754121139  738559.440071149
0.5474349612180831 -0.13923296179241149 -0.009924533847035245 0.8081043533655977 0.572557694232166 -0.12802625907562729 0.05248159519503216  738559.4400724623
0.5420632861053636 -0.15220177780822514 -0.0034401718254632686 0.7874411443594821 0.5658424205048308 -0.2387704527516547 -0.05241631635124127  738559.4400734784
0.5745189556529292 -0.1672107584014564 -0.04728806197657612 0.18492480294681699 -0.19891838272092033 0.957192070406952 0.10008813426589133  738559.4400748198
0.5736354893767505 -0.1672525792540885 -0.04673751646764413 0.18426132312205773 -0.19996223048038386 0.9571360385610437 0.09976710314673326  738559.4400758133
0.573712356056625 -0.16722468316781522 -0.04673737557400815 0.18526685239843818 -0.19969375221278354 0.9569829771860311 0.09991086079959026  738559.4400772757
0.5759944387559053 -0.1691345524433727 -0.05039826131810143 0.1782635292912814 -0.18825255155366813 0.9574890781830416 0.1264822363746759  738559.4400782477
0.5762417659328106 -0.16910475081513554 -0.051047151997248255 0.18277690746215866 -0.18875903939648617 0.9565326031423459 0.1265227500112637  738559.4400794625
0.0 0.0 0.0 0.0 0.0 0.0 0.0  738559.4400805646
0.0 0.0 0.0 0.0 0.0 0.0 0.0  738559.4400816647
0.5113251265310054 -0.15626999996018706 0.18040805150057612 0.7479058298695861 0.4560992995314738 -0.2525638314822138 0.41087931274403283  738559.4400828851
0.48990527929317146 -0.15172930427748257 0.3038969802715221 0.7274845396341951 0.5221344924293381 -0.4346660632570669 0.0959543113225471  738559.4400839761
0.4545902432592087 -0.1520436072113335 0.5261331113283908 0.7089163805838405 0.637388378825394 -0.301236761797893 0.02073724233746866  738559.4400851695
0.43122402164270474 -0.16146349093926 0.7017678157438878 0.6338208598554862 0.6814088144620695 -0.34900317724215785 -0.11022670937811893  738559.4400862561
0.414712172022809 -0.1626967232301886 0.8362704319081802 0.6434736675452417 0.7065928925185978 -0.22482480955198839 -0.19005769762887656  738559.4400873407
0.3804427806472015 -0.1777964170808687 0.9741112196050773 0.625581743058868 0.7417512828470049 -0.03611031513439758 -0.23905765473447085  738559.4400885855
0.3505330068022703 -0.20258101498853587 1.0702281720174198 0.5881988391334393 0.757001905572065 0.16547026274608245 -0.23149477909680674  738559.4400897748
0.25868437789317006 -0.2551475489380762 1.163678093092513 0.4188766437669674 -0.2703006127965307 0.4428328368468023 0.7452375558428026  738559.4400909891
0.2745411679019104 -0.3044973778936332 1.2083852810899103 0.594282252438604 0.6994344255978577 0.33901777657918836 -0.20660841194975021  738559.4400920608
0.2625277265914513 -0.3374841927926218 1.235174625951664 0.6089940320972171 0.6647126023374551 0.40860390287505977 -0.14257024836553683  738559.4400931314
0.24660908825999733 -0.37966960433995145 1.257281394287928 0.6323658563474645 0.6509297629208638 0.4024420739392628 -0.12018421108111996  738559.440094465
0.2384200656075526 -0.4028012349175471 1.270885026387373 0.6593540824099741 0.6550090985427354 0.3602781246450949 -0.08009336887500575  738559.4400954498
0.2328460240462509 -0.44127023497633017 1.2867081670865539 0.09825593598384993 -0.39083665176647786 0.6469404417610621 0.6473488607342323  738559.4400967876
0.23210085921405502 -0.4740397718202148 1.2971777450863715 0.07662822128416044 -0.3741859769741031 0.6151091595737385 0.6897490066301298  738559.4400978105
0.24204252518960384 -0.5166795815512079 1.2996852557921157 0.026821415509374103 -0.40887576825324334 0.5878664389748433 0.697505747454765  738559.4400990956
0.2548069557892181 -0.5675372970573643 1.299731912026363 0.7407371141010314 0.557576134295701 0.37454547580189307 0.011535545651238537  738559.440100192
0.26522344350809346 -0.6443778726690422 1.3005577844172616 0.7652951902704253 0.5165900243011928 0.381235330136697 0.04601783998636007  738559.4401014558
0.30697173621938023 -0.6967389474835086 1.3558641521275256 0.30233568291478213 -0.053864694851764705 -0.7814780664179228 0.5431240753204403  738559.440102509
0.2835225626711471 -0.8089755695944365 1.3248926316074472 -0.15073112987804607 0.8384358142847401 0.06359261825613055 0.519866800934338  738559.4401036012
0.0 0.0 0.0 0.0 0.0 0.0 0.0  738559.4401048734
0.26144641431380056 -1.0124225808041107 1.3161880826974004 -0.08852354257802929 0.8473021033131587 -0.011858727750536261 0.5235476088252834  738559.4401060408
0.2524396416289517 -1.081528782704871 1.3209000627553351 -0.051608356137383474 0.8484649109664224 -0.058787642512360995 0.5234385212452143  738559.4401070087
0.0 0.0 0.0 0.0 0.0 0.0 0.0  738559.4401082742
0.0 0.0 0.0 0.0 0.0 0.0 0.0  738559.4401093858
0.22176473044617678 -1.2685396271227138 1.292056213037563 0.9240721880647744 0.12283130696284948 0.30816406604927665 0.18983669210918  738559.440110812
0.0 0.0 0.0 0.0 0.0 0.0 0.0  738559.4401118163
0.0 0.0 0.0 0.0 0.0 0.0 0.0  738559.4401129247
0.0 0.0 0.0 0.0 0.0 0.0 0.0  738559.4401141418
0.0 0.0 0.0 0.0 0.0 0.0 0.0  738559.4401151796
0.0 0.0 0.0 0.0 0.0 0.0 0.0  738559.4401164427
0.0 0.0 0.0 0.0 0.0 0.0 0.0  738559.4401174932
0.3842598736307784 -1.6451618491458777 1.2728866648434647 0.9426764432849037 -0.1276384227604694 0.17875016947505917 0.2512328267237007  738559.4401185786
0.0 0.0 0.0 0.0 0.0 0.0 0.0  738559.4401199181
0.0 0.0 0.0 0.0 0.0 0.0 0.0  738559.440120915
0.0 0.0 0.0 0.0 0.0 0.0 0.0  738559.4401222331
0.0 0.0 0.0 0.0 0.0 0.0 0.0  738559.4401233987
0.0 0.0 0.0 0.0 0.0 0.0 0.0  738559.4401244329
0.0 0.0 0.0 0.0 0.0 0.0 0.0  738559.4401257855
0.0 0.0 0.0 0.0 0.0 0.0 0.0  738559.4401267566
0.23314275406957483 -1.960989422427263 1.2548926436374206 0.9614257105772852 -0.10798782794216584 0.0992321165379472 0.2327062936508054  738559.4401279684
0.22183904513633396 -1.987233720527304 1.2508486928338982 0.9556435598045927 -0.14351080004436306 0.12250106763557522 0.2261493429191805  738559.4401291849
0.0 0.0 0.0 0.0 0.0 0.0 0.0  738559.4401301601
0.0 0.0 0.0 0.0 0.0 0.0 0.0  738559.4401314966
0.0 0.0 0.0 0.0 0.0 0.0 0.0  738559.4401325418
0.0 0.0 0.0 0.0 0.0 0.0 0.0  738559.44013382
0.0 0.0 0.0 0.0 0.0 0.0 0.0  738559.4401348624
0.0 0.0 0.0 0.0 0.0 0.0 0.0  738559.4401361337
0.0 0.0 0.0 0.0 0.0 0.0 0.0  738559.4401372755
0.0 0.0 0.0 0.0 0.0 0.0 0.0  738559.440138388
0.0 0.0 0.0 0.0 0.0 0.0 0.0  738559.4401397725
0.0 0.0 0.0 0.0 0.0 0.0 0.0  738559.440140761
0.0 0.0 0.0 0.0 0.0 0.0 0.0  738559.4401417966
0.0 0.0 0.0 0.0 0.0 0.0 0.0  738559.4401431326
0.27656010294915506 -2.078944588477533 1.2651969717723228 0.9168900239881987 -0.21987190040060212 0.15468657602809566 0.29502727758946695  738559.4401441697
0.2768438459706869 -2.078100670998293 1.265314796910147 0.9126456249830975 -0.22556638749811164 0.1656604968050511 0.2979167129057496  738559.4401453721
0.27467010597315095 -2.070008742667134 1.2769550224896085 -0.2714932084568051 -0.18011654203111008 -0.19234632026829143 0.9256632012388918  738559.4401465541
0.27354338899448655 -2.0635902911506516 1.2801767302709415 -0.26581031917857656 -0.19978899388522495 -0.18229888091308014 0.9253087863834166  738559.4401475862
0.0 0.0 0.0 0.0 0.0 0.0 0.0  738559.440148863
0.0 0.0 0.0 0.0 0.0 0.0 0.0  738559.4401499645
0.0 0.0 0.0 0.0 0.0 0.0 0.0  738559.440151215
0.0 0.0 0.0 0.0 0.0 0.0 0.0  738559.4401522499
0.0 0.0 0.0 0.0 0.0 0.0 0.0  738559.4401533229
0.0 0.0 0.0 0.0 0.0 0.0 0.0  738559.4401546505
0.0 0.0 0.0 0.0 0.0 0.0 0.0  738559.4401557104
0.27726952205080097 -2.0468608291949146 1.266574666453193 0.9657179916836891 -0.21284172554463893 0.07595024395446626 0.12774474881129178  738559.4401568556
0.2816598081128473 -2.0452105248700483 1.2434848847820943 0.9651252592825108 -0.2596427261838558 0.00821604335843903 -0.03242507156836972  738559.4401581174
0.28010601078005737 -2.047818144157885 1.2222355069832165 0.1635995548043082 -0.019213808672130506 -0.23289443600712587 0.9584498927440421  738559.4401592234
0.2743268032417708 -2.036792102504456 1.168923841755067 0.38734892824833433 0.13559199300846053 -0.10645246710782151 0.9056729495041346  738559.4401604357
0.27979084034842816 -2.0305992028923 1.1137955816710872 -0.6861329301669982 0.09759313155616212 0.26696597728692856 0.66964643640114  738559.440161599
0.2853769026127437 -2.0528912211466155 1.044874456029365 -0.6836252724069547 0.07533816091402235 0.2550242179418208 0.6796641057903327  738559.4401626408
0.29284848371803207 -2.104030660156477 0.8649389513853764 -0.4539648135147973 0.10563282568956203 0.2287030773629587 0.8546651722353185  738559.440163903
0.2912567745541064 -2.127123921013343 0.6737477166390956 -0.34529937927495113 0.1993570051387048 0.2494348274093168 0.8825006459202986  738559.4401649532
0.2829394259173259 -2.1355980575833806 0.4293293636978799 -0.2110212110063185 0.16536356982511496 0.24403985626840607 0.9319707542796699  738559.440166209
0.2895950139970701 -2.15263812743182 0.2324793247915519 -0.09898394411981913 0.19447528409136225 0.2747568805065874 0.9364241556572307  738559.440167384
0.2705088874814748 -2.159563471349863 0.10981421239909443 0.2691722610600787 0.07628882688543497 0.18626388230457647 0.9418238024795699  738559.440168421
0.28143258944528804 -2.1656294287281286 0.06331222394861809 0.1120952389514734 0.19838513152398454 0.2526715093182046 0.9403377613248783  738559.4401697685
0.2798788939611679 -2.169858950553722 0.039941019683560584 0.08941137353614143 0.1330161271230299 0.28635365702980536 0.9446236813214176  738559.4401708633
0.2751111257410784 -2.1719227864727593 0.0324900858333977 0.07326473528472303 0.09461062144862212 0.31594525923124545 0.9412012016790385  738559.4401718318
0.2620391076367873 -2.17760571338857 0.024332575399511953 0.023322190082534493 0.03881905688031823 0.39366878183890486 0.9181361807913626  738559.4401731761
0.23251562120732944 -2.1899108505031264 0.005562838567893813 0.011788569333322068 0.0029543871046060002 0.429862701198727 0.9028124718611521  738559.4401741718
0.21167668919832888 -2.190139420039202 0.005447002370155481 -0.033227420003515 -0.032860656259918276 0.4820402983082735 0.8749018611461221  738559.4401754903
0.21166809431495037 -2.190080216744937 0.005321605058702744 -0.03274359699512604 -0.03355823688317507 0.4823610073298085 0.8747168457283111  738559.4401765201
0.2115485532736417 -2.1902871863024367 0.00552152056527778 -0.03252946529039496 -0.041626386334839234 0.4867684952156884 0.871932055789944  738559.4401776157
0.20978997177405959 -2.1902850433958343 0.007698192610878784 -0.026978041738764655 -0.07546621223813309 0.4904172242036589 0.867794896435067  738559.4401788532
0.20968886916059082 -2.1901975274563337 0.007582969357261054 -0.029117566414355967 -0.06786521229423065 0.49160763328743157 0.8676799036395246  738559.4401799506
0.20966898549139 -2.190200379399162 0.007574603867593421 -0.03007670151205819 -0.0697385283331943 0.4922641871362857 0.8671262305772596  738559.440181233
0.21111088933737837 -2.1905532285975853 0.005383675311509129 -0.03500964355110424 -0.03889386443602815 0.4828532358190584 0.874136342241141  738559.4401822649
0.2111147401840651 -2.1905628544458318 0.005428572121401518 -0.03297067502983855 -0.0397197967983727 0.48340357219472574 0.8738742808435042  738559.4401835359
0.21120551088142817 -2.1906267547698683 0.005341118092536892 -0.03561212850248682 -0.04005536640948597 0.48348403430344833 0.8737107830964354  738559.4401846032
0.21119187414735033 -2.1906097478577675 0.005323070793238787 -0.035355981477677774 -0.039311112710408394 0.48358949370063875 0.8736966250212825  738559.4401859022
0.21120116773937922 -2.190625100314877 0.005387410425040597 -0.034791656689684904 -0.04053845897340287 0.4836469830469931 0.8736313694908112  738559.4401869511
0.21119552867868618 -2.190594776358163 0.005357494596678784 -0.034681853512376834 -0.03883473693111258 0.4835387714368237 0.8737730190168409  738559.440188122
0.21118380408365114 -2.1906352547840098 0.005294090019329222 -0.03505513722919542 -0.03953098257330462 0.4834593762569717 0.873770833960399  738559.4401893124
0.21124183430688714 -2.1906370547686915 0.0053074674814329904 -0.035041047942826156 -0.0395318992601965 0.4836277383293808 0.873678181379367  738559.4401904192
0.21116732078181213 -2.1906445979359646 0.005389796485933207 -0.03442973290226337 -0.040009503883930105 0.48371292415997663 0.8736335845718418  738559.4401916936
0.21114805179249338 -2.190977068430825 0.0048197887855048445 -0.04171643238921699 -0.048321214961135756 0.48918719790508847 0.8698394592447295  738559.440192739
0.21129638627831068 -2.1904492715778807 0.00525460203945174 -0.033348610659643195 -0.04240244089382817 0.48403218136874937 0.8733857970981249  738559.4401939826
0.21124136759760961 -2.1906413620715948 0.005336441088395659 -0.03487683878839819 -0.03898066309094488 0.4835286425963636 0.8737643651523198  738559.4401951662
0.2113044234602385 -2.190626299796664 0.005341013827692981 -0.03322633501161969 -0.04334226111226396 0.4837043883250841 0.8735259147720966  738559.4401962715
0.21107081911974956 -2.1901617405882257 0.0064979396240954675 -0.01573244638418226 -0.0729919291461635 0.49616799033363634 0.865009822937619  738559.440197395
0.21230249586588087 -2.1891631934092595 0.005610340417744403 -0.022955149649692096 -0.051756681707612336 0.4890118601731632 0.8704376529155663  738559.440198526
0.21229063579356267 -2.189194093481787 0.005699864531290338 -0.023977889361976173 -0.051583493143472214 0.48933434028139505 0.8702391093706568  738559.4401997244
0.2324890129151629 -2.190846487572792 0.04958311589564251 -0.3377392485103531 -0.7902606194101984 -0.08686815559820268 0.5038593821375544  738559.4402007945
0.21090033567586763 -2.1918353450367882 0.003425975624047004 -0.041018217316447045 -0.0307972279126067 0.48195028343667273 0.8746959248198144  738559.4402021377
0.211001525190903 -2.1919395720015586 0.0032304945813367964 -0.0420751153186069 -0.03134431337332133 0.4824043902678732 0.8743759048260437  738559.4402032052
0.21095045533641626 -2.1919074125477795 0.0033133093704709317 -0.041118273918560544 -0.030048710660359117 0.48207998183324025 0.8746457875353149  738559.440204423
0.21117700770677297 -2.1906380921568265 0.005311237272696747 -0.03642551128799894 -0.0395801744243705 0.4834391477474226 0.8737237448674439  738559.4402055087
0.21118052546062482 -2.190763386288532 0.00513172803981353 -0.03316021815555593 -0.043653956241311534 0.48433621408122685 0.8731627361298818  738559.4402065664
0.21120844083413426 -2.1906095612614127 0.005327949843556882 -0.035240960501173604 -0.03937907056410061 0.4837604194266112 0.8736035829257178  738559.4402079064
0.21119115990563517 -2.1905731235009616 0.005375363319451253 -0.034988469707231636 -0.03931305081774792 0.48375504098248046 0.8736196834704367  738559.4402089037
0.21119984955373194 -2.1906375808653795 0.0053199329097272634 -0.03498392164447559 -0.03981158054230335 0.4836546838451211 0.8736528544426401  738559.4402102068
0.21124964851815015 -2.190627083356038 0.0051989829233040855 -0.03461857449385468 -0.03923220850005801 0.4834110467387314 0.8738284431209512  738559.4402112615
0.21129698641838746 -2.19058580079177 0.004994535464200354 -0.029461306901457634 -0.04658364969231112 0.484332543773022 0.8731460255990151  738559.4402124997
0.211238258365359 -2.1906555234128624 0.005278184631927802 -0.03499070696951134 -0.03857399160688008 0.4834858675264457 0.873801529810681  738559.4402136905
0.21117286743412686 -2.1906342904194878 0.005399162917711591 -0.03578974486797177 -0.03953239690310045 0.4836596234722539 0.8736301576640192  738559.4402147295
0.21118021750825386 -2.190757439019564 0.0051926186472196255 -0.033180641217426844 -0.04338270987542646 0.4842751586199878 0.8732093427557052  738559.4402159763
0.21119350086116082 -2.1906381901917555 0.005364036415943573 -0.034105933580079385 -0.03979507030537446 0.483810880793716 0.873601836822491  738559.4402171186
0.211251068673745 -2.1906266554105573 0.005322357764520394 -0.0345625801041902 -0.03874624540798129 0.48323926767379777 0.8739473477855618  738559.4402182007
0.21116628119852474 -2.1906233927400693 0.005314453093591648 -0.03459107181871725 -0.03948467356140637 0.48342227648832975 0.8738119482468882  738559.4402194356
0.21115923135749182 -2.190620180157816 0.0054167316267222055 -0.03513599111552041 -0.03955872467195954 0.48368110766800715 0.8736436089823516  738559.4402205239
0.21117024452019056 -2.1907911795539365 0.005179646791785164 -0.031632316813376624 -0.04480827002189904 0.48468711150127797 0.8729662189427553  738559.4402215957
0.21119831716903623 -2.190776622226654 0.0051770092560864175 -0.03154941273658483 -0.043925667031387054 0.4843607848051874 0.8731951674595589  738559.4402229441
0.21119685039268032 -2.1907761685133815 0.005143001975813483 -0.03229425260154327 -0.04341461461132567 0.484536474416689 0.8730960184578229  738559.4402239473
0.2112310823046194 -2.1906523418678394 0.005304522939978291 -0.03432830701068543 -0.039112281617843636 0.4839738996889459 0.8735336634522455  738559.4402253779
0.21112929336296943 -2.190737764355367 0.005202885558442322 -0.03252492389408013 -0.043381851914259764 0.4846512868987458 0.8730253572248421  738559.4402262974
0.21123263446745255 -2.1906892937008076 0.005308102101771285 -0.03490774883956029 -0.04009260380961764 0.4837134516202674 0.8736105132794171  738559.4402273744
0.21119734634081183 -2.190605328083343 0.005344105161613122 -0.0344559584289439 -0.04042296668167383 0.4835545741756841 0.8737011757386893  738559.4402286673
