0.12955712471003342 -2.1327477839417877 0.007203363200901605 -0.0407553862531439 -0.008973126572827264 -0.301564324180424 0.9525321201263868  738546.4413679425
0.12943924507235724 -2.132557252972574 0.005938199951156297 -0.029320692720408673 0.003788788162528948 -0.3075199611022907 0.9510822338716567  738546.4413690312
0.12935827245559553 -2.1351895055230212 0.007349525238435266 -0.05023611371609495 -0.01702015998721503 -0.34821323833344975 0.9359135578043761  738546.4413702957
0.1292175518972179 -2.1384180988071573 0.008812892739962691 -0.04952368738571157 -0.002226808890451474 -0.35679012244483727 0.9328682941528702  738546.4413713788
0.12538558717844622 -2.1417474312398608 0.017989808619017316 -0.04775858640371672 -9.825334439566708e-05 -0.36619573756430085 0.9293114599318878  738546.4413726302
0.12158611181506217 -2.144696266967062 0.03225028199422014 -0.050186618510227606 -0.0013751841700335868 -0.36785375714795776 0.9285273423777777  738546.4413736893
0.11523506416345376 -2.1482484326069375 0.05545667143657792 -0.03464475314095635 0.004206506918436089 -0.36979618970917477 0.9284572281241196  738546.4413749645
0.10969059488090752 -2.152526085294331 0.0783345364963055 -0.04342502821800594 0.016490912360163507 -0.37379908727413824 0.9263458096665715  738546.441376039
0.1051070519241511 -2.15952284851755 0.10564098358750541 -0.060646727593010416 0.006912815680708103 -0.37118076665168603 0.9265522251225187  738546.4413771388
0.10132510990768151 -2.167929727080999 0.14421843360867445 -0.05059631357368241 0.007833117614072132 -0.3704152531295608 0.9274541474219419  738546.4413783911
0.10120988423598319 -2.175684935648114 0.17913028438055265 -0.02425682637799172 0.006944857782253112 -0.36933266216741356 0.9289546598089615  738546.4413794685
0.10846433685672921 -2.1831287410734763 0.22143166562898156 -0.05916723411497868 -0.007414457314482506 -0.35623162087982335 0.9324930544059022  738546.4413807233
0.10834960038981438 -2.1884564816810266 0.26173479190329013 -0.06314678915421469 0.006583058567433752 -0.3670794860479794 0.9280203646915095  738546.4413818084
0.11349876624254045 -2.1932119433878947 0.31664475178635554 -0.0513349827453141 0.018001527712314225 -0.3608770541198523 0.9310254649344121  738546.4413830701
0.11615712248847049 -2.1964580194696373 0.3576651083206174 -0.051952988529825356 0.018760404340549253 -0.3605845000345217 0.9310895513035538  738546.4413841593
0.11985375896157284 -2.1993077213939367 0.3963004712848061 -0.050249384729724275 0.012638213023716174 -0.3887493391174482 0.91988544191198  738546.4413852474
0.12322462919928344 -2.2020764272476234 0.4315649256204782 -0.04644580208964026 0.010022910683896775 -0.425984796961059 0.9034817549279665  738546.441386529
0.12461297367229307 -2.2032897205459228 0.4517958380986931 -0.041053121479120935 0.01869544312520737 -0.46863660705275806 0.8822385460595403  738546.4413876054
0.12449913474460812 -2.2043017407214376 0.4677748091980262 -0.042756762671574584 -0.0007533998234009614 -0.5166387189986446 0.8551349166453165  738546.4413887096
0.12376704300150261 -2.2040561466028787 0.47933344343564027 -0.034330765401938156 0.004369364448353337 -0.5699464079208615 0.8209527387732752  738546.4413899914
0.12080498741527401 -2.201588634772784 0.48932904835876845 -0.017492712059009884 0.026444351117596 -0.6100537168109788 0.7917254346829462  738546.441391082
0.11699472946986124 -2.1959890192764133 0.4989263885641465 -0.027723714036821365 0.01834529382173449 -0.663694488654332 0.7472646596785263  738546.4413923325
0.11290447010482392 -2.189977700314679 0.5055427675583046 -0.02186062977746224 0.0171300111781825 -0.7028521515637896 0.7107935907314583  738546.4413934072
0.10822178267136336 -2.1821642064401887 0.5119178678119882 -0.020810295161171697 0.021874144274412068 -0.7468492370894713 0.6643076625227515  738546.441394503
0.1033153989794397 -2.1724794871640967 0.5184885610136077 -0.02114339547362997 0.02920922282566992 -0.7897671520985738 0.6123459999019135  738546.4413957658
0.10020106503689828 -2.163815143464646 0.5231003747828705 -0.01612741906703578 0.0326549364020448 -0.8204753156546146 0.5705206550899584  738546.4413968424
0.09744698933315928 -2.1525967664556305 0.5268792722713915 -0.016460488876742188 0.0379074659137468 -0.8604930608452428 0.507783190516506  738546.4413981114
0.09588305556766782 -2.1433045919626603 0.5296896006311534 0.011647946873540472 -0.03532344334131673 0.8860206221545571 -0.462151530129454  738546.4413991752
0.0947564687333718 -2.1323431003783493 0.5332609014148597 0.00784886511585311 -0.03625591027733012 0.9181490534523231 -0.3944948921481222  738546.4414004303
0.09506825978823175 -2.1233390535103207 0.5351309115982125 0.00795978434606655 -0.0356548082215664 0.9375246324884787 -0.34599557795034075  738546.4414015309
0.09679023311545912 -2.1129365465713197 0.5376569584987761 0.0076604108547526665 -0.03692425950842387 0.9587316463436757 -0.28180054553608674  738546.4414026192
0.10077624056902137 -2.1020599197796814 0.5409495376073513 0.005427192697825172 -0.041242332215435294 0.9736923061143312 -0.22403773929096849  738546.4414039077
0.10502568168830725 -2.0937231271452763 0.5425671134106267 0.004707147991304933 -0.04855597912838717 0.9846331216914456 -0.16768355708545338  738546.441405005
0.11159309747989167 -2.0860364034436745 0.5452830419698989 0.0005060916983433127 -0.04709106700911942 0.9931684140396656 -0.10676458510700565  738546.4414060691
0.12015771229226961 -2.0782703922566417 0.5475252001289563 -0.003929964912451118 -0.04984111048918554 0.9979211508798187 -0.0406668871158085  738546.4414073359
0.127720628506113 -2.072794247412629 0.5488093615134658 -0.018322831999877234 -0.04999937701395464 0.9983834379384927 0.01987075680080219  738546.4414084288
0.1379246243432015 -2.0664688870712196 0.5484309171528982 -0.01279167401425825 -0.05145054166024225 0.9954792037779363 0.07880589879207424  738546.4414096915
0.146878521953031 -2.0628516399039847 0.5480469332560507 -0.010406148337898156 -0.0542739389221738 0.9887657154100441 0.13888272628482473  738546.4414107709
0.15732962292661773 -2.0600414220962375 0.5481150083575111 -0.023378492347365585 -0.06419770550923994 0.9793277041815299 0.1903926167829175  738546.4414118493
0.16731540515270477 -2.0584604266125246 0.5485372131351026 0.006265816019952183 -0.06432954807840793 0.965051781665804 0.2539635948266788  738546.4414131059
0.17821074291110028 -2.059538208320503 0.5519145642677121 0.026312105339670294 -0.057635317959372864 0.9487022263581316 0.3097578553312903  738546.4414141892
0.18907179440556196 -2.0606699936695723 0.5489427506311497 -0.020158810658563727 -0.05616411407307574 0.9225728306123829 0.3811805174180261  738546.4414154628
0.19786244021267654 -2.0638852440308453 0.5472666086357526 -0.023520685312039137 -0.05412662223341596 0.9021692363124987 0.4273262865532334  738546.4414165276
0.2075285698967201 -2.069029033976624 0.5451734153923913 -0.011927186408509177 -0.06371765612469382 0.8692699465430017 0.4900689365379926  738546.4414177937
0.21478961111475006 -2.074742545985533 0.5457425787008955 -0.012137633901352389 -0.05480878853358505 0.8442168249087311 0.5330540564368481  738546.4414188737
0.2220329839493644 -2.081553738160885 0.5476848274595133 -0.012649417619686989 -0.060568069784751835 0.8092242218632868 0.5842325392394626  738546.4414199585
0.22891649504753508 -2.0897002011368535 0.5492028640734533 -0.007852346664990373 -0.058968032720275926 0.7671304042617091 0.6387269014424084  738546.4414212266
0.23356985469022615 -2.096462315627863 0.5501797572299214 -0.01045999166944424 -0.059508521087993115 0.7358057560123551 0.6744918190098984  738546.4414223143
0.2374748114799245 -2.104748371468779 0.551253611202744 -0.029588646827468017 -0.053357363591519165 0.6991193021782101 0.712397154016869  738546.4414235756
0.24216070409822313 -2.1119745853235448 0.5522948155907598 -0.012868222452305286 -0.03462308970531976 0.681074602232106 0.7312817765434567  738546.4414246622
0.24437590805565668 -2.119078755072357 0.5518638445909105 -0.04880414021902507 -0.022691971892472563 0.6620391115647425 0.7475342434080725  738546.4414257335
0.24574928511241229 -2.1281706910228193 0.551372112479723 -0.026569889781352274 -0.047227285081939616 0.6616405275470146 0.7478605731071161  738546.4414270045
0.2448716248450933 -2.1338302749490063 0.5514899890992234 -0.02321771257656407 -0.039729261026681985 0.6635261411971877 0.7467366226380996  738546.4414280695
0.24673602965865346 -2.1379277720119596 0.5512154039213378 -0.04454607891835256 -0.021184597787092342 0.6673236194326824 0.7431325901996652  738546.4414293208
0.2457002015096466 -2.1417346466669422 0.551539692497045 -0.031138792125847203 -0.0459426444381137 0.6706961705952793 0.7396528211234001  738546.4414304058
0.24694212860972725 -2.143719032983443 0.5502068189636824 -0.02279741945117523 -0.0506010668211447 0.6731381247361541 0.7374312678003443  738546.4414316689
0.2480634056172666 -2.1445186270400565 0.5486339611979841 -0.017038993585160127 -0.04950745758027387 0.6773072514454564 0.7338348393752804  738546.4414327604
0.24869536672756284 -2.1447939625974324 0.5461876116260328 -0.02300713798902341 -0.05070159544460665 0.6782951520271516 0.7326770820473293  738546.4414340088
0.25054707452390634 -2.144306588327204 0.5442749252611309 -0.01472263789350539 -0.02344439757511358 0.6813681328376184 0.7314171666765651  738546.4414351387
0.25613180353302467 -2.1391131820527236 0.5420799262563881 -0.03450977788593584 0.03575224206877887 0.6781684065276229 0.7332247028061067  738546.4414362316
0.26681212302273655 -2.1242826496273777 0.5408336716954235 -0.025154842035142216 0.012747991517792991 0.6808810616550545 0.7318508745051381  738546.4414375031
0.28099758859951285 -2.1035641778514926 0.5390246659412253 -0.024648665868424357 -0.0007784185611717172 0.683750879355944 0.7292986852555157  738546.4414386154
0.30147407369266715 -2.0736678670783277 0.5360473612754524 -0.0242528355799211 -0.0037269497452231673 0.6846904115293565 0.7284208606099157  738546.4414396569
0.326787870980215 -2.039769595655754 0.5332037564425275 -0.016287560044001205 -0.031933092410814184 0.6771269835054597 0.7349925450000784  738546.4414409028
0.35354273030096484 -2.0046080236235766 0.5302641398886546 -0.007193938267744228 -0.03909696704841479 0.6714031191509818 0.7400253549805896  738546.4414420413
0.38252622431902306 -1.9691444068699169 0.528415233551927 -0.01794674962015036 -0.02138199569073204 0.6583167393857982 0.7522232348730025  738546.4414432365
0.4103557856624342 -1.9358737642572144 0.5279172384088656 -0.02279431122471945 -0.0508017560945535 0.6670797127224757 0.7429025897300396  738546.4414444598
0.4399660820483041 -1.9040656086119425 0.5276836325757642 -0.013231539179902335 -0.04129874506737402 0.6660862910809457 0.744612914782453  738546.4414455806
0.46832890884193823 -1.8732346710525278 0.5286419800153833 -0.044128921661254816 -0.06632522115140996 0.6692450287076332 0.738758888178241  738546.4414467071
0.4925153562311834 -1.844836668307919 0.5284017077208977 -0.030131947051871538 -0.047377852167196886 0.6695852243817947 0.7406099055376375  738546.4414477658
0.5219629358354196 -1.8104368524979024 0.52986447796703 -0.025630649943459535 -0.02867134759235574 0.6675385214656293 0.743581431969758  738546.4414490272
0.548738495173198 -1.77967853744049 0.5284631374901791 -0.02516320078445177 -0.027106914247787533 0.6666350297298903 0.7444660943678179  738546.4414501176
0.578647075099924 -1.7470080981534761 0.5282773370570741 -0.03421112799429885 -0.02336647413899019 0.6711264124765836 0.7401843993789524  738546.4414513641
0.6023269638566321 -1.7204468751078208 0.5249170151797949 -0.02245006172074726 -0.04058511080800832 0.672605025344481 0.7385467645252983  738546.4414524506
0.6299993026063757 -1.6886056756053343 0.5242678616432866 -0.033646873820210574 -0.03218300625803133 0.6703237657452606 0.7406066372018384  738546.4414537085
0.6518372442558843 -1.663552094935581 0.5265223904282934 -0.037095770907682464 -0.016411570028089597 0.6689055366244254 0.7422398178642583  738546.4414547927
0.674014861419966 -1.6379297660990675 0.5269433436675636 -0.03271946550207992 -0.019570188206950397 0.6662329454669083 0.7447684920062679  738546.4414558603
0.7010287808290291 -1.6057296076252143 0.5264896224184898 -0.04086652437258098 -0.017635843498675065 0.6660846008826425 0.7445469821823244  738546.4414571468
0.7264299479672202 -1.5757149844819407 0.5244849071114689 -0.037865444080968244 -0.017365974457943495 0.667384379797614 0.7435473896651318  738546.4414582179
0.7550007820219136 -1.5425746080944756 0.5228910719512895 -0.02653762794805118 -0.01336512464653086 0.6674260448965378 0.7440830614520387  738546.4414595356
0.7774803921980544 -1.5160477354626756 0.5240322267964537 -0.03382507013782763 -0.028951039050648036 0.6703942477560753 0.7406681136268963  738546.4414605848
0.8030054237620912 -1.4871650720236758 0.5257139244142732 -0.03857635582973011 -0.022290152146615057 0.6708543428772462 0.7402495961031773  738546.4414616458
0.8314958030944833 -1.4552234255052299 0.5250520435349755 -0.04468352862624193 0.0009106799643764099 0.6781784744874942 0.7335369858932305  738546.4414629075
0.8544075321107012 -1.426616441592251 0.5243786832057282 -0.05253519367271578 0.007118769514826896 0.6821361207835535 0.7293008222048913  738546.4414639914
0.8793163439742162 -1.3898895670430569 0.5249439953016263 -0.06870904425170053 0.00368086708241875 0.6868276955016999 0.7235559654562761  738546.4414650851
0.906587334522683 -1.3428303179563212 0.5252653449917077 -0.06190773089300456 -0.010955252639765439 0.6968984294448402 0.7144088425632716  738546.4414663595
0.9278857836618973 -1.3006846349340244 0.5262291111892273 -0.06148933252939276 -0.009430443636808422 0.7048180881734779 0.7066552138783003  738546.4414674568
0.9497923485333619 -1.252360613622019 0.5268873686924281 -0.05863153431723965 -0.012128659886861796 0.7116956364582266 0.6999318251367593  738546.4414685754
0.9732964761155641 -1.1975674516993484 0.5275711177505769 -0.028968617508868724 -0.010025302558600688 0.7233111031680598 0.6898415474165337  738546.4414698207
0.9902823243399281 -1.152063748458499 0.5307123175490521 -0.057037486193946905 -0.02468696019330804 0.7360740848732251 0.6740417054924225  738546.4414708922
1.0129792661364478 -1.0974565810729062 0.528167843088633 -0.018617195511193025 -0.010914207039655139 0.7564817883079163 0.6536586143197766  738546.4414721691
1.0264564876255415 -1.0548747509539549 0.5297096114302541 0.005918299208270929 -0.05644868470859723 0.7602384493106523 0.6471599647064746  738546.4414732534
1.0452069614759756 -1.0166594100957451 0.5190135667319768 0.6478084182718428 0.7589344596088444 0.06605025382482758 -0.0003212538567613619  738546.4414743605
1.063548598783563 -0.9985005210523963 0.5234242950953144 0.04069294059169859 -0.08279117542084535 0.747097509467553 0.6582818675961043  738546.4414756111
1.0767276632919622 -0.9945037950755284 0.5210216848744265 0.01949254645124752 -0.0599257544688786 0.7535064601271326 0.6544134466305378  738546.4414766935
1.0984964922035727 -1.0009839847988806 0.514205214227344 0.006741002328788714 -0.05050790361227065 0.7387462583207137 0.6720546677000631  738546.4414779594
1.1101043764244416 -1.0078764856685418 0.4977421068092735 -0.008850602193620832 -0.015580690370451917 0.7529421215204286 0.657842739998479  738546.4414790451
1.1252397633787574 -1.0154267491303477 0.4817095298878096 -0.03922266450310987 -0.019829509617797062 0.750260601624027 0.6596797729113326  738546.4414801368
1.1421454667269575 -1.0201328292154626 0.45970192293151907 -0.05690528030602197 -0.02151818396288109 0.7487894499286325 0.6600099366735388  738546.4414813998
1.1613918331529995 -1.0257918659327163 0.4329270159736179 -0.04409408352532572 -0.02408586525119824 0.7457711211300503 0.6643049132601616  738546.4414824803
1.1791325553919934 -1.026777482394008 0.40271026047849695 -0.058450286065829235 -0.029425542971754766 0.7413285132066282 0.6679444115991168  738546.44148375
1.1946784492877738 -1.0279594441117206 0.3768274186355715 -0.03621903994267258 -0.02132312552545595 0.7386683695773961 0.6727574193194216  738546.4414848646
1.2092976618912366 -1.0276137458629444 0.35105551932238216 -0.041552645880705674 -0.034454812410621205 0.7371801828464492 0.6735366519652346  738546.4414859617
1.2229255967672323 -1.0267341114882247 0.32144629216638204 -0.03078841653565894 -0.03859475141697945 0.7329597444326357 0.67847809958136  738546.441487235
1.2352501569155536 -1.0279772353669572 0.2944413022211999 -0.011904601662391573 -0.0316742663726016 0.728573370963267 0.6841314672138967  738546.4414883254
1.2483834842564734 -1.0296471169069341 0.2665313757274493 -0.034064671279463624 -0.04816277317865318 0.7202077221464851 0.6912458190911068  738546.4414894296
1.2622502093577095 -1.0323613839895944 0.23546903830500374 -0.029048137966618304 -0.033787875186050885 0.7099534642055235 0.7028375799810797  738546.44149069
1.2732134484608808 -1.0352486346675442 0.20893945817502108 -0.03964402519298236 -0.05745037290238566 0.6995701374145696 0.7111465592672408  738546.4414917703
1.2845193456477988 -1.0383961280346468 0.1806791327162365 -0.04074473508416442 -0.026097767149930035 0.6797154585772668 0.7318781787181562  738546.4414930315
1.2964507555068052 -1.0418178109913987 0.15533667482447644 -0.03457240540766456 -0.021900062476053028 0.664370876291675 0.7462817663478756  738546.4414941103
1.3100641237142758 -1.0447444037277356 0.12406853126476083 -0.016592224577490693 -0.016861764182920003 0.6498864052011468 0.759663109099646  738546.4414951854
1.3319510877621652 -1.0497962266664538 0.089127458860663 -0.03317957665309733 -0.024385551154789385 0.6512668190262442 0.757730816994687  738546.4414964488
1.3467680576972931 -1.0519531108365912 0.0589751238245099 -0.020059883792554297 -0.0229254020678342 0.6521313216896857 0.7574937400886697  738546.4414975276
1.3788239418583221 -1.056001622758387 0.039646683492492854 0.05127919992210018 0.04820038434082859 0.6355590585597822 0.7688379866313507  738546.441499186
