-0.21276731428929377 0.5566362718719224 0.03860705666447609 -0.008482601253490353 0.027156899516262517 0.004470021693085936 0.9995851975648206  738500.6216035724
-0.2127723787549295 0.5566350572513832 0.038612256020235096 -0.008326402295488353 0.026241002045766366 0.004588730674804153 0.9996104363136882  738500.6216046619
-0.21277205907602662 0.5566952794561915 0.038714028169763735 -0.009302914657983144 0.025734947345183615 0.0048212918274524895 0.9996138871629994  738500.6216059258
-0.2128141412932535 0.5566556105209456 0.03862511907137707 -0.009921032060353992 0.026931862769406848 0.005066294893658354 0.9995752000458383  738500.6216070025
-0.21281080293255866 0.5566629539750535 0.038669056330647066 -0.009622121060593082 0.026124069966778275 0.005315261789364082 0.9995982671787585  738500.621608273
-0.21277846682876161 0.5566431243755879 0.03859499311850421 -0.008533959860967366 0.026895472399314602 0.0047507888447703315 0.9995905337181128  738500.6216093402
-0.21274729767745998 0.5567074936674569 0.038692855078774145 -0.008900493954450282 0.029316193057214206 0.0041896726678268565 0.9995217799902789  738500.6216104357
-0.2127733308912584 0.5566555017571511 0.03867649992465977 -0.009302408096006954 0.026052294153321116 0.005206406706056094 0.9996037397399908  738500.6216116973
-0.21278756552486525 0.5566437026925752 0.03864581129759601 -0.008661577204569114 0.02622512590942464 0.0049415354734988984 0.9996063230484931  738500.6216127794
-0.21275490594920207 0.5566594357272584 0.03868709459265411 -0.008838148506915217 0.025980289742009364 0.004888495610736977 0.9996114316505963  738500.6216140408
-0.2127785686757416 0.5566725310710073 0.0387076908993338 -0.009921927610247386 0.025766624029420614 0.0049994246812228174 0.9996062435736786  738500.6216151159
-0.21275865687096268 0.5563726270217492 0.03863047941731184 -0.01036489573535074 0.02621850132864739 0.008869096033186518 0.9995631537126752  738500.6216163799
-0.2130317555656238 0.5544060373040334 0.03850543695745436 -0.009737206472421461 0.025108215243196164 0.015475850197646303 0.9995175148030548  738500.6216174513
-0.21599908374118232 0.5501431052809118 0.04021534574677783 -0.005404139895973611 0.009887593333574614 0.021378051471109234 0.9997079621996382  738500.6216185449
-0.22503158446264251 0.5415866029974873 0.04212187155527422 0.0023736891251820557 -0.020090361397875258 0.02844265443829305 0.9993906935665069  738500.621619806
-0.2382142947394063 0.5311687395166034 0.044305322575106165 -0.004710635630818627 -0.006781921144658685 0.032752844674659366 0.9994293705026178  738500.6216208971
-0.26103238165835374 0.5142831413065918 0.04907914877969199 -0.013060677963869843 0.014569360536830438 0.03216495772636411 0.9992910326422094  738500.6216221702
-0.2846602161677593 0.49783092313964616 0.05788421133067286 -0.030783222752766872 0.038820452933468176 0.029772138808077993 0.9983280950578254  738500.6216232488
-0.30491688818189305 0.4843493828156769 0.07284250348431504 -0.04320473508314497 0.059097449630703694 0.03126931820781727 0.9968265004765674  738500.6216243292
-0.32307026937797684 0.4741355393565669 0.10355227611203395 -0.04936230405985568 0.07216659940627265 0.03320276267118789 0.9956168547282823  738500.621625588
-0.33130583949389597 0.4704536646250027 0.13465234866940176 -0.04785274724441668 0.06788163277108507 0.034261215712369876 0.9959560068654659  738500.6216266752
-0.3333444871702117 0.4708400839692305 0.1795901358643737 -0.04152657440159912 0.06456714307228288 0.03380662610674544 0.9964756593541212  738500.6216279303
-0.3294877716746879 0.4741017351372936 0.22217499029283802 -0.032765807333073056 0.0527888699551436 0.03382622073096362 0.9974946234791098  738500.6216290079
-0.3209444749488267 0.47941180340433515 0.27613492679024976 -0.024177491998760757 0.04382232559536787 0.029143155590628012 0.9983214558158529  738500.6216302668
-0.31254436403682323 0.48353651835086325 0.3196774929638488 -0.020721088966740277 0.03274543747382034 0.027600423907086814 0.9988676535942235  738500.6216313404
-0.30356954948915604 0.4866529729561361 0.36311462990124865 -0.021885388352215384 0.033080281886612356 0.021611303312684158 0.9989793172514144  738500.6216324193
-0.29480955019086424 0.4899832254652357 0.4025084732366579 -0.01960271960069019 0.021789362557348875 0.01889401953651826 0.9993918015920257  738500.6216336642
-0.2895909404519287 0.49145087449313385 0.4235126219003989 -0.02098827950055172 0.020352121899880574 0.01642037501577489 0.9994376691630752  738500.6216347679
-0.28566786579658043 0.4927155354204242 0.44107528293785747 -0.02214715761152479 0.022926430667912914 0.014393053902953609 0.9993881739273817  738500.6216360218
-0.28439841749717215 0.4938066853826813 0.4552884179329508 -0.022725921952574103 0.021849382689042032 0.015314450172032836 0.9993856135463636  738500.621637107
-0.2847801199651802 0.49448640251574727 0.4719916112213769 -0.02322184840561247 0.02439689278950161 0.01786984640757437 0.9992728386022578  738500.6216383632
-0.28604018205270304 0.4951779752529111 0.4844738561974766 -0.02353051477085512 0.02859984582595128 0.01817674360483094 0.9991486224207461  738500.6216394309
-0.28752930018945805 0.496207153299625 0.4962383886344516 -0.02572633304121492 0.03408746551510154 0.01798198349848314 0.9989258474744107  738500.6216406917
-0.2882767486009642 0.498072749831831 0.5044052841983185 -0.025148064999035467 0.033066079624516645 0.016657118060180998 0.9989978726819185  738500.6216417608
-0.28815147337265634 0.5000430706506662 0.5090819650440588 -0.024919702614493538 0.03630282757005868 0.01563423828377778 0.9989077453525476  738500.6216428517
-0.28684024194092367 0.5025854876757427 0.5134970620137193 -0.023247954754440907 0.036393858536561685 0.014101226816313518 0.9989675545596219  738500.6216441061
-0.2850050755819582 0.5049038464723259 0.5172582098649541 -0.021974623410726937 0.03178081430920667 0.013716184308507793 0.9991591274946227  738500.6216451819
-0.2830689977361753 0.5067611055170955 0.5214690475169462 -0.011527041993990643 0.017528462455135087 0.01407604727537978 0.999680821662559  738500.6216464532
-0.28336795643309437 0.5062810603472333 0.5246315679542416 -0.0018488016808774267 0.012060480900885668 0.012523583953298592 0.9998471316045012  738500.6216475333
-0.28775519230122626 0.5022927222194469 0.5281123875033512 -0.006010311468494288 0.012265465244633051 0.012088930465315364 0.9998336323001888  738500.6216487865
-0.2942539091213113 0.4969808573363888 0.5304490648345439 -0.017171252859656566 0.01909760328853406 0.011849500011305402 0.9995999294584537  738500.621649859
-0.30303231986277396 0.49060349180391094 0.5322598077005265 -0.025165661929490442 0.0284258906571138 0.011113014198339885 0.9992172732271135  738500.6216509393
-0.31266913534260027 0.48525673205039266 0.5341279217567424 -0.036452552644125655 0.033853622943697426 0.01130866035761784 0.9986977810229826  738500.6216521874
-0.31913529330456897 0.48309432142005915 0.5348735981115454 -0.03573711574871731 0.040644669489868036 0.011324687891959494 0.9984701401865615  738500.6216532731
-0.32439592624684904 0.4837682991967207 0.5354286494809621 -0.036843866702681076 0.04557370772411224 0.01013141798167893 0.9982298938723247  738500.621654558
-0.3263376398691344 0.48718721143653354 0.5365988020928438 -0.03617992553746242 0.041885023624325377 0.010033016900072442 0.9984167448295207  738500.6216556387
-0.3256021972264921 0.49380337450638734 0.5374791483767335 -0.03394961172082611 0.04489881376839489 0.009791086597654666 0.9983664933327007  738500.6216568883
-0.32277359881759393 0.5014256042090683 0.538589170633161 -0.03386562948925173 0.041122272114361307 0.00991027046176613 0.9985308530109742  738500.6216579585
-0.31763885001882 0.5112032094231045 0.5391517759487578 -0.030756689522187637 0.039600298490135556 0.009379146865585056 0.9986980895211534  738500.6216590647
-0.3098371290547759 0.523141447274115 0.5393786199149586 -0.026296562071699288 0.040992866707757335 0.00812029899363354 0.9987803244190103  738500.6216602897
-0.30230275575584936 0.533607442431717 0.5393862812198349 -0.026259360788852864 0.03710693924941128 0.00839986845468388 0.9989309101436623  738500.6216613823
-0.29200419240584435 0.546968297764271 0.5398381306561668 -0.025743161697827505 0.03739467315154513 0.006949878067868632 0.9989447568512136  738500.6216626572
-0.28324205780850914 0.5582587204607135 0.540165266601378 -0.027995098030904067 0.03552482413588833 0.006700575561964597 0.9989541349048477  738500.6216637248
-0.2721574262429955 0.5724113545942153 0.5408628237149062 -0.025329536589975717 0.03617647866380096 0.00561105955604395 0.9990086050571753  738500.6216649956
-0.26297208615952233 0.5846564507593193 0.541682961577641 -0.02621705840162722 0.03103988086797016 0.005784232756508442 0.9991575122551432  738500.6216660513
-0.2516030371148701 0.6003183512980529 0.5422753068435813 -0.02848545810259199 0.03487397216232581 0.004991882958661385 0.9989732057702218  738500.621667304
-0.24092639083435372 0.6151972630607241 0.5423440571161844 -0.02796094129022366 0.03340258921066496 0.00449814690952108 0.9990406495586497  738500.6216683876
-0.23103255675931894 0.6291652221907309 0.5426266400998393 -0.02543023951533167 0.03213265413607738 0.004225501534084285 0.9991511099894498  738500.6216694762
-0.2188545717913532 0.6458133231792789 0.5418751967240885 -0.02453203432279287 0.03406167502353507 0.00351167686453992 0.9991124309666933  738500.6216707353
-0.20897041316849502 0.6595062507323538 0.5416408651845235 -0.02094088293605505 0.033387962130641616 0.002457316640790787 0.9992200383306713  738500.621671809
-0.19695917507199906 0.6756732173752185 0.541468263255839 -0.023430126821776826 0.030110474261099144 0.002703928232436331 0.9992682709207779  738500.6216730935
-0.18741360038075278 0.688037406656532 0.5410541816861556 -0.018529668159141737 0.02938540190648776 0.0026264244492984765 0.9993929414636259  738500.6216741607
-0.17616100351509884 0.7022839445956859 0.5400234675485929 -0.018497823882816306 0.030087705704468646 0.002477998247822105 0.9993730134447926  738500.6216754231
-0.16747576388583407 0.7132743879292729 0.5394359964342037 -0.018498071185516 0.02503465491577278 0.001940198866315087 0.9995135432019033  738500.6216764787
-0.15798352568904933 0.7249993731268386 0.5384184519526276 -0.017225671519604465 0.026282461411656736 0.0005165401336057454 0.9995059988059771  738500.6216777383
-0.1508493594734089 0.7340766755494375 0.5388535845069525 -0.01638635274258748 0.02220513984642201 0.0006174503188837266 0.9996189463807197  738500.6216788315
-0.14573305026256422 0.7404961156161972 0.5386184125214984 -0.014243017653808253 0.022485114734692824 0.0007539766785941921 0.9996454309317125  738500.6216798926
-0.14126950881257383 0.7466532583799582 0.5381012186968308 -0.013171402208851726 0.022060822848714995 0.002278485910667065 0.9996672660245733  738500.6216811523
-0.13925075909156306 0.7499445868762088 0.5377781283069967 -0.01209804005048061 0.018542530183974015 0.0039011453855116412 0.999747264595405  738500.6216822398
-0.1387128349933599 0.7518091314823916 0.5365426892551548 -0.01379711894792565 0.02748927914492582 0.0021499770209025292 0.9995245653007427  738500.621683505
-0.13994952978885225 0.751881838714311 0.5358721553495333 -0.015280711635681444 0.01978676044307577 0.0035501347351968512 0.9996811394171831  738500.6216845645
-0.14380082919132917 0.7501168024733451 0.5347502020131347 -0.01231295825221567 0.01576290877196134 0.004199651656271912 0.9997911205307297  738500.6216858316
-0.1498884205673842 0.7460764723283517 0.5334816875158647 -0.009210668309451359 0.018063520961568894 0.003994458218035053 0.9997864357468093  738500.6216869279
-0.1572996625508947 0.740772856782026 0.5327314432399987 -0.008882564849698162 0.017439268304319692 0.0045426597535593105 0.9997981477303628  738500.6216880062
-0.16852326753127264 0.7319160255507556 0.5315140184807905 -0.010064479914188873 0.01608376006477354 0.00537109425589182 0.9998055662241184  738500.6216892872
-0.1795422557817813 0.7229048739216912 0.5304173527998377 -0.009544918767166908 0.018581809870825822 0.004477281231956601 0.9997717563626324  738500.621690349
-0.19526690533184043 0.7097556463805462 0.5288321889095343 -0.010869311552150384 0.021498391126343108 0.004498127695691111 0.9996996769493298  738500.6216916316
-0.21165165961286955 0.6961402194940592 0.5290522026075712 -0.008089848667010568 0.016953086789846288 0.00440288426429473 0.9998138635801147  738500.621692721
-0.2280365386668726 0.6819300791962198 0.5289034066541415 -0.008525584115215545 0.015386912932243733 0.005449935822496753 0.99983041338291  738500.6216938008
-0.2503380457360033 0.6623019612828074 0.528358661576772 -0.009458492161743225 0.018801220360807985 0.006891066128845705 0.9997547520500107  738500.6216950789
-0.2703306971363382 0.6446383749736428 0.528088162693324 -0.008130236015232505 0.018133692983178733 0.007290707424331681 0.9997759319099362  738500.621696149
-0.29659083557506283 0.6207081672873146 0.5274984025832119 -0.008969383001792421 0.018940363624712252 0.00784732330273352 0.9997495848017709  738500.6216974194
-0.32242338582278884 0.597084123174217 0.5270054400913489 -0.008900436631907972 0.018969777951744007 0.00837509131768765 0.9997453613784079  738500.621698493
-0.34718205476660025 0.5745379490602261 0.5264442450044059 -0.010171204295893443 0.022331506451560627 0.008056835222596266 0.9996664132744338  738500.6216995704
-0.3786153637845951 0.5457967117625803 0.5263328941467327 -0.011013459948692654 0.022090512734322217 0.0077867298279384505 0.9996649837749045  738500.6217008422
-0.4055007791923262 0.521041821004426 0.5256314356135051 -0.010586298133405324 0.020773435098750567 0.007936198398734723 0.9996966597128374  738500.621701925
-0.43978669460464964 0.4899900035697358 0.5260393440995353 -0.013146352371487981 0.020659804923317034 0.007891059115236706 0.9996689837470677  738500.6217031645
-0.4687197729773377 0.4638529932781997 0.5258237061114033 -0.014020525649129789 0.024088012372326308 0.007851991332017258 0.9995806814622793  738500.6217042403
-0.5049766017920196 0.43142524421882966 0.5256026597301129 -0.016449271538665912 0.0251232676282647 0.0074324325445184 0.9995213863825011  738500.6217055033
-0.5347803916860876 0.40476092913163136 0.5254870526692611 -0.018190230354607397 0.025563821531164394 0.007406052869966145 0.999480243391162  738500.6217065685
-0.5679880390422718 0.37529613244907783 0.52534540230343 -0.017241989293215826 0.030005065273486745 0.006652997318883689 0.9993788808504117  738500.621707654
-0.6041897574574335 0.3430564545316834 0.5250571224061495 -0.018188869182548785 0.02801272632846684 0.006503968876460885 0.9994209076211887  738500.621708907
-0.6333346562877278 0.31678626188633974 0.5241214278476508 -0.019188578604347573 0.0318354194073078 0.006658078973060066 0.9992867328783537  738500.62171
-0.668492913242971 0.2855502352528449 0.5238584728740253 -0.017990226625221154 0.026396723803758137 0.007702840985191621 0.9994599696631967  738500.6217112668
-0.6968104315566348 0.2601088125233772 0.5232112896950799 -0.017063890014325196 0.024542686724517492 0.007123326971460681 0.9995277576929912  738500.6217123237
-0.7310739529180467 0.22924035042224203 0.5222597044065179 -0.019762944243008587 0.03231028794968243 0.005574598697318376 0.9992669288917853  738500.6217135887
-0.7583390921454448 0.20476292712997124 0.5216256369372948 -0.02279679066208988 0.032935725805559334 0.0047972098260154 0.9991859341879544  738500.6217146522
-0.7904262912005713 0.17622304422892104 0.5209817769419934 -0.025594984239448632 0.03215461512216121 0.004747912513397529 0.9991438509218246  738500.621715927
-0.8182659588050987 0.15168790933461995 0.5201290163852134 -0.02470346206785063 0.03537538270654334 0.0037129146629051183 0.9990618276788148  738500.6217169962
-0.8418608273300415 0.13168170033019222 0.5197097650871167 -0.02980192331182493 0.038147633991917416 0.005348652818349859 0.9988132935142402  738500.6217180791
-0.8686373086931591 0.108921991331309 0.5193877747497426 -0.027312614729750613 0.03638101833954656 0.004546333436956729 0.9989543400143381  738500.6217193526
-0.8889383686702759 0.09242253507461703 0.5197099441785838 -0.02732785025825682 0.03385203954925731 0.0037643358685445637 0.9990460739095504  738500.6217204164
-0.9118756660971526 0.07320029813455783 0.5191918504738935 -0.026651683684836922 0.03849126557292926 0.0021663641480054053 0.9989011047634976  738500.6217216857
-0.9289173431979462 0.05932551327024941 0.5185984837402591 -0.027961422113796874 0.040443412090472745 0.0016445751846753372 0.9987891592645148  738500.6217227489
-0.9472592224834191 0.044165921725936794 0.5179817171561506 -0.02905133878682807 0.04007311767450528 0.0021196655519494525 0.9987720820950524  738500.6217240167
-0.960454704560887 0.03342281187933756 0.5170480246173145 -0.02935249407987571 0.04034656493115664 0.0015539546547884513 0.9987533083872502  738500.6217250803
-0.9688841245881337 0.02353416514017451 0.5053330769036541 -0.027839413849325527 0.10573344897586394 0.002179875947589069 0.994002340512862  738500.6217261855
-0.9672307443811123 0.013903114164560252 0.45308192839320494 -0.03249969056167811 0.1466112463003853 0.002279192129130819 0.9886575331503228  738500.6217274434
-0.9516169116386684 0.006501187144579597 0.3803012661385226 -0.0320807023470172 0.1633419529708252 -0.0005486262007383449 0.9860476326962561  738500.6217285087
-0.9078069337078597 0.0002837168379383128 0.2836328788701855 -0.030406254941202943 0.16034874512294306 0.0013859263410824288 0.9865910088816567  738500.621729774
-0.8481687532595013 -0.0037688631714302145 0.21403836732497086 -0.025794506552973235 0.15151644199290878 0.002951216367274416 0.9881137088207266  738500.6217308523
-0.7574861648664615 -0.00832675582469904 0.15236779687350333 -0.024121369038522467 0.04232176062969477 0.01709497365719271 0.9986665059010291  738500.6217321228
-0.6731729346487426 -0.011072477553243282 0.11704617953258091 -0.015022017325822359 0.02420661730621798 0.02575788814395298 0.9992621827490604  738500.6217331958
-0.5949608481216025 -0.016807965400930557 0.0971642334294818 -0.00032647048357879456 0.02358527107308369 0.022444466831108626 0.9994697965992269  738500.6217344464
-0.5227218828682328 -0.027835414696840925 0.0918295824149376 0.010145684433366836 0.016548238810853284 0.014253113729371089 0.9997099927622286  738500.6217355367
-0.46274474119356607 -0.04334237184094697 0.09254175321438589 0.012309406251521413 0.016430298947832937 0.005939841431000554 0.9997715949545648  738500.6217366105
-0.3960949301959062 -0.06964889477701486 0.09242386232574436 0.01694083485588175 0.014032201537428372 0.0011512496401034362 0.9997573605923914  738500.6217378748
-0.34734743324458045 -0.09705922457559966 0.08987884513615235 0.013540872842555776 0.00799799973534599 0.0018374738762140057 0.9998746423690569  738500.6217389484
-0.29546272981120736 -0.13698271167221424 0.08592998239194925 0.010584040148222763 0.0056726300772299825 -0.0020928628530757897 0.9999257068838795  738500.6217402084
-0.25942914614378804 -0.1746000645148271 0.08286163338191002 0.007852711672902782 0.005554089852046637 -0.006408725805699042 0.9999332053886625  738500.6217412842
-0.2262457434109062 -0.22102395692540708 0.08069633030865127 0.005405765720854846 0.006298910402965019 -0.01293749589044043 0.9998818543331965  738500.6217423885
-0.1974187284166875 -0.27680635117800517 0.07988729470445144 0.005980523540680005 0.006150883239386278 -0.01906771718148305 0.9997813871717366  738500.6217436561
