0.14377602270892265 -0.8730803138453667 0.014564128056661378 -0.01951960605388807 0.014695743022871634 -0.043783430436548296 0.9987422246684651  738505.415076643
0.14379764248108323 -0.873022209793081 0.014623964755341046 -0.02052635117264715 0.014572458745609699 -0.04349242878205626 0.9987365623588047  738505.415077731
0.14377248553894295 -0.8730683112235897 0.014550978099781443 -0.019368541187710534 0.01476233640490117 -0.04370216977105429 0.9987477426224454  738505.4150789822
0.1437726931254291 -0.8730674057640446 0.014542028525743447 -0.019201188222760263 0.014783345002211411 -0.04378091293985774 0.9987472146361823  738505.4150800622
0.14375540821921634 -0.873061086438539 0.01455354213471444 -0.019050980735484255 0.01501330021179375 -0.04376885656813959 0.9987471893049233  738505.4150813204
0.1437651269627809 -0.8730546542160132 0.01453361975198313 -0.019002162330859756 0.015021030407475128 -0.04375909234517732 0.9987484309421345  738505.4150823893
0.14375997507715646 -0.8730655177546737 0.014550516403275851 -0.019364380964397222 0.014645552907000824 -0.04387067326812052 0.998742155191677  738505.4150836598
0.14376783236245466 -0.8730725060326683 0.01455336629784509 -0.01956279149141243 0.014746417821954853 -0.04389572994924012 0.9987357033984052  738505.4150847454
0.1437683248860316 -0.8730745050420773 0.014545982608471597 -0.019422419076540076 0.01476691281548757 -0.04377567153648105 0.9987434097427854  738505.4150858334
0.14375418116671182 -0.8730701359339191 0.0145399489806293 -0.01947465404047634 0.015023822120861206 -0.043872831817675845 0.9987342976223368  738505.4150870926
0.14376707313713075 -0.8730844580812906 0.01453348804811982 -0.019536193939371373 0.014909153103156552 -0.04376754521315562 0.9987394336192621  738505.4150881781
0.14382971748492923 -0.8733457054506241 0.014526121077716897 -0.018508987865805862 0.014567443354678898 -0.04264002434047655 0.9988128129367061  738505.4150894198
0.14413178634683685 -0.8748391555707292 0.014643451065425373 -0.02145119805010024 0.013406364770052043 -0.03796666447472674 0.9989587818696681  738505.4150904785
0.14422452517614168 -0.8784281203137438 0.014577017731956118 -0.019476318916285304 0.012449245375077536 -0.022388053373193023 0.9994820980674047  738505.4150917225
0.14405551962199473 -0.8821753892430704 0.014963680120486367 -0.020007671506151896 0.014272592876522616 -0.014557172708140949 0.9995919541974256  738505.4150927814
0.14407144692027235 -0.8873355984203175 0.01601114725169146 -0.027269592495575513 0.017012072128879025 -0.01461963950101302 0.9993764180066825  738505.4150940464
0.1440040991024675 -0.8911518855782881 0.020971711287318773 -0.03346930525405626 0.010505692104506349 -0.015378091479123591 0.9992662059439796  738505.4150951031
0.1430677485468513 -0.8947885233668675 0.03136202626861577 -0.028039024106614185 0.007958504363111999 -0.01228802542618257 0.9994996146905594  738505.4150963597
0.141688130081696 -0.8969688823115661 0.044100851778130834 -0.03379958072027528 0.014650805573877762 -0.005461365370565741 0.9993063172658618  738505.4150974416
0.14015926596288603 -0.8983196695649576 0.06513400313587193 -0.03859896027861664 0.011970626354822888 0.008011074429259924 0.9991509630964542  738505.4150986946
0.13941691366962453 -0.8983360634180786 0.09020302052228507 -0.028377956130658494 0.014526707252762837 0.023324796142131798 0.9992195055477885  738505.4150997775
0.13901576103194793 -0.8979615685792018 0.12924920869108092 -0.02633544078777689 0.019085293343846798 0.035004977553854656 0.9988577714984987  738505.4151010416
0.13960229118414386 -0.8985932876986333 0.16944425160230658 -0.01891425984331565 0.017805192616800133 0.03770892662662347 0.9989510812562976  738505.4151021405
0.14105690896930795 -0.9000452314219408 0.20900527355961196 -0.019762144967038275 0.016969212677768377 0.038577514306102845 0.9989160519469896  738505.4151032241
0.14425590318710257 -0.9041772831288349 0.2584403820216534 -0.019788413619984 0.01705996974260042 0.039593025236710065 0.998874250579817  738505.4151045004
0.14730911393744406 -0.9090053130513721 0.30019471067437975 -0.02542580331520335 0.011478446520992855 0.04036048322427762 0.998795677396105  738505.4151055634
0.15061366008251453 -0.9162969264385494 0.3481573244047214 -0.035606194323596116 0.009628095252380718 0.038958652996209035 0.998559823978675  738505.4151068174
0.1536493142802596 -0.9237514622802676 0.3887755044554439 -0.0272138107892148 0.012872442410817322 0.042445928150922414 0.998645108090014  738505.4151079019
0.15469887687811978 -0.9295384567689804 0.41657513883520497 -0.04291976276199267 0.0055123002331947495 0.040636610057598783 0.9982365323076591  738505.4151089833
0.1565697298031806 -0.9352920999507192 0.44117198776497224 -0.04619881523789834 0.014886592412156015 0.03984770765877173 0.9980261614964359  738505.4151102362
0.15750462936204243 -0.9379677962731506 0.4571378148649003 -0.04999285974139193 0.014807809815250357 0.041479282943458165 0.9977779872445821  738505.4151113251
0.15861468020761108 -0.9394648110108469 0.47314294516105165 -0.040062452194108616 0.004298110532937479 0.030683390972416586 0.9987167044204655  738505.4151125966
0.15826271593549027 -0.9388550265752785 0.48356975825274245 -0.040660425126657636 0.008148939072231298 0.02228592068142584 0.9988912164795012  738505.4151136758
0.15819894820461328 -0.937579523236794 0.49420891625204605 -0.032245591535706906 0.00949380034149747 0.017869804625898385 0.9992751171045041  738505.4151149348
0.15809065889019147 -0.9350349196357863 0.5029145883804085 -0.03153708065516733 0.009540823496172447 0.011121142907679798 0.9993951697958078  738505.4151160162
0.15799427175380829 -0.932123847849028 0.5102189438211652 -0.03160100774593357 0.007668912039228078 0.005632904420678901 0.9994552688766835  738505.4151170856
0.1573585085993513 -0.9279053500342449 0.5168742772695226 -0.02936549144095839 0.005918523911746416 -0.0006804518398521363 0.999550987179959  738505.415118349
0.15684186012622997 -0.9243205310436888 0.5218063306008608 -0.029709342765754848 0.009143243080934341 -0.002706524589525494 0.9995130968541813  738505.4151194419
0.15584181113834883 -0.9197673885951743 0.5253092244890892 -0.022568673825100888 0.008252817533540464 -0.0034426405431022687 0.9997053036723499  738505.4151207118
0.15500489462357078 -0.9163895011504914 0.5275444482502992 -0.02347302652446574 0.018661378817876925 -0.0009269059935833955 0.9995498540901682  738505.4151218003
0.15480756037010457 -0.9138484398530766 0.5282107197123651 -0.030769978188677157 0.016593062645815643 0.0029301288044754886 0.9993844570832036  738505.4151228748
0.15520814061036398 -0.9109886038731185 0.5300704373598099 -0.027953591004827905 0.012744073502948016 0.0037909334265161234 0.999520792262093  738505.4151241417
0.15548207898921027 -0.9089644381034475 0.5321488156678512 -0.01845857878161981 0.011440657564485117 0.00510550244290123 0.9997511320667061  738505.4151251919
0.1554183036048488 -0.9067178380478288 0.5339851004161382 -0.03196565822647152 0.015593992574415808 0.009623759990006272 0.9993209731279497  738505.4151264546
0.15549386383635266 -0.905504975028405 0.5364876676636744 -0.022970827907328704 0.01909929750880726 0.010092344812220282 0.9995027275981359  738505.4151275406
0.1551040143140501 -0.9044301635118361 0.5391965857611021 -0.03319325142870518 0.012560539815691111 0.010947692429469524 0.999310056453751  738505.4151287809
0.1554894045706092 -0.9045203201757588 0.5415805722875815 -0.022719299540205382 0.01124677358080582 0.009844665925353093 0.9996301446361263  738505.4151298476
0.15483281584496042 -0.9039595900924089 0.5431588489966763 -0.04167257967043725 0.007774943579518282 0.010147188206268282 0.9990495387754568  738505.415131124
0.15033108533801218 -0.8948399236867579 0.545155370168394 -0.140934806910418 -0.0390141755720901 0.008913954528588319 0.9892096924920498  738505.4151322052
0.13655186442931727 -0.8664116268174896 0.5418906316376086 -0.16052162275992182 -0.02990550149916267 0.002363699460259567 0.9865763439954693  738505.4151334533
0.11410196866690027 -0.8147550078828736 0.5354922172092372 -0.16463656955267048 -0.015518363028933705 -0.0019801422708590056 0.9862302263728374  738505.4151345186
0.08645433778783249 -0.7409850661257618 0.5317585646140381 -0.13999287183460568 -0.002304087997919042 -0.001974855384319967 0.9901478611602454  738505.4151357616
0.057673969274504064 -0.6518678949015612 0.5303849578341938 -0.09388712918519086 0.019857565106113476 -0.0018788824852560377 0.9953830186827713  738505.4151368336
0.03125968162054948 -0.5548127849811567 0.5341034611739525 -0.068524227383323 0.03985246142237044 -0.0027044508847396706 0.996849485893186  738505.4151380835
0.010861458303502387 -0.4560963288663765 0.539708629310005 -0.04882401399353914 0.049143888229550264 -0.0064547981401457686 0.9975767787434761  738505.4151391741
-0.0007401908762814093 -0.3697969991471855 0.5445860465443295 -0.02171873678002447 0.0540403965713326 -0.007329310248316645 0.9982756198677684  738505.4151402861
-0.007384076217689216 -0.27296117760748945 0.5492842133489733 0.009585486554241861 0.04904337562305827 -0.009378019734222552 0.998706622838198  738505.4151415423
-0.006972851818792273 -0.19752032400067254 0.5515866143666377 0.02631718999202738 0.040718931122017535 -0.008973176281213755 0.9987836884263931  738505.415142608
-0.0028854097921184314 -0.14281682868019682 0.5522248975552675 0.04101548772579367 0.034721406438991166 -0.008762097687697768 0.9985165894193371  738505.4151437014
0.0024031173055614773 -0.09034020851562227 0.547054845557649 -0.018891610153863942 -0.02485504422364121 -0.009245234002493483 0.9994697891835823  738505.4151449592
-0.006115898219884407 -0.03444387932112738 0.5014461118384264 -0.4977504547079432 -0.33852663295331265 -0.0265589091538512 0.7980844742030047  738505.4151460463
-0.012817548557989398 0.030104580237544355 0.34371950390220385 0.8834228922578898 0.01757038675905815 0.34877556649227687 0.31242739822530524  738505.4151472731
-0.02874150245708962 0.10422038980576905 0.12178160116587698 -0.7739244342103313 -0.29002562849687274 -0.025546159083206867 0.562381986467657  738505.4151483444
-0.01871614339044614 0.1532795965518444 0.13178676501451717 0.8223136593788064 0.004154144055892645 -0.5505926659157484 0.14363392679303938  738505.415149588
0.056642136668104665 0.1758793612982129 0.23989965670794886 0.41095698274913645 -0.4286773619174296 0.7977994041249559 0.10424101154106472  738505.4151506753
0.0698715998217139 0.21778052374321938 0.22090464393508458 0.12254762308010193 -0.30400061187183486 0.8674421351834057 -0.37431250335437827  738505.4151519391
0.09449968722345843 0.25668678311194404 0.11961446040652719 0.055993244704683094 -0.42466005855167616 -0.03239845716563463 0.9030387207598659  738505.415153021
0.07858970736080999 0.30355041987964215 0.03823164337179664 -0.13657438513991535 -0.004209716215751229 -0.3198710127322887 0.9375565320697504  738505.415154288
0.0383002562370104 0.3507938765257077 0.05559144040125633 -0.39493670693487004 -0.5163895857188068 -0.2112100812986681 0.7299021131866996  738505.4151553635
0.028182090831605836 0.3794741052890175 0.009466150294881839 0.6987298583466508 0.5721078802457941 0.09303210368284388 -0.41930202253253934  738505.4151564346
0.02920931873603145 0.37869244185449624 0.005969778539601861 0.7435989510261382 0.5986160043058955 -0.16453188104500543 -0.24829164210956292  738505.4151577004
0.00798169289735943 0.40153372191471876 0.027719815785258377 -0.3773629876270911 -0.14804958049185513 0.4893345884120941 0.7721594122128592  738505.4151587877
0.029996008422918198 0.37484696975185633 -0.012460431414552404 0.09477818626532644 -0.12686644552026405 0.5184636455891924 0.8403079486781457  738505.4151600337
0.02968675923810381 0.3741940586370624 -0.01416087789338794 0.1411053211511845 -0.07512624818531084 0.54965810581587 0.8199520119417538  738505.4151611031
0.029989767810422393 0.37449933895627435 -0.01496971690055167 0.14378470142560884 -0.07251671758189648 0.5502412925689457 0.8193300954189049  738505.4151623758
0.029813397200786313 0.37431161714952965 -0.014565177057168895 0.13949994381061684 -0.07221283720535523 0.5485555582147693 0.8212258345737004  738505.415163444
0.029716070378056465 0.3742155639036749 -0.014357949670600263 0.1367670767227265 -0.0731113101050768 0.5477694425617308 0.82213024567586  738505.4151647125
0.029726754097331054 0.37423693287342763 -0.014378052120237964 0.13736932826434078 -0.07271072688576895 0.5478956840942268 0.8219812267922342  738505.4151657772
0.02978459678578483 0.37428615229442663 -0.014535512694902244 0.13868312838413727 -0.0724616564412892 0.5484086596504495 0.8214403449233372  738505.4151668795
0.029874773634475146 0.374377768815892 -0.014717735742379992 0.14108106538176 -0.0730129084938512 0.5493307915361767 0.8203663386891576  738505.415168148
0.02995215113652931 0.37449964203316743 -0.014926410890977725 0.14405625164925298 -0.0720041096026094 0.5502760091603088 0.8193042892013359  738505.4151692503
0.02972563806466053 0.3742077036380744 -0.014324143732419532 0.13576370524839276 -0.07316055810492977 0.5475416707422609 0.822443838736589  738505.415170331
0.029761337956900887 0.37433201392183846 -0.014634194466963334 0.1389927858192203 -0.07613565361516436 0.5496074573900684 0.8202536257280599  738505.4151715635
0.02977091717020137 0.37423205648667796 -0.01439028329127718 0.13674124633369228 -0.07304821453623961 0.5479320756546201 0.8220317696859385  738505.4151726512
0.029930574879627535 0.37437528110567087 -0.014764014006367735 0.14140410494113115 -0.07329356097988786 0.5495125070350925 0.8201639699698425  738505.415173898
0.029831991954267282 0.37432503502877185 -0.014623396053537257 0.13924389396071063 -0.07275985474683885 0.5487143625338431 0.8211149066244966  738505.4151749678
0.02990330745753262 0.3744152123646941 -0.014762904435582846 0.14176867361053622 -0.07240191772633632 0.5495748165611443 0.820138480071532  738505.4151762283
0.02982829923422933 0.3743078794290122 -0.01458205111016299 0.13927492224541613 -0.07257785177520443 0.5485775812345314 0.8212171386619382  738505.4151773031
0.0 0.0 0.0 0.0 0.0 0.0 0.0  738505.4151785489
0.0 0.0 0.0 0.0 0.0 0.0 0.0  738505.41517962
0.0 0.0 0.0 0.0 0.0 0.0 0.0  738505.4151808876
0.0 0.0 0.0 0.0 0.0 0.0 0.0  738505.4151819554
0.0 0.0 0.0 0.0 0.0 0.0 0.0  738505.4151832248
0.0 0.0 0.0 0.0 0.0 0.0 0.0  738505.4151842946
0.0 0.0 0.0 0.0 0.0 0.0 0.0  738505.4151854055
0.0 0.0 0.0 0.0 0.0 0.0 0.0  738505.4151866781
0.0 0.0 0.0 0.0 0.0 0.0 0.0  738505.4151877549
0.02453050640037891 0.376519915322402 -0.014505716579959109 0.7722684129157916 0.6168945225661832 -0.010018512618747004 -0.1514670784206045  738505.4151888432
0.024686897704916153 0.3766426883821447 -0.0148410033132348 0.7796600859043223 0.6151498541884658 0.011538343575870032 -0.11656617848715517  738505.4151900914
0.024675122155738506 0.37666635981063357 -0.014440365785474885 0.7741946368997252 0.6204128397765007 0.020842960865853386 -0.123596696632658  738505.4151911585
0.025318588002919556 0.3767410990233674 -0.01380734676540288 0.7589522128686502 0.6260020036312913 0.04664852946535611 -0.1730229601241047  738505.4151924145
0.024811298697602378 0.37814671316960147 0.012878255277633446 0.7468890002594781 0.5904774273559676 -0.006689195325396433 -0.3056934473297949  738505.4151934909
0.02360891630950427 0.376396296943145 0.09981925950532616 -0.7391920386979189 -0.44319640178034153 -0.005277382107970076 0.5070939051227683  738505.4151947689
0.027274650746281496 0.36298922871736095 0.2159921211684137 -0.4532441102203163 0.12493771141913869 -0.3868052648081704 0.7933108041194341  738505.415195851
0.036011585037290635 0.34199009670073416 0.35569753663497305 -0.13140420411645515 -0.336526617844415 0.3818594613581471 0.8506856777882098  738505.4151971168
0.03442663365671729 0.34852797559577475 0.48035567896692166 -0.55896252898003 -0.14824361994445132 0.10860536237349282 0.8085725666912876  738505.4151981823
0.03800358608478105 0.34450546468964033 0.6066329615332029 -0.564215290792555 -0.14739819176935035 0.083478430372254 0.8080632588860748  738505.4151992693
0.039703458230876364 0.3380603098730135 0.7685548693820212 -0.5782736488064656 -0.08545017773383297 0.11061002416390375 0.8037806148295525  738505.4152005337
0.029839687909410554 0.3231849919695241 0.9142400354770571 -0.5509534756102281 -0.1436331172265314 0.02392841860052823 0.8217342795162419  738505.4152016081
0.009708008833726382 0.29378414397134067 1.0703000977525357 -0.5198123558815967 -0.1692134047322335 -0.03612318285965161 0.8365745955931473  738505.4152028571
-0.01419820673929614 0.2592503997990033 1.1778999681283961 -0.45945552128125916 -0.215503875503613 -0.0715197084980065 0.858687157760875  738505.4152039088
-0.043674866796133444 0.21398142649864083 1.2718716066045839 -0.41854477226309206 -0.21637640316710943 -0.09321899784134188 0.8771041809301543  738505.4152051675
-0.06236754512058258 0.1813468877501201 1.3140695103111937 -0.4263946874036691 -0.2002631684029331 -0.0878547523866217 0.8777036951148327  738505.4152062364
-0.0641036843312363 0.15463378490523919 1.3419184799895454 -0.4322635555002374 -0.19711324525000182 -0.09486911802456319 0.8748110867944846  738505.415207506
-0.07241332186540779 0.13581947755217916 1.3542226642367499 -0.44606054414396246 -0.19271635709788573 -0.09280417295161364 0.8690671908130461  738505.4152085973
-0.08834552889449206 0.11852707439682872 1.3657772851280066 -0.42630458431946383 -0.25808675543922555 -0.08120261020382544 0.8631696033521733  738505.415209835
-0.09591422226596956 0.11040565912106909 1.372447316588733 -0.4093031235008294 -0.2775055866699328 -0.08432228528720113 0.8650730342944375  738505.4152109002
-0.10184507226703929 0.10328754747507214 1.3764842714568333 -0.40218052279810695 -0.29675136145688275 -0.08327189801204449 0.8621225246777859  738505.4152121509
-0.10770720294586035 0.09944390783358872 1.3788730527525621 -0.4040878697793741 -0.31634134847196715 -0.0774757687531111 0.8547740344677179  738505.4152132265
-0.10128236278404852 0.10139390383543488 1.371761967958491 -0.21586463220565605 0.3939987831764634 0.8888718378665277 0.08985697115952941  738505.4152144667
-0.06727549530595824 0.09029134726993158 1.4081017647662002 -0.3368697766854629 0.7658846532113012 0.54646464531268 0.0362745496812594  738505.4152155544
-0.06961812448989357 0.08704222456443952 1.4101055473516864 -0.35969127150097835 0.8676857715072355 0.3430270028307582 0.008721608730627666  738505.4152166388
-0.0712641730511283 0.08384795524024771 1.4121111748918256 -0.3471214836546067 0.8742137664509572 0.339282956889465 -0.012001720601540212  738505.4152178833
-0.11797467186517949 0.08441633899188367 1.373977178801509 0.8297751717869346 -0.09167353732561649 0.15388257097071703 0.5285728721677024  738505.4152189583
-0.12005090374841447 0.08047310192991913 1.3796622479427159 0.8930566825844181 -0.15308498997445744 0.15810767372136877 0.3924496286738611  738505.4152202047
-0.13042143597036293 0.07568577357185882 1.3898025865381098 -0.3026821216062311 -0.2538424104474902 -0.3638297172016976 0.8435493469851609  738505.4152213043
-0.1371467393848608 0.06952705922178692 1.3959431117082568 -0.2425659719848337 -0.2775563879193013 -0.46659907047180005 0.803995962797759  738505.4152225661
-0.14178468763912125 0.06616220106468092 1.398554247807743 -0.17954581767818126 -0.30775379733939906 -0.5643394629914364 0.7446958238690415  738505.4152236587
-0.14456977489488582 0.06497383221077427 1.396963726679384 -0.11241508764138648 -0.3525176640798643 -0.6274511977166966 0.6851270970164136  738505.415224743
-0.151049240166778 0.06446520597669667 1.3983721658100028 -0.038576708080777636 -0.38496428366389324 -0.6898386343106186 0.6119125726027017  738505.4152259805
-0.15705120071438813 0.06359164457655572 1.398289742286899 -0.04036270452068398 -0.40300974008873763 -0.7247164495782417 0.557440641851751  738505.4152270636
-0.16151650694871136 0.06444424850943838 1.396244172892675 0.0034555809390192553 -0.412526525367949 -0.7607598789972851 0.5010532220595503  738505.4152283331
-0.16376382598224967 0.0668145548023591 1.3953282711898674 -0.03603673076531734 0.4181955236682922 0.7780403637533211 -0.4674045896117741  738505.4152294269
-0.16403763207557231 0.06839248313637897 1.3958942758859039 -0.0475879149630273 0.4053126317480503 0.7778224981731326 -0.47796362019577193  738505.4152306687
-0.16421791301757022 0.06939179253924137 1.3972643083419207 -0.06596272819469036 0.3961288217179553 0.7847880918813955 -0.4720577569901973  738505.4152317671
-0.16191313894978507 0.06989360343631239 1.3992670369914177 -0.0832479320073679 0.3996517541833265 0.7852508389192487 -0.46554202513983944  738505.4152328364
-0.1609587974353379 0.06996571411629059 1.3994417494670488 -0.07763014473335024 0.39864438051348217 0.7761072431524173 -0.4824041517649448  738505.4152341023
-0.16036544834553387 0.06793474795911064 1.3997867482737116 -0.06528162189031607 0.37007005292405415 0.7834274929977046 -0.4950028575548724  738505.4152351817
-0.16290702403176927 0.06558809940490437 1.4012915259662648 -0.0694676692474373 0.35615779764846917 0.798912068133832 -0.4796513040674905  738505.4152364307
-0.163922192642723 0.06480033102378803 1.4015261019465284 -0.07774215183758323 0.3246099441842886 0.8062026910733868 -0.4884892658701565  738505.4152375191
-0.16265394912456657 0.05851941232536014 1.4060424899537225 0.0857573433943892 -0.28234596394441347 -0.7794273338763543 0.5526476869621685  738505.4152386071
-0.16431292646211326 0.05622514478778608 1.4075977312256127 0.07581172337207627 -0.2570724154654258 -0.755994572073804 0.5971922327032336  738505.415239871
-0.16454016913125538 0.053695054914473364 1.4076627215018598 0.10373421466849418 -0.2161038073636912 -0.7483505869248765 0.618473731211941  738505.4152409653
-0.16328271539813938 0.051893601790917995 1.4086196116939125 0.09762349972346492 -0.19091567349381722 -0.7484153571040091 0.6276107959293111  738505.4152422261
-0.16003721150468164 0.051579404350677066 1.4079094350040107 0.09925941087588074 -0.16283673937228485 -0.7548807881070898 0.6275243114095219  738505.4152433157
-0.1562528813265621 0.05030958541696763 1.4075996395248491 0.09343287772351436 -0.1287108828335824 -0.7563962236839291 0.6344829066233338  738505.4152443978
-0.1562830923570626 0.04891632854773351 1.4094943553125685 0.08663258752246729 -0.10162776050181781 -0.7562285667828106 0.6405348919896272  738505.4152456409
-0.1613134946888169 0.048632550262739827 1.4107327880529874 0.08499037965374122 -0.102280842779149 -0.7525844783041544 0.6449278002864846  738505.4152467308
-0.17221795004280405 0.05073160872751939 1.4086147330647447 0.10555041502764735 -0.10584855805355271 -0.7308222158385815 0.6659985596698096  738505.4152479923
-0.18364898913082636 0.05132598329427087 1.4064166773589861 0.16553872732147915 -0.08746533502010626 -0.7502857463144037 0.634048928556814  738505.4152490752
-0.19326562058161892 0.054779908887714474 1.4051694611340244 0.17727918156510994 -0.0720278983997845 -0.7554922463014616 0.6265904080131509  738505.4152503257
-0.19891658038347038 0.059930135599512685 1.4016003980656326 0.17355098286258525 -0.06883420571292095 -0.7576713987513474 0.6253606639256093  738505.4152514104
-0.20530563326623144 0.06002454730983256 1.3957480047731667 0.16050157063523446 -0.078868127510161 -0.7604356789730236 0.6243049274445145  738505.4152526632
-0.20473587213642047 0.05363982187716344 1.3893544763541232 0.13492966552188215 -0.12555454394073218 -0.7370087502553586 0.6502677478585435  738505.4152537538
-0.19491844964033422 0.03342468245348074 1.3837531042518958 0.06488866664142538 -0.11792337492122074 -0.6481962209486946 0.7494832871629082  738505.4152548395
-0.18186389725964452 -0.004863128615250645 1.385226369771712 -0.017803956219121675 -0.08214877986044877 -0.4741979237053714 0.876396557651787  738505.4152561093
-0.1767356885874051 -0.04045963448062747 1.3927641742488392 -0.010495221328906863 -0.08183345034861735 -0.32865294643659154 0.9408402508034213  738505.4152571891
-0.1770268968098834 -0.08230456723175808 1.39894643931871 0.043109336840889745 -0.09924765629451923 -0.267437918788252 0.9574802595309169  738505.4152584504
-0.17470349980247105 -0.1287360023573871 1.4034484431058132 0.04828184652429564 -0.12523028952310433 -0.22038952126545336 0.9661338917554585  738505.4152595436
-0.17260954070396048 -0.19015753839147398 1.4062157862881137 0.07445141694779887 -0.12925114523236433 -0.22510031017360613 0.9628504444254745  738505.4152606038
-0.1715127754985271 -0.2739165261347435 1.4019918070685666 0.08329512226827511 -0.10968394018480053 -0.19649362907029203 0.9707840180012425  738505.415261889
-0.17393489406642149 -0.35260366465338944 1.399456100398725 0.045739614767820486 -0.12895203429279498 -0.20076461153135652 0.9700375411546219  738505.4152629409
-0.1794324907966249 -0.4439371194597575 1.397748149355738 0.031787027399980045 -0.1860455931156918 -0.16167936477934633 0.9686260399018036  738505.4152641954
-0.18441824687792646 -0.5152669144709473 1.404253929796115 0.07616591445949442 -0.20141504685867317 -0.2003407336001432 0.9557689693822582  738505.4152652936
-0.18874469642394912 -0.5720848046504761 1.4140440140675725 0.13271450021613398 -0.17196040530387455 -0.2604419124522888 0.9407372059604655  738505.4152665315
-0.1898326672527205 -0.6153876180474769 1.422197205099524 0.15199887555904854 -0.2301027862903091 -0.222940119090621 0.9350116324784847  738505.41526762
-0.19047817390391766 -0.6620534812670711 1.416375784483943 0.2166417556607406 -0.2561260517453191 -0.15764774084908142 0.9287696082058063  738505.415268879
-0.19404886318103456 -0.6956961389663341 1.4110623202733 0.2433973387563777 -0.2732377099218439 -0.18994878275367574 0.9110534283418159  738505.4152699547
-0.18654687797274952 -0.7190404696250894 1.401554698136894 0.32855962738646705 -0.2940601631514364 -0.2019830362106131 0.8745170351583545  738505.4152710243
-0.17418060557543014 -0.749933805078745 1.3926651873046008 0.3227476301448191 -0.30249779816661465 -0.25577511274199655 0.8595976623060769  738505.4152722717
-0.1534782510850821 -0.7743212302982806 1.3866005136302435 0.39009924498310516 -0.33379587933174654 -0.2216280367768189 0.8290258761457392  738505.4152733609
-0.12418931229839436 -0.8043929884829449 1.3857047152904747 0.35859975018192325 -0.31085711378588127 -0.2619763581420497 0.8403228318645177  738505.4152746086
-0.08659327930820646 -0.8265764330751291 1.3860413832402045 0.35542420736404534 -0.30083787040110266 -0.24792615983883762 0.8495309457693325  738505.4152756871
-0.04464482428753393 -0.8479146417605274 1.390199772046135 0.3573618037804746 -0.31684554214234617 -0.26825486752701727 0.8366246288935981  738505.4152769482
-0.010946031618885582 -0.8647596476289205 1.39284945480489 0.3471004959557399 -0.34456854301685574 -0.2511748901278057 0.8352873394466155  738505.4152780207
0.013029503752434524 -0.8774875973642615 1.3975947655929641 0.33412058027969394 -0.3559409938685091 -0.27152018652053234 0.8294252437859088  738505.4152792622
0.030105061799563945 -0.8910201051170856 1.400816287628793 0.3225672266760316 -0.3525363082836815 -0.27332772963622187 0.8348415944525974  738505.4152803395
0.043001310784346734 -0.9069320687956823 1.40134454196848 0.33366132612515287 -0.3548106196626753 -0.27423224599683305 0.8292021580281405  738505.4152815879
0.05689630069027391 -0.9201512104779774 1.4021103104576953 -0.28027993789122996 -0.15426303268966768 -0.44380799653769437 0.8370666254070058  738505.4152826759
0.05955652736010774 -0.94456974828751 1.3972436116762652 0.888023189134862 -0.34651835668677633 0.18711278287699784 0.23733657645182005  738505.4152837482
0.06177522693629727 -0.9760956804660827 1.3981397908058157 0.44493914221565634 -0.43349897030740325 -0.176053735703222 0.7636182846237753  738505.4152850147
0.05947240968092058 -1.0093617856671315 1.3986265009063157 0.4174966206323115 -0.4208339207120098 -0.1604192528346015 0.789215462506118  738505.4152861022
0.05701891673495206 -1.0551087994733557 1.3958731683632635 0.38986006590076216 -0.3820441690905283 -0.14837302927061113 0.8246434539028632  738505.415287364
0.052593205930392135 -1.099187924845592 1.3976405136336343 0.39474446043609246 -0.3650680399264155 -0.10913506905130405 0.8360572192634129  738505.4152884332
0.05022763228659461 -1.1382826162613104 1.398489093313564 0.4028496469841164 -0.3542588259391367 -0.07237348036407332 0.8408180097434809  738505.4152896886
0.05429628220281537 -1.1557280472958276 1.4000670093674743 0.9420884106799376 -0.12393037533620356 0.31133306564876156 -0.013505952958626105  738505.4152907669
0.054536924624892694 -1.1774652686317026 1.4082534474067376 0.4887780366994807 -0.39440643951937027 0.7723852941990644 -0.09466017436535497  738505.4152918541
0.059668769250538815 -1.1903602494718781 1.390370384138153 0.45684427700736363 -0.2692448198961514 -0.11024013315704102 0.8406233678444979  738505.415293103
0.06766605583161767 -1.1904016006783011 1.3905906494472724 0.432836255509733 -0.3013097042033366 -0.0861137164801579 0.845251244248233  738505.4152942069
0.0770960878450718 -1.1765603509951665 1.3899258100963607 0.35105058612228124 -0.2622302746919985 -0.15003623502298064 0.8862775508825047  738505.4152954624
0.07824064033298961 -1.1564935774880116 1.3954928216396252 0.22305463303143552 -0.20849671799336192 -0.19748332394277437 0.9315449994679385  738505.4152965492
0.082371036887456 -1.1313507088738581 1.399651057194535 0.1483353375584002 -0.1964327022579069 -0.222446040181797 0.9433602600928928  738505.4152977795
0.08761080418490354 -1.1036845816181424 1.4046848877874285 0.09003802317029441 -0.18128379867547564 -0.22074738419941214 0.9540963950725798  738505.415298872
0.0894045320411444 -1.08286173780504 1.4069284251221374 0.07116379012223363 -0.15668342143270786 -0.23131838496504792 0.9575373753544772  738505.4152999561
0.08628399596548628 -1.0627014986096133 1.409620601187519 0.05482338831765208 -0.15894338427836868 -0.23702882812622939 0.9568431069535994  738505.4153012058
0.08301020625975607 -1.0511156615781823 1.4090771086560046 0.0650529602249328 -0.1932115355615243 -0.21600864822592833 0.9548705036723767  738505.4153022981
0.08340325332496631 -1.0404405206121845 1.4038881792101887 0.07228879029690576 -0.19422766710134395 -0.19269652967145665 0.9591235538669443  738505.4153035366
0.08614109957029444 -1.035876450913181 1.3980992582395992 0.09241900048570477 -0.20081818574590404 -0.18011725839214557 0.9584824243835899  738505.4153046296
0.09270370529454369 -1.0339508474044234 1.3917493407368127 0.07829348580534172 -0.20685372663136614 -0.13110090660542423 0.966382024949968  738505.4153057394
0.10877149422339533 -1.0338805558153494 1.3683045115317056 0.04071624265582996 -0.12824238730614024 -0.0643264549254694 0.9888165577490777  738505.4153070003
0.12499788505213837 -1.037442862617918 1.3349125685283387 0.05411955598015904 -0.06895427647562748 -0.05918890246936347 0.9943907960357967  738505.4153080682
0.14936122340769256 -1.0416947032238777 1.2708431020051851 0.08881748062611235 0.00044172931197830135 -0.04225388870123862 0.9951511789170872  738505.4153093256
0.17826609259429427 -1.0487017168905575 1.1776128277433473 0.10661649592899065 0.06292660705707755 -0.058414426130797475 0.9905861495800945  738505.4153104151
0.20350133794516553 -1.054874413932084 1.0428676462058382 0.10763730921932535 0.1473116934974274 -0.07773864920651234 0.9801378357366326  738505.4153116725
0.2164446485392424 -1.056098614824013 0.8921577364734699 0.09266647665288247 0.21217554610120373 -0.06221268377973736 0.9708367750133485  738505.4153127429
0.22034952434979782 -1.0584210379944556 0.7353044531633007 0.10719447804345363 0.24159727457289554 -0.03153324215702077 0.9639220691710545  738505.415313989
0.22324149187525127 -1.0577256737691432 0.5744748432418953 0.12082012526913596 0.30216516415222405 -0.009419289957302898 0.9455210139809216  738505.4153150576
0.22181307693441982 -1.0606568373005074 0.4496050374733637 0.07129761795671385 0.32970076797752135 -0.11156567011339322 0.9347551307807198  738505.4153163123
0.23166585264649114 -1.0603410179564428 0.42787915423124107 0.030418739786482706 0.354390106478821 -0.21126028121793491 0.9104127889476571  738505.4153173703
0.2337601094900492 -1.0608089828744385 0.4571561277309805 0.027473643977229092 0.17252906510041582 -0.2543156679806344 0.9512110499787904  738505.4153186348
0.23122304882152253 -1.0620691196375656 0.49651927219591313 -0.017765497400027017 0.10523310844125132 -0.32285283328818015 0.940412902946209  738505.4153197067
0.2416572375951996 -1.0599748881408138 0.5299635410390879 -0.08409823081470975 0.18393224295242666 -0.34869702348194387 0.915153977968275  738505.4153207977
0.24664951567273413 -1.0555438943503992 0.5744898641311187 -0.12931535165581357 0.0686635548242381 -0.40869166192994943 0.9008518088642372  738505.4153220452
0.2556649116530555 -1.0566702969546231 0.5967115781928295 -0.1362221777662523 0.08792547492760737 -0.4276076570602505 0.8893055272328052  738505.4153231222
0.26205500480836136 -1.0544041557290371 0.6114941128297724 -0.14627181169784292 0.10558943379345907 -0.4180329832215278 0.890339178915944  738505.4153243751
0.26385075431358573 -1.0526437235912938 0.6135718549072291 -0.1459758896406916 0.10639998631182475 -0.4169868982689704 0.8907816843809012  738505.4153279247
0.25863084108336976 -1.0464951574106462 0.6041619388069808 -0.09758233376707755 0.11752534422244983 -0.4106207890767594 0.8989193785762686  738505.4153279323
0.2584407576976452 -1.0461227814642668 0.6042299671913158 -0.09639348981780717 0.11906641953207445 -0.40970383007074224 0.8992631730955742  738505.4153280101
0.2578322247350081 -1.0439574257243889 0.6042626310415578 -0.06791869037873163 0.08954268442382753 -0.4048830135643805 0.9074353445234754  738505.4153290368
0.25976383104622425 -1.0407421628844167 0.6069653032056362 -0.056911382225244986 0.07875116369363465 -0.40973592230103917 0.907014786409917  738505.4153301166
0.26284136634565475 -1.0355530097986223 0.6107078646071328 -0.07522805077204137 0.07788239209419355 -0.4148785958973682 0.9034106619057326  738505.4153311996
0.2651963541161832 -1.0294886327859722 0.6138032941465581 -0.08278217201491826 0.05365887309313467 -0.4027204387261189 0.9099912557640923  738505.4153324583
0.26887117619323014 -1.0260563635955342 0.6134662368179922 -0.08572207841118112 0.06550680008947775 -0.39252417611501633 0.9133922243922007  738505.415333532
0.2741448820224784 -1.025760288053039 0.6170578806005048 -0.08144091259622731 0.09001165571305408 -0.3940752220710476 0.9110268925454083  738505.4153348128
0.27598492886959997 -1.0269322368518166 0.6208070876866427 -0.0777356609381405 0.08010928323165956 -0.3959983366697173 0.9114411594356695  738505.4153358747
0.2762902982463055 -1.026324576486802 0.6230684694717598 -0.07665135681834086 0.07971029630491175 -0.3989346586827077 0.9102867549638421  738505.4153371546
0.2756366667505389 -1.0253010125369593 0.6250054691441262 -0.08131581331901012 0.08159804476411807 -0.39253247762091265 0.9124953433348187  738505.4153382609
0.27534507021741617 -1.0247965717100398 0.6269590168454686 -0.08043523411663936 0.08186876280888168 -0.39224929844105605 0.912670897235824  738505.4153393315
0.2755821746273752 -1.0245700011909926 0.628961384280789 -0.08627793927481825 0.09355490551057614 -0.3945554363194466 0.9100162660744967  738505.4153406128
0.27444634542517216 -1.0249734330803042 0.6290335986104681 -0.08055254322312677 0.09157227979616592 -0.3780415715214723 0.9177202054846535  738505.4153416861
0.27224423331902836 -1.026520961590088 0.6251197813475897 -0.07332804212592377 0.06386687913127896 -0.3667915406173756 0.9252069961471009  738505.4153427826
0.2658464540844575 -1.0318378104171093 0.6138419353894137 -0.026006497305534254 -0.05793970335085414 -0.3323015745696889 0.9410325798887187  738505.4153440532
0.26947711971075317 -1.0400106498270043 0.6078115790428433 -0.05129209748918321 0.025997833334522356 -0.32204326504803177 0.9449769144451486  738505.4153451616
0.2661040099489111 -1.0405428246023023 0.6010976124097527 -0.05247654044587289 0.043779892169465255 -0.3245110927653992 0.9434098178504765  738505.4153462462
0.2674354635839735 -1.0407056302852176 0.5971622558770363 -0.056910416982852305 0.08191531582139246 -0.33376551214915795 0.9373642132984008  738505.4153475044
0.2698358204172813 -1.042007599675106 0.5829824079506835 -0.007638677693586671 0.07642145849597817 -0.2990976712203367 0.9511266973200849  738505.415348601
0.27290993706598254 -1.0412114161545076 0.5407391309663325 0.05841063676199258 0.11017400144496652 -0.25283309301006174 0.9594401044346794  738505.4153498539
0.27392384032156497 -1.0351081886716447 0.48785568185437184 0.054038332968248025 0.14717166804663273 -0.20803826003600273 0.965474205277167  738505.4153509274
0.27048251909616733 -1.0296338602511652 0.43229573396359205 0.04939305123922547 0.19049702523327952 -0.16871286640073338 0.965819433733552  738505.4153521603
0.25188253369751573 -1.039571874272919 0.38293672467208467 0.03754807854162301 0.18484866219315407 -0.16567615204446023 0.9679734120971372  738505.4153532379
0.24466083115100212 -1.0446496253832058 0.3231937473523026 0.043258731949236226 0.184808462102158 -0.1390854563012859 0.9719206502030104  738505.4153544786
0.23948087891731393 -1.0427462032392796 0.26553619176256577 0.03789953543796645 0.22709892368578832 -0.1224981214610715 0.9653931397688983  738505.4153555464
0.2372286100686645 -1.0388680543142401 0.21377834392393955 0.03254352277544401 0.2381469205420292 -0.10844080976912085 0.9646074611666292  738505.415356816
0.23999645143383777 -1.0374006263840823 0.19517533223669709 0.02491490033637632 0.24378850608266775 -0.10560406203577168 0.9637396920977959  738505.4153578549
