-1.824191274499189 0.3393799507619341 -0.05258885075961171 0.01381388911316584 0.015646763682263934 0.017008187171942014 0.9996374726984601  738512.614585089
-1.8126770274087214 0.3322040946115942 -0.03617325768333703 0.010931305226360715 0.01605469793991732 0.026442987811316345 0.999461615889133  738512.614586331
-1.8106037388543363 0.3325525042875292 -0.03540055157075081 0.009631194036451709 0.01465164320472397 0.016701140639351426 0.9997067776874269  738512.6145874093
-1.805602831320545 0.33339108047596705 -0.030511878320693974 0.002530707276867048 0.0015716228735274797 -0.00295122922562303 0.9999912078454891  738512.6145884944
-1.810801352354221 0.3388807383628029 -0.027520816033392844 -0.02389340149123319 0.010824680485004977 -0.03079714156866367 0.9991813988104342  738512.6145897636
-1.7954623223225792 0.3346542720361329 0.008440510768568067 0.018037942522854185 0.009051095709056357 -0.05558821982131578 0.9982497984538263  738512.6145908396
-1.7876548882266425 0.33125475857320474 0.041607243140607514 0.005660845317310637 -0.014334188995069547 -0.07430442080219359 0.9971165122017576  738512.6145920957
-1.7945081244393355 0.33728017564280593 0.04946253484191258 0.013828441329379701 -0.042928857394966866 -0.08192776378206108 0.9956172602636183  738512.6145931573
-1.7887588510503243 0.32525794421560333 0.09467562926917661 0.0012066155719335076 0.020381709345460193 -0.11047282028682477 0.9936694047724794  738512.6145943933
-1.7897599453162278 0.322882220050151 0.1278176718566772 -0.01792352966451075 0.04900979154361337 -0.11847631824580634 0.9915846657911443  738512.614595479
-1.7897039101928336 0.33148722056955116 0.14952821081875145 0.0023314394918165266 -0.028607533880515568 -0.12327569514983526 0.9919572956435655  738512.614596574
-1.7775487722312981 0.3242941449861726 0.20625947003438694 0.05271859293583662 -0.04172873966896157 -0.1244361650149704 0.9899470203404184  738512.6145978472
-1.7864779128574841 0.31453727676604953 0.25669949962901684 0.024067536421694707 -0.006331437887683195 -0.12213881619748972 0.9922009756912864  738512.6145989143
-1.7992257166257155 0.3014280429728155 0.3165876484610632 -0.0006977859084949824 -0.016214154664048595 -0.10146543097644187 0.9947066806853773  738512.6146001762
-1.8114524784996642 0.29582470394060045 0.3563512669001503 -0.017638447548763567 0.006368512738919807 -0.10069749143665327 0.9947403392000994  738512.6146012478
-1.8284505415729952 0.2839023982163954 0.4141817901951334 -0.019182162932040635 0.016226846638426166 -0.10565496010051273 0.9940853904366469  738512.6146025071
-1.847616271150145 0.28843737100970906 0.43849473383435383 -0.020447812252436606 0.02797091966165748 -0.11763881632398795 0.992451824282298  738512.614603568
-1.853752962702342 0.2893100772556387 0.47615028533167497 0.0073048159528572515 0.030585566225477923 -0.1567312598081673 0.9871405548357876  738512.6146048408
-1.8529841961793658 0.2892568647088933 0.504256358552709 0.0019610474813216362 0.029709896840183426 -0.1794744139949338 0.983311960185422  738512.6146059209
-1.8470006392780987 0.28915991000919994 0.5322372371224566 -0.009070007301227603 0.004988091105146144 -0.22250676038429024 0.9748761949591191  738512.6146071582
-1.8400514985757668 0.29077699278218416 0.5480677479582129 -0.0016947917762754367 -0.0022702580940188112 -0.25910504245993227 0.9658449930402178  738512.614608252
-1.8368589908126232 0.29302822972356796 0.556760276367768 0.0027288707458588053 -0.016250675910997367 -0.29956698200818643 0.9539329599544168  738512.6146093238
-1.833271420546894 0.2964947480894762 0.5636198431930681 0.011940554208408859 -0.006436963973491034 -0.36856337731349476 0.9295036447283413  738512.6146105964
-1.8310128678577813 0.2995552256836462 0.5657309578856978 0.009630258363088832 -0.00755226029147803 -0.3916474001897137 0.9200339860097497  738512.6146116507
-1.8322193881692281 0.3023258067226437 0.5673894106570012 0.0059936752125467 -0.004275638616884551 -0.4220302134802057 0.90655187037572  738512.6146129001
-1.835468706045726 0.30698016521174115 0.566806019722579 0.009254424654411444 0.002666026485558447 -0.454009910951417 0.8909445822748913  738512.6146139974
-1.8411545613380316 0.31052257925690224 0.5671446168913096 -0.04310001223120368 0.02611699699503874 -0.4305919652753708 0.9011386413055015  738512.614615254
-1.8423386138205147 0.31521171968737205 0.5683726500657466 0.006196771179754684 0.011891774574038583 -0.4627204245061556 0.8864028398359683  738512.6146163418
-1.8452349027792567 0.31982485243877595 0.5638017285149369 -0.008311082069400033 0.006600117744506837 -0.4673086532679915 0.8840305350729977  738512.6146174179
-1.8474120289821927 0.3257192537291125 0.5587299383960858 -0.012465418625172711 0.013566773370750181 -0.46771739903405957 0.8836860249204014  738512.614618676
-1.848105927251906 0.3326387691988644 0.5567361051516562 0.008532687303519571 0.011319549318589266 -0.46580842019730073 0.8847720478879854  738512.6146197435
-1.8480033235360418 0.3359351606805259 0.5535745944924487 0.012463035030658166 0.010839498479541436 -0.4627642208818772 0.886327509390364  738512.6146210054
-1.8477276887047416 0.33776122470850534 0.5523104356301756 0.012738839471273453 0.008123355655336962 -0.4627821558833831 0.8863432795806319  738512.6146220914
-1.8465914991721586 0.3377195140522404 0.5501774965296694 0.0074769023182866086 -0.0006221970895404342 -0.4645607391772363 0.8855094739287686  738512.6146234212
-1.8480864318570345 0.3362094347230823 0.5511957516776577 0.011735970793830075 0.01925467724054892 -0.4641868121807008 0.8854502401554858  738512.6146244428
-1.8477622674047307 0.32899549045441495 0.554065199824285 0.02884586818693545 0.03138721668272629 -0.4561695149103193 0.8888712686232678  738512.6146256604
-1.8454620440010487 0.3172891478926611 0.5561991852538662 0.026274877832345712 0.030925312177246915 -0.45270048909443145 0.8907387512819332  738512.614626792
-1.839602351571458 0.2964533609017993 0.5581515040618983 0.023347954499217664 0.01981139184243734 -0.44761688919177706 0.8937010139214593  738512.6146279965
-1.8345285526703359 0.2748294205726147 0.559653022095879 0.013191406311170984 0.01776442982013458 -0.44332242630620156 0.8960890793702831  738512.614629077
-1.8277821793390352 0.24975261129107196 0.5617037096744198 0.006679503815480371 0.008945794450122323 -0.4411926429000463 0.897342971689926  738512.6146303304
-1.820191050841432 0.22512350327968464 0.5642979210082084 0.01775842998086593 0.002374688114980344 -0.42991937220238274 0.9026894994548682  738512.6146314197
-1.8155191546999858 0.2071751253263462 0.5618816094070914 0.05498503376109057 -0.019716121112045223 -0.47434227721346567 0.8784004352677262  738512.6146325731
-1.809221796632451 0.1723738367162165 0.5704093976905272 0.009028537840456152 0.009673777084142895 -0.4326438519074661 0.9014678036114547  738512.6146338531
-1.8051056827495415 0.14945028501429855 0.5731751569587715 0.008834415217337868 0.01622071683158652 -0.43085503091713945 0.9022321119238819  738512.6146348213
-1.7991603281065833 0.12026725844314208 0.5736317668898476 0.0014755231810624737 0.005419255587987717 -0.4256589851014649 0.90486622376051  738512.6146361425
-1.7946452373735984 0.09841368610673713 0.5734271879395114 -0.002614404939136933 0.01517098718116102 -0.4191160818089166 0.9078021348311013  738512.6146372
-1.7833584787201378 0.07572707517726562 0.5679789742223612 -0.014862732182531412 0.026165177574719395 -0.41410292114562514 0.9097325174869886  738512.6146384567
-1.778701154398597 0.054774807473912696 0.5625342689668316 -0.010642305877191421 0.03418738960453247 -0.41025229316606276 0.9112689063441324  738512.6146395354
-1.7678315413738435 0.026114379703024854 0.5622227112869502 0.010700140891830773 0.027851220791274053 -0.39725525090705566 0.9172230274650234  738512.614640746
-1.7574984338016377 0.004801986097030243 0.561814702829776 -0.003879999116189697 0.01977026831602113 -0.40382426814267186 0.9146146962282021  738512.6146418524
-1.741840069912209 -0.02176201656985157 0.5569943798653 -0.006608161912653268 0.004003566691511354 -0.4038716140276203 0.9147830469748593  738512.6146430873
-1.729054305234444 -0.03738409977610117 0.550698112515977 0.00263782438301306 0.025030692284270854 -0.4018967952388219 0.9153389931075039  738512.6146441684
-1.7163763604080906 -0.06446288156876585 0.5510423220412122 -0.01024312530971306 0.006958688636130854 -0.40398249289822613 0.9146828961274447  738512.6146452571
-1.7007412939972752 -0.08927179590864603 0.5518189145302244 0.0045809460301102205 0.005803809759233511 -0.3868554413963614 0.9221107298951543  738512.6146465272
-1.6888307513819607 -0.10731252653992128 0.5532348764944446 -0.01701378352504254 0.0029267337310150084 -0.4064772245836066 0.9134978003775592  738512.6146476349
-1.671773558640675 -0.1248219451691891 0.5487748868641783 0.005828598429270277 0.006344915998470913 -0.39852403504561545 0.9171174204932997  738512.6146488547
-1.6608428392269037 -0.1461291734387382 0.5524531411050088 -0.002936622587153349 -0.0035487566196116672 -0.40285895716955844 0.9152504811266101  738512.6146499404
-1.645929696601472 -0.16478823430728007 0.55028037722649 0.01351426359897388 -0.01864281394792616 -0.40216804859517663 0.9152762811613924  738512.614651059
-1.6343246035301509 -0.1841920360011405 0.5498376472402197 0.005936187952871972 0.011059218116380826 -0.3946947970499877 0.9187265493872002  738512.6146522529
-1.6209313580923497 -0.2047982710182055 0.5503887851237393 0.012081837697044804 0.009607162807329771 -0.39888496401828877 0.9168710471493711  738512.6146533486
-1.6069114032616445 -0.22877804262899987 0.5511511559506732 0.0037552156239918817 -0.0015868738031738256 -0.3995939161728585 0.9166831962814573  738512.6146546229
-1.5974343853679547 -0.2537759367571489 0.5540363778035285 0.0009866930012379666 0.006789878958001336 -0.402085364732401 0.9155764760240781  738512.6146556858
-1.5841973420116882 -0.265957771381793 0.5494613170617122 0.0010088710053810515 0.00284265593949336 -0.39702424033289424 0.9178031673918937  738512.6146567791
-1.5718780699740793 -0.2898667392235421 0.5475074194857786 0.0027393084192808503 0.023303177656626303 -0.387153519887768 0.9217166647831639  738512.6146580395
-1.5551223871365893 -0.30815934601064643 0.541816426008134 0.006741378891588707 0.001382962305430536 -0.39756889053117167 0.9175465211681177  738512.6146591754
-1.546468356641711 -0.3319033231821994 0.542698763169623 -0.02046294043847358 0.04369072705754048 -0.3761106705340596 0.9253178653566649  738512.6146603379
-1.5261859939650535 -0.35060192718680394 0.5418914283832866 0.015701656915950452 -0.00040285379619190467 -0.39347270182251476 0.9192021152061189  738512.6146614528
-1.5158613748632486 -0.3724546889620033 0.5414129086687519 0.010031034804474044 0.036172859466014055 -0.37998299502053845 0.9242314786210352  738512.6146627051
-1.4998638858081355 -0.3924563443875489 0.5420577969973994 0.003452957437216615 0.008469234400147676 -0.39987520997623177 0.916523958006596  738512.6146637743
-1.487753436879714 -0.4179537049630272 0.5441206265949853 -0.021387264546192126 0.03873455447639649 -0.39170997383062867 0.9190242192708278  738512.614665002
-1.4705071048578255 -0.4368157579915261 0.5407882351319404 0.004946171332247717 0.0034694611513702437 -0.4009806647486023 0.916066594045564  738512.6146660908
-1.459955276498713 -0.45823314322786457 0.5368267953584428 0.009391093371425569 0.006869187790662555 -0.3986871784096132 0.9170131707866398  738512.6146673362
-1.4446694888083285 -0.479308453645748 0.5394205359482249 -0.013459368376382237 -0.010982430899039766 -0.4086947581644815 0.9125057951943827  738512.6146684381
-1.4288465000484754 -0.4982466165419406 0.5340415699396716 -0.006893532077187597 0.008655410746029496 -0.39649707844917315 0.9179692967967875  738512.6146697159
-1.421132239382478 -0.5142194652493831 0.5327360654355774 0.006755481199223001 0.008398685739480858 -0.39771699796937565 0.917444829446351  738512.6146707565
-1.4068609394946623 -0.5339849819690771 0.5293982117351943 0.011507648276043864 0.011197922117708934 -0.4009184209476275 0.9159730347102264  738512.6146719898
-1.3881477306374748 -0.5518589896614798 0.5280528660011418 0.016139680175070722 -0.00622213573686175 -0.3968412196209055 0.9177242734942292  738512.6146730699
-1.37231983607228 -0.573422197035871 0.5258442225298984 0.01043486492149916 0.001408830619690412 -0.39750212826582515 0.9175408365922982  738512.6146743122
-1.3621131166728606 -0.5901975697716082 0.5257786098983828 0.002920249357991958 0.02852550370395219 -0.40106058688065205 0.915602628563871  738512.6146753926
-1.3534539256887734 -0.6098002337297108 0.5232690325690814 0.009908319201099027 0.009765551183301184 -0.39966455540530654 0.9165558915709255  738512.6146765576
-1.3369381129019837 -0.6306153182399851 0.522173576225561 -0.011635437057936099 0.01392691733552126 -0.4050112076560275 0.9141315984315423  738512.6146777369
-1.3229693238964826 -0.649109717719936 0.5197210907126406 0.015871755299902274 0.02547801750450564 -0.4010279867404954 0.9155738702358238  738512.6146788064
-1.308093359252741 -0.6706021563701159 0.5210079024791141 0.012981550696627878 0.010684424270964374 -0.4039715744875721 0.914617017896311  738512.6146800644
-1.2967965508006634 -0.6881436442542421 0.5231063454881587 0.010057470164895633 0.0061539912806915995 -0.403867231151049 0.9147416221467046  738512.6146811085
-1.2856380065542035 -0.708713932013389 0.5259897115425307 0.01075242129269827 0.05563911513845937 -0.39995929897757176 0.9147793359408175  738512.6146823477
-1.2710566238122023 -0.7293134829743677 0.5269015033891313 0.041244491933578015 0.09830582115336638 -0.38191141594101863 0.9180296987496809  738512.6146834219
-1.246180918215729 -0.7687175507767414 0.5263290296274372 0.027006828260426413 0.08675217742964332 -0.3401333781385589 0.935977551020632  738512.6146846747
-1.21142486028203 -0.8093398958518853 0.5254306289135372 0.020785334476063382 0.0773124139374675 -0.3088304034285486 0.9477418121197565  738512.614685758
-1.1523728685284054 -0.8651576229832413 0.5243957278550091 0.0061363954155363495 0.05259520861216755 -0.3122180594050406 0.948533590371842  738512.6146869923
-1.1017334691032603 -0.9104858087077756 0.5243066969434552 0.0068747739421845 0.03216371392433528 -0.33341987989252597 0.9422045514018127  738512.6146880634
-1.0449340546445853 -0.9640173027590152 0.5259027277021147 -0.00691010026591524 0.016184252204358342 -0.3365734714388231 0.9414927608954413  738512.6146893176
-0.9937995921761078 -1.0055571589366343 0.5281228929795648 0.012562409507770827 0.020314170192445663 -0.3306669397538726 0.9434452264496124  738512.614690382
-0.9332225404059902 -1.0584483823938533 0.5315432114608797 -0.027742359050597146 -0.041801676865830376 -0.31874137561383836 0.946513030442429  738512.6146916467
-0.8907203583645722 -1.0928983082862236 0.5327647483405229 -0.042468218674916035 -0.1099493409913686 -0.32102965740526584 0.939706098673623  738512.6146927353
-0.86399327884725 -1.1157122383327154 0.5297866513238094 -0.043479702057361555 -0.1149205168988688 -0.32501512071803845 0.9376928930141994  738512.614693799
-0.8563085379158285 -1.1235503025994513 0.5178365570706733 -0.013647462654432754 -0.08618477531061536 -0.32478451665793207 0.9417541871460027  738512.614695051
-0.8629179045304934 -1.1228781770348426 0.496468068755766 -0.011634818026340109 -0.039916164206833755 -0.32804715806431467 0.9437459366431379  738512.6146961371
-0.8763812326993587 -1.1166317599101179 0.4627784149277212 0.005518808011751098 0.012633137530227982 -0.3298141123938317 0.9439452303286143  738512.6146973805
-0.885836667314664 -1.1121250523828703 0.43052806266817095 0.01784344335336408 0.028308563182746625 -0.3329853207932756 0.9423380565996595  738512.6146984458
-0.8918565725317076 -1.110067118282783 0.38483897438161146 0.015035680454648885 0.03061032964399464 -0.3288209547049414 0.9437763060065042  738512.6146997116
-0.8865097186235159 -1.1115799713232628 0.34346450745341567 0.006917362231267743 0.024468759063717357 -0.3270089954254887 0.9446790708174156  738512.614700789
-0.8834192840070102 -1.1144430104787153 0.2888363613322624 0.008333977182400481 -0.0016822603527445867 -0.3280430556608717 0.9446245118866581  738512.6147020527
-0.8815281947363282 -1.1175505525801868 0.24256482177538874 0.002376922950017751 -0.013477239405167396 -0.3321153835193235 0.9431394840028267  738512.6147031422
-0.8818426607163029 -1.1189691753628472 0.18902515353887445 0.012969024916192272 -0.012347081466248497 -0.3388430806843486 0.9406724831971695  738512.6147042279
-0.884370173219968 -1.1219850491283854 0.1282042145252644 -0.00042911060225711285 8.531362936606502e-05 -0.3556355757477176 0.9346246015637857  738512.6147054918
-0.886782533498999 -1.1229026482016518 0.08052009826334883 0.0013093977436731297 0.00754499827575485 -0.3722216755053882 0.9281122684042751  738512.6147065861
-0.8875716892337866 -1.124351056854788 0.02595211629254991 -0.009745918436908748 -0.020929614916057597 -0.384734517455045 0.9227384891570961  738512.6147078443
