-0.4144013669050562 -2.212051165769609 -0.025872517871397653 -0.0007945142399954979 0.014471084033820967 0.6909563006172382 0.7227512345969043  738511.6152700144
-0.4142674396349588 -2.2125994385201713 -0.025343352119093523 -0.003363078049529344 0.01658037476138993 0.6905975865904856 0.7230413226601932  738511.6152710869
-0.41378348407702187 -2.21283626535567 -0.02460118370493877 -0.006429666544844867 0.01830199212150958 0.690026246309828 0.7235243436651423  738511.6152723356
-0.4127968237955144 -2.212403960019727 -0.021132642025915076 -0.005508449109655719 0.015456595956496224 0.6893892260887761 0.7242052510045494  738511.6152734343
-0.41047837632594963 -2.2141001027923966 -0.008274730327077658 -0.00208825920280027 0.010014569421757661 0.6899233789863364 0.7238101123228902  738511.6152746856
-0.4077365666173684 -2.217551300061177 0.00812076988962141 -0.00032324196548095066 0.007605185745442496 0.6912243058638614 0.7226001768941329  738511.615275759
-0.4035107944301626 -2.223498488746246 0.0329535297627869 -0.0027630036977422407 0.006668747391639511 0.692400446797716 0.7214773141915941  738511.6152770125
-0.39971991103651244 -2.2284921573763508 0.0575992132314616 -0.006249689143795517 0.005677438903375936 0.6945475260299991 0.7193972770025698  738511.6152780921
-0.3957717833170007 -2.232378216024439 0.09250203860277577 0.0455848928308787 0.06103180744391685 0.6931864989023594 0.7167214338675908  738511.6152793504
-0.3929735836872177 -2.2339990605653393 0.12983911594126973 0.023546671041188762 0.04152306121503918 0.6985449758770472 0.7139722027832357  738511.6152804457
-0.39165175252454903 -2.2329176570921194 0.16838096760399598 0.00862191033990588 0.02931205117626113 0.7023032661019941 0.7112218983836216  738511.615281517
-0.39095649568801016 -2.230325529388556 0.22075147952832722 -0.002274330263854239 0.01801653103049431 0.7056758966411311 0.7083020266321521  738511.6152827765
-0.3912183623005852 -2.2267368426947614 0.26965219870630663 -0.006688993391434183 0.01173114421751723 0.7074447578056037 0.7066396198035659  738511.6152838501
-0.3916369791370635 -2.221955801839339 0.328353489166455 -0.008827257176436946 0.0061843135197836374 0.7102949210571803 0.7038216811930449  738511.6152851247
-0.391647116177915 -2.217612884228496 0.3694821257403776 -0.00879388138946153 0.0036396468011001422 0.7127262677020044 0.701377707051516  738511.6152862111
-0.39103236664611146 -2.2129901431473535 0.4086153977600063 -0.007929854310592652 0.001266047956242076 0.7150112817490467 0.6990667933071709  738511.6152874622
-0.389916115892222 -2.2094562987645476 0.43468664031380844 -0.006915459773450213 -0.000896288852011472 0.7164999984421874 0.6975522384128382  738511.6152885397
-0.3880477867509733 -2.206661953568014 0.4529199410064903 -0.006587239019571377 -0.0024119917762018537 0.7179847869645043 0.6960234451980091  738511.615289788
-0.38631493816469664 -2.2048168745305325 0.4655851877008543 -0.007035896032759001 -0.0039045751813469964 0.7193628633122605 0.6945878787791043  738511.6152908672
-0.3848244706228864 -2.2035266680570738 0.4750995598225312 -0.00741335800035205 -0.0054658825805126805 0.7207753290060381 0.6931075611671049  738511.6152919309
-0.38369794651977956 -2.2031942450334476 0.48592654195426777 -0.008117530616060572 -0.006803921993672923 0.7222440543837263 0.6915571836439548  738511.615293183
-0.3830237852195623 -2.20355239761963 0.4948275488606604 -0.0086746993207401 -0.007256201260364312 0.7231620833139312 0.6905857646896719  738511.615294278
-0.3832292133322386 -2.2045400572593805 0.5063531713451747 -0.00937901312685428 -0.00722746270697236 0.7238029997912144 0.6899050770858445  738511.6152955184
-0.38375678800305424 -2.2061406973838555 0.5153579751684482 -0.01175072543657605 -0.0042786453783214716 0.7240505960295918 0.6896334881911069  738511.6152966302
-0.38404812007335454 -2.1999446337830797 0.5239768918333947 -0.038201843959747385 0.0237064515264899 0.7234888967100505 0.6888704084306214  738511.6152979237
-0.38411224743065064 -2.1714034036541725 0.5262332669670126 -0.059127899337478015 0.04691106070983377 0.7225825414072107 0.6871518862351409  738511.61529897
-0.3843040592217201 -2.106390252261562 0.5230103002417238 -0.07962496339715258 0.0667980682695566 0.7211544503629354 0.6849336770820883  738511.6153002038
-0.38514441055245635 -2.032507780185248 0.5188773670053776 -0.08017100760041454 0.06631214215926817 0.720999373555741 0.6850804424845396  738511.6153012736
-0.38694886894851604 -1.92822450717565 0.5183325442614273 -0.06818608023218796 0.05499086580619098 0.7212437321798925 0.6871201801225711  738511.6153025331
-0.38866573873338306 -1.8297395368976297 0.524300288855405 -0.050706211375499445 0.03842978208699468 0.7213879603035581 0.6896023801479817  738511.6153036047
-0.3898720086237866 -1.7434338887629957 0.5328083927648974 -0.03574732862252812 0.025299038124781258 0.7207558589239493 0.6918042201324838  738511.6153047086
-0.39010951227895724 -1.6456353203234202 0.5432168783147621 -0.020047803468735 0.012596048153144572 0.7194669242062804 0.694123022323966  738511.6153059545
-0.3890805521570638 -1.5700313919488882 0.5501142908510751 -0.01966652174754699 0.013398775638591227 0.7179005839053013 0.6957387817005513  738511.6153070279
-0.38637047405789715 -1.4779508645756139 0.5559504313495972 -0.01843554077323581 0.014308417016173807 0.7167163997900303 0.6969741762152363  738511.6153082653
-0.3831022354448237 -1.4025355625878855 0.5590393614898291 -0.02110150651910097 0.015906561019642638 0.7159590320939272 0.6976420085561648  738511.6153093438
-0.37849906909469233 -1.3091386210606357 0.5611498802754458 -0.023732787293375343 0.017139761201322656 0.7151501390630474 0.6983575459543293  738511.6153106019
-0.3740515243805612 -1.2224907743778934 0.5617521242450367 -0.025826885257265383 0.01806941461794965 0.7142172935684314 0.6992139342297591  738511.6153117144
-0.36971826660545537 -1.1433693930241644 0.5613074629782402 -0.026235116465469548 0.017678317777191283 0.7134247363759505 0.7000173864065932  738511.6153127871
-0.3646931951989325 -1.0479616029415384 0.5608130832947901 -0.024941779439488655 0.015086485624645013 0.7129974869469452 0.7005604108121085  738511.6153140295
-0.36087048240850933 -0.9694505644774525 0.5606523418755741 -0.027313899252518998 0.01652746840355603 0.7126610497023772 0.7007817220311175  738511.6153150895
-0.35643748164469846 -0.873749889614116 0.560913328931944 -0.024436483064541038 0.013267462712961326 0.7124628876620435 0.7011586599571163  738511.6153163381
-0.35297981848343396 -0.7966878345617935 0.5607588974048155 -0.025720817662158064 0.013857991290761063 0.712157209004698 0.7014117943681971  738511.6153174128
-0.3490194811987827 -0.7022875743113701 0.5601452515949602 -0.025785341558009885 0.014058095106858072 0.7118580803058253 0.7017090277501127  738511.6153186666
-0.3459591364044804 -0.6247341532886704 0.5591742452128323 -0.02613875440356394 0.01466033669902168 0.7114574967574799 0.702089787957126  738511.615319742
-0.3420882366056302 -0.5301095383789429 0.5576143743362272 -0.027274316401827252 0.015986211005550664 0.7109418784269934 0.7025398196694598  738511.6153210147
-0.3391571089506093 -0.45053869454180395 0.556198626456492 -0.029327838982307303 0.018367256086342806 0.7102277021895604 0.7031209944291408  738511.6153220829
-0.3354139195052676 -0.35220323795311925 0.5546246550625932 -0.028198494248257912 0.0177917456453058 0.7092226236484261 0.7041956892897504  738511.6153233455
-0.3321616088825342 -0.26265486670254423 0.5533131282389735 -0.02727461398519391 0.01772582094789729 0.7081685919712887 0.7052936523527519  738511.6153244156
-0.3283142993757086 -0.18216929567098827 0.5522326212261403 -0.0249019490547566 0.016580198701921466 0.7069772513161355 0.7066032522326522  738511.6153254975
-0.32297820689090084 -0.08698348872883763 0.5515329571008963 -0.020278018924183926 0.013027909354417685 0.7050598115184384 0.7087381305587753  738511.6153267476
-0.31787394583455364 -0.011259468594016615 0.5512850149761254 -0.0203860821847376 0.013101851051043945 0.7036924029907003 0.7100913681529775  738511.6153278294
-0.3108974657718045 0.08068860709819962 0.5510334545425098 -0.022473572107267945 0.014817639340687997 0.7025601474042449 0.7111150507480731  738511.6153291034
-0.30476465430313243 0.15829843244807573 0.5502992618246113 -0.026232207660104808 0.018052105621080766 0.7018600118733511 0.711602779995316  738511.6153301719
-0.29667186625650654 0.2537239402885118 0.5489432142358925 -0.025454466727293682 0.0160362987147897 0.7018865119773953 0.7116531680189199  738511.6153314327
-0.28997442266507745 0.332916105904921 0.5476543463797593 -0.028280796287221622 0.017849468896230656 0.7023350466498528 0.7110605285549411  738511.615332506
-0.28204811162682414 0.4294118776467296 0.5466134387023683 -0.025881322529509487 0.013607452970384779 0.7036362253249516 0.7099584894754315  738511.6153337593
-0.27585576084523633 0.5167856903929577 0.5464119846168526 -0.02996878769192938 0.015613344546777664 0.7055318221391399 0.707872123469603  738511.6153348485
-0.27115604858150716 0.5967981239208556 0.5461997523177584 -0.028627552643626222 0.013042692265215644 0.7082739689601996 0.7052363691000896  738511.6153359243
-0.26670411293600216 0.6919762194531186 0.5455397664400877 -0.027496783813077918 0.009581581252370268 0.7135343522117684 0.7000148915518677  738511.6153371743
-0.26427384445563173 0.7689256285217702 0.5454687881878043 -0.028359495525459667 0.008534263617448084 0.7199092084021755 0.6934361088202736  738511.6153382406
-0.26304170283974915 0.8628982433782364 0.5449672482704204 -0.031071488159514986 0.007580373019860511 0.7304530303863332 0.6822136549262668  738511.6153395231
-0.26470695385488185 0.9399669905769802 0.5446068038601657 -0.03375611773318122 0.006627174931724496 0.7417788964212189 0.6697616545399764  738511.6153405997
-0.26991387499876196 1.0268374480045672 0.5433944466665074 -0.034849018760193355 0.0029291612542031056 0.7541028516186004 0.6558245612101562  738511.6153416997
-0.2782496617468515 1.1178902430583575 0.5390372590285051 0.010151656239003852 -0.021704507653812145 0.7335213881682706 0.6792438673428006  738511.6153429644
-0.279661634387098 1.163978533369745 0.525803556394456 0.0653719213224334 -0.06182472662155274 0.6648187109965835 0.7415661107343197  738511.6153440495
-0.28972995226269105 1.1768180820801084 0.4931884085248976 0.10138832793768757 -0.061131085007871386 0.5298648551001736 0.8397777281718256  738511.6153453215
-0.2903760593432391 1.1630923124406334 0.46763982485544375 0.09993255746063649 -0.0239896136944161 0.40280317300504115 0.9094985355739944  738511.6153463634
-0.2784927690785207 1.1345794157024824 0.4470464247030061 0.05933571368075339 0.0017715121348615675 0.25382884274270906 0.9654258404552102  738511.6153476014
-0.2635652702651819 1.1144270517131627 0.4383657270985169 0.025315466660023732 0.003399766005529044 0.15578120321713584 0.9874612830198024  738511.6153486689
-0.24746422023769088 1.0998174373528233 0.435251847556776 -0.0019816038749034845 -0.0062953360683901515 0.07174666408337227 0.9974010518255817  738511.6153499415
-0.238276410375895 1.0951399523796537 0.43565890699931714 -0.014582136644702003 -0.016271962428123638 0.02365451031680909 0.9994813898574025  738511.6153510386
-0.23482712428925956 1.0953097172629431 0.43197843337778297 -0.014837273932133601 -0.01912985530704021 -0.0033295196534446673 0.9997013645269631  738511.6153521135
-0.2340309488316156 1.0976919108766852 0.41778430015628326 -0.01168320296193914 -0.019166644787361402 -0.02240384595354844 0.999496978576041  738511.6153533692
-0.23560214941329458 1.100049216540931 0.3999330170575659 -0.006831757518138258 -0.015678505584410665 -0.030716302445666612 0.9993818190841374  738511.6153544411
-0.23877764697310083 1.1014706295754908 0.37701449640340295 -0.0016917045913144456 -0.011431235363629047 -0.0355874386165412 0.9992997544312473  738511.6153556901
-0.24121168300070558 1.100999499266581 0.3569709184560536 0.0008561793274550651 -0.007788094949543228 -0.03680320993123591 0.9992918173750717  738511.6153567685
-0.24353112077271302 1.0988147247298055 0.3268701753275683 0.0025120733120090047 -0.004174056648880675 -0.036795171836194844 0.9993109536417141  738511.6153580421
-0.24467509269327178 1.096109685407764 0.30061212759888695 0.0023198506360357215 -0.002779655963642503 -0.03610776589896315 0.9993413436096478  738511.6153591088
-0.2456756717656079 1.092584012332707 0.2708353776523346 0.0008387879728808612 -0.002717645290509587 -0.03481420888147838 0.9993897546496904  738511.6153603831
-0.24694785940330483 1.0900725127735096 0.24377367925450977 -3.474503799222067e-05 -0.003728640237094578 -0.033680866266180734 0.9994256827209937  738511.6153614675
-0.24862394089043038 1.0881279981866987 0.21685568808550323 -0.0009320074210306107 -0.003963583771203564 -0.03284202283022111 0.9994522614423738  738511.6153625326
-0.2513426728180528 1.0863967804044643 0.18365559499644335 -0.0012878500406632318 -0.005249377055120534 -0.031133028083226603 0.9995006353400557  738511.6153637936
-0.25428287580802394 1.0851608107898219 0.15947064063203867 -0.0013818052388929183 -0.005305205242819099 -0.02938080134693431 0.9995532571723357  738511.6153648825
-0.2581819535197335 1.0835678386297447 0.13033213884774747 -0.001277081612314632 -0.005124548588349872 -0.027116464592567946 0.9996183298701166  738511.6153661358
-0.26177760860458943 1.0823805405850446 0.10446700767228428 -0.0007350469141112131 -0.004231999183802683 -0.02556309365571601 0.9996639826120032  738511.61536722
-0.266066512818791 1.0804121459387703 0.0736291060542185 0.00010315541572575163 -0.0030331557062574653 -0.02426179564367027 0.9997010326080326  738511.6153684828
-0.26993809196177004 1.0782798384903496 0.05007880430417355 0.0006229546911790359 -0.002510386435160502 -0.02333087490480589 0.9997244521184702  738511.615369571
-0.273778437391049 1.076038882018429 0.0322926547935535 0.0004978489207877522 -0.0019860613049682138 -0.022392079866178374 0.9997471692714172  738511.6153706429
-0.2790384891210282 1.0731114610675305 0.012389905264611274 0.00038824084576019466 -0.001595821045560582 -0.021261326538476316 0.9997726034544359  738511.6153718976
-0.2799621781227908 1.0716639315605438 0.004716880230793697 -0.00028201059066838364 0.0030525096106969506 -0.021809362195790712 0.9997574477720664  738511.6153729835
-0.26706182988316834 1.069692793866967 0.010230941752920877 0.0020544925061155065 0.001703882270138778 -0.023248026889334982 0.9997261650529632  738511.6153743026
