-0.8093787281735751 -2.763613931635747 -0.03358435152115369 -0.014622270459153323 0.019085835749353377 0.784093613820193 0.6201766884096486  738511.627982721
-0.808425387379903 -2.7640927036879948 -0.032316351537670346 -0.016628747024610015 0.020977962540570876 0.7845968365776401 0.6194281345663901  738511.6279837823
-0.8087482138516349 -2.763779511173011 -0.03199410126139631 -0.01682106294928547 0.02054322012545478 0.7833006172604917 0.6210758173906518  738511.6279850585
-0.8090660781657614 -2.7630483802374357 -0.02492079878722471 -0.01098276494561038 0.01666625445869307 0.7808337096638939 0.6244199970284341  738511.6279861241
-0.8089067275377347 -2.7638907212535693 -0.005003900213155819 -0.008961313310002635 0.012063455911783509 0.780110567996748 0.6254611655370904  738511.6279873808
-0.8100526029638845 -2.7684363986816103 0.01566082245581699 -0.0087529302448219 0.010731149234254332 0.780625198450551 0.6248460035819061  738511.6279884621
-0.8078251150694352 -2.7720177634441687 0.0460277210387906 -0.008456541311046275 0.012328128636503033 0.7815714125758859 0.6236366179094288  738511.6279897228
-0.806495699712741 -2.7744170167258795 0.0728394879875833 -0.01038878792087875 0.013319288432972472 0.7833111289895537 0.621400309657378  738511.6279908058
-0.8040872369140225 -2.7742388268008837 0.10304940653805972 -0.011394083306868925 0.011401173507756542 0.7853465369908245 0.6188465116204194  738511.6279918773
-0.8023178169478519 -2.775379870008843 0.14795114664744666 -0.016061086404280445 0.010131236189424655 0.788305445587885 0.6149909950668176  738511.6279931389
-0.8027555625551325 -2.774346981949569 0.1939737999000042 -0.01708820662518105 0.009734421427144924 0.7891328923035468 0.613907576527976  738511.6279942133
-0.8050610959004234 -2.7724607691969596 0.2493442396009921 -0.018415431199305412 0.011232278117676665 0.7896827898877989 0.6131360364364937  738511.6279954846
-0.8062258419347298 -2.768320460745385 0.2963280254049565 -0.017094116007306284 0.01119535094227002 0.7876380555352073 0.615799276378209  738511.6279965631
-0.8073921339086277 -2.7643079969882 0.3398265117807923 -0.016409449968362078 0.010853424233785597 0.7796613424198883 0.6258922625102143  738511.6279976639
-0.8083950970064994 -2.759271957300771 0.38578644945208906 -0.011913119055557402 0.011808767605209967 0.7643838040236858 0.6445432729835087  738511.6279989167
-0.8079656937415586 -2.753909801656403 0.4232252719919359 -0.009829448456526212 0.010611449082578859 0.7492112595271008 0.6621731402656132  738511.6279999971
-0.8068921097257422 -2.7504545028248604 0.4536556831164866 -0.0068624021227601285 0.009084012790522466 0.7354542846502058 0.6774786958557304  738511.6280012525
-0.8055471031242627 -2.7497231116169716 0.4676129461385821 -0.006743699962225681 0.006024366555005053 0.7267812348571532 0.6868094831741492  738511.6280023451
-0.8044340987351243 -2.749686145981893 0.4794930578568086 -0.005723589416772511 0.006806021624020118 0.7166141233357024 0.6974131607803544  738511.6280035975
-0.8031027761430312 -2.7498080075081526 0.48804624049021206 -0.005475881303989979 0.0076202508183969625 0.7124515062074247 0.7016586048814489  738511.6280046485
-0.8017310697998015 -2.7504595109687697 0.4976161949206696 -0.005034605249130428 0.007224075403045611 0.7087851286693563 0.7053694825137538  738511.6280059158
-0.8003388612058852 -2.7516406475945856 0.5051599286972673 -0.006663423727448193 0.008384430764496825 0.7066090538873617 0.707523105678812  738511.6280069865
-0.7989952555251689 -2.752374138819575 0.5142300037472142 -0.009518050247460602 0.007652969229089546 0.7063698117121042 0.7077376123135408  738511.6280082737
-0.7980417291059202 -2.753154472841744 0.5206390841853579 -0.014595978424431723 0.011448374698352895 0.7061041923185261 0.7078649318343165  738511.6280093525
-0.7981388115480806 -2.7467493640060963 0.5257562076800598 -0.03976428497202825 0.03641128905940322 0.7051138762833288 0.7070413291614532  738511.6280104141
-0.7984158307852226 -2.7088453088194275 0.5283024906017899 -0.06815990070029626 0.06648524663353371 0.7029250841719774 0.7048618772202271  738511.6280116715
-0.7979398523378144 -2.6453044358220565 0.5258274668737589 -0.08661797868382465 0.08370258600321345 0.7016239282053627 0.702292721188807  738511.628012752
-0.7985422765039786 -2.548697293300001 0.5230879471062679 -0.08405658335605909 0.08059825921357587 0.7021233424788613 0.7024679518330774  738511.6280140289
-0.7985097053163062 -2.4606526836524973 0.5243568017424892 -0.06648817266317311 0.06324801873511354 0.7034192084606713 0.7048265234726611  738511.6280151078
-0.7980226405237137 -2.352412694031396 0.5313807589897575 -0.045856200009068544 0.04341948514359154 0.7042906590609971 0.7070973234216208  738511.6280163554
-0.7981214887903755 -2.2668843247822976 0.5391190650028261 -0.0334624177829355 0.030274432722204134 0.704753905744749 0.7080152947902966  738511.6280174425
-0.7977164893461478 -2.1671063750375277 0.548397221226669 -0.026706386996122614 0.023715992245268932 0.7042188500599533 0.7090840090043442  738511.6280186909
-0.7970607847136297 -2.0865404357919504 0.5545165423667046 -0.027540176469161758 0.024887807071272562 0.7037207247298479 0.7095063617226616  738511.6280197798
-0.7960256931603858 -1.9888992574804378 0.5582386502948905 -0.02442542914646147 0.022435225063930454 0.703444940648 0.7099755450464994  738511.6280210214
-0.7948783792862227 -1.9098316738287107 0.5591556975044323 -0.02898991146721712 0.02670090041477984 0.7029170360021879 0.7101790530901779  738511.6280221138
-0.7934922542417479 -1.8198649745271152 0.5589255338906022 -0.028508872744275455 0.025854455901917726 0.7026428678356064 0.7105010848440847  738511.6280232182
-0.7920060265368237 -1.7209409621443588 0.558188207479472 -0.028686494908892014 0.025640931905511477 0.7025726633109672 0.7105710945352289  738511.6280244268
-0.7907190613896806 -1.6413630359904738 0.5573757166364015 -0.026064182597778835 0.02256865704255771 0.7026970062973517 0.7106533834757595  738511.6280255191
-0.7891644662397532 -1.5456595650423568 0.556024379029562 -0.02742774434736972 0.023790350519250356 0.7023989882528455 0.7108568065113857  738511.6280267797
-0.787843136655287 -1.466876620907233 0.5542745777869441 -0.028117257614824382 0.02428907468993065 0.7023396727550091 0.7108716091878444  738511.6280278584
-0.7864150038474536 -1.387029942095818 0.5527143705764829 -0.030431291461213896 0.026275738170878735 0.7026395700906289 0.7104091473414699  738511.6280289195
-0.7848325939413751 -1.2866262612689707 0.5514197697445684 -0.034837876418330506 0.029412289276841974 0.7028716473599141 0.7098539898765922  738511.6280301859
-0.7836720783620483 -1.1926211058331415 0.5515595069287826 -0.034447390595404206 0.027631703455384845 0.7030039071719 0.7098136183156563  738511.6280312581
-0.7824785898906003 -1.0982028117270406 0.5528502445065469 -0.0310910931043349 0.025192606826410772 0.7026831690830662 0.7103766890729498  738511.6280325132
-0.7807535384840113 -1.0068208252944197 0.5544268045157065 -0.02560204004535844 0.019828365016639933 0.7022174385637334 0.711225731018832  738511.6280335995
-0.7791569113002891 -0.9171732026136532 0.555305782106865 -0.026517748333477857 0.021358962559913555 0.7017342958111934 0.7116246073767089  738511.6280348202
-0.7769402182986582 -0.82862807601589 0.5557193434423552 -0.023753028208558947 0.018647514555561767 0.7012403509413708 0.712285079208772  738511.6280359153
-0.7746112171810604 -0.7316216973767389 0.555467526716877 -0.027548424282174303 0.0229802443388453 0.6988801616423266 0.7143385138381465  738511.6280371547
-0.7720773102511927 -0.652331350255569 0.5547138739651122 -0.024922125977515083 0.021439055516226716 0.6959849152971451 0.7173034589447891  738511.6280382616
-0.7686778625834649 -0.5650560436527945 0.5533583172761614 -0.026931792270629386 0.025283595787458448 0.6894194118184866 0.7234198593880321  738511.6280393547
-0.7639246202448189 -0.4765149572975081 0.5515611222701813 -0.026797818803392704 0.02856345443474906 0.6800277584917103 0.7321395042332266  738511.6280405921
-0.7571964877817406 -0.3863672855417831 0.5497687417933943 -0.026651155355944218 0.03163840178872272 0.6707995481726962 0.7404840941044957  738511.6280416745
-0.7469891294118741 -0.2862171766622449 0.5484729913148252 -0.025080401065219415 0.03346190396995908 0.65912141578834 0.750872981078882  738511.6280429161
-0.7360109610552974 -0.20363911913268098 0.5480071803761315 -0.021813974188532585 0.03310340083757189 0.6498631733591055 0.759016581699453  738511.6280439842
-0.7213557108333407 -0.11442467610978889 0.5474525787247809 -0.017582523993984613 0.030770756035692688 0.6397229371838921 0.7677881081807709  738511.6280452318
-0.7038351173416587 -0.02597407418110907 0.5464515398840065 -0.019799427302316236 0.03525248356726491 0.6278918228279414 0.7772497049897447  738511.6280463017
-0.680543120379363 0.07195917243183401 0.5447889992102032 -0.017995153426674133 0.03468820214994863 0.6172750739535959 0.7857762952395151  738511.628047585
-0.659232453419684 0.15211327020504214 0.5434951433319624 -0.018489261851294122 0.034779982132164336 0.6109925827647231 0.7906557808841808  738511.6280486628
-0.6314923477718237 0.24926570070441778 0.5418041944362515 -0.018969635457043253 0.03217850970311351 0.6063271086209996 0.7943375439919809  738511.6280499189
-0.6078249460578531 0.328268699744546 0.5405100969015101 -0.01995768858867955 0.029941411920962575 0.6049969144346942 0.7954143172227137  738511.628051008
-0.5816622936591488 0.4153694703414505 0.5398489107708903 -0.022025415901343225 0.027072619425980698 0.6069540283901863 0.7939702524356399  738511.6280520824
-0.5537313898646355 0.5110022197451982 0.5393075536910158 -0.025468266929302315 0.02464898882265078 0.6135386118374937 0.788868915925935  738511.6280533648
-0.5322817589677782 0.5896696460947345 0.5389049138422382 -0.02902044935179167 0.022323525502593197 0.624425801295688 0.7802255394466354  738511.6280544372
-0.5091410203503335 0.6866371949040988 0.5374584463307254 -0.03369412984920277 0.019192930518823138 0.6437801396490331 0.7642273672312946  738511.6280556965
-0.49382700329857704 0.7666113161231233 0.5363594677165117 -0.04042463488892559 0.01461972463647808 0.673594076655404 0.7378503455582334  738511.6280567925
-0.48415723783222686 0.8472242768113781 0.5354660854696341 -0.047941742635095 0.009017056738017741 0.7103548445921974 0.7021511779989327  738511.628057851
-0.4832327722245885 0.9459735511336874 0.5335720387937293 -0.05871358381847197 -0.0008750515466742162 0.762117634661196 0.644770238378297  738511.6280590987
-0.4939800757615543 1.0324969439438545 0.5296962121900249 -0.06328233277169888 -0.01665813258497785 0.7984259598505615 0.5985263900735397  738511.6280601694
-0.5201623996469025 1.1128658455744433 0.5238096927295709 -0.07089901928926431 -0.019468291141309487 0.8192652258019141 0.5686816372062637  738511.6280614143
-0.5561901834394077 1.1920548507402944 0.519823126256837 -0.06906734215726457 -0.017210504052030343 0.8464695102197918 0.5276579091285113  738511.6280624901
-0.605170263227038 1.2779624435626202 0.5197134934645311 -0.0726564179332648 -0.010023049538339332 0.8886239083413622 0.45273406425315615  738511.6280637642
-0.6534230846226371 1.3465174289066726 0.5206990455018458 -0.06728961231826416 -0.020513842224590302 0.9355022336776438 0.34624682111953226  738511.628064838
-0.7144423419280138 1.414431218326997 0.520281919488915 -0.07346289969312396 -0.045735811901262496 0.9824997215098652 0.16494161121878154  738511.6280661153
-0.7742135501517282 1.4461658438670477 0.5142566100801769 -0.0956024549194749 -0.08545625912255844 0.9912252280660557 0.03209276609368012  738511.628067168
-0.8425256167903813 1.4462112304520858 0.49977968761883573 -0.09700980824151981 -0.1089210917312559 0.9879020723801676 -0.05267625905457944  738511.6280682675
-0.9281179284148899 1.415206692177333 0.4782991099873842 -0.08451211809298585 -0.10950839696323879 0.9864911595920876 -0.08775423030622213  738511.6280695102
-1.0011415055327952 1.3735696325565405 0.46753296101257225 -0.07567718368914961 -0.07735072750899076 0.991332959237326 -0.07449021917322197  738511.6280705718
-1.0951351814001191 1.3301839498914478 0.4698715954347555 -0.07132339652482594 -0.020612657597142904 0.9965857347772624 -0.03612429505761481  738511.6280718433
-1.185914940487453 1.3111430986220398 0.4797671167889628 -0.06993499846605054 0.02626142558419426 0.9968095252935418 0.0281105638489027  738511.6280729176
-1.2769182585301089 1.3145599823841796 0.48891904363811073 -0.06709053853025736 0.06082889790290105 0.986326698144312 0.13768932183498425  738511.628074168
-1.3610583460909067 1.3428960142398303 0.4958459987698256 -0.059735500686800835 0.09589463147267134 0.9609209737952058 0.2527187601522516  738511.6280752469
-1.4392975389022848 1.4053834124463618 0.5009269171023343 -0.054593584631334874 0.11259315315802991 0.9322697598158923 0.3394339660550374  738511.6280765045
-1.4931244486200699 1.4763849358850283 0.5055825560063745 -0.04198212184916031 0.10832184786757264 0.9209644718139208 0.37192515426642314  738511.6280775635
-1.543833498548498 1.5645266855969662 0.5140304823560197 -0.02596224047063833 0.08048021015929209 0.9212591334465062 0.37964523819462487  738511.6280788216
-1.584691486858928 1.6447642422968365 0.5241580169035687 0.01242473266433861 0.032832661191303916 0.9216245529945883 0.3864916890372186  738511.6280798959
-1.6117011914698234 1.70543502922661 0.5314338214992609 0.04658165463018439 -0.010157428706237502 0.9165198534816805 0.3971376767166657  738511.6280811464
-1.6203236938905463 1.7317748397960757 0.5334142924709667 0.06363563920947377 -0.0347598157608123 0.9111200556803266 0.4057123423902147  738511.6280822367
-1.619094730863707 1.738631466122625 0.5315017530566771 0.0657160805106416 -0.04618416828454042 0.9069191312850435 0.41357721004833675  738511.6280833154
-1.6116040170100439 1.7312370329005211 0.5248616124151289 0.043930164405446115 -0.03665558863015019 0.9046986094213342 0.4221930063236385  738511.6280845643
-1.6037554603060136 1.7210009762107235 0.5114935198302689 0.01889255091632242 -0.02305002071106849 0.9023568746866433 0.4299579500030756  738511.6280856512
-1.5976655578048238 1.7119147136653783 0.49087643086636196 -0.006670714870167074 -0.004911233073231506 0.8987847263496259 0.43831198595686327  738511.6280869086
-1.595793179231739 1.7102701454617781 0.47448025983426295 -0.021403368114775213 0.004916765576261558 0.8955516027946945 0.44441540025236  738511.6280880012
-1.5966678602018327 1.7144568916345784 0.45096496644868284 -0.02493087216138075 0.010364096938139358 0.89180185028647 0.45161985887863515  738511.6280892537
-1.5976086964365066 1.7202398791340812 0.4253818917393755 -0.024136886279564725 0.010850690878430783 0.8888329797144373 0.457466509594028  738511.628090317
-1.598177358596104 1.7282427205366826 0.39263016705363285 -0.019720496675779044 0.008048174083975602 0.8847440937086133 0.46559018197605845  738511.6280915635
-1.597942894312596 1.733699425446007 0.3682920310366379 -0.016040134173013105 0.005589876933129463 0.8817694600179121 0.4713746776729782  738511.6280926488
-1.596850716140521 1.7375744261500163 0.34559052625779435 -0.012823368901566316 0.003201349126644575 0.8786399032917425 0.4773020353164873  738511.6280937286
-1.5950070317692717 1.740449610133273 0.31480427743503886 -0.011843611180926153 0.0016818324244048783 0.8746214286533631 0.4846589077425912  738511.6280949955
-1.592577622720596 1.7420561019333012 0.2859651364785403 -0.012133439434029272 0.0013860587037381818 0.8710111470921643 0.4911114335158189  738511.628096077
-1.5898767083080838 1.7432597647304777 0.2577941522517559 -0.01364408199555075 0.001973558444816618 0.8673196438267561 0.49756062899489195  738511.6280973258
-1.5881800532491213 1.743936206326722 0.2362437421082218 -0.01519046343507161 0.0029246742238178297 0.8640931680641611 0.5030941194310997  738511.6280984147
-1.5864586040338977 1.745285047863278 0.20581694581531218 -0.016348322254546552 0.003842485048044322 0.8604581959074087 0.5092442054298553  738511.6280996768
-1.5853907502534352 1.7469214435852836 0.17889469549674344 -0.01660314017669652 0.004571763346959243 0.8573583851086798 0.5144317585452995  738511.6281007553
-1.5840910988111205 1.7489979917793328 0.1507736577256336 -0.015816750318902836 0.00498759511479825 0.8539316480827697 0.5201208462530273  738511.6281018386
-1.5826646613643707 1.7511574971363686 0.12327029853829465 -0.015409089073532509 0.005237912095284398 0.8502929857141118 0.5260579461391941  738511.6281030907
-1.5808574670878197 1.7536785641895365 0.09405201415530152 -0.01573649679267532 0.005391171689426908 0.8469516851047401 0.5314095793592271  738511.6281041575
-1.5791837349974913 1.7563647647022962 0.06429802686564182 -0.015974234339015007 0.006916933325038183 0.8439134954615459 0.5361967848174162  738511.6281054168
-1.5768637319287617 1.7600022399952207 0.03916292582085818 -0.016214553402156776 0.006417597637889996 0.8405961876194367 0.5413815217184604  738511.6281065161
-1.5745851091235123 1.764043722741283 0.014048752198688733 -0.017895870645905667 0.008784226724931272 0.8367276224551784 0.5472563028373217  738511.6281077778
-1.572638097118643 1.7688782740130464 -0.0067670739359203015 -0.01818889274562224 0.005498143304807021 0.8342876148798987 0.5510019149321516  738511.6281088768
-1.5741017594530002 1.7714312803747843 -0.02843275586494157 -0.019467848398098484 0.0021795759132393114 0.8311132764839481 0.5557580174677678  738511.6281099531
-1.5767700798919049 1.7756829839876134 -0.03716694487375142 -0.020652132160239676 0.004905368294081586 0.8273154870837884 0.5613363622913177  738511.6281114372
