-1.0250334328315878 -1.9242093184457676 -0.005411339735023075 -0.030309460646441536 0.049556634546442956 0.7177673441599373 0.6938555442059552  738511.7315057775
-1.0251339214676172 -1.9241594494606213 -0.00499539448967048 -0.030841824119508643 0.05133108405151171 0.7168969202771102 0.6946025535457473  738511.7315068621
-1.0247228364771455 -1.9244653757478398 -0.003910530384437784 -0.03774951457892123 0.053320055423244625 0.7165517515003232 0.6944678057768676  738511.7315081178
-1.0235879977253672 -1.9214670318999867 -0.0012884116280969086 -0.02298545347981409 0.0396363933872197 0.709471378897681 0.7032431924822338  738511.7315092015
-1.0209972362235553 -1.9152652223314253 0.006509873278817462 -0.020384629852003906 0.030377712456336838 0.6882453485022082 0.7245550370515625  738511.7315104578
-1.0182186603043961 -1.9078571382206815 0.022093276617125804 -0.012346391657651518 0.030094929755589927 0.6683795364493365 0.7431087787610992  738511.7315115418
-1.0136479887142653 -1.8998110901588499 0.04424605385433665 -0.00839567044592164 0.023682378487873867 0.6526582828282632 0.7572356459666855  738511.7315127797
-1.0072510333392608 -1.8930082431710407 0.07009641577900397 -0.009422160746740859 0.026620095930238296 0.6433695099430954 0.7650348142765195  738511.7315138645
-0.9992746441386195 -1.8874988202891156 0.09662308039757374 -0.015864088300076306 0.02239091493687634 0.6403633113902986 0.7675817917694169  738511.7315149561
-0.9896061415418864 -1.881097061141851 0.1341850770477299 -0.015966735948321625 0.014857028637560011 0.6387668023341632 0.7690912197386  738511.7315162148
-0.9823938253600624 -1.8769381397254705 0.17035687110554365 -0.023669067051390904 0.015657567753780282 0.6385478283496938 0.7690587017561419  738511.7315172852
-0.9757640588961767 -1.8716786027115433 0.22284365616812607 -0.027400648151912572 0.009826487651351992 0.6387051037579553 0.7689007966277785  738511.7315185345
-0.9731202462041887 -1.86723625720714 0.2702189306311238 -0.03070531471528586 0.009161426099647636 0.6401549134904635 0.7675773177042644  738511.73151963
-0.9731752663112946 -1.8616041431515176 0.32857690554669633 -0.028834752559845998 0.009212312100841655 0.6451095784272521 0.7634902240186067  738511.7315208816
-0.975932959343011 -1.856122519894474 0.3756805503673912 -0.02616361734450263 0.014262915712646854 0.6488322036477921 0.7603478190094152  738511.73152196
-0.9792049467437726 -1.8510327121412653 0.4106748076834121 -0.021074890282320295 0.011702510325119563 0.651530653192785 0.7582392156845106  738511.7315230533
-0.984049627282876 -1.8456520279427375 0.4418958159241759 -0.016901424127349022 0.01667109151887459 0.6534199430289894 0.7566232844831232  738511.7315243143
-0.987554470641541 -1.8420209755697483 0.46199634337776935 -0.011554655348239516 0.01807781675151718 0.653689681412599 0.7564585136648122  738511.7315253834
-0.9906987550700711 -1.8385130773456528 0.48144469012624846 -0.010569553905438626 0.018001361236383448 0.6532855031499898 0.7568238149648451  738511.7315266348
-0.9922772346029917 -1.8364520800212485 0.49290910583428804 -0.008028624702594273 0.021740009987961863 0.6522030961890736 0.7576899329359565  738511.7315277187
-0.991827210211125 -1.8350589196657696 0.5026765684179707 -0.012471187238057357 0.017711620105607232 0.6519514573508721 0.7579512288136896  738511.7315289824
-0.9906261953969553 -1.8342692330021892 0.5086649288804104 -0.01420505050127752 0.01793880646090007 0.6531917749822085 0.7568466957439972  738511.7315300507
-0.9881444618266748 -1.8340377631445792 0.5136515497395349 -0.01669221924322061 0.01398367360082274 0.6550234920938335 0.7552946785821819  738511.7315313088
-0.985890658700476 -1.8340470728642506 0.5181221133197549 -0.01840316060284754 0.01549587624378303 0.6559645251178021 0.754408207329586  738511.7315323928
-0.983848977359521 -1.83409062975203 0.522169164681481 -0.019106933782210154 0.014473627209923963 0.6575685881636598 0.7530132741574226  738511.7315334814
-0.9821682510359864 -1.834278836377977 0.5256256666250025 -0.028329926750481616 0.030580014044057184 0.6567074498915109 0.7529924323978073  738511.7315347577
-0.9803828759684412 -1.8319190440054496 0.5282200758694491 -0.07658584881665888 0.10520876075364714 0.6504128466563993 0.7483507555458423  738511.7315358472
-0.9714311550816245 -1.8059741886420455 0.5297509948292606 -0.08176752028125314 0.09194938571390562 0.6543974665802631 0.7460719394449999  738511.7315370857
-0.9611308100112071 -1.7678586668874707 0.5299224295204338 -0.07355257754041834 0.08747463645619696 0.656503961933591 0.7456143468841753  738511.7315381817
-0.9451029485701135 -1.7046346975175888 0.5292240151004443 -0.05426574788450359 0.055513523896840083 0.6637126324680283 0.7439482635059044  738511.7315394195
-0.9309343165810994 -1.64565275799871 0.5298367037195741 -0.03946197282947024 0.037521357191097934 0.668656668279052 0.7415747841053538  738511.7315405572
-0.91420737248374 -1.5714710667185334 0.5331609004036951 -0.022553169916207594 0.01763484536804824 0.6722427096039925 0.7397770651621055  738511.7315417482
-0.9000230883739272 -1.50663999493326 0.5375968026139948 -0.025572058691763603 0.016497434632403087 0.6738934450651344 0.738201550501663  738511.7315428205
-0.8886366036067564 -1.4501831089011532 0.541996845002692 -0.01849864337099633 0.003774309755988859 0.6771356859916071 0.7356159443187553  738511.731543928
-0.8773020010924415 -1.3866445259414746 0.5471535260839628 -0.02753580153457925 0.018655755764267788 0.6802220673274744 0.7322511055173966  738511.7315451879
-0.8693787608332385 -1.335956880132389 0.5513544388563836 -0.02943574429510349 0.02313182831758824 0.6829931470964331 0.7294647465750412  738511.7315462731
-0.8615520895579847 -1.2745132800540777 0.5545676035792996 -0.03570043376967 0.03155299551826263 0.6858158261289711 0.7262138391228294  738511.7315475938
-0.8558383176657701 -1.2227594883505417 0.5555615119586261 -0.03430814237087597 0.03794750528432801 0.6868814266987414 0.7249667881124329  738511.7315485631
-0.848551034993612 -1.15707975928501 0.5554317704337965 -0.02265990549993697 0.02452745616925075 0.6865109360179519 0.7263523024706091  738511.7315498053
-0.8427015883127885 -1.1047226730529696 0.555073012679204 -0.01819435790814008 0.026360737421171183 0.6847216274870525 0.728100521710021  738511.731550891
-0.8344518627258389 -1.0426218677679853 0.5543350095730559 -0.024129900444862688 0.028899440578212098 0.6822994080651905 0.7301027927577582  738511.7315521528
-0.8271183178736679 -0.9921276598093051 0.5533453256377788 -0.024449734248621163 0.030991499150077383 0.680047599151785 0.7321045009856828  738511.7315531956
-0.8172891039220979 -0.9310900928675728 0.5522376719668162 -0.0392218759200857 0.047739584788466606 0.6608282993963904 0.7479896625023696  738511.7315544797
-0.8075062308434603 -0.8710746059748452 0.5517868240918815 -0.07442195494180479 0.09699001655434417 0.5919212819679168 0.7966702613157379  738511.7315555444
-0.7946422521053222 -0.8033322011890719 0.55038376353697 -0.05251436789432827 0.0932578869249791 0.5255429980027234 0.8440081545466587  738511.7315566244
-0.7702177041637127 -0.7091774450752397 0.5484033062596271 -0.017144136003956832 0.09447314136562776 0.44002530950349966 0.8928374046586184  738511.7315579172
-0.7357741437240036 -0.619994612033626 0.5476235066029964 0.028476420376159307 0.08369393512142459 0.3664963944085821 0.9262099176709133  738511.7315590023
-0.6828643361733717 -0.5299211572432274 0.5467989446388978 0.0569058370722301 0.06978063845311332 0.2926114368561817 0.9519826338884263  738511.7315602605
-0.6299601601017181 -0.46791933041602757 0.5454327056595744 0.06995386380801123 0.06551100026389509 0.2331496842109963 0.9677065622052312  738511.7315613456
-0.5701951658731474 -0.418684016953909 0.5434214132724874 0.05400058564092145 0.0762217320168292 0.17860957462815588 0.9794757802875687  738511.7315624421
-0.478656742230417 -0.3667902452229571 0.5417414699873211 0.04672350103866197 0.06298312633952356 0.10514071054911538 0.9913604143965085  738511.731563735
-0.40410937991861656 -0.3369818341821547 0.542109345951503 0.05197508191648704 0.04479440343627976 0.04949939209221976 0.9964145033383762  738511.7315648202
-0.3286848503958401 -0.31590996590715537 0.5433451233957155 0.05242665115609943 0.03810365698493205 -0.009125706986195916 0.9978558408131575  738511.7315659283
-0.23666442043248828 -0.3015906904324661 0.5447111663345355 0.04905589758134178 0.048895405023472345 -0.07518090715631189 0.9947615741871182  738511.7315671865
-0.15168200001859436 -0.2982318933759485 0.5457818377275269 0.0570182623009134 0.03551552745668503 -0.13628668727478319 0.9883893483568725  738511.7315682947
-0.0772572578188535 -0.3037317281351345 0.5467163202285569 0.06131035457866422 0.03509786543418039 -0.18872845406352493 0.9794849416352426  738511.7315693797
0.018434947274981812 -0.3239258920293487 0.5473537819976116 0.06646900089409377 0.026560485542964214 -0.2531858758985034 0.9647659430003583  738511.7315706726
0.0857791963156024 -0.34855472014963146 0.5469478658731176 0.06639978377603016 0.01797419711114278 -0.2942911623175736 0.9532369635796116  738511.7315717806
0.1477505788708236 -0.38008351696182363 0.545969201104463 0.06869996952250698 0.011766028825304732 -0.3285619358799386 0.9419070702803519  738511.7315728659
0.20939617525986665 -0.4223820127605767 0.5437978847760866 0.06723710863149446 0.029689770551969672 -0.3437696596968642 0.9361731195774371  738511.731573974
0.27268596893611635 -0.47799584250152977 0.5406970653777349 0.05145365636720255 0.013428912706835543 -0.3303867197291041 0.9423464336307537  738511.7315752436
0.32457379624204397 -0.5328352322176804 0.5353947973475677 0.03981644671381468 -0.004730757313976204 -0.27140779159290634 0.9616288687269032  738511.7315763518
0.3689096462873685 -0.5892260288300459 0.5230174373396602 0.009854243761068826 -0.03119560965837098 -0.15281608642673514 0.9877130005964064  738511.7315775984
0.40188582720115085 -0.6426936886830724 0.4992699799347173 -0.01380011667189994 -0.0018972495992539303 0.02217796587739911 0.999656988698294  738511.7315786835
0.4264634375256431 -0.6873801020612015 0.4678649765779677 -0.03038053255402671 0.06988256600547356 0.20813096368921744 0.9751281721722648  738511.7315797916
0.46531914668588276 -0.7327093193733261 0.4243477211372924 -0.10788583583857853 0.12447109455231542 0.40472461235932267 0.8994807286412287  738511.7315810614
0.5118561306449988 -0.7425705080687105 0.3914027052480546 -0.17806863232238543 0.17610719325303162 0.48952033286801433 0.8352530528984392  738511.7315821695
0.5625697302314182 -0.7059415441985691 0.372440338749293 -0.21330006386609354 0.13730931152642614 0.5156831764813701 0.8183642814889611  738511.7315832545
0.6166492266550379 -0.6007466736704663 0.3696860784867808 -0.11137513502048828 0.062076649440517204 0.5310412938351843 0.8376975666284704  738511.7315845474
0.657638164914615 -0.4828551464610612 0.3823684338073161 0.054435924510613035 0.02070833637229466 0.5508976561683212 0.8325380876306002  738511.7315856443
0.7009737842720761 -0.3898996574111505 0.39657237663512207 0.160708034218934 -0.1336279402861329 0.5668798817414662 0.7968460961748842  738511.7315867178
0.7461820204175684 -0.3337142429030864 0.40005658484146894 0.21249977973567322 -0.42554504588448566 0.4145437962816804 0.7758277505347654  738511.7315880099
0.7400967704728865 -0.3519442464613018 0.3599093383125456 0.23435734053494667 -0.5688139067214065 0.164376097603587 0.7710433677779313  738511.731589071
0.6365735728669177 -0.43130747024376725 0.22187293345159564 0.143468181288856 -0.4578725115831915 -0.21623670203275705 0.8503007307936203  738511.7315903208
0.44227383264695314 -0.49940708673066597 0.06297987324868837 0.06053948206954191 0.09896319251886758 -0.4520036284295811 0.884439923072064  738511.7315913937
0.33991424083597266 -0.5509484140302098 0.04419371894599829 0.3459065917098592 -0.2861834581862238 -0.5392312434772122 0.712514788709864  738511.7315926427
0.2210232176512416 -0.5985067320644873 0.11540094607648682 -0.1402521353512228 0.454644427842147 0.8339703887105843 -0.2795016520799585  738511.731593725
0.07439044891889778 -0.565443947417767 0.14624394556963238 0.10735040287435899 0.22965383232667658 0.9582882851305526 0.13197943355662742  738511.7315948198
-0.04652144792488209 -0.48086096590688476 0.19304041735026198 0.21749482713423593 0.048551005174026836 0.8166239387588761 0.5324135072595171  738511.7315960793
-0.09386282633291136 -0.4361799314945371 0.23862978024091033 0.34053541468215515 0.07512415248876239 0.5993367859871408 0.7205466050316953  738511.7315971418
-0.08463601541922618 -0.44225608271967437 0.27464643659985816 0.554021045805751 0.01746297747973412 0.2310643446631187 0.7996030226601497  738511.7315984227
-0.04464959200439626 -0.5510675859508228 0.24548325851064443 0.5556704487821693 -0.17208660878427995 -0.1920928393179412 0.79039034186288  738511.7315994969
-0.07687164203782926 -0.762557562123258 0.1444341874692687 0.1489208536615668 -0.24128444540968783 -0.6649655095408835 0.6909596709425831  738511.7316007674
-0.16157808652373576 -0.9102853231048958 0.06629783110154314 0.28233824943295877 0.0678350403511272 0.8648784028594734 -0.4094738922995456  738511.7316018412
-0.20039538979594113 -0.986210579172158 0.0225529078217752 0.10852900456831494 -0.16471783842121257 0.9176301007894156 -0.3450282408708902  738511.7316029166
-0.24287723910129078 -1.076061181432233 0.05858398048027203 -0.4990202216327046 -0.1581566984680762 0.782707251037297 -0.33665209980774286  738511.7316041678
-0.34268159075700405 -1.2139469015324025 0.05355725718286204 -0.6835692330474915 0.15086751909699964 0.6970982277497509 -0.15500372956976602  738511.7316052314
-0.5806382936672254 -1.3660737191786032 0.012717857009130347 -0.3407099486059485 0.36761087634714557 0.7972093515819461 0.3365059052416595  738511.7316064968
-0.7739793112429967 -1.4056645297500754 -0.007310410454091389 -0.01145060937416774 0.006446395203109511 0.7251079412744673 0.6885098409133664  738511.7316075808
-0.9064124999593912 -1.3780846019703272 0.03806540406407794 -0.316786216800163 -0.5478110528972423 0.7534325184489915 -0.17857486752806276  738511.7316088255
-1.0290716646473543 -1.3943550059006846 -0.011496775568347176 0.1337411128091964 0.2467820070739844 -0.47461896571520984 0.8342354542408984  738511.7316099007
-1.135071392147286 -1.4199575561782314 -0.027701320606318167 0.03769899035403567 0.08183982940079014 -0.016331674723678823 0.9957983253905661  738511.7316111701
-1.1982109020850547 -1.4411999868777283 -0.030938967866636916 -0.010357609172049672 0.04572960064775742 0.3704356984509087 0.9276739280965177  738511.7316122463
-1.2295121361253536 -1.4505715889836832 -0.03269669244640677 -0.021551460754705813 0.046037944957486435 0.7089457887025197 0.703428682130884  738511.7316135034
-1.2409288116585706 -1.4464024303891536 -0.03347589691364979 -0.02366598120239272 0.03705960435736439 0.8143616612109132 0.5786895470011579  738511.7316145815
-1.2411302999399556 -1.4468674974838085 -0.033551317532361596 -0.02852608676817829 0.038432661982369436 0.818976257803245 0.5718278429923084  738511.731615645
-1.241266173525655 -1.4466736230008428 -0.033506797753789674 -0.025686408784603983 0.036806307823309785 0.8191536095300166 0.5718154143621096  738511.7316169173
-1.2412677819672187 -1.4466024810161806 -0.033475134725788475 -0.02551879792522861 0.03644989077264789 0.8189461262840746 0.5721428481239821  738511.7316179983
-1.2411677497426266 -1.4464310943679937 -0.033406028542582435 -0.02387168636804682 0.034544188124739625 0.8181506770026321 0.5734686664298957  738511.7316192513
-1.2412408932124586 -1.446775260506168 -0.03353529370864817 -0.026046483464906754 0.03748507010083792 0.8187081435676846 0.5723927199699549  738511.7316203947
