-0.8486211947157715 -1.9030892850843302 -0.029772447589077496 -0.008153423469025369 0.005051665136454415 0.47143484138939634 0.8818487357190227  738511.613473938
-0.84886351923681 -1.9037111155531488 -0.0292576267719453 -0.00897474097437118 0.006837454616223499 0.47117227224322733 0.8819690431687317  738511.6134750269
-0.8491997412840292 -1.9044939138760282 -0.028360918389064304 -0.01105463791048175 0.011317047187406677 0.47043445039490084 0.8822931186999442  738511.6134762666
-0.8482854587208395 -1.9027683697338342 -0.025279568606500404 -0.00905042239293766 0.010326433206828677 0.46985636583690193 0.8826360802246155  738511.6134773929
-0.8458912975000232 -1.9017150669377492 -0.012622334657543487 -0.006352256623351911 0.007183030331615597 0.4709137927146706 0.8821271182443777  738511.613478593
-0.8435846358975294 -1.9020600479252798 0.006049928271605452 -0.003207318096730469 0.006196688075537325 0.47274002531364206 0.8811743202306669  738511.6134796927
-0.8402142197914048 -1.9032273542158291 0.031081031650094355 -0.005405136745131631 0.004198490041455384 0.4756257029063847 0.8796211388506677  738511.6134809429
-0.8372505463441005 -1.9036068070877505 0.05625542913327463 -0.00519574828384487 0.003709772243608424 0.478956948680498 0.8778151759341704  738511.6134820499
-0.8339739408442854 -1.903965885661937 0.0878457854502439 -0.006213910053889956 0.0009400187919746177 0.4819446095123239 0.8761791466638125  738511.6134831305
-0.8319964332587267 -1.906498688299142 0.1301658872945904 -0.006503697371267254 -0.0035211079505146066 0.48164627566476165 0.8763345073986122  738511.6134844032
-0.833451224568544 -1.9103908846094837 0.16920276983877944 -0.007979396342659569 -0.005774395899768182 0.4789482728645515 0.8777878658913341  738511.6134854765
-0.8367191852404112 -1.9157887004129772 0.2226390339211191 -0.008878746458696157 -0.002775949842914547 0.4751560730259116 0.8798523559270535  738511.6134867403
-0.8390604746245335 -1.9185074529124666 0.2700048840645641 -0.010106216356835163 0.0022301278416608466 0.4768486517971949 0.8789244872000986  738511.6134878193
-0.838819032678291 -1.919073697250689 0.31617847153515816 -0.009871542539296497 0.007100199453294627 0.4971467706111518 0.8675812516914604  738511.6134888903
-0.8355224521032071 -1.9182428187676894 0.3693462649392941 -0.011539363524095405 0.009286778993056464 0.5456797881610298 0.837862857285085  738511.613490153
-0.8311417767459658 -1.9150925759321353 0.4088239749917108 -0.013055755105097603 0.0115295471254291 0.5965091574401907 0.8024172492486138  738511.6134912318
-0.8264656362699484 -1.9099541996506018 0.4381624438447035 -0.014804585533812755 0.008509100772972908 0.6399364437268675 0.7682380929382617  738511.6134924842
-0.8229400438353075 -1.9039056726966432 0.45669497123067965 -0.015672640908800356 0.004265178433382143 0.6724363690649384 0.739976692969878  738511.6134935562
-0.8214983347017816 -1.8976393259758433 0.4695599288486868 -0.015583765484753428 -0.0003788354849362055 0.694579585200568 0.7192469691000434  738511.6134947964
-0.8218770328075284 -1.8923306383166607 0.47923246942596903 -0.013914089624151204 -0.0038926409455251796 0.708777313005684 0.7052843157371663  738511.613495869
-0.8239985689770216 -1.8877760198680935 0.4888065422927768 -0.01112963549247615 -0.00581215292135402 0.7178664880719071 0.6960675652517719  738511.6134971413
-0.8261845343741067 -1.8856937311258266 0.4964115396517334 -0.008737626512886953 -0.00617947546372539 0.7220798175610489 0.6917269728996528  738511.6134982215
-0.8288657215928973 -1.8843632420382403 0.5047265913806601 -0.006564303811369993 -0.00460671470212665 0.7248399551992113 0.6888706173454712  738511.6134995065
-0.8301973664523594 -1.8851738925595314 0.5108911657641034 -0.010761509798280196 0.002306698712411373 0.7260762934796599 0.6875260613931304  738511.6135005598
-0.8312491271317187 -1.8780156853081564 0.5163509048314787 -0.03648709939210203 0.029356717603767336 0.7263679109648213 0.6857087812111531  738511.6135016512
-0.8323943998673754 -1.8374437006189082 0.5194489856304387 -0.06318029172381942 0.05797510928222065 0.7258066750453589 0.6825333749356206  738511.6135028895
-0.8339182221363078 -1.7709404917246794 0.5185521199669152 -0.07996334395589913 0.07369643652814521 0.7247976023774482 0.6803257561303601  738511.613503981
-0.8362085641739102 -1.6827970168370139 0.5179822236694155 -0.0773899569985117 0.07103104854980596 0.7250768035031674 0.6806092959395375  738511.6135052359
-0.8392119511049567 -1.5842892524090793 0.5211309211245203 -0.062423524108217054 0.05741711047055632 0.725361158521152 0.6831235384408703  738511.6135063076
-0.8403001794122433 -1.4731958323811014 0.5285829075559519 -0.04530573904252197 0.04246132298955398 0.7247051530323513 0.686255686481463  738511.613507568
-0.8398196079314308 -1.3858171238677306 0.5371961710269193 -0.027613428081991024 0.024659755047383398 0.7243526685292182 0.688434896460925  738511.61350864
-0.8388862887876662 -1.287492809169065 0.5468712061183212 -0.019839499695404682 0.015792734514714413 0.7234226528108665 0.6899395982174616  738511.6135099385
-0.8377047867755815 -1.2097753333495405 0.5522467158296741 -0.01797433580135447 0.013703249711405432 0.7227887293654219 0.6906993534832402  738511.6135109654
-0.8361180113591521 -1.1239702402135365 0.5555432051049339 -0.02240272580436423 0.01764059492674816 0.7219040957060481 0.691405383179794  738511.6135122404
-0.8338503993331862 -1.0365471324349176 0.5573730044125706 -0.02387603947796329 0.017637929286378928 0.7216962263249298 0.6915731306938487  738511.6135133127
-0.8322619907469769 -0.956764198269793 0.5585067090196595 -0.026847284217288176 0.02009129450200902 0.7213266897196278 0.6917827476263873  738511.6135143631
-0.8295552208705612 -0.8496452892756422 0.5599214026796112 -0.023176228752331662 0.014212983601662255 0.7209330429040026 0.6924712276817961  738511.6135156434
-0.8276976535690949 -0.7703400020584341 0.5606389564021466 -0.0235346879854652 0.014828759240187117 0.7204310457713767 0.6929684947020204  738511.6135167208
-0.8253397457612525 -0.6750488956875929 0.5608663357360248 -0.021778526310700264 0.01268176180584907 0.7201589207203697 0.6933512800998539  738511.613517968
-0.8231659370180411 -0.5974748933651193 0.5601422840277994 -0.022865160531494344 0.014124185685131393 0.720090015171059 0.6933599799985178  738511.6135190433
-0.8202772004366594 -0.5021660392935086 0.5593546457214338 -0.0240142485751743 0.01544492404849016 0.7204832242122257 0.6928843293185825  738511.6135202822
-0.8184997771296941 -0.42296439125058727 0.5592809135678878 -0.025430342240705953 0.015927812013183267 0.7213249012670747 0.6919465220015476  738511.6135213592
-0.8168447686432172 -0.3342887744868086 0.5596801706083538 -0.026218707741766933 0.015815121865307837 0.7226162362740924 0.6905709495466794  738511.6135224698
-0.8160871219030152 -0.2449650252638133 0.5601276432278718 -0.026760013955976374 0.015604080266345093 0.7243937162746548 0.6886901757350052  738511.6135237154
-0.8160633632207241 -0.15585606076749126 0.5608118859066553 -0.026970327794874023 0.015265970098711676 0.7269929438140397 0.6859451954931814  738511.6135248153
-0.8166176361023075 -0.06473033240037235 0.561226868976391 -0.028996450564678037 0.015620984461421641 0.7307705215194045 0.6818281569261889  738511.6135260358
-0.8181838530363088 0.025074655059155612 0.5607355888632403 -0.02555328788128928 0.011446200157154533 0.7361932730920657 0.6761918948304612  738511.6135271043
-0.820892637401109 0.11372549299487023 0.5591908913195492 -0.028054982240913566 0.011612779898868239 0.7426248805588221 0.6690189444922151  738511.6135283597
-0.8250557132463127 0.20103662382210144 0.5580905119522138 -0.024732740614334107 0.004628755904024545 0.7505078250340549 0.6603823670595221  738511.6135294148
-0.8317411173622763 0.28589266948378766 0.5567668916447135 -0.029022991480353446 0.0060531486708909794 0.7593781744225987 0.6499737022120978  738511.6135306788
-0.8409629381347545 0.3697331056253396 0.5561085158713139 -0.02747921140519916 0.0013833447047749549 0.7703358707551803 0.6370444454869961  738511.6135317624
-0.8545084094353774 0.4609582668550162 0.5548947016475934 -0.03483754964863568 0.004552469146094298 0.7844902501101466 0.6191451103265474  738511.6135330093
-0.8688445244337417 0.5352757825895205 0.5541175887741352 -0.03387776308810272 0.0008683759177842511 0.7984006286322717 0.6011721710882876  738511.6135340933
-0.889660974285931 0.6256073418367761 0.554093804795226 -0.039771580002144306 0.000615596205250509 0.8173537180493484 0.5747614653544124  738511.6135353389
-0.9110145242953552 0.6990379191997486 0.5535959825883381 -0.0420145394697151 -0.0010049103338551453 0.8352107957241899 0.5483217078815449  738511.6135364065
-0.9423913641722216 0.7875298236620164 0.552653356260147 -0.04689420207409092 -0.00543742645435252 0.8595438509265674 0.5088769365374253  738511.613537649
-0.973999081048267 0.8576516907106743 0.5512312636821364 -0.050746180089988324 -0.011541134328171812 0.8811031886059917 0.47005191038123434  738511.61353873
-1.012366158300836 0.9236223258283568 0.5492534097058435 -0.05601979844108557 -0.018179763307979758 0.9026092449605236 0.42641274523691186  738511.6135398286
-1.0698796212532355 0.9984946270622335 0.5470497472184574 -0.06062520550231116 -0.024832343798690124 0.9269061537890226 0.36953067697730707  738511.6135410782
-1.132085086491937 1.059696164171086 0.5442610888957798 -0.06434916200120447 -0.028636308888389885 0.94599636659676 0.31643328135441134  738511.6135421598
-1.2018378711443094 1.1125114124702302 0.541825583723198 -0.058581031102167884 -0.03659926899725874 0.9622626189749278 0.2632098182579556  738511.6135433986
-1.2767851130682373 1.1541143759113701 0.5405309369752771 -0.056712564049893006 -0.040123069999449715 0.9746565098477505 0.2126464486985563  738511.6135444889
-1.3647194077860716 1.1885611024473788 0.5394339501657842 -0.05304429145187228 -0.04075758662889417 0.9846091511453011 0.16146188948939807  738511.6135457626
-1.4399422544568394 1.2094709595347901 0.5381993219935189 -0.05029181517849966 -0.038154795789367174 0.9902771060547535 0.12396046994161436  738511.6135468432
-1.5168632758803748 1.224955455809405 0.5369823640571183 -0.0465789603754848 -0.034786983064852096 0.994200710702285 0.09047216753596794  738511.613547912
-1.6131448192078361 1.2380972599840074 0.5344809693079913 -0.03306884634450427 -0.02746523000695638 0.9967107486015955 0.06870077266054372  738511.6135491703
-1.6903747803713445 1.2493018285208004 0.528478592276508 0.02246156541789131 -0.010551438154738742 0.9933055689569442 0.11281928873630595  738511.6135502589
-1.7336903850865257 1.2560732787650362 0.5057084448600989 0.09163800240013363 -0.004443340808034013 0.9604298441375408 0.26297765632942277  738511.6135515188
-1.7436738613806406 1.246428772979412 0.4742783699278705 0.10166193775379812 0.018995877187618818 0.8886716746934206 0.4467288457885914  738511.613552595
-1.7267572329093601 1.2353740432717422 0.431785509537392 0.07078454542798726 0.0724959939271801 0.7202433685331412 0.6862822808998476  738511.6135538417
-1.6914765750015595 1.2364133098615468 0.40125334190522094 0.01588450402684185 0.06250022225509665 0.5321326468965826 0.8442015463482176  738511.6135549129
-1.6547072553342181 1.2565447119198232 0.37841132160370294 0.007339549197075081 0.003805446549540506 0.2952439167821773 0.9553861414094623  738511.6135561774
-1.6447915709398384 1.2659853386797175 0.36379702591021384 0.03578630544605733 -0.041869632977212 0.13466403963736787 0.989359323302419  738511.6135572529
-1.6558789503643312 1.2631426521355964 0.35048475426584913 0.04790553967364482 -0.053152172073482634 0.021371533882378946 0.9972076831893957  738511.6135583369
-1.6782455817155475 1.251680744885672 0.34281377589372275 0.03255463653593378 -0.028280382318771818 -0.05535436115150651 0.997535117335438  738511.6135595989
-1.6918749911304598 1.2424121004990334 0.34539897362615 0.011446109329005222 -0.0019308716135457938 -0.08291198185435879 0.9964892681715257  738511.6135606839
-1.6949272010819918 1.2385403690621857 0.35275105339552293 -0.004759998890407776 0.014860085968645768 -0.0883514869855987 0.995967135503477  738511.6135619149
-1.689774203910589 1.2403244662536992 0.35945261367006387 -0.012286134610324812 0.020348718810910896 -0.08427850913006202 0.9961586788448442  738511.6135630029
-1.6775927314023211 1.246570767011366 0.3569075388366745 -0.011101268247006937 0.013789713107166219 -0.0773485324821991 0.9968469341772488  738511.6135642703
-1.6672982029355266 1.2526463822218987 0.3441741394405182 -0.007086462923547217 0.0052980136978790175 -0.07270162633074824 0.9973144873223062  738511.6135653453
-1.6575264328850325 1.259088359774428 0.3213521437728015 -0.0009701644547245421 -0.005105724338100334 -0.06952943550845478 0.997566362683601  738511.6135666088
-1.653941562352532 1.2627087509030839 0.30061734987891897 0.0024964442285377213 -0.009935825625591185 -0.06824711410290217 0.9976158471836628  738511.6135676905
-1.652316600778851 1.2653730945708814 0.27283481669058285 0.005289892288375871 -0.012125463420528643 -0.06795224193533961 0.9976008635683792  738511.6135687565
-1.6532570765071348 1.2659889411863998 0.2404115544709953 0.006559348458843351 -0.01006646983986205 -0.06806202284902561 0.9976087420318938  738511.6135700265
-1.654279825107065 1.2653097139209761 0.20963893878096435 0.006683566208273438 -0.006575172921110887 -0.06768444604766637 0.9976627249762405  738511.6135711139
-1.6541343822019 1.2633965367338273 0.1789705139091614 0.003859064109188954 -0.004284376397233233 -0.06652994778493793 0.9977677674643641  738511.6135723857
-1.6535769662833035 1.262528840286357 0.15205995589402516 0.0019502381299192223 -0.0037779730955281973 -0.06540691293779313 0.997849617542881  738511.6135734513
-1.653033751749195 1.2625822927115218 0.11671423807968863 -0.0008719398675743337 -0.004023616086434596 -0.06407379395172388 0.9979366709180941  738511.6135747024
-1.653453034689353 1.2635849881356744 0.0891241070865925 -0.0016123233789407548 -0.005126527331320593 -0.06331992826961183 0.9979788103034924  738511.6135757653
-1.6545908426958242 1.2652139338488282 0.06321148963398757 -0.0006015171344101798 -0.004897283019875238 -0.06273066493428078 0.998018295660487  738511.613576865
-1.655760245663608 1.2655649537064284 0.03621001641358811 0.0004595873968553039 -0.004008777448115142 -0.062433907369203685 0.9980409438962962  738511.6135781066
-1.6568162611024617 1.2647325623216756 0.010006949366302633 0.0027495319364735284 -0.0015823194347771455 -0.06257682718391253 0.9980351081194145  738511.6135791685
-1.6569076470499668 1.261077342449368 -0.01839225193375981 0.002450821307916801 -0.0016734716833469946 -0.06472963274428618 0.997898425498423  738511.6135804349
-1.6592806310605455 1.2573772190067047 -0.03412541111177275 0.0025288721724560574 -0.001265614124246945 -0.06788992485810605 0.9976888097644399  738511.613581558
