-0.5704756424203175 -0.3109754988097023 0.021618953112744217 -0.023097185474157976 0.013957360980744538 0.05363483455214179 0.9981958808872085  738545.4839281845
-0.5704471510749539 -0.31092074201112774 0.021685350371678545 -0.022820975548925555 0.014556074177679654 0.05323241095609757 0.9982152243896756  738545.4839292557
-0.5705221107700822 -0.3109632860970653 0.021643932313887098 -0.02357359332288713 0.01311912836598542 0.05366053363467914 0.9981947311515952  738545.4839305345
-0.5704532354542502 -0.3109443217552781 0.021625618584536495 -0.020861929625550106 0.014230531386721895 0.05357440598643794 0.9982444865322074  738545.4839316119
-0.5704590825224906 -0.31089497078992034 0.02167592110346444 -0.022590276281026878 0.01410518662463477 0.05352747594759998 0.9982111662601808  738545.4839328716
-0.5705164387591984 -0.310921214923991 0.02170149820213913 -0.023109888994484587 0.014094466287876795 0.053218371804182214 0.9982159505604158  738545.4839339439
-0.5705367156356158 -0.31091994419787544 0.021679454473605433 -0.02304445210995993 0.013888488071665504 0.053170249622011286 0.9982229148247239  738545.4839351863
-0.5704689829205382 -0.3109454235127547 0.02161047133476951 -0.02151078311769258 0.0137486662441551 0.05378545956132496 0.9982261190361368  738545.4839362523
-0.5704386996340295 -0.3110334858380961 0.021520317851781445 -0.02015021500034263 0.013733690822056298 0.05366552934128415 0.9982611710030417  738545.4839375135
-0.57046192788279 -0.3109237105480724 0.02163526313025157 -0.021923001983234845 0.014107552521883124 0.053813489032870296 0.9982106327544276  738545.483938614
-0.5704547032626318 -0.3110243977053277 0.02171748066613224 -0.02263902834131047 0.015588508380317624 0.05176392196613761 0.9982810071242074  738545.4839396761
-0.5704018929556692 -0.3112085501584739 0.02182037012934152 -0.01833698202748919 0.014827232631876986 0.05271072000034082 0.998331351936645  738545.4839409576
-0.5706905305005734 -0.3113661820872222 0.022142370031596026 -0.016998497254310522 0.012000105796878432 0.05233423534450477 0.9984128286249456  738545.4839420352
-0.570912099302116 -0.31213341636265135 0.023212063340035668 -0.0066520964597243095 0.008248936498555043 0.04930470432445724 0.9987275658510739  738545.4839433187
-0.5710903415412959 -0.31511514884595393 0.025910061005358084 0.014080159867131821 -0.011821099887607022 0.034501985590505276 0.9992355196278182  738545.4839443865
-0.5712456256547302 -0.3207129315308761 0.030213419768191804 0.04692448916657923 -0.04704784403424321 -0.005646041677157399 0.9977738796448647  738545.4839454645
-0.5707336882745101 -0.3259498611325228 0.032855127008542664 0.06649807927411454 -0.07616392074999312 -0.05708467723472213 0.9932363274940411  738545.483946716
-0.5689559511766277 -0.33200069015617434 0.03426378016410207 0.09856314981644324 -0.07301996010428422 -0.1047275664195121 0.9869070512244185  738545.4839477747
-0.5650296228065544 -0.33856900059165995 0.034110497037260316 0.10596057062729913 -0.06933565874460189 -0.18630928787243936 0.9742965529813055  738545.4839490275
-0.5619252721681155 -0.3492104644638358 0.03364878109918821 0.08368371036819162 -0.08032057704111352 -0.3259347700718528 0.9382495228781114  738545.4839501025
-0.564572662051521 -0.3618025131798003 0.03487754819026597 0.043248921667441514 -0.11742571319171165 -0.5119468857219344 0.8498535867169322  738545.4839513559
-0.5771933929976639 -0.36670694864847564 0.04054755709150115 -0.044481965574157574 -0.21717190801457686 -0.6942474326574237 0.6847468286575291  738545.4839524201
-0.5994310200901661 -0.3418031625413564 0.054053373820304056 0.21983639220578938 0.3690835883902446 0.7890399998206752 -0.43916414257759223  738545.4839536812
-0.6048818947867601 -0.28695874094625146 0.06024176452450659 0.4322168824980903 0.46412402048401635 0.7439077883395808 -0.21066243742323384  738545.4839547686
-0.5621859376621469 -0.18490700772455362 0.03456261313092875 0.643602517286634 0.5814675944443559 0.33711160308410776 0.3660969863567103  738545.4839560073
-0.4973907785531258 -0.17787766966693314 0.046480748590158404 0.574907413012324 0.7023729889351825 -0.3772325632834961 -0.18398164059573524  738545.4839570723
-0.47287351013932477 -0.207704057431474 0.06570968379425036 -0.5236594363956689 -0.5796691024127945 0.02965497480451422 0.6236065336821442  738545.4839583207
-0.5144155851368136 -0.18871828788868095 0.03602360382806432 0.5975829675143923 0.686690434562816 0.2537474959207041 -0.32705206363910294  738545.4839594023
-0.5150428814616738 -0.1504569670763883 0.018750178860606016 0.5644908624202006 0.7785161319977687 -0.13447891237380155 -0.23911946928280534  738545.4839606517
-0.5069847405222768 -0.13949250899853752 0.011276563832258918 0.7311520437476617 0.6712058397528352 -0.11567545076115358 0.038969214727946504  738545.4839617455
-0.5071788261061441 -0.14783123456313751 0.012927779863138398 0.6914327376717264 0.6870290422226012 0.1858063090218865 -0.12404789375938738  738545.4839629969
-0.5039390678121216 -0.1426355773374188 -0.0018469521514787707 0.7176298988822765 0.6849714663595828 -0.09366386396920177 -0.08395533985265934  738545.4839640714
-0.5113275789685486 -0.1393990401291955 0.0017217542536959644 0.7414311143697399 0.6588695854351843 0.050268554927404965 0.1168068680276329  738545.4839651674
-0.5065561927351603 -0.1374373327845607 0.0065552722881714355 -0.13055276088818732 0.0019530494396907112 0.6963867306148896 0.7056895093777881  738545.4839664225
-0.5032150476886614 -0.1391982606705802 -0.003392924372016387 0.7099371527965486 0.6974156103978686 -0.08941317903345596 -0.04007479092434065  738545.4839675118
-0.504852558727919 -0.1390817601216253 -0.002194024572041371 0.7131905483578626 0.6925965313953459 -0.10402839886607723 -0.02910976917646693  738545.4839687516
-0.5050503230314555 -0.13897310843928978 -0.001952986673317442 0.7127561003922773 0.6941006168306956 -0.09753094703458406 -0.02628287349928083  738545.4839698382
-0.5051710254356037 -0.13871882488964038 -0.002296131914431516 0.7148900768337882 0.6929087645270424 -0.09165191145314712 -0.020237322282667364  738545.4839710912
-0.5045956078005779 -0.13917429449711635 -0.0017410402418542553 0.7115294501777016 0.6961343009943504 -0.09344638397971591 -0.019764863521930503  738545.4839721663
-0.5046141350021887 -0.13886773083536189 -0.0014720800101967074 0.7119693140147717 0.6950859607788601 -0.09748469338940254 -0.021258823679560054  738545.4839732428
-0.5049568065967484 -0.13897978642356348 -0.0018961406088151742 0.711860309085775 0.6950741546576562 -0.09735062584810224 -0.02548873324103162  738545.4839744988
-0.5051129038463513 -0.13891850053490856 -0.0018703568872109621 0.7123402510914904 0.6946023441037495 -0.09696472823669534 -0.02639681265745772  738545.4839756077
-0.5049504711511633 -0.13880940742468995 -0.002450721625456484 0.71424470837645 0.6933180473603638 -0.0931270792582818 -0.02217946954897944  738545.4839768527
-0.5051479476546014 -0.13862403359413433 -0.0017510270591780362 0.713338557062138 0.6932553667736806 -0.09936148411043311 -0.02593057892467339  738545.4839779437
-0.5051705708461608 -0.13874745273338474 -0.0017613961986139924 0.7130925350140016 0.6930624212979546 -0.10111912083766425 -0.030633969591605487  738545.483979018
-0.5051274407277538 -0.1387457715937199 -0.0017089733399222417 0.712979662294824 0.6932660044488407 -0.10076699327010076 -0.029803712802306898  738545.4839802749
-0.5045607641543576 -0.13936068961431192 -0.0015779150595971064 0.7132028838633361 0.6947832744996701 -0.09134324587505246 -0.01656077768544169  738545.4839813447
-0.504901988433574 -0.13913904421764192 -0.001777032108181976 0.7125772750669563 0.6947416837097099 -0.0950635740806589 -0.02303338571204198  738545.4839826062
-0.5050830511302995 -0.1384331502817669 -0.0022484301412496956 0.7150960252857339 0.6922985044399115 -0.09361008296471954 -0.024446016815534304  738545.4839836921
-0.504649265505543 -0.13914641284228413 -0.0017950135408109928 0.7122133883959457 0.6955039982850558 -0.09303494314296222 -0.01925557356852413  738545.483984942
-0.5046518144886052 -0.13927514603047156 -0.00154599045550001 0.7130942877010374 0.694692407507563 -0.09270744021683386 -0.01744495135958981  738545.4839860299
-0.504893209284422 -0.13885111346823253 -0.0015275769269790667 0.713073509952516 0.6943109023610484 -0.09515244904304546 -0.0201134708018428  738545.4839872736
-0.5047712216873814 -0.1390175578634577 -0.001764137143991955 0.712632301886001 0.6950565502603021 -0.0928213293040073 -0.020875705380772012  738545.4839883281
-0.5047330576253809 -0.13913648226046788 -0.0015445058057072657 0.7132727432751071 0.6946807910165833 -0.09127591655021668 -0.018146607156576098  738545.4839895722
-0.5049099948619847 -0.13896155725058604 -0.0019071099653297724 0.711753910676378 0.695253973490158 -0.09701005708372093 -0.024846162835380707  738545.483990638
-0.5047573054763123 -0.13903830311588217 -0.0016717580287050869 0.712465511847053 0.6951240598893287 -0.09361104559239392 -0.02079442075635926  738545.4839918888
-0.5048054689111205 -0.138958174305989 -0.0017195669444302877 0.7126438437378341 0.6949637757852857 -0.09339467583059903 -0.02101277838178973  738545.4839929529
-0.5047295881444402 -0.1390806654552154 -0.0016618316196378784 0.7115658394059261 0.6962923739466829 -0.09193365307042287 -0.019979729912079837  738545.483994212
-0.5047293366739191 -0.13917984212307957 -0.0015243392223727398 0.7138524017998249 0.693994574886268 -0.09207776815097475 -0.017548877040572997  738545.4839953146
-0.5047936873388307 -0.13909953613058448 -0.0015211118947345687 0.7134202503753939 0.6942348597244953 -0.09340201709227489 -0.018589488984777653  738545.4839963845
-0.5048162338696294 -0.13887357338058162 -0.0015956307491657125 0.7133254865753788 0.6939359831156544 -0.09534774279656319 -0.022987159087413146  738545.4839976518
-0.5046727174121725 -0.13896287271714358 -0.0020252359110669547 0.7146402137557022 0.6938525538788863 -0.08738086753371437 -0.014919193946290786  738545.4839987274
-0.5046736958598229 -0.13912006521918874 -0.0017164151821125989 0.7124124800015904 0.6952466960170766 -0.09354565373670296 -0.01870028562069038  738545.4839999906
-0.50483441023166 -0.13853712960212694 -0.0016325923093257458 0.714136898805632 0.6926353479515279 -0.0996046442587961 -0.018538591489623907  738545.4840010671
-0.5046027854557873 -0.13920502793019462 -0.001567721057415163 0.7141617882298971 0.6934780366888253 -0.0934856111835288 -0.017933024399976648  738545.4840021663
-0.5047712273350692 -0.13889598787566268 -0.0016931913378941666 0.7124881634691107 0.695248732429789 -0.09285458312342891 -0.01917924305492585  738545.4840034273
-0.504690393105703 -0.13912465319904396 -0.0015607412021344702 0.7134290714333585 0.69424414903096 -0.0931705306645132 -0.019059742540424068  738545.4840044902
-0.5047885584647251 -0.13910236477761267 -0.0017652364814726542 0.7128871570208581 0.6945731814210081 -0.09431830865289965 -0.021541904703953427  738545.4840057496
-0.5049569213909046 -0.1389278195184976 -0.0022407603266000934 0.7120122563587041 0.6945676034047993 -0.10024692937376838 -0.023768555838150757  738545.4840068073
-0.5045123445660682 -0.13907983468022683 -0.0020735334163651357 0.7153457667608297 0.6933640783065788 -0.08581314130266192 -0.012759062316591617  738545.4840080806
-0.5046757940115958 -0.13916010688390695 -0.0015186167376892825 0.7146765001360379 0.692897395698906 -0.0937894553800345 -0.018282156505574756  738545.4840091396
-0.5047529057143748 -0.13895355305912493 -0.001642682539593043 0.7124971619150756 0.6951587236241041 -0.09350584511003741 -0.018942021078192855  738545.484010402
-0.5046099828058432 -0.13921551707790658 -0.001812140455651689 0.7118367053866761 0.6959069647750099 -0.09307704165414044 -0.018402868221801788  738545.4840115018
-0.5046346885848383 -0.13911067077812303 -0.0016804690801507061 0.7120887106748384 0.6956695255137376 -0.09274898525155297 -0.019266684606983227  738545.4840127385
-0.5043045494252516 -0.1395711597656977 -0.001144649838586949 0.7107903480190286 0.696870915219828 -0.09468620858729844 -0.013510388115446437  738545.4840138253
-0.504394829986846 -0.13878528682104016 -0.0013265137484465652 0.7145231530505488 0.6931462301501162 -0.09131832190406698 -0.025805647986623752  738545.4840150678
-0.5057357286765903 -0.13858963689261913 -0.0022742325760760343 0.7165504798587006 0.6881347018335088 -0.10635456172080551 -0.04140952967554121  738545.4840161364
-0.5054073383846417 -0.1388094750426632 -0.0020954386781838127 0.7154725979678535 0.6896704090448381 -0.1052361786287922 -0.03713536256272634  738545.4840172335
-0.5055379767400967 -0.13878002214118834 -0.0008039355579594445 0.7184568078236921 0.6878269277954389 -0.10123001767365662 -0.021596671342349973  738545.484018479
-0.504511096261565 -0.13715094221500365 -0.005512379408496386 0.7163914747247873 0.6934532238372497 -0.06475631402883619 -0.04138237649976769  738545.4840195577
-0.5073995176252318 -0.14100838004726815 0.00039776679716541796 0.7203906644745882 0.684269894611327 -0.1067146822952447 -0.037735638978155565  738545.4840208084
-0.5070487781975823 -0.14795830668013188 0.020665051301944223 -0.0014055415129646822 0.2202200389756635 0.6431529353433825 0.7333862970125659  738545.4840218817
-0.5356605848582184 -0.148023360579017 0.07353075501058479 0.7638435056344651 0.3811072707402753 -0.46889403590484 -0.22680108064517684  738545.4840231466
-0.55239818579696 -0.13515455308539584 0.14593402419549442 -0.4836603466717208 -0.04852392613099675 0.5308551912036601 0.6941980003013188  738545.4840242249
-0.5399719446734366 -0.15703829902907562 0.20241777747711862 -0.2154843643846689 0.09699221356038666 0.4751042124496546 0.8476054427190668  738545.4840254639
-0.5296585976210233 -0.17216716936894366 0.2260509157860054 -0.18258186276457825 0.04284675069482047 0.30321883405405836 0.9342838744296136  738545.4840265481
-0.520213556372552 -0.18500376299261626 0.2460369838359489 -0.12827892731933338 0.06304727434918286 0.12934134291015534 0.9812442993552308  738545.4840276496
-0.521944670095971 -0.1956797968527337 0.25050995753768307 -0.09705169120456686 0.082458086987015 0.07579098802317358 0.9889577135849876  738545.4840288969
-0.5314204593413207 -0.20660552018179698 0.22925825045907466 -0.09743056644012661 0.07190142653670308 0.027227528841471945 0.9922681750707971  738545.484029981
-0.5587883197186722 -0.2208410441582058 0.1580194422807153 -0.22350785830594277 0.11804859111766404 0.08165114778793932 0.9640756492493405  738545.484031235
-0.5875093670673937 -0.23189898916436247 0.10807878477744973 -0.26577657995977544 0.14517624282316655 0.2455845161551007 0.9208555334521801  738545.484032311
-0.6063660251862119 -0.24739976275309095 0.07121123231895549 -0.3163347531446044 0.16073821403304953 0.29666438773712656 0.8866147932168534  738545.4840335703
-0.6039305158340679 -0.2639201370742085 0.06632235007248334 -0.40697957866185613 0.11639068498761393 0.15191762404271084 0.8931639639537354  738545.4840346596
-0.6142375654721388 -0.2680728568189854 0.11273833642421242 -0.4441968140381879 0.08317237854208016 0.1479771612847105 0.8797012592829996  738545.4840357347
-0.62827414126387 -0.25496487634782705 0.22936317856517607 -0.3942690094787882 0.06049312501382807 0.22350102429439042 0.8893479758396231  738545.4840369807
-0.6343465407170424 -0.24504742799331938 0.40225113889795855 -0.2843162191384763 0.008204401112803386 0.2608513042077771 0.9225256486571438  738545.4840380615
-0.6314513412632674 -0.244584833292688 0.6161539278337143 -0.16080684210427604 -0.03174099686106976 0.3102489866512253 0.9364183012588999  738545.4840393182
-0.6273817307715859 -0.25318566783565877 0.7778019168631565 -0.07872793220296088 -0.03932719293257385 0.2976127553466014 0.9506218661708209  738545.4840403963
-0.6331849310934112 -0.26775970122001264 0.9443881091955425 -0.029044455096244457 -0.037049988786905984 0.3332283031959781 0.9416701205348833  738545.4840416386
-0.6378410701469044 -0.28220921733428533 1.0574114809915347 0.006419001640911489 -0.05666774143714184 0.32732244973969604 0.943190106709539  738545.4840427209
-0.648253218794034 -0.29936816090159984 1.1566547213145932 2.762502390378289e-05 -0.09721110047877832 0.3107772197276812 0.9454985567830845  738545.4840439775
-0.6588604111320149 -0.31078605757662187 1.2023221393273196 -0.06108919848638637 -0.10880403062427214 0.3102037515234153 0.9424454495030483  738545.4840450567
-0.6572514414803987 -0.3216292096909849 1.2363359182175033 -0.05160286871862591 0.020170505961029105 0.27680669302080213 0.9593270293951754  738545.484046296
-0.6570131978848597 -0.328579703716831 1.2499500001066277 -0.03012875481001514 0.11275462592832372 0.2433362000923653 0.9628946703507971  738545.4840473887
-0.669676991008788 -0.33666576897874273 1.2759609855697769 0.03625788134126028 -0.023583819521599082 0.20922183082805834 0.9769111500041194  738545.4840484625
-0.6852528219637402 -0.35316036479174984 1.2950227969983998 0.016279272830817912 -0.048192472757490015 0.11613009922279141 0.991930577661624  738545.4840497031
-0.6963813251003697 -0.3649805491400995 1.3006622629459619 -0.00459422071630336 -0.05918084023773616 0.05034371087179779 0.9969664147103564  738545.4840507741
-0.7076926754035252 -0.37575049438380864 1.306226668269278 -0.04003683081702862 -0.11116246646660012 0.009362354212783666 0.9929513102618803  738545.4840520336
-0.7171691749607337 -0.3815714051318646 1.3107637203336813 -0.07449278460046678 -0.11484428784891222 -0.06067461808012491 0.9887265574018813  738545.4840531138
-0.7181188577472267 -0.3852294965970271 1.3116035253516243 -0.09799366401446395 -0.09383933339580074 -0.07325424052702227 0.9880411112730387  738545.4840543988
-0.7181271135250156 -0.38870823572218344 1.3110240426224422 -0.10269290292358992 -0.09339826673055121 -0.07805142743644132 0.9872380189883233  738545.4840554871
-0.7186375767810111 -0.39348642998106687 1.3093882171111908 -0.11723121639817004 -0.07866107099753397 -0.10231734022865636 0.9846829132770913  738545.4840567423
-0.7172099254319748 -0.39753723808366465 1.308119274867846 -0.11958631484329106 -0.0821638147340456 -0.1020405679388807 0.9841422373545713  738545.4840578063
-0.7126835667952944 -0.40135631732285715 1.3078558273394472 -0.10326362616375842 -0.07252713983933154 -0.07555013746895772 0.9891251762171759  738545.4840588967
-0.7083168726010307 -0.40139801287974286 1.3066676262038115 -0.09058042529897248 -0.06679001158234131 -0.06298031705264709 0.9916490107741932  738545.4840601461
-0.7054482431508192 -0.39933960718436573 1.3046563156843323 -0.07150200529487617 -0.07614615098731953 -0.051454389312072836 0.9931977007369427  738545.4840612306
-0.7044478207700609 -0.3944850518129762 1.302018535503718 -0.09390472757947846 -0.04825590899440842 -0.07655349136996632 0.9914599499447347  738545.48406248
-0.702706383659314 -0.39219665489250144 1.29990193809766 -0.11160961774672039 -0.03702115805264371 -0.08802758135897694 0.9891531084735876  738545.4840635522
-0.7005685699426295 -0.393372613101394 1.2993936062847469 -0.08411926794486395 -0.048132615233599484 -0.055812267113678024 0.9937264165507658  738545.4840648224
-0.6996977090771491 -0.39141973532895596 1.2981658334200954 -0.079527320709688 -0.04075266179439843 -0.05026202111496647 0.9947302926174755  738545.4840658804
-0.699377000713094 -0.39137871896567733 1.2963886312039457 -0.07394746500707366 -0.03672387479299226 -0.0392642660564405 0.9958119535586352  738545.4840671528
-0.6997901538800193 -0.3906789315220928 1.2954925259265706 -0.07470833438574226 -0.03609272516189239 -0.03290141993561576 0.9960087733197517  738545.4840682194
-0.7005984608818241 -0.3910015207666916 1.2947518102398916 -0.05051006715340757 -0.0365499497537702 -0.026758865856022558 0.9976957438955298  738545.484069307
-0.6991360624378926 -0.39132321439301126 1.2933666272135098 -0.03837906391941661 -0.0411268389445761 -0.012194345830928368 0.9983420899175052  738545.4840739641
-0.6953796015181586 -0.3883581606835651 1.2857704862556354 -0.03920789010666715 -0.02467692399158221 0.003321160344024658 0.9989207979963509  738545.4840739757
-0.695035623422121 -0.38796766843856734 1.2849989156085428 -0.03915719847340359 -0.024171752187424615 0.00475234728101369 0.9989293545587821  738545.4840739757
-0.6946742740624612 -0.3876673320025673 1.2843078785623092 -0.03942305443263854 -0.02387918708450779 0.0068505469598613 0.9989137486338523  738545.4840741006
-0.690729957202573 -0.3845131461056551 1.2773991417351986 -0.03846092283533496 -0.02265616675835741 0.022385460581120297 0.9987523950795026  738545.4840750846
-0.6834483277085266 -0.37536869580309806 1.2593629098762682 -0.05740094814532737 -0.005311339002680607 0.0020814608284206917 0.9983349079095831  738545.4840763503
-0.6703375974100543 -0.3615967236747645 1.2300735170326065 -0.050655229050835984 -0.010323084126828287 0.029999933090917332 0.9982121446458455  738545.4840774339
-0.6502757589762088 -0.339603021395879 1.1670285434079128 0.04000553338824985 -0.06597695585930892 0.05961524265483394 0.9952349579054515  738545.484078715
-0.6329318993023063 -0.3201965101668712 1.1058478323053165 0.03355906608888328 -0.03857194282662245 0.06748267588185303 0.9964095958819579  738545.4840797668
-0.6140378086331575 -0.30209837141395574 1.0362769962538343 0.034882420910898985 0.012338916267974086 0.06663391841231386 0.9970912138684945  738545.4840810294
-0.598534790252283 -0.29061742181502204 0.9775302013807748 0.048667247979492484 0.02549539486427542 0.0897812802041812 0.9944449736107653  738545.4840821027
-0.5850939774235355 -0.28096060961384556 0.9175901889393118 0.0605438165431082 0.052908465662413154 0.1460366236622936 0.9860063108768429  738545.4840831961
-0.580513633836793 -0.258589630252158 0.8207335988433342 0.02130311202839954 0.15050767517036714 0.14988048771386286 0.9769490552405338  738545.4840844502
-0.5850765299436673 -0.2388438297420052 0.7306246344642746 0.028938370250588142 0.16507796173492856 0.1894884054895647 0.9674740210784493  738545.484085523
-0.6007976903262731 -0.2295961854808531 0.6258611404759752 0.01666707557126148 0.18009967001914948 0.2722212854294936 0.9450830065184801  738545.48408679
-0.6265927393388846 -0.24172189124942917 0.5524989290090442 -0.02169142806511731 0.2256699565982567 0.3053770257365219 0.9248499471750822  738545.4840878617
-0.6590090227202798 -0.27451717658465 0.49345801763891467 -0.05209572662778819 0.27454981743111556 0.29449229303613206 0.913883319881693  738545.484089132
-0.677697820534265 -0.2971940657622551 0.47409852160190263 -0.011727669967049038 0.2560496445672304 0.2515816514121595 0.9332779403515706  738545.4840902255
-0.6760107765583239 -0.29449545167318325 0.4821638866104086 -0.07209557518082055 0.291419233495877 0.27366164509801716 0.9137758819263447  738545.484091299
-0.6669748871212621 -0.2679916081406298 0.4997964194814356 -0.07055525909268473 0.28883443113971263 0.2576549205821093 0.9193533426829913  738545.4840925718
-0.6473748959880798 -0.22958629001984082 0.5236655874211578 -0.05798623732700223 0.2578527795437959 0.25216013160882045 0.9308946279731222  738545.4840936608
-0.6139868837029845 -0.18457824972758283 0.5271853584540707 -0.029675759880333698 0.1817696011919124 0.2716889050650023 0.9445974275968774  738545.4840949237
-0.5804954185997049 -0.17059221123201637 0.45035044173650407 0.03672615695094027 0.14820065162296103 0.27428276074508956 0.9494507482814455  738545.4840959865
-0.5547687474247104 -0.17144397997430336 0.32786665895939077 0.06471879358909122 0.19974314849653238 0.25399188274834655 0.9441410254209988  738545.4840970631
-0.5314269119318652 -0.19169243433047106 0.18186687293577292 0.10570438968196214 0.250322798351016 0.1529812047265021 0.9501377950740137  738545.4840983365
-0.5137754924057788 -0.2032576156235082 0.10476163932475253 0.0610114040018213 0.27756618571969294 0.06640011992596112 0.9564651824298497  738545.484099412
-0.49725877749838127 -0.20081187448133 0.05342389913544243 0.051112576135402744 0.27658263070360667 0.04263960443188448 0.9586821251529453  738545.4841006541
-0.4985402368149573 -0.20420115853457604 0.032072331984052356 0.0394679317027875 0.29219049493455407 -0.010707268677063335 0.9554854009530871  738545.48410173
-0.5039100403155014 -0.19945901117293868 0.016606339799966147 -0.008385836735667765 0.2801888154054964 0.014363309160875195 0.9598008130929336  738545.4841029898
-0.514389001150214 -0.19703247644134284 0.010780395364440825 -0.0063885852510578425 0.16790276928696835 -0.01230658889861114 0.9857060382862315  738545.4841040659
-0.5171394558601681 -0.19720889349820392 0.0012622658432968423 -0.01552139534595189 0.03960333434748768 -0.05467780150652006 0.9975976143804121  738545.4841053344
-0.5175690624819343 -0.19656025282421133 -0.00016049364715854054 -0.016505434058126413 0.017462618836483014 -0.06498632576349907 0.997596814877476  738545.4841064151
-0.5175926462262211 -0.19655938897928707 -0.00021557607707527925 -0.018086179234946854 0.016841381158031247 -0.06416134641067167 0.9976334896284011  738545.4841075037
-0.5175755272203778 -0.19654371113943084 -0.00023001470157480531 -0.018374108359180536 0.017623937321174128 -0.06443059964026107 0.9975973570560925  738545.484108782
-0.5176153076077455 -0.19653281459062621 -0.00016073547968173263 -0.018683410234327163 0.01894200330939044 -0.06545360051804688 0.9975008555745037  738545.484109859
-0.5175975963199347 -0.19653458392595388 -0.0001773074502119541 -0.0183515302625456 0.01843680941805192 -0.06498367349432856 0.9975472056873739  738545.4841111036
-0.517601416358558 -0.19658554615004364 -0.00026637334358998066 -0.017974858439968017 0.017142095860411617 -0.06427942032892098 0.997622778977983  738545.4841121599
-0.5176323853318024 -0.19652602214732598 -0.00018257267286893596 -0.01842298049515778 0.018504055369912738 -0.06544776811480657 0.9975143023402385  738545.4841134218
-0.5175857132963338 -0.19653258165740903 -0.00017812059432342276 -0.01701748730805876 0.018510612932294928 -0.06497904171800568 0.9975697902763498  738545.4841144822
-0.5175962305104409 -0.19657531923227672 -0.0002471194835334733 -0.017809175812025128 0.01715182041303789 -0.0643461735399618 0.9976212799776178  738545.4841157508
-0.5176161083085057 -0.19657711243634682 -0.0002140287652788101 -0.01758130687190732 0.017935667921525254 -0.06457984174431809 0.9975964381979135  738545.4841168172
-0.5176162645039278 -0.19657502542648733 -0.0002641836041925316 -0.0176351221674395 0.016833927273709758 -0.06428810014488111 0.9976335306807027  738545.4841180793
-0.5176203583778866 -0.1965235770737109 -0.00015385482971390574 -0.01902680665787407 0.01854605367003714 -0.06525022789878837 0.9975151288480933  738545.4841191728
-0.5176188052494469 -0.1965404997277002 -0.0005038799278042449 -0.018829864891328738 0.01911941633345185 -0.06624485791593214 0.997442481001757  738545.4841202401
-0.5175134589729785 -0.19672109993384373 -0.00013861850335491433 -0.022059815785146077 0.01680432289006426 -0.06329987927450693 0.9976091942958248  738545.4841215138
-0.517725678581815 -0.1964290283147463 -0.00044203988384459216 -0.019967179032596 0.0165259860099227 -0.06466157807711959 0.9975705909199893  738545.4841225799
-0.51759826672512 -0.19654444620924438 -0.00026471206087915166 -0.017581881572386958 0.017201086385144528 -0.06423933483133888 0.9976313487095183  738545.4841238497
-0.5178765078620652 -0.19644810098550156 -0.0006550706403562031 -0.0186045757649098 0.014391022352092008 -0.06528791565736089 0.9975892222279603  738545.4841249207
-0.5177413822167719 -0.19664737181220238 -0.0003803341402062077 -0.017467573608385547 0.014541879032145207 -0.06447565967959228 0.9976604166425225  738545.4841260078
-0.5177954209027906 -0.19646567866043596 -0.0005879794394446084 -0.019637709122319477 0.014302889273605384 -0.06471635253687083 0.9976079297264921  738545.4841272685
-0.5177760783348739 -0.19660254246086256 -0.00039554518842407064 -0.019173774281560363 0.015197346439782882 -0.06489099188965276 0.9975923848008094  738545.4841283363
-0.5177772911952746 -0.1965844890107463 -0.0003381927132667063 -0.018615351381354756 0.015874078781837577 -0.0652932033253267 0.9975661782134027  738545.4841296102
