1.093877694015012 -1.5882414199865902 -0.00419807272386074 -0.005270133780586042 0.02893397304235459 0.725374595661546 0.687725778826683  738512.6106615238
1.0944410579116055 -1.5879130067765745 -0.004096229805625863 -0.006341252392664794 0.025945414208486728 0.7262001705123073 0.6869642904456814  738512.610662627
1.0948751533145153 -1.5869476969364886 -0.003247603788208585 -0.014375040834584284 0.027432565150024447 0.7269224654420532 0.6860208027501359  738512.6106638699
1.0969695446270147 -1.582381878465862 -0.0002183848574951877 0.0005797808811463047 0.012450290545735621 0.7096459817196309 0.70444817747556  738512.6106649581
1.1032313835105807 -1.575912647912331 0.011316912814215015 -0.008180015337592583 -0.01807962580844551 0.6864872142167431 0.7268710471580491  738512.6106662252
1.1067930895099443 -1.5725978414333535 0.028878623764506808 -0.007109189389126162 0.015420598359882918 0.6714425755998045 0.7408620197070124  738512.6106673068
1.114258400851382 -1.5656955417781535 0.04720459939580352 0.00404539425500176 0.010077091906536563 0.6581660361823168 0.7527944977349967  738512.6106684133
1.1245322362326244 -1.56245630780738 0.07447510611448635 -0.010574735769991928 -0.0165370183838332 0.6438164850001934 0.7649281244851462  738512.6106696583
1.1315003164709487 -1.561738389146179 0.10413470367001003 -0.005425871693373614 -0.007687921990672941 0.6389596987600721 0.7691826565467207  738512.6106707365
1.1383381475864383 -1.5634896547923096 0.1404872289677249 -0.012035562793694993 0.0005373801832910478 0.6358183072857668 0.7717447353698241  738512.610671997
1.1439372350054178 -1.564906891834582 0.17080280344423235 -0.011833562754393458 0.0036332949127375657 0.6382017410904456 0.7697696432243472  738512.6106730796
1.1490168375262293 -1.5691714669442014 0.221416204635364 -0.020972744311591608 0.0010974056060770452 0.641971233948029 0.7664410443603745  738512.6106743334
1.1524442179362206 -1.5705428960058314 0.2639976132117334 -0.021357115322014637 0.00716024981348292 0.6585952657890473 0.7521601427408826  738512.6106754077
1.1565915987990203 -1.5720455727106195 0.3132739555016783 -0.05643186749882077 0.00832642677239096 0.7280254065237891 0.6831728349427187  738512.6106765084
1.1558321468115278 -1.5679390993854272 0.3543714065490972 -0.055459797339385164 0.01623642951380294 0.8118572464494502 0.580989157061674  738512.6106777698
1.149904172713349 -1.5572296868156366 0.3835678142005559 -0.005195270663697617 0.011673245406487889 0.878393831537441 0.47776670166660296  738512.6106788563
1.1469698599478302 -1.547543235746771 0.41492500469504845 0.00040788327090578337 0.017352103451654426 0.9198188832409121 0.3919591307400324  738512.6106801018
1.147879584549672 -1.5412637406637113 0.43832629389557637 0.0036096530899465905 0.02378834367657297 0.9397873465298252 0.34091176044854454  738512.6106811999
1.1538076501466186 -1.535377592132704 0.4642166782814499 -0.014264600461154141 0.021344145563903197 0.9525945565781487 0.30315764777011805  738512.6106824316
1.1594914456810776 -1.530970038302756 0.48333024853549794 -0.020672399341510644 0.016946296213466723 0.9582340246211519 0.2847332593998464  738512.6106835115
1.165865812078838 -1.52591721213124 0.5014686508201481 -0.02701722114673998 0.012391295510397752 0.9626789216533685 0.2690089577716506  738512.6106847737
1.168933439006215 -1.5224173869762936 0.5134220456100645 -0.03161814956432351 0.008984874148945608 0.9635908272630698 0.2653531274907621  738512.6106858385
1.168876415825285 -1.5187317579687998 0.5237977771969128 -0.03085516191050358 0.006588219878945945 0.9636102074446372 0.2654428798269162  738512.6106870872
1.1661737997530077 -1.5171859803371828 0.5298255021220961 -0.05413557462075525 0.028529959933554484 0.9612259404243851 0.26888672782777284  738512.6106882063
1.1572715831172105 -1.509388823427706 0.5342242671232654 -0.13309013860227903 0.056631503871790854 0.9504448821904926 0.2751988620869393  738512.6106892626
1.1289767532905792 -1.486841697925102 0.5370751120904372 -0.11591367398897821 0.05250336530035844 0.9526492637345845 0.27616443855150535  738512.6106905282
1.0860150297330105 -1.4499285787589327 0.5338991820040138 -0.09998919581000928 0.05546778670963816 0.9537148553991192 0.27812489990980516  738512.6106915987
1.0312306564342257 -1.4033354100259072 0.5344507117661451 -0.07307677255222214 0.03909457092283081 0.9541471915232207 0.2876361186396121  738512.6106928675
0.9669919764461735 -1.3513170760577942 0.5381785433430684 -0.03345069591572542 0.024265151357092132 0.9586125705539008 0.2816987627740203  738512.6106939306
0.9007128546926788 -1.2924819840605457 0.5438793299715624 -0.013748954273687367 0.01415887320783135 0.959558130503134 0.28081788894441057  738512.6106952112
0.8494678349019856 -1.2460077611046696 0.5498357613557452 -0.011074975985585593 0.011408787119916032 0.9590495561127704 0.28279167845477565  738512.6106962984
0.7906780161303973 -1.1911291267549458 0.5554399968672875 -0.01807078666766 0.0063049610473571525 0.9594049348110112 0.2813820626757909  738512.6106975349
0.7449561352471828 -1.1488653593737435 0.5601268772988532 -0.030526597780466937 0.008992919037802242 0.9587853015247015 0.2823437617786454  738512.6106986125
0.6942745893729285 -1.102239382847912 0.5627932348282763 -0.03212450632839898 0.016618375015800678 0.9591755849728224 0.2804889354271125  738512.6106997199
0.6389204433978313 -1.0513112168146115 0.5658904011917644 -0.04315146593341965 0.009528741549928752 0.9589653291793606 0.28005830018800043  738512.610700954
0.592182773246484 -1.0094654750744008 0.5672105821915412 -0.0406315976754338 0.010099395141594135 0.9588056758275674 0.2809604091130236  738512.6107020915
0.5351381638055416 -0.9587674857367613 0.567577159815867 -0.04519162184735557 0.01378266230478819 0.9582493868198484 0.28200331238122417  738512.6107032578
0.48767857691461125 -0.9166680198793775 0.5664511405944637 -0.04364510470175818 0.01660701548340697 0.9554148713677567 0.29155057098493126  738512.6107043218
0.42852159329769846 -0.8638213668264392 0.5633953791533666 -0.023322741299237594 0.01472962008085785 0.9475856377821584 0.31830888630313536  738512.6107055849
0.38302973969299187 -0.8212929725350989 0.562064598164102 -0.03505597961961978 0.02607850464847764 0.9373255651321593 0.3457047509622717  738512.6107066617
0.3331547643893726 -0.7711782337467794 0.5598378667862328 -0.033402380652470656 0.030491941940836383 0.9233174807362686 0.38136511666676376  738512.6107077613
0.2812006440191123 -0.7128064091957043 0.5580225594365591 -0.027988056545417587 0.034173031015040316 0.9046896616810634 0.42377528088535166  738512.6107090344
0.24166305707128166 -0.661763557927694 0.5561420290028468 -0.025733655346697734 0.034033008985839504 0.8866191662591467 0.4605279441074156  738512.610710098
0.19756910976579387 -0.5964458701724868 0.5545467728360167 -0.010953665396292365 0.05247665145151261 0.8620392664934354 0.5039985330239388  738512.6107113551
0.16753650323734137 -0.5388734858413603 0.5542164247819444 -0.013514983601033643 0.04590340849482363 0.841628736764671 0.5379324230409667  738512.6107124435
0.13727975014207636 -0.46546636129222413 0.5547191320285634 -0.01355512677851132 0.044915036684533366 0.8157313650446972 0.5765251409088424  738512.6107136951
0.11772594985571194 -0.4028624572489114 0.555324574662267 -0.010593014547479327 0.04301471530481648 0.7957550839125569 0.6039961661611455  738512.6107147591
0.10057222402349338 -0.3246919533976074 0.5561505431337469 -0.010680871422924346 0.04005886180849932 0.7682377985494334 0.6388207036846681  738512.6107159986
0.0918497935761289 -0.25988401056610816 0.5567382802055189 -0.008319057250148771 0.03815947496359423 0.7466839769044448 0.6640313896128212  738512.6107170929
0.08769392038782599 -0.18751513416242077 0.5566283787591488 -0.010220179216062681 0.03739523653128191 0.7236007985211967 0.6891291813593788  738512.6107181662
0.08946656594609491 -0.10734942657671437 0.5548700489726868 -0.0098260831699982 0.03453958925742039 0.701117321578751 0.7121411139975724  738512.6107194477
0.09562840322036818 -0.041986254189962234 0.5528274376993324 -0.011933802609999477 0.03173451687196202 0.684197344376038 0.7285084067757531  738512.6107205192
0.10831688008657424 0.03757599294963626 0.5499876623192823 -0.010285985301027303 0.026460515823521567 0.6677970563862933 0.7438018090126846  738512.6107217993
0.12216334125056236 0.10164771493997499 0.5474018589713022 -0.011868437483362054 0.02690318477080916 0.6562333529330349 0.7539848442370433  738512.6107228588
0.1430467300934551 0.1787556645271416 0.5436342512462496 -0.015580465444977414 0.025282184247763073 0.6478399107265133 0.7611974187594461  738512.6107241014
0.16272221715291207 0.24113497138164605 0.5410293516638633 -0.01867494549240515 0.022264044714856563 0.6452342353918694 0.7634319486385543  738512.6107251885
0.1863003059526704 0.3098142143412387 0.5393873972211345 -0.024337607640436288 0.018771152983525805 0.6465025244612033 0.7622924704700293  738512.6107262765
0.2126397858256375 0.38517681768374734 0.5386008435430187 -0.026909932965120936 0.015724106208224477 0.6534876200032101 0.7562952720295859  738512.6107275408
0.23368782377597866 0.44690082961522926 0.5380624945313495 -0.03011285939693672 0.01641334335630731 0.6618329792592279 0.748866426957213  738512.6107286189
0.25864944420645825 0.5238383764329888 0.5361057148276186 -0.03514852272257296 0.015525622987605353 0.679390117172483 0.7327704995901699  738512.6107298742
0.27770210262256834 0.5869413997447673 0.5355929964416107 -0.03765109496569504 0.011480380162726466 0.696880376383287 0.7161063726368392  738512.610730959
0.2984873105899037 0.6648915170150204 0.5353319157845722 -0.045010788978818564 0.008642185453051615 0.7225097766078165 0.6898398105446093  738512.6107322027
0.3124427944620386 0.7295508440079793 0.5350584682319343 -0.04623844400921275 0.006850408407246276 0.7492624192857493 0.6606216051919033  738512.6107332824
0.3249697745518957 0.8095448584527863 0.5345175481950705 -0.05451861561887477 0.002476593601198602 0.787392838784511 0.6140310289114101  738512.6107345389
0.3297845143069888 0.8754673134700455 0.5332302171936084 -0.05623684079987878 0.0033847866117540752 0.8221843545048878 0.5664263837109134  738512.6107356166
0.3282721336411589 0.9566324139053188 0.5318848159306319 -0.06608625140536323 -0.00369212453383718 0.8641014529849873 0.498946544772932  738512.6107368671
0.3172554791833625 1.0304449295819642 0.5311897136020294 -0.07335962807657272 -0.01513956675106242 0.8999770166935389 0.42945375526411983  738512.6107379677
0.2976472801644519 1.0957878874559317 0.5302309956978103 -0.017050235708543936 -0.05798994828763378 0.9142133499966008 0.4006998952431527  738512.6107390312
0.2707783255878382 1.1578461713939732 0.5289760667374407 0.06828769829288416 -0.08698366905344916 0.906777158446075 0.4068486407748244  738512.6107403055
0.257167043851682 1.1850020887409147 0.5255101794433065 0.0921537215065853 -0.08145263182348517 0.8993287366439277 0.41962004698054123  738512.6107414115
0.25454235988061485 1.1917033289515926 0.5110072619855387 0.07938119621814414 -0.06163042453565147 0.894912370836481 0.4347782940561324  738512.6107426395
0.263077676423508 1.1797062758752246 0.4908313058462876 0.049059309636832485 -0.03278707360929808 0.8937963805326218 0.444574203130232  738512.6107437059
0.28246778108339193 1.1541648177600816 0.45748431471168194 0.011333979391374743 -0.01235188092823141 0.891947753015101 0.4518275974749695  738512.6107449544
0.3020762522411329 1.1294615685691214 0.4259023359184237 -0.02052315910558347 0.003695810132689887 0.89065287547002 0.45420545609313745  738512.6107460374
0.32313726471904214 1.1039088214668362 0.3856118542437042 -0.04369971889410619 0.014500970222465196 0.8885365938650304 0.45648962506711316  738512.6107471106
0.34218059569617826 1.081513768579629 0.3367685858899648 -0.05665654398744401 0.022260278211455 0.8889295523143295 0.4539810205940257  738512.6107483803
0.3530593144165566 1.0700990022199195 0.2943292689000422 -0.05487011105272917 0.015621385913824509 0.8901747786764446 0.4520333025602601  738512.6107494618
0.3600601567740179 1.0615987080434504 0.2391842094943983 -0.037168623607761825 0.023867849457429244 0.8904674806183626 0.45289787495921  738512.6107507321
0.3636032588550504 1.059819485766058 0.1916086000277313 -0.03960548390916791 0.004510802325753585 0.893798991255502 0.44669275966523764  738512.6107518389
0.3642973412860215 1.0591194505840722 0.13604061546191998 -0.03055074805418612 0.00602907009530145 0.8959807353927751 0.44299980125518973  738512.610752917
0.36271019014923117 1.060654292893961 0.07678929492348897 -0.02464536709206539 0.003509993895319407 0.8978034849549678 0.4396921516543901  738512.610754182
0.36081144751572797 1.0621882224583308 0.03155597721675551 -0.014970589690654536 0.006586585340369762 0.8992801739022097 0.4370671197473904  738512.6107553011
