-0.37419579725021107 -0.26608351308053074 0.026491442253930544 -0.016244253709299248 -0.015524818223682587 0.017714118654852444 0.9995905733053065  738545.5151065895
-0.37466587274034474 -0.26565253110710274 0.02619836565595415 -0.015680478106800916 -0.012529230243759565 0.02392710015288866 0.9995121984618871  738545.5151078348
-0.37456711214805066 -0.2656112551842362 0.026079279801409602 -0.017877187995535955 -0.012554792194339075 0.023454860514463164 0.9994861944322074  738545.5151089036
-0.37458348100369626 -0.2656062487018659 0.026086735779051257 -0.018052200902118145 -0.012343431790144903 0.023417097126729434 0.9994865668413903  738545.5151101561
-0.3741932694284753 -0.2660818179639999 0.02647725014154663 -0.015702948742137936 -0.015673035582654725 0.01764154448691678 0.9995981939082037  738545.5151112463
-0.37434069828422456 -0.2660716105631255 0.026574436438656843 -0.013415752739522904 -0.014883261819090589 0.019289568620029403 0.9996131344867921  738545.5151123201
-0.3743049045087244 -0.26585918532193054 0.02657432380628387 -0.014979843576933527 -0.015188240899807488 0.01795172636560703 0.9996112530105263  738545.5151135746
-0.3745601757135027 -0.265597081337983 0.026106042799249465 -0.01817664245865076 -0.012607904404621288 0.023601045714456405 0.9994766835982911  738545.5151146373
-0.37451155313855805 -0.2654838064806638 0.026181292476559728 -0.017256541131830352 -0.010983448999204538 0.021872510301919817 0.9995514838813155  738545.5151158986
-0.37451780912240806 -0.26550699000033223 0.026173127709612075 -0.01700736909148439 -0.010970249998479066 0.022000643702103185 0.9995530874787242  738545.5151169723
-0.3745621571957981 -0.2655951529562851 0.026240910406510776 -0.017998851610855064 -0.012581465658094374 0.023727591852742504 0.9994772380837166  738545.5151182483
-0.3746728521019318 -0.2656478692602802 0.026551143661308594 -0.018740183486652948 -0.013285652843190289 0.02387622555706653 0.9994509606801951  738545.515119333
-0.3747294144441807 -0.2655929680432679 0.02692157939519355 -0.015185680630415303 -0.012329251609358 0.02376140618810142 0.9995262779109453  738545.515120424
-0.3746979061325229 -0.26605971222189045 0.027168256482768608 -0.010228586042009219 -0.01321852585750447 0.024714933194991916 0.9995548102424914  738545.5151216744
-0.3745406285957455 -0.26619049636357245 0.027527230340008715 -0.006140697932995941 -0.011956902050414164 0.022835470305727076 0.9996488711633544  738545.5151227517
-0.37413287474756796 -0.26782289326522674 0.02939963258103983 0.010102672899438312 -0.006877167258534284 0.028605529764043503 0.9995160650223205  738545.5151240159
-0.37254654641870366 -0.2724105413329002 0.031345132340593315 0.005295102920072059 -0.0010369021868057615 0.01953426497288394 0.999794628516722  738545.5151250833
-0.36771892434166664 -0.28433118350829667 0.03870139087637573 -0.011762215939183685 0.000668155216918809 0.007259638253304299 0.9999042461642201  738545.5151263385
-0.36161627939023033 -0.29807028026180665 0.05117489605316559 -0.01645178951796371 -0.011188291602339397 -0.004547201260079546 0.9997917201664445  738545.5151274224
-0.35358455569951874 -0.3176885821284433 0.07578202687045968 -0.02619034769785026 -0.025973567020651962 -0.022763986708972343 0.9990601785742454  738545.5151286694
-0.3477789425311264 -0.3333410225940057 0.09899712934435069 -0.030101041953266575 -0.016589540854037264 -0.03460550260234934 0.9988098786041409  738545.5151297385
-0.34240175277163276 -0.3513502146903552 0.13413523983161482 -0.0545842619793913 -0.013736412835388689 -0.04333846309206835 0.997473632194555  738545.5151309691
-0.33801274631941963 -0.36281234217258995 0.16871399910713286 -0.05530623647703074 -0.010653246885433046 -0.05052240888295137 0.9971334989549838  738545.5151320637
-0.3331482734639584 -0.3696180371327808 0.21220283651932878 -0.066954932126112 -0.007018226713335941 -0.04998831102890402 0.9964782738817066  738545.5151331535
-0.3260430054787336 -0.3722216093344755 0.2642506589722831 -0.04979143139074523 -0.01883967509108763 -0.05089037246835948 0.9972843375851015  738545.5151343939
-0.32170674535229427 -0.3700355952848463 0.3046921354617951 -0.0345243256662385 -0.017803103537418166 -0.047340803575127245 0.9981232232337793  738545.5151354804
-0.3177183003939453 -0.3675373821577267 0.34633127296833577 -0.03357901596075673 -0.023271795970990796 -0.046572482900834884 0.998079093577179  738545.5151367375
-0.3154281250701699 -0.3651878307501332 0.3848765695022195 -0.025161509081223894 -0.021116678188017855 -0.04224558224663793 0.9985671210007376  738545.5151378083
-0.31556885706692744 -0.3630705002376122 0.4195123671901246 -0.018229697629618676 -0.017507599637922335 -0.0413128092515042 0.9988265184059741  738545.5151390587
-0.3146594511379722 -0.36337049192215554 0.4429437664634292 -0.025022652573435056 -0.0134690774137583 -0.03180311183027931 0.9990900924790127  738545.5151401317
-0.3153346698622252 -0.36480171587604343 0.46220662159953113 -0.030985998058249323 -0.01703664863941306 -0.028988777260156428 0.9989540886949873  738545.515141398
-0.3173554092361245 -0.3654655413518284 0.47332219025562977 -0.0328030777875454 -0.017763000789937717 -0.03259747358086302 0.9987721655146112  738545.5151424897
-0.31990746234165446 -0.36770191401164803 0.48355908400156056 -0.02967713548641001 -0.012311039271253179 -0.03431320718251109 0.9988945438604783  738545.5151437367
-0.3231143032788239 -0.3691465396596583 0.4881613870169134 -0.029398202275147275 -0.02193659704111646 -0.040610501485936285 0.9985015365948647  738545.5151447993
-0.3272766682699195 -0.3724013152083019 0.49168759237109105 -0.031014365492679774 -0.01811446571073416 -0.04011429513657662 0.9985493571130056  738545.5151458726
-0.3335293026519172 -0.3750851017338457 0.4954310507608346 -0.0402112250027109 -0.0132961242318313 -0.04256209092918452 0.9981957417660772  738545.5151471326
-0.33876338253608107 -0.3769661798800961 0.49828652154602776 -0.036371435492531815 -0.013082713738106091 -0.04660143868162667 0.998165450811769  738545.5151482103
-0.3444870141466727 -0.3797971592774367 0.5019952866593042 -0.02881002571399562 -0.0070387951791118395 -0.04791786432141601 0.99841089540312  738545.5151494712
-0.34856973363443783 -0.3808312820003799 0.5055018495311516 -0.044752137230655166 0.005249118291347533 -0.04766786514126692 0.9978464148371362  738545.5151505701
-0.35042559749281765 -0.3816052485468798 0.5127816251925986 -0.04444587223903304 -0.002126392987284967 -0.047053468935494336 0.997900803664829  738545.5151518226
-0.3495879565118273 -0.38117487976155984 0.5202005723660474 -0.03969317999224956 0.001577217921356712 -0.042921257386835866 0.9982883999676969  738545.5151528862
-0.34904734379560937 -0.37810681830122755 0.5264004739685227 -0.02973181822454789 -0.011264884105885588 -0.04707921512570753 0.9983850303736985  738545.5151541388
-0.34625319908578595 -0.37724547273729786 0.5311993489057566 -0.029136481002352062 -0.010322897861155596 -0.039562661633334946 0.9987388542852601  738545.515155218
-0.34491621131972056 -0.3756788553864719 0.5338244254913953 -0.03299381554169721 -0.015372903586622097 -0.04063388255683335 0.9985108760347452  738545.5151563014
-0.3451213257299447 -0.37453050011401295 0.5340869306129229 -0.030704498058935978 -0.01690279803423206 -0.038856890959273964 0.998629897030197  738545.515157566
-0.3465652761445215 -0.3740602937348798 0.5341422969060504 -0.030253625198348004 -0.010545909973362496 -0.037865145263838884 0.9987691088131131  738545.5151586271
-0.3489797725276574 -0.3739109554304803 0.5352462817944553 -0.03627465272388574 -0.008067583322568432 -0.03672816434027068 0.9986341199925471  738545.5151598955
-0.35074596016149734 -0.3742906080685398 0.5371908471722016 -0.028851489826273072 -0.009135248445740906 -0.037247126143380174 0.9988477313207945  738545.5151609587
-0.3525448417786618 -0.374285013184786 0.5398397520803517 -0.04387818103580633 -0.00080430624552272 -0.04012402899789238 0.9982304947342717  738545.515162232
-0.3530510960367403 -0.3741512484741649 0.5420602448096056 -0.041946864723692585 -0.0014565421234459777 -0.037958896510969536 0.9983974465114404  738545.5151633158
-0.35203603834952596 -0.37339956999488483 0.5455763777992853 -0.04160399799380258 -0.007847390689062445 -0.03420720921666467 0.9985175975654672  738545.5151644102
-0.3501245008088867 -0.3726349475050028 0.5485540405697213 -0.03187722083033275 -0.011742107298402098 -0.027800838774300007 0.999036074960145  738545.5151656752
-0.348631420418197 -0.372165391074577 0.5503607483521872 -0.03041648506267386 -0.005703293377866808 -0.020783719439735365 0.9993049318838212  738545.5151667525
-0.34748544828558203 -0.37176271945581135 0.5513612151187991 -0.031732140041954654 -0.017660158500240407 -0.018247379018246176 0.9991737702967731  738545.5151680019
-0.34650373409817276 -0.3726325317201916 0.5523627971646892 -0.03715711695420332 -0.00845100722486234 -0.01342625427796815 0.9991834990794235  738545.5151690703
-0.34578384275520824 -0.3740484437221182 0.5535768440762038 -0.03390430798773746 -0.009489996299902412 -0.011940041675093636 0.9993086976880055  738545.5151703318
-0.34600046897744313 -0.37443110438422017 0.5535886642659471 -0.03443174050885029 -0.011652820075701016 -0.01235397758491675 0.9992627513660489  738545.5151714181
-0.3460271819063095 -0.37588184634671346 0.5540720913535158 -0.04273575023136775 -0.007068431261920973 -0.006063553437634594 0.9990430052061656  738545.5151725141
-0.3461008747762669 -0.37644021353839086 0.5560984820003615 -0.04371588464856693 -0.006411104558064762 -0.006466226698186558 0.9990025060429161  738545.5151737677
-0.3459345777214941 -0.37507850107859836 0.557010775234878 -0.04546815694406943 -0.008613852189749562 -0.005927323583642553 0.9989110646547557  738545.515174853
-0.3445284276071363 -0.3723533009629265 0.5576848342129346 -0.04491101203596186 -0.0054788214551269605 -0.0065165553847198535 0.9989547126968702  738545.5151761201
-0.34284224409801844 -0.36926468742985136 0.5576370980494032 -0.037340279519885305 -0.00888097228759545 -0.009022284504909862 0.9992224127985302  738545.5151771753
-0.34041334317644434 -0.3657830822191977 0.5577329025954846 -0.03502952393973858 -0.010363831577787239 -0.009689352013230472 0.9992855647437054  738545.5151784215
-0.3382796961519115 -0.36358398866569236 0.5570743303450736 -0.027579862603800888 -0.012308771081370943 -0.010932524749940064 0.9994840295051312  738545.5151795017
-0.33725475904867996 -0.36217414550243504 0.5546292679219382 -0.022801144621230045 -0.021265758563456347 -0.016383168962478364 0.9993795410610673  738545.5151805974
-0.3376088413739585 -0.36280449318897945 0.5504454454571285 -0.02974124882007181 -0.01811966813543118 -0.014788533257327749 0.9992839611588796  738545.5151818531
-0.3396028410433336 -0.3643519025614872 0.5469835161892146 -0.03132111815063599 -0.012225419585711826 -0.0161487501559293 0.9993041301536528  738545.515182914
-0.342867078611462 -0.36706004545446114 0.5435153490971015 -0.03240662469414496 -0.01679103611856566 -0.015322580298507095 0.9992162380160731  738545.5151841774
-0.3462889186187634 -0.3691609370077272 0.5393080835359687 -0.03422539573622839 -0.009722762566179245 0.04577050419711681 0.9983181612694031  738545.515185249
-0.34883193482862485 -0.371343085022459 0.525618810556902 -0.05389319938383758 0.002995259850722097 0.2167746047661566 0.9747283325147973  738545.5151865081
-0.3472231138107398 -0.37058495812075753 0.5071273935615218 -0.057848111627951095 0.01359926824762178 0.37709572513367096 0.9242659086919306  738545.5151875754
-0.34062146761906154 -0.36100804893074495 0.4813885032532038 -0.06415715295697645 0.006715839774343237 0.5357258145146677 0.841924348669865  738545.5151888481
-0.332215937139187 -0.3462072680379885 0.466928933551437 -0.030141487990067783 -0.01599931448092514 0.6170740569048412 0.7861648179185368  738545.5151899116
-0.3196820378163507 -0.3254923683048001 0.4654395756949645 -0.013510110191197511 -0.037527315701361294 0.6714300864915852 0.7399937948745074  738545.5151911756
-0.3078351325794491 -0.30869185684707595 0.47650511345627317 -0.009690179191728324 -0.03954648059422238 0.6994436577305574 0.713526976336804  738545.5151922869
-0.29733638938011464 -0.29656920021222805 0.49363700340385835 -0.013837693073762859 -0.0491674915749033 0.7132306095438488 0.6990659293888798  738545.5151933576
-0.28713028568927185 -0.2848456968297728 0.5171594742461387 -0.02661118088725014 -0.051848930829067594 0.7210912217633615 0.6903846632997369  738545.5151946099
-0.28011732051841964 -0.2779053735643414 0.5354734314084502 -0.02410537075619952 -0.04812055398671205 0.7251267693994242 0.6865089305209892  738545.5151956902
-0.2726564798367347 -0.2717703750896895 0.5513812009302957 -0.026501033250188388 -0.04456920345525174 0.7287890494605584 0.6827721455408184  738545.5151969515
-0.26836821618440543 -0.26732961993512866 0.5599683483801111 -0.03704085524097285 -0.0447898349646638 0.729120674666972 0.6819126685287753  738545.5151980283
-0.26549963891019235 -0.26193782843966834 0.5650906676180348 -0.040429926643827725 -0.042036008807286085 0.7316045596417936 0.6792298309898248  738545.5151991157
-0.2651985454761498 -0.25584473175242783 0.5661603142362858 -0.04199918204062884 -0.0388200952750846 0.7335517799631499 0.6772228990691663  738545.5152003542
-0.2677008540495008 -0.2473855899717079 0.5634800622414778 -0.040730645624867855 -0.036076125023240556 0.7366337515398188 0.6740995800344795  738545.5152015905
-0.27181134140372987 -0.2384522778727789 0.5604466535530382 -0.04072239213939522 -0.030141524735513712 0.7367141472951346 0.6743036707895536  738545.5152026812
-0.27897968421583613 -0.22512353480280423 0.5582633258163529 -0.03898223550288201 -0.031111215566776627 0.7373107602035903 0.6737101160507828  738545.5152039278
-0.2851890024524574 -0.21227490995040318 0.5576759116905458 -0.022756187984335804 -0.026069137130188456 0.7386169677657117 0.6732366084270036  738545.5152049905
-0.29051129519880503 -0.1980776155216503 0.5575360594217305 0.0022600046095801922 -0.026861298754500877 0.7367841049441186 0.6755905162967285  738545.5152060773
-0.29167976614930685 -0.18378521328852002 0.555902480680403 -0.0007674660337041125 -0.026588778091856967 0.732252668829535 0.6805133921294221  738545.5152073505
-0.2887410988712939 -0.17347457997978946 0.5531785211403236 -0.0016269420372319896 -0.019353755840746376 0.7262101057846911 0.6871984192725213  738545.5152084276
-0.2797881876154745 -0.16263723973544145 0.5489340347677666 -0.00020669993682230102 -0.035752058289788696 0.7192487229952427 0.6938321281642214  738545.5152096688
-0.26948106336052025 -0.15546070220053293 0.545617625510919 -0.005900297673697159 -0.03724972809886308 0.7157924650662656 0.6972939058949832  738545.5152107636
-0.2547559760622978 -0.150460813692539 0.5437024074571315 -0.006047931836951605 -0.04357990318343075 0.7118605459915035 0.7009413510556337  738545.515212021
-0.24141602218612507 -0.1494105153796355 0.5429407569943888 0.0012959561520171558 -0.04732192498304448 0.7076761216332037 0.7049492625598939  738545.5152130821
-0.22375878248981854 -0.15290447737103346 0.5414660403680459 -0.007795720394583344 -0.04162105329453228 0.7043654259511484 0.7085733987321571  738545.5152143281
-0.20717273954914092 -0.15914654473237164 0.5387082081076383 -0.022452216435133773 -0.05360373981416383 0.7045291410238398 0.7072914720985232  738545.5152154353
-0.193446784905668 -0.16721591322692456 0.5367441205703811 -0.021639010108055932 -0.05661261840149642 0.7060464480378045 0.705567273824736  738545.5152165337
-0.17953425512690208 -0.18035873054817161 0.5346024286631108 -0.026073689741819915 -0.05941326623218898 0.7097528550133262 0.7014564215254592  738545.5152177905
-0.1711945735117947 -0.19330644815797776 0.5329494674125453 -0.031298805865188434 -0.0549837659819326 0.7134361222614832 0.6978582017017176  738545.5152188711
-0.16526927785592607 -0.2106829080937186 0.5324894227261392 -0.028902615669337564 -0.05255092305078116 0.7192168306563693 0.6921923069455402  738545.5152201095
-0.1629039357427545 -0.2272686994442718 0.532526165964428 -0.03726140197036005 -0.05221866610227162 0.7246395515483707 0.6861357877020254  738545.5152212064
-0.16286234490642018 -0.2423412097178583 0.5322463247327786 -0.0376659199823658 -0.04864387060199335 0.7279454919918913 0.6828692503059585  738545.5152222887
-0.16681405340502947 -0.2595000191323684 0.5316190019959006 -0.0507066736992592 -0.050166314478449485 0.7332728481161693 0.6761827447884243  738545.5152235352
-0.17408179575509478 -0.2718311121438367 0.5302231263797803 -0.040745472056286876 -0.048572898665447284 0.7336779678425999 0.6765331621764742  738545.5152246262
-0.1873635433300402 -0.28499117904152216 0.5280471027645732 -0.047411652505924565 -0.04869534390319284 0.7331673795698102 0.6766435488671603  738545.5152258737
-0.2009977105356278 -0.2938495055483797 0.5256139355647174 -0.03373023369712283 -0.0429719182577306 0.7330801869852903 0.6779447802185664  738545.515226962
-0.2204181954986023 -0.30294355434561443 0.5228838907208359 -0.04053562193673485 -0.04094925502153579 0.7310529953483731 0.6798834752070055  738545.5152282119
-0.2397587108608978 -0.30820590800476205 0.5212001376816195 -0.049492115088977745 -0.03650065596284364 0.7315246120616 0.6790360628173052  738545.5152293042
-0.25851444566183346 -0.309398076807326 0.52065082316709 -0.04133340037333702 -0.03134795035017682 0.7317330294612439 0.6796143241706216  738545.5152303866
-0.28236626338258497 -0.3059632595802573 0.5210895054163447 -0.041529091633868295 -0.0284311916827441 0.7351370326079191 0.6760477388291365  738545.5152316324
-0.30257643074635165 -0.29924262163385945 0.5212456998427468 -0.0417076741514691 -0.030895879666353647 0.7791828366205419 0.624643915885269  738545.5152327206
-0.32872886659795925 -0.284607354917547 0.5133402106820588 -0.06252848033904797 -0.012935122613081848 0.8834433511598925 0.46416669100750074  738545.5152339701
-0.35222778965472445 -0.2651951510364692 0.4999578995164448 -0.04854710248059259 -0.017433035761822903 0.9532325603007223 0.29780354948757026  738545.515235059
-0.3808864439670569 -0.23270791948158256 0.47984219529293315 0.034798536346939204 -0.006643842518993441 0.9914056320356234 0.12593567402741712  738545.5152362974
-0.39878068412918777 -0.20161133099780087 0.4672861919313798 0.04245588719395608 -0.03564569356043899 0.998006563441558 0.030162584450622698  738545.5152373818
-0.41390296540964194 -0.16324887769382973 0.4627673390768984 -0.0007970699138532314 -0.05439095943432415 0.9977438729908193 -0.039346564280071925  738545.5152386328
-0.42730683741333153 -0.1320404868386882 0.4707723548888743 -0.01384501797361985 -0.04866506704795966 0.9967582622659806 -0.06255392338639072  738545.5152397219
-0.4414502069237859 -0.10578349983217901 0.481116830417651 -0.012589529137817048 -0.0374037509199814 0.9972487791826027 -0.06274819194218004  738545.5152408035
-0.46408985262791574 -0.07705213131047974 0.49308125145645376 -0.04936296501584808 -0.07413706222794568 0.9937705591227646 -0.06698559180810247  738545.5152420703
-0.490390065181275 -0.058373864149083236 0.5042156849140276 -0.05782963591868021 -0.0696549161719361 0.9937111959205538 -0.06589373995104708  738545.5152431643
-0.5341746945904293 -0.0421046560860459 0.5176223640391318 -0.053410212414938145 -0.06298903204221061 0.9942020039146695 -0.06886295422236913  738545.5152444086
-0.5788310153732162 -0.033563121478303384 0.5265817729822037 -0.04644563314303564 -0.06083791275204692 0.9947321977930826 -0.0681865544492503  738545.5152454808
-0.6359400262791575 -0.028747943690928576 0.5352130737705267 -0.04282628767767793 -0.05733307099814392 0.9950587011645743 -0.06882593472188396  738545.5152465632
-0.7075784526946834 -0.028772629135838116 0.5424025889271785 -0.046218035657599875 -0.060225718030985205 0.9947851575274559 -0.06811201384983301  738545.515247843
-0.7718745026855767 -0.0319372663284596 0.5467671642813166 -0.055399040206446204 -0.03662059275882746 0.9961063363271123 -0.05798314633731588  738545.5152489146
-0.8615342044812935 -0.037004603776459574 0.5498328998060533 -0.11124290512559455 -0.022780702121503585 0.9924674703956334 -0.04598234309560374  738545.5152501833
-0.9503911044679035 -0.03920914593556904 0.5499531590484373 -0.14081769294640942 -0.0354427573199024 0.9886641966579884 -0.03817452754688405  738545.5152512797
-1.0735097984798063 -0.04117282086089214 0.5473458687512056 -0.21603268738582385 -0.022373440151445025 0.975753786643088 -0.027089758365916088  738545.5152523643
-1.2326903847908055 -0.041234255718391115 0.5354132450932078 -0.29475083420430337 -0.01627252430235343 0.9549950856127047 -0.02900925962997602  738545.5152536074
-1.4406767866981565 -0.037460832519683955 0.505264038074327 -0.39589422083428605 -0.020256843473457176 0.9177421929521604 -0.024631148529149903  738545.5152546685
-1.7441293705203462 -0.03023406300874613 0.4374771793075521 -0.5429779210607354 -0.011643906091943854 0.839490269862558 -0.017189633433362533  738545.515255932
-2.0598499954989835 -0.016368620659933428 0.33591938923748826 -0.6357582350702088 -0.0074452101390867186 0.7717074771846136 -0.014953429163811278  738545.515257006
-2.097314951377381 0.039692130043327965 0.16599607212852738 -0.3853303915998933 -0.6089448276230354 -0.2813581891153378 0.6336751972725164  738545.515258265
0.0 0.0 0.0 0.0 0.0 0.0 0.0  738545.5152593333
0.0 0.0 0.0 0.0 0.0 0.0 0.0  738545.5152605738
-2.0813119194748166 0.29314036194717746 0.012361157633200521 0.5919464000045522 -0.3969427005921676 0.3386155058424794 0.6143089541682502  738545.5152616568
-2.1115285345522845 0.3245310242367403 0.00762267244401744 0.36242958670651293 -0.5809915288226511 0.1638274895776767 0.7101085774547023  738545.5152628949
-2.1343691064872456 0.3240268617269948 0.007943725598722076 0.27964293538675056 -0.6166394439929288 0.07313119216902818 0.7322618749684502  738545.5152639623
0.0 0.0 0.0 0.0 0.0 0.0 0.0  738545.5152652116
-2.0902778619468876 0.34912363441250804 0.057722968524461134 0.6338635251074214 -0.2561429213030308 0.6889835482725328 -0.2406439394926315  738545.5152662853
-2.1885939948251054 0.3030132910801327 -0.023559624165805662 0.24496394530919105 -0.7457494916253067 -0.16614210373507832 0.5968644424034948  738545.5152675477
-2.194395177249342 0.300174989324129 -0.028957517567436183 0.241058356945746 -0.7443819082387068 -0.19158975081847984 0.5925198820418026  738545.5152686337
-2.1902714677781088 0.30155448133795854 -0.025099290670312274 0.24011967024197814 -0.7413460531749387 -0.1888839456659994 0.5975545401672289  738545.5152697273
-2.1934450661840783 0.3004404976907511 -0.028410863940373024 0.23970662239785673 -0.7381018266439341 -0.18193625894629178 0.6038589457515116  738545.5152709614
0.0 0.0 0.0 0.0 0.0 0.0 0.0  738545.5152720375
0.0 0.0 0.0 0.0 0.0 0.0 0.0  738545.5152732928
0.0 0.0 0.0 0.0 0.0 0.0 0.0  738545.5152743575
0.0 0.0 0.0 0.0 0.0 0.0 0.0  738545.515275628
0.0 0.0 0.0 0.0 0.0 0.0 0.0  738545.5152766862
0.0 0.0 0.0 0.0 0.0 0.0 0.0  738545.5152779572
-2.1635649053658876 0.31309703496269486 -0.0035049024330602698 -0.1436396611690265 0.5789978139356337 -0.4571591591693081 0.6596473924640466  738545.5152790353
-2.149937466120601 0.33257910935482526 -0.019840355889371428 -0.6482388328918648 0.7394861781378217 0.18116365421312178 0.0112400296378391  738545.515280296
0.0 0.0 0.0 0.0 0.0 0.0 0.0  738545.5152813902
0.0 0.0 0.0 0.0 0.0 0.0 0.0  738545.5152824708
-2.0243341992500357 0.2503268318183482 0.10136483653831578 -0.4161429818088529 0.7978266183398658 0.4299934022711278 -0.07350768506020862  738545.5152837213
-1.9896726064268406 0.24775565650591996 0.16650258704007706 -0.4348708960157007 -0.46305117679309954 -0.5068820253439243 0.5827019168084729  738545.5152848068
-1.929403089806496 0.2666284841601947 0.25161727003334644 0.45309673669905937 0.36473534289616205 0.6521367955678183 -0.48619859800458076  738545.5152860818
-1.871784192480005 0.2801425562651806 0.32693468020141286 0.41844711596851536 0.3650697308391775 0.7456234189855729 -0.36833655781487  738545.5152871584
-1.8103026603160952 0.29621461791020376 0.40455225345289264 0.42478983774298373 0.3011804280812209 0.8012986245344967 -0.29455807205070084  738545.5152882367
-1.743776489646131 0.3097172933306989 0.4818730213527679 0.2936038481863085 0.3046473032171702 0.8655908207498407 -0.26784199074512915  738545.5152895082
-1.6869865809195752 0.30481962857984457 0.5352030173114759 0.25098431503678775 0.2555753270191599 0.9137194614128883 -0.19184595815368496  738545.5152905879
-1.6217476538594502 0.28850694332477556 0.5959198765409538 0.22706456457983035 0.18389602151291573 0.9529625191668634 -0.08053802733515962  738545.5152918338
-1.5792237787577594 0.2859851506875431 0.6358849962038436 0.1981461575071636 0.17684907393946214 0.9566248843786523 -0.11971355770935509  738545.5152929081
-1.5456202183267815 0.27219561733491404 0.6614450298125256 0.1823334491603693 0.11815879994613433 0.9728418579465377 -0.07982312158579868  738545.5152941836
-1.5317749408575343 0.25892354032987636 0.6585934403306347 0.1896068233164685 0.09342365952205721 0.9740690633302618 -0.08068910865941491  738545.5152952549
-1.5195486050914035 0.23548133814961747 0.6473030523152644 0.19856776485957373 0.11953506013916693 0.9723815374602413 0.027501959251229818  738545.515296508
-1.5166152341714827 0.22073510975116772 0.6419702294726963 0.1865353117761112 0.045951459418234336 0.9703065798977905 0.1469631989478188  738545.5152975649
-1.5167090238804368 0.23322103242332023 0.666455892863899 0.08810056824470797 0.04821481059264731 0.9837790795568193 0.14863493714740242  738545.5152988142
-1.5286802477806045 0.2622910566900533 0.6981291880970543 0.047652428607011285 0.14397794932461014 0.9812470912498148 0.11896950058696316  738545.5152998912
-1.5536468887046166 0.2996328055659528 0.7401026001675874 0.012600587006831383 0.10758831505369282 0.9873110216460583 0.11611600323472762  738545.5153011386
-1.5734676211915135 0.32992321038042177 0.7668854197493836 0.0810058365160759 0.11019840585754759 0.9862081500411619 0.09320864009937643  738545.5153022142
-1.594896654652049 0.3597695577370175 0.7913548791255377 0.12849089145597875 0.05796261235485431 0.9885034408464142 0.05469345314248077  738545.5153033002
-1.6107159206411157 0.38870405554243975 0.8113265976275008 0.1425762199907349 0.032081065830250874 0.987872753745489 0.052442817579275505  738545.5153045376
-1.6197954707948414 0.40897911201831905 0.8285718976053925 -0.07474220428477772 -0.07015177933914114 0.9894026982400643 0.10283302713372432  738545.5153056415
-1.6084360138052232 0.4129919764317979 0.8595884088391293 -0.1619535730019615 -0.1449136917358933 0.9756376489112881 0.030037312899574137  738545.5153068927
-1.5925618741326721 0.4034175033783752 0.8815333048808924 -0.13646335542392937 -0.14855525103164996 0.9792240165215375 -0.020722342647333376  738545.5153079799
-1.5706722687068453 0.3819044417683561 0.8981738373706597 -0.0911506387373109 -0.1312605263427151 0.9832561633993249 -0.08757598083523788  738545.5153092383
-1.5525781307694428 0.3662897502138798 0.9047715008674931 -0.08535105659200175 -0.11049489251577081 0.9806590997464635 -0.13716342789174207  738545.5153103174
-1.5245466280068023 0.350572928186987 0.9222467814605412 -0.04615397503067389 -0.05435018986211602 0.9876256274298358 -0.1396835262106558  738545.5153113926
-1.500886893045948 0.32441050925749726 0.9312590106026312 0.021042052420807665 -0.03296947988913095 0.9928190186048116 -0.11305150030998735  738545.5153126551
-1.493719129001058 0.3219290592207625 0.9393980648344922 0.08005067461862594 -0.02978787043695161 0.9932648997580117 -0.07829055611401246  738545.5153137407
-1.4714424873174896 0.33166608012365006 0.9359215928823952 0.06339981467521758 -0.08825842768026103 0.9934948235107606 -0.034043341491089854  738545.5153150012
-1.4260616843383433 0.3375460018737447 0.9180513073788239 0.11725129841805128 -0.12084520088881774 0.9839781347137518 0.05861399872614144  738545.5153160825
-1.3790720965506045 0.34306729172706685 0.8996902400915342 0.11589884719956785 -0.10666080890068862 0.9768389990946325 0.14483265830004854  738545.5153173204
-1.3528682806475991 0.3481989545394372 0.897409879858956 0.051212851629998155 -0.09970308638166142 0.9768575897308904 0.18216966756035485  738545.5153184319
-1.332798530293257 0.3651450830328894 0.9086928929636984 0.09748588161197264 -0.024358268462012167 0.9706530173044254 0.21848546322738227  738545.5153194963
-1.3344321494748088 0.39056057468134237 0.9193726713384276 0.0617633895625364 -0.04068025663825783 0.9796729985160603 0.1864704169785207  738545.5153207646
-1.3526319837889096 0.41397021694567143 0.8946039987334042 0.020605228097392323 -0.07266469567941054 0.9888110945046542 0.1286385865958619  738545.5153218455
-1.3689448827826671 0.4380887551869987 0.8395831482084508 0.04632101279723403 -0.02112120132874522 0.9945505233952272 0.09098084986495117  738545.5153230847
-1.360284712683274 0.4402558850409908 0.7999211343612965 0.09751539652769017 0.0988826686696872 0.990298897333118 0.004589032318354016  738545.5153241835
-1.3499231630513553 0.43142610845533036 0.7549968751097352 0.021009090352574596 0.054511974671992335 0.9981957358605568 0.013868512887797545  738545.5153254387
-1.3355966238266794 0.41960738379408014 0.7178572148453396 -0.03653753103572927 0.06463634247088287 0.9965069538994187 0.038223590724861825  738545.5153265273
-1.3335380665569567 0.40102728958636563 0.6738246283561855 -0.10881337175569303 0.04110334178322118 0.9931955098373315 0.005731026118624677  738545.5153276117
-1.334657612069947 0.3835403921163345 0.6342904806452008 -0.1219400889987403 0.07280650152212115 0.9898321987462013 -0.007876950955106873  738545.51532887
-1.3355808154922717 0.37614287232248117 0.6022621030799985 -0.10803100431855538 0.09410891682120136 0.9865209071636685 0.0790526002711938  738545.5153299381
-1.3329020126176778 0.3746471313028315 0.5629180514532339 -0.03630370229195226 0.07259834302200707 0.99633636422529 0.02693271454358982  738545.515331181
-1.3484783752012712 0.37580611920302553 0.5370339394446153 -0.016924819301063522 0.013113681317661972 0.9994745977964298 0.024333314891116457  738545.5153322618
-1.3536567619525617 0.38242635350603327 0.509333112247276 0.08440669629591743 -0.052352012258228976 0.9950535950483693 0.0017661863545164157  738545.5153335053
-1.3330934490650372 0.3815604872411242 0.5007362294582137 0.11448635953279579 -0.15111964553727583 0.9811919493113369 -0.03630543788793299  738545.5153346125
-1.2991550198489838 0.36726035917549693 0.5099310098691531 0.12108569871821698 -0.1957347488356239 0.9704463375241502 -0.07252632384272377  738545.5153356921
-1.2585901952705798 0.33015729939408395 0.554065312009777 0.10401102470585999 -0.2056387047805921 0.9699198917374444 -0.07842087380169803  738545.5153369525
-1.2244329331250081 0.28605621520412217 0.6144518805401674 0.06420861989713333 -0.23116765634213596 0.9688114844018236 -0.06199254377201034  738545.5153380339
-1.1760479731440217 0.2182041707614416 0.7248174294563208 0.04680774160131707 -0.24899268102506528 0.9652620218474949 -0.06388199512398439  738545.5153392857
-1.1493979242176793 0.1564473663012032 0.8364453248884313 0.01546355710587013 -0.3138924399794189 0.9473580538161356 -0.061197486836505756  738545.5153403771
-1.12906811173612 0.09361817299611086 0.975148096837318 -0.028325522005800855 -0.3667666514217918 0.923298677096569 -0.11045108002944287  738545.5153416224
-1.1229205321717373 0.05955398191342779 1.0673463031332928 -0.09578402669758354 -0.4466666489325577 0.8813128250343916 -0.12083885712326081  738545.5153427036
-1.1143351806385422 0.041748338930172275 1.148548463075476 -0.1301799521976891 -0.47113846310163204 0.8530441226986862 -0.18274970139857497  738545.5153439639
-1.1064712325345278 0.0397356110304137 1.1927950645042076 -0.2051976425714023 -0.5000538019927535 0.8013623293089617 -0.2562392236958396  738545.5153450569
-1.0861745164695524 0.047086068461219606 1.223819761176253 -0.24172484403302696 -0.49375378666322167 0.7819245737282193 -0.29388817419705926  738545.5153461383
-1.0465000916459961 0.059236473156291936 1.2486248907451456 -0.23518963981341814 -0.4589332065931178 0.8207711723279142 -0.24576579885341016  738545.5153473807
-0.9929113353734872 0.07162417541367475 1.258210012366868 -0.18041197747601306 -0.40333813360056664 0.8943321190434522 -0.07028462999870203  738545.5153484758
-0.9103240124192248 0.08497030827288762 1.2632478532224722 -0.1442466655704439 -0.33741431296113367 0.9282220240621054 0.061223810129907616  738545.5153497292
-0.8517706601417511 0.09247629485332926 1.2703359703364379 -0.12297470218050822 -0.31944673449259064 0.9311489080846823 0.12566907900649052  738545.5153507972
-0.7942642848551617 0.1009636199233513 1.2866142407489287 -0.140572482398045 -0.33603420879254203 0.9262863986513735 0.09650852494515968  738545.5153520406
-0.7544269240324945 0.10353796048184381 1.3001332546874893 -0.1618852467320587 -0.34612600733936416 0.9221732787722067 0.059886541495806106  738545.5153531231
-0.7150775561393102 0.09871626824683992 1.3150456505826507 -0.17909936629927217 -0.37346465944012114 0.9072968512500513 0.07252578060397408  738545.5153543819
-0.6853913472788199 0.09184554977720422 1.3232055521008677 -0.18767076838035035 -0.35568184612124415 0.9143613855729087 0.0470463984647401  738545.5153554489
-0.645267202221155 0.08053012602121885 1.3252129234260117 -0.2112603338912513 -0.3896726515825964 0.8962025593829017 0.018581401677004616  738545.5153565452
-0.5968001073300366 0.05788318717040687 1.3251174138487303 -0.22896684806659443 -0.4422288166815616 0.8671749217774977 0.00393842900986316  738545.5153578069
-0.5484719048059596 0.030282106673316725 1.3236114302252415 -0.23762822829960736 -0.4640512423546685 0.8533340511278229 0.003204180091157993  738545.5153588838
-0.477694517598282 -0.01505142858830075 1.323140799639829 -0.23393301179703624 -0.4887694974398377 0.8404320574918822 -0.007326738970229602  738545.5153601376
-0.42292374099982805 -0.05396607769133036 1.3299399178689473 -0.22964138776023615 -0.5137481948656603 0.8266242252458628 -0.004473872651913281  738545.5153612199
-0.3744172163475038 -0.08499928247519954 1.3394950198160163 -0.2339697178107154 -0.5247471093589897 0.8184729034681328 -0.0008652487523144365  738545.515362306
-0.3346092806192552 -0.10969167872617384 1.3451023264823494 -0.23455488552801332 -0.535277411036967 0.811388416023065 -0.010532675447584147  738545.5153635525
-0.29512904847329896 -0.12956319444758477 1.3464097745530244 -0.23483456689959428 -0.5436204037062986 0.8056842731093792 -0.014227962872182247  738545.515364628
-0.2507160797161922 -0.14366262885409725 1.3442099803292185 -0.22965978935676265 -0.5458383844786353 0.8057827819125319 0.005563052728694421  738545.5153658725
-0.20129814485135142 -0.15746776421956263 1.3383324203202964 -0.226031969217387 -0.54832995893602 0.8049337495701162 0.01804061606283124  738545.5153669621
-0.138662584080845 -0.1707483316802505 1.332125665868422 -0.22658842054643274 -0.5407135207128537 0.8097564192263209 0.024106383269795206  738545.5153682317
-0.0811334324437911 -0.18287545166936434 1.3281772402937662 -0.22756411609912014 -0.5407722029814186 0.8090560861608981 0.03475984741996343  738545.5153693148
-0.011001820190799993 -0.1981082613779046 1.3317235220535741 -0.2335371577249504 -0.521503152018442 0.818915490188556 0.05359364072180889  738545.5153705865
0.03531745934496023 -0.20696479413631225 1.3386757934911473 -0.24472811144645804 -0.5078452058646217 0.8232102476228635 0.06727768245766097  738545.515371651
0.07771683980380929 -0.21854408022712568 1.3426205114715768 -0.2715043490581818 -0.49549113290019386 0.8208834074731217 0.08321272135372303  738545.5153728866
0.10117697646670376 -0.2287187535842639 1.347336164598115 -0.2743940494238444 -0.47383243126042374 0.8304993289835947 0.10228194994435605  738545.5153739643
0.12311312274922541 -0.24205581409506188 1.3477929950804408 -0.27948652918163885 -0.46619031921782567 0.8309013145672952 0.11898265303784238  738545.5153750514
0.13963213554854562 -0.2558261436153894 1.348424913250211 -0.2865985177252423 -0.4598791068689029 0.8304528344629727 0.129308106611956  738545.5153763063
0.15415320281012412 -0.26891660051342486 1.345746617406578 -0.28993228249370157 -0.4709128466656329 0.8257906084192915 0.11068077276455404  738545.5153773791
0.1689519713910866 -0.2915675120035827 1.3468906185238854 -0.29981785226105295 -0.4669426385642736 0.8281582851322244 0.07891566715840843  738545.5153786401
0.17572004571251543 -0.3165100623948321 1.3517635190000263 -0.2848027206815388 -0.47324542846774287 0.8299063158818728 0.07862367064792287  738545.5153797058
0.18581128610931888 -0.35873010333107747 1.350612220056709 -0.26160224505672547 -0.4757124070948648 0.836784899757184 0.07108447548973214  738545.5153809894
0.19343160519493421 -0.3948546168971331 1.3463172081428234 -0.2648000985347351 -0.48655955049090105 0.8303804413591469 0.06007523824567991  738545.5153820567
0.20196980037441672 -0.42730146195792046 1.3413484093875636 -0.24601458642582916 -0.4851832571351195 0.8375099679059353 0.05148867758725139  738545.5153831425
0.21187392163619184 -0.44606367480917997 1.3489264857650192 -0.2045061057577524 -0.46600137527070706 0.8601013566278051 0.03529344529254692  738545.5153843963
0.2186889535063901 -0.44869764251729677 1.352643798954695 -0.1810852762180489 -0.4458831682673612 0.8765612526913916 -0.006057497254757747  738545.5153854802
0.22807925986358243 -0.43856857937295995 1.356927414414789 -0.13843104359054756 -0.4355740984723204 0.8872131901169089 -0.06296670702073337  738545.5153867413
0.23099159862047094 -0.42274142278716137 1.3628761600421395 -0.11190208049459521 -0.41594134788829135 0.8988412610879499 -0.08096361444301083  738545.5153878081
0.22693848201119063 -0.4002588435888849 1.3698911390698758 -0.14022051587714862 -0.3458196979271284 0.9244369019171116 -0.07850705590345877  738545.5153890745
0.2261447390039014 -0.374310115404623 1.3762147811461651 -0.12768844056522471 -0.19337775603173188 0.9727798574777389 -0.00023346036718858472  738545.5153901555
0.2303752120428391 -0.3526811006825023 1.3770080830422444 -0.1322287371342634 -0.12984094055200854 0.9822937435123478 0.02749350266782711  738545.5153914036
0.23693871051009932 -0.34222086218366016 1.3741616795451799 -0.13769825046177644 -0.1458770418896584 0.9796188431402473 0.01029575805137209  738545.5153924959
0.24640409428512755 -0.33180119738295627 1.373098991621958 -0.16168081843248802 -0.17860578369667507 0.9694416252466108 -0.04628414653320667  738545.5153935582
0.25991505451085 -0.32103343441769344 1.3712846061297217 -0.1614702415736999 -0.21908404902382103 0.9586738304008264 -0.08290975487882306  738545.5153948099
0.2721028013997431 -0.3095635181900065 1.3685449080119354 -0.15507708173358978 -0.24843310231020146 0.9528327529820266 -0.07963565308462559  738545.515395878
0.2789494659821063 -0.29754689458816574 1.3671430638252187 -0.17190585140363338 -0.270309134979231 0.9448356431455377 -0.0683151318649829  738545.5153971361
0.28117734860538535 -0.2888271432266598 1.3698501685304258 -0.17453532450739917 -0.24336915891993663 0.9519542666607107 -0.0639683294464384  738545.5153981965
0.2800433424712304 -0.2828830713053466 1.3765467198215244 -0.14136804504653327 -0.17475648864813403 0.9743965135206322 -0.005165264168714636  738545.51539945
0.2870902051191539 -0.27627819912922325 1.3809784169231816 -0.08490645648207093 -0.11175824874291694 0.9900864563311323 0.0054586147725721465  738545.5154005123
0.2916805612940504 -0.27193105441396354 1.383096752945818 -0.038529933622530745 -0.047136498033986965 0.9981288974672118 -0.005683204115959873  738545.515401777
0.28953781921358673 -0.2743802667979987 1.3837281634516838 -0.06576351408065745 -0.04342242619375853 0.993405226724663 -0.08328090198437982  738545.5154028577
0.2820479570037186 -0.28104965052762876 1.3795010109318648 -0.12970640051007518 -0.07034100220056293 0.984336406769251 -0.09648954028670668  738545.5154041131
0.2810993118706544 -0.28369748959907715 1.379015818523907 -0.08952008300349955 -0.051367938627188754 0.9917247154947402 -0.07635167514283366  738545.5154052051
0.2852409217578836 -0.2899865521502365 1.372095501952051 0.007853638106915594 -0.040525170992165245 0.9988396438777437 -0.0248071905447507  738545.5154064433
0.289733449884757 -0.2933917495466835 1.3654021057828092 0.07062622391490173 -0.0693690467866567 0.9878501196023742 -0.11979988749998031  738545.5154075264
0.29030501265891234 -0.2944617065811153 1.3610709580253768 0.06414995874110554 -0.0902994684660008 0.961853684128618 -0.2501365209570105  738545.5154087554
0.28480846199605697 -0.2927272840937958 1.3661115689107461 0.017279987511047788 -0.0796289667473179 0.9290641937831909 -0.3608328609153579  738545.5154098384
0.27740610825840034 -0.3012237875812966 1.3709288341945098 0.0035735285885897363 -0.06907822495594311 0.8656190087954211 -0.49590236976888447  738545.5154110781
0.26789865730014595 -0.3171573973219916 1.3694258761670197 0.01200528191587465 0.019029640688648288 -0.8020914029106783 0.5967772845527562  738545.5154121463
0.2576552099237041 -0.3302694816301191 1.3683408167195694 -7.247523761257592e-05 -0.008687764028801566 -0.7995809618901648 0.6004954645010391  738545.5154132311
0.25078177464687995 -0.3402532357014439 1.3686681422955018 0.028884987421015286 -0.016113860558788377 -0.7899154382206098 0.6123231185087834  738545.5154144833
0.24697658290974783 -0.34809209050461454 1.3697797419264117 0.0425935224088628 -0.018626831761872742 -0.7879021494124191 0.6140431873562401  738545.5154155579
0.24100039819188626 -0.36031640646703245 1.3713626301718407 0.031618730225825585 -0.014869314425971737 -0.7870348445802858 0.6159182679576027  738545.5154168251
0.2336578648451719 -0.37073236323338193 1.3717148100474166 0.008967346368809009 -0.013828288427043782 -0.7889687930574332 0.6142121854211113  738545.5154179018
0.2237241206194323 -0.38325348515084845 1.3651796213114613 0.004108502883836379 -0.009851255501984237 -0.7607348096172571 0.6489750553031169  738545.5154191573
0.2204296378996981 -0.3922064296198567 1.3548172017079394 -0.008486899812941042 0.004701548847941209 -0.7489322278185488 0.6625755701086035  738545.5154202174
0.21369539330571297 -0.39303648923921286 1.3502016407349113 0.002835120826660315 0.009377692625295135 -0.7225482705348022 0.6912510525981788  738545.515421474
0.20267537910737565 -0.38643111358018173 1.355016018477593 -0.0016993016920987386 0.009047298340291249 -0.7015673140672786 0.7125437267978194  738545.5154225423
0.18277935521832991 -0.3772053371585913 1.3621183773181715 0.006564058916554303 0.0002368015835485821 -0.678765918298714 0.7343253265492438  738545.5154238119
0.16369846775516061 -0.3711844287443945 1.368846607469711 0.011610761607652545 -0.0017439555540883335 -0.6645168231767409 0.7471810627612344  738545.5154248707
0.13439358528100245 -0.3658271576120245 1.378589926794521 0.025099881810106837 -0.017415750410892 -0.6433142400568722 0.7649924680091911  738545.5154261179
0.10012916317583989 -0.361985804268514 1.3879821384308337 0.04820517236374592 -0.03596494861570366 -0.630280712077106 0.7740342420151886  738545.5154272086
0.05212862330024177 -0.3524791283026082 1.39621004585821 0.04836875933095499 -0.047580321323413034 -0.5973126658453692 0.7991333777062771  738545.5154283044
-0.017133639327755853 -0.34335045646105705 1.3962242267756158 0.054274012147166775 -0.047708281545040754 -0.5506255319528153 0.8316187678492757  738545.5154295618
-0.08237219685527572 -0.3419441180259437 1.389384973904017 0.062078865020530304 -0.044183957041028774 -0.5151609221576879 0.853699722818041  738545.5154306323
-0.15721499336052852 -0.34863904434679616 1.379730240154849 0.05716760852028714 -0.042474599277103196 -0.4862584706120867 0.8709078439825394  738545.5154318946
-0.20751079624363883 -0.3587069049968278 1.377790958705862 0.06883212778156568 -0.039663998347437925 -0.46528906585863045 0.8815866325055977  738545.515435467
-0.2813391109780439 -0.38071285435814467 1.3853869401975683 0.08150753568607248 -0.06685098096397145 -0.408431564787913 0.9066813800092264  738545.5154354785
-0.28332732601299254 -0.38155464973076647 1.384779117421558 0.07999203852881082 -0.06750430120017765 -0.40754061265525016 0.9071687230763991  738545.5154355544
-0.2954275162470853 -0.38704185609331104 1.3801619990065954 0.058821406439640775 -0.0673871839934637 -0.4098133807608606 0.9077731007951533  738545.5154363854
-0.31046463832334387 -0.3965916408671404 1.3777654624801334 0.010964937402596252 -0.07035210686684323 -0.423530204519136 0.9030794633182244  738545.5154376482
-0.32034437056913495 -0.40798686570523796 1.3793020582824267 0.006659230075911348 -0.06773648304099414 -0.4166813073762459 0.9065010268076125  738545.5154387093
-0.32858865146309574 -0.42390060369037474 1.3826764123351607 0.020859874276459193 -0.06895240592822748 -0.3929233717524872 0.9167451419519692  738545.5154399644
-0.3315156184060987 -0.44072159613763295 1.3843202362321552 0.0345973329678271 -0.05797253100197069 -0.3717762936609439 0.9258642436515575  738545.515441035
-0.33001381726165785 -0.4660977598517145 1.381450302141242 0.05320863464810442 -0.047989040057955096 -0.33734224872091945 0.9386512134233428  738545.5154423092
-0.3216313937610543 -0.4922736449866149 1.3751457825127276 0.056925579449798994 -0.024777920513602825 -0.3342439790208617 0.9404395225359407  738545.515443386
-0.3177065713891182 -0.5153176495084559 1.3644783089024617 0.06891601446831888 -0.01672016584096816 -0.27743756382300827 0.9581228612156205  738545.5154446475
-0.3165863259100667 -0.5283260041713415 1.3494564242528848 0.07403687665920153 0.018528384064324444 -0.22892257377817718 0.9704481928950613  738545.5154457254
-0.3170082190852245 -0.5394223635155914 1.3282191300251889 0.04030152218841908 0.06456604966243089 -0.19864752247128553 0.9771111371570304  738545.5154469628
-0.3228673626186907 -0.5444187812612586 1.3170621675265843 0.020907156909852932 0.08645367908585336 -0.16420952477887232 0.9824071885600003  738545.5154480679
-0.3290935803046001 -0.5470623484955799 1.3122033969869464 0.030094734890836108 0.10925496261544677 -0.12372091451513592 0.9858249314088613  738545.5154491197
-0.32937753967622413 -0.5487300934791992 1.3043528618278708 0.026738666241163892 0.1680217948126419 -0.016405176287672414 0.9852840150873009  738545.5154504002
-0.3335265707924364 -0.5448432524051362 1.2734479907690583 -0.01828851893419219 0.17073364260344603 0.08614087065262246 0.9813741915099259  738545.5154514855
-0.352738174427294 -0.5446118976145095 1.2017421720213182 -0.037838402816133446 0.16024789493841218 0.1130360578063787 0.9798529058362406  738545.515452751
-0.36574531132650406 -0.5425007364590455 1.129536824582429 -0.06851535342951877 0.1651412397306564 0.16485493929108552 0.9699777658668175  738545.5154538258
-0.38402335372312485 -0.5322046830940489 1.0317096717820033 -0.0015144352555118811 0.10917656556310487 0.2101035335299881 0.9715630135075723  738545.51545507
-0.4003989139859475 -0.515682747932431 0.9302611737357814 0.057938286115583965 0.07044020213889796 0.21729045225497848 0.9718365049139938  738545.5154561542
-0.42031447589330867 -0.47794792646000617 0.7745140639828051 -0.2058052876427175 0.08849170181107253 0.15394503166876944 0.962348341045684  738545.51545723
-0.4389737694460828 -0.44698116149991207 0.5834423035487384 -0.18707485419674663 0.048511172281777495 0.1326013089061723 0.9721453378829134  738545.5154584883
-0.45450799902427746 -0.417599233784789 0.44199560122901727 -0.16269996044752874 0.053110240341568006 0.11957403115517756 0.9779622059745122  738545.5154595578
-0.4750615632739805 -0.3712080148450341 0.25024087777181325 -0.18635553601307772 -0.01774369432095911 0.12040997644428923 0.974914464495121  738545.5154608055
