-0.5202319342917817 -1.5049341816673893 0.026759632782180305 -0.012879212038054227 0.017783568732646107 0.0681133417580737 0.9974359344113074  738541.5191887096
-0.5205248332722935 -1.5049184597948997 0.026445014687614777 -0.01662009829004528 0.020616554463485936 0.06992036034344043 0.997201019466149  738541.5191899667
-0.5205129899283948 -1.504799755713713 0.026033023185510255 -0.018066005330592404 0.020034032948581807 0.06958309017368602 0.9972113369477359  738541.5191910292
-0.5205169522530406 -1.504918773665626 0.02646289232299109 -0.01637744324350991 0.020703720453261958 0.0696084254331739 0.9972250510395901  738541.5191922906
-0.5205240199201726 -1.5049419843820273 0.026466277350216963 -0.016705983540635735 0.020865702589832304 0.0699531672199938 0.9971921013351762  738541.5191933524
-0.5205081521761066 -1.5049225648181555 0.026439732138783454 -0.015396187232831579 0.019797933967605024 0.06912811985426805 0.9972924858208448  738541.5191946061
-0.5205338759472564 -1.504884329497903 0.02640387535125047 -0.01671524884394227 0.021209803795689253 0.06966772734155503 0.9972046692861483  738541.5191956847
-0.5205217054092812 -1.5047526643999996 0.025948617778180968 -0.019528027136933863 0.019627543286216787 0.06941952205147421 0.9972032619575769  738541.5191969455
-0.5205111051124574 -1.504764965149504 0.025982276902776786 -0.018005969149762522 0.02014219667415902 0.0692357909204074 0.9972344168969215  738541.5191980294
-0.5204703839553997 -1.504919967554539 0.026429719144523866 -0.016160863047738862 0.02094629308473532 0.06924313668088962 0.9972489495277257  738541.519199095
-0.520520695376405 -1.5049193411917574 0.02659795913562387 -0.016342290260546247 0.02018693104360011 0.06974517284765185 0.9972266684302683  738541.5192003734
-0.5205323125826197 -1.5049629381113079 0.026734441348598526 -0.015984409008595563 0.019617119400894622 0.07027998557820496 0.997206293061864  738541.5192014461
-0.5202561788124427 -1.5048854787786154 0.026918871863266226 -0.01286370453026172 0.015361685606275209 0.06976720669583548 0.997362060934219  738541.5192026845
-0.5206153824666913 -1.5048490213152328 0.02709713151952104 -0.010472695816664147 0.015411719233512622 0.07019409884357466 0.9973593083939898  738541.5192037855
-0.5215103049431622 -1.5050696785383473 0.02825698081722582 -0.0035007541939369845 0.0009649609045630496 0.06794429757529069 0.9976825076132821  738541.5192050354
-0.522849391558279 -1.5057754959781062 0.029980616219587107 0.00039598475469523653 -0.021725640700292426 0.06588979177663178 0.9975902841707451  738541.5192061348
-0.5248272411105801 -1.5063018840304145 0.03191564346547554 0.00536540990441472 -0.04082457216179447 0.07199668199776704 0.9965545867967678  738541.5192071997
-0.5244629466805903 -1.508889553486382 0.03916179237659585 -0.01721322397278814 -0.023652296454168328 0.09601319401457424 0.9949501195376713  738541.5192084613
-0.5278232387951273 -1.5112829173397335 0.04235688827005123 -0.016291252858878693 -0.011711315370299265 0.0973238258128648 0.9950505078144187  738541.5192095229
-0.5426234441353219 -1.519201004518959 0.04708073207734958 0.000733018608578136 -0.018265192097783153 0.04767236698013758 0.9986957448932391  738541.5192107877
-0.5588141976863112 -1.5362334682715593 0.06959417462455024 -0.03397188624860771 0.026435281834254178 0.025434883227254856 0.9987492946351808  738541.5192118873
-0.5828535662212398 -1.5590363857472445 0.09819143162178161 -0.05521847456320545 0.05669820703422842 -0.022162184890460592 0.9966168124946004  738541.5192131444
-0.5809614600875147 -1.5416375603753951 0.12600366280269956 0.7802236459815698 -0.3439506846262627 -0.295466878265307 0.43086925237768536  738541.5192142355
-0.6078905070265915 -1.5965378890836297 0.14879203962122903 -0.05293214898885388 0.06388757907855742 -0.08336574462650866 0.9930592718794637  738541.5192153034
-0.6140976188517226 -1.611688563182518 0.17920239907759214 -0.21725185418638024 0.1367797119932805 -0.08517247002522152 0.9627245673552836  738541.5192165733
-0.5931695339814378 -1.5850709292115195 0.18877198481287316 -0.44826869960757715 0.23907745005548894 -0.06787202075268493 0.8586562377494524  738541.5192176449
-0.5376164347151753 -1.4878858190281736 0.1610148245428868 -0.4508318852504525 0.21008038162398937 -0.058208215829260404 0.8655799489984829  738541.5192189235
-0.45187334709075316 -1.3440147059451444 0.10845476453342083 -0.31022823131473864 0.06713352850013533 -0.03771442997556997 0.9475384718406258  738541.5192200233
-0.35752820467958624 -1.1435662399954472 0.04985352538697389 -0.06478096241107603 -0.2085227095366439 -0.02330967995165086 0.9755912901093075  738541.5192211225
-0.2688296577453083 -1.006322488062516 0.06607226658509567 -0.2860626079606337 0.13079539167497595 0.6144045591931896 0.7235798418184223  738541.5192224038
-0.2136417261527926 -0.8893146692749363 0.0901278688032102 -0.17910460410309886 0.23288380250829283 0.9320657530495983 0.21199081892958485  738541.5192234829
-0.16163943345314072 -0.7296236291475474 0.09869999818641471 0.2000789015683648 0.28642256911740366 0.9175375492988592 -0.18988257074841347  738541.5192245733
-0.04206683127357985 -0.49306862544111585 0.0745644864763351 -0.36675400388527973 0.8534235905604347 -0.12749245124176797 -0.34771446703497577  738541.5192258216
0.0 0.0 0.0 0.0 0.0 0.0 0.0  738541.5192269101
0.1685962517663763 -0.08061699442475403 0.09550252800096623 -0.5220707955226619 0.7182807531600097 -0.0017472739105220843 0.45990411080583515  738541.5192281872
0.0 0.0 0.0 0.0 0.0 0.0 0.0  738541.5192292421
0.33265621464370676 -0.027231705824443942 0.08731898409276377 0.810173068223985 -0.02235754697197437 -0.46031871864738877 0.3622518693958061  738541.5192305123
0.37806992937282546 -0.03888051841357642 0.05893770571131358 0.7258118962384414 0.20274189623369876 -0.536205169892527 0.380232600615529  738541.519231585
0.3854789792731137 -0.0496327830424011 0.06475132201869838 -0.6160810154559478 -0.24811777224218748 0.6742738083385144 -0.3228569108459948  738541.5192326923
0.36682206377131615 -0.04045107288559924 0.05219490070941225 0.6214128807526833 0.18036672787297775 -0.6091163154217121 0.4585751731157326  738541.519233946
0.3834065403728372 -0.04064969912200304 0.049770381329925555 0.5105615132193264 0.2168396409748464 -0.6380586101227974 0.534030637107325  738541.5192350317
0.3823865807369325 -0.030266984794041486 0.03882238687571898 0.4279221944922063 0.12213043664052568 -0.6438527467732538 0.6224310342355249  738541.5192362717
0.3782874023738333 -0.021684491249449878 0.03350964507795427 0.22354592648240412 0.0476719250355939 -0.6334786377460516 0.7392289373637446  738541.5192373468
0.3700434680174381 -0.00454300091256547 0.022072640602021944 0.15471825974586428 -0.1586533454887325 -0.6200498515193581 0.7526151458064516  738541.5192386042
0.36085595617039634 0.0010815921706752451 0.022972076214161377 0.1701399622807708 -0.06984935580408526 -0.4996911120883629 0.8464527471919193  738541.5192396854
0.3491864095086428 -0.0010378586882830553 0.025601628929985912 0.2291116796236975 -0.10796156019346262 -0.43885376550090893 0.8621249980636653  738541.5192407687
0.34612255059633845 0.014167264710226144 0.02276720011716336 0.7374253267982825 0.2816267814566025 -0.22628884193882817 0.5706869574265959  738541.5192420228
0.32625325242873365 -0.002219580410966895 0.057654882010038294 -0.17222086561065983 -0.2137600023734387 -0.4755970254389076 0.8357356664803087  738541.5192431126
0.32637380365749413 -0.0021406996192830517 0.05750443587831085 -0.1726205649826379 -0.21274074428575704 -0.4751128673802152 0.8361885430425169  738541.5192443362
0.32797286519248153 -0.001406056981269671 0.05522337807414115 -0.1897831267277058 -0.2193027397345208 -0.48016100882964696 0.8278490676168478  738541.5192454063
0.3279815878017576 -0.0020765151463331888 0.05520341965940585 -0.18864797826433916 -0.17951883533120952 -0.470273998842065 0.8432243438558904  738541.5192466857
0.3277909325115796 -0.0059400209030338064 0.05065725074977515 -0.06390153338029746 -0.1973771290674002 -0.46628757423992495 0.8599620695485377  738541.5192477567
0.32659392928545145 -0.002217549216712564 0.05724145126104426 -0.1698257226065401 -0.21206863631973935 -0.4738316430509193 0.8376572637268292  738541.5192488647
0.32801041526512154 -0.0014069625857450032 0.05522749460555292 -0.19043711292006235 -0.21902631800718025 -0.48055942006074076 0.8275408278953815  738541.5192501368
0.32618293927723696 -0.0012136960949939032 0.05659630715806488 -0.17679297381859696 -0.24488424651155402 -0.47999122894011553 0.8236409231937197  738541.5192512244
0.3263508487885884 -0.0024541440773578446 0.05721151308522006 -0.16948769625418986 -0.2119964272161173 -0.47464361642317376 0.8372842247736308  738541.5192524752
0.326336035842836 -0.0023184167101190866 0.057441258915350075 -0.1734249819950943 -0.21006619723406927 -0.4756144225461207 0.8364131093339813  738541.519253539
0.32638965336855774 -0.002314717045935586 0.05725639010761969 -0.17215255281022682 -0.21085708262053063 -0.47524834326637855 0.8366850073308612  738541.5192548044
0.3264462466832645 -0.002382961091010419 0.05723535979126757 -0.17261550896920738 -0.21152330718806517 -0.47539576270599365 0.8363376383857846  738541.519255877
0.3263573765115197 -0.0023311704206657262 0.05742769300192584 -0.17426608114221195 -0.21017634125243367 -0.47588730476975427 0.8360553281332854  738541.5192569599
0.3460859451757536 0.0029040425881781094 0.014904349863793626 0.5412030634950447 -0.06456587855041815 -0.29056914943321727 0.7864477482886246  738541.5192582178
0.3462476677562467 0.003071959582876942 0.014883470546826797 0.5448040840714568 -0.064694350137805 -0.28876963437595976 0.78461152763752  738541.519259307
0.3280145592705374 -0.0016752436197182688 0.055003981415030406 -0.18973106662656708 -0.21624691376615518 -0.48144444089802974 0.8279194676849566  738541.519260575
0.3461763137237569 0.0029685456453257563 0.014952234066728942 0.5431662357544571 -0.06635543007455366 -0.2898206474853466 0.7852205992758526  738541.5192616469
0.3259807444503298 -0.0018717216212657437 0.05660809091890047 -0.17755190144534977 -0.24182407782678994 -0.4830838239357601 0.8225730707529679  738541.5192629048
0.3456219749119821 0.011978337612139766 0.021000174734180088 0.7433820725066049 0.26757820982725783 -0.2531019967000906 0.5583228234344824  738541.519263982
0.34516030597591707 0.012887463228852467 0.021978945918118276 0.7393978174158378 0.27724110926897877 -0.235439388338843 0.5665655560927023  738541.5192652416
0.3455581352218256 0.013516951750511413 0.022723440804700536 0.7392775267259771 0.278762519298304 -0.22965564284699666 0.5683471492150881  738541.5192663034
0.3455881757856427 0.015059038085385126 0.022380911366111655 0.7361509523372519 0.2784762979193952 -0.23236939198801768 0.5714343291553146  738541.5192673848
0.3350998558393299 0.0002097040064824638 0.02714377768891702 0.31977154049300555 -0.13651554046539197 -0.4229239575314655 0.8368064263902943  738541.5192686702
0.3394938060454723 0.007474519497733974 0.02777576051279619 0.3197252524442221 -0.12629137335844895 -0.44417239567414113 0.8273675935675807  738541.5192697456
0.3447924143863758 0.013663544069749303 0.029156983597915156 0.28650787187668975 -0.10597312913923024 -0.45853190673903704 0.8345246705492856  738541.5192709906
0.3484576933352519 0.019190274714079473 0.029239823719720313 0.2749941247282247 -0.08478870057560468 -0.45410289949369553 0.8431961007328467  738541.519272055
0.35321385223954643 0.027537702070218988 0.030414685325224233 0.2964748878908122 -0.07365053454195761 -0.4428438138015259 0.8429517164046431  738541.519273315
0.3598169379906011 0.03550217417255373 0.03353772113779627 0.3430519409568023 -0.04640808515548009 -0.4123397455193968 0.8426966178305046  738541.5192743855
0.3676996950594813 0.048952193457623666 0.04823214329872536 0.3810927676882055 -0.03967304107558875 -0.39311523401530213 0.8358557082491287  738541.5192756483
0.3766401814560694 0.05840507074612789 0.0735362506741352 0.36169604268620137 -0.02537755936346834 -0.3654935423547699 0.8572901624787592  738541.5192767566
0.3886458299222934 0.07168422338373528 0.10454696404952152 0.3831380409942921 0.013892810360912243 -0.30878894958058417 0.8704376002794522  738541.5192778346
0.3901002833186103 0.0814431860715436 0.1524216772676027 0.3694883530370949 0.05307299363482269 -0.26288646282466566 0.8896922625155896  738541.5192790866
0.37818874979861977 0.08018389805400446 0.22863809542509572 0.25844513578802353 0.0443003702071535 -0.23635995477755323 0.9356161396451924  738541.5192801544
0.346578516569294 0.07897929089162084 0.31997905964051854 0.1889300208881901 0.056050210300276355 -0.2257314564574598 0.9540488093897905  738541.5192814224
0.3153224956531557 0.0758580329287064 0.3951863706720027 0.18964245748142028 0.08973010751055197 -0.2085361272412363 0.9552470516896555  738541.5192825103
0.2862591732244335 0.06728155389172523 0.4744134445318173 0.1641519645377302 0.09915386686586165 -0.2029183806033557 0.9602326666164105  738541.5192835969
0.2631905399078916 0.050124860376571184 0.574401210948857 0.12841545696628928 0.07286997182732087 -0.1929366458849355 0.9700386014446516  738541.5192848616
0.24937308415233966 0.03036188359309441 0.6672573539453248 0.1292484449636566 0.03730981040108363 -0.20781633942418196 0.9688731529930247  738541.5192859345
0.24824211473729602 0.013977170088950778 0.767709796974658 0.11793659593305623 -0.007383201187637449 -0.2053523558406281 0.9715281043956732  738541.5192871985
0.23966505042033995 0.003513882130618205 0.8643659901409511 0.04404496817160324 -0.05215807747460568 -0.20725812301173016 0.9759014531081353  738541.5192882598
0.2327061728245146 -0.0012200691224467678 0.9686664497644977 -0.033209708144432644 -0.09721874360629353 -0.20461902820808386 0.973435506066917  738541.5192895222
0.2339323626610428 -0.00019607922241477693 1.0366499399327886 -0.053422053855241985 -0.09619566751232318 -0.1786301244592916 0.9777442182643702  738541.5192905978
0.23908589376631512 0.00362355556756852 1.0904366965809245 -0.04909598309434629 -0.08694985190386433 -0.15033629335304752 0.9835793341661679  738541.5192916876
0.24298174578008067 0.010795831916076623 1.1466851403426306 -0.04280307665040411 -0.07822707029688435 -0.13092827692643186 0.9873733885431091  738541.5192929407
0.24574374959479295 0.018724831645636337 1.1870120800774 -0.06188981152157985 -0.08907354056114376 -0.11057809346063029 0.9879311923653072  738541.5192940148
0.2454476363300568 0.02468808970417166 1.2249425221476877 -0.05245070838345613 -0.11780164675720592 -0.08700803947859742 0.9878265517171803  738541.5192952638
0.2451836742782702 0.027169767883992946 1.2552338268785879 -0.03481310540179133 -0.18148969480941837 -0.03997911883621077 0.9819629363816886  738541.5192963318
0.24686600750927568 0.03548263987620526 1.2893927701429309 -0.0356961014897252 -0.15075103232195342 -0.022134196294048256 0.9876790936061759  738541.5192976265
0.24507604493181295 0.03470254911251357 1.306322726030587 0.018576699980881687 -0.1405162208070699 0.015935099112853082 0.9897758183165432  738541.5192986897
0.2394161641452282 0.028057004080953015 1.3137854601468546 0.14352794645924047 -0.22177314918063643 0.13593034863286269 0.9548504276630163  738541.5192999509
0.24246108207856554 0.031182265086224882 1.3263990526994085 0.10226159489391999 -0.1962975910793471 0.2315405367288587 0.9473113542006711  738541.5193010406
0.24741780187848597 0.0346453989526225 1.3426360153431152 0.06694299008540541 -0.1627030684902307 0.31177924444670974 0.9337237548196616  738541.5193021162
0.25023643606434415 0.04039973734427822 1.3536242083332675 0.022119137331046056 -0.1533837214260095 0.37284458154241074 0.9148612440035392  738541.5193034016
0.2510276118887696 0.044168132061028584 1.3608423635436764 0.031373345967551154 -0.1323624163678818 0.39960553277409455 0.9065380974191807  738541.5193044909
0.24897541869461565 0.047031052089843685 1.3666755553681253 -0.037674819676600226 -0.09092600110258844 0.47707543310496653 0.8733339003001866  738541.5193055767
0.24453286337800467 0.051559581837793675 1.369738931407039 -0.05698699258754968 -0.20957972202827505 0.6283726243004468 0.7469783583345283  738541.5193068492
0.24467746163885667 0.05901735468291382 1.376029297997092 -0.0734436762334102 -0.1677959818544747 0.7071708709350728 0.6829054796937462  738541.5193079379
0.25382335649628357 0.06663596628150431 1.3786410810326284 -0.07382371754069529 -0.12243218823023005 0.7880312975382532 0.5988047195153076  738541.5193092056
0.25940894421841104 0.07405663323748896 1.381307185782925 -0.08961159216254695 -0.08244177987690228 0.8300052341744404 0.5443017790930452  738541.5193102771
0.2631377470568386 0.07892372415732422 1.3815961387394204 -0.10402536115704057 -0.008538364564731324 0.8416668529096509 0.5298138628611667  738541.5193113689
0.26508161982899103 0.08208791360575762 1.381720861569475 -0.10167468059898586 -0.058776212401869206 0.871892242946607 0.4754067025929687  738541.5193126268
0.26157192252892403 0.08337005228676962 1.3812667084708878 -0.12975131502050788 -0.04503227160192586 0.8802207377622829 0.45425559278675  738541.5193137053
0.2618548354307932 0.08505024001658729 1.382095964099879 -0.1253029281610702 -0.04400080196305432 0.8914458289255621 0.4332290845639142  738541.5193149361
0.26233261825912196 0.08298566398425282 1.3831717934867132 -0.1267385900016752 -0.06619757729471464 0.8927165202615415 0.4273317505367726  738541.519316007
0.26395396250478065 0.08056355764905482 1.3823827977500804 -0.1209895371567081 -0.04069179036134182 0.8830848503478587 0.45151617599139704  738541.5193172788
0.26639976669802473 0.0836499638427021 1.3829946656362944 -0.11080935748937068 -0.010080541478733251 0.8993677918984085 0.4227969298281024  738541.5193183664
0.2686127158316374 0.08597338604595572 1.384737535004187 -0.10312699580781187 -0.009266868461932701 0.9063827634544419 0.4095720132006753  738541.5193196267
0.26999361572208375 0.08620567539030534 1.384636961425498 -0.09745179800286922 -0.020520313468012936 0.9135147169583534 0.39442733893796195  738541.5193207051
0.2723337615423742 0.08558066623657354 1.3858622532843294 -0.08641758507789998 -0.011946297564119357 0.9165224859916096 0.39035345475040106  738541.5193217903
0.27459723790687046 0.07596860955181069 1.3871084720520097 -0.06478361331751441 -0.009431215565953858 0.9301560335222611 0.3612809002986592  738541.5193230411
0.2773673365399827 0.06656828753092457 1.3884919682173413 -0.05949127392101295 -0.017654109737383426 0.9382292717056224 0.3404041046335557  738541.5193241229
0.2772161204978801 0.06212702671390641 1.3859503471792638 -0.05348997973394519 -0.021479699165722458 0.950063200592339 0.30668772305401054  738541.5193253969
0.27722786162041546 0.06245023755873514 1.3868849224693922 -0.05376660660147768 -0.02953185523963513 0.9474882228958674 0.31385201769990007  738541.5193264572
0.27431417327210755 0.06526524785639466 1.386509988714203 -0.04932469324502845 -0.022591245405722448 0.9474012759801202 0.31541644303768057  738541.5193277181
0.2761600482168759 0.06647914390450707 1.3879047436383198 -0.02946958338434854 -0.022924599890662315 0.9460217553215391 0.3219454066039149  738541.5193287821
0.2761632475953048 0.06402280765837008 1.3877795003342739 -0.02589010705471654 -0.03171625574989039 0.9408467794834673 0.33634969750765487  738541.519329883
0.2757808481580157 0.06227982058950274 1.3868443145722298 -0.02064277057966574 -0.04726449976050095 0.9379047041581303 0.3430374746339457  738541.5193311526
0.2747521178492591 0.06240144626029017 1.3869603104031918 -0.019287104852406263 -0.041703705519310116 0.9412160005228886 0.3346658764978419  738541.5193322542
0.27424926128547206 0.0625717126453811 1.3875292048422712 -0.01973715950133073 -0.043007330437297715 0.9412980868013086 0.334243512798188  738541.5193335171
0.27381184885375537 0.06280945493617315 1.3880583945014109 -0.02045636951674303 -0.039520574125491356 0.9413067665881591 0.3346060853336817  738541.5193345872
0.2731703777641693 0.06323533201761425 1.3881585512142798 -0.020313253002108306 -0.032372537781562585 0.943219807780411 0.3299633082037125  738541.5193356688
0.2727197231776937 0.06493519909037458 1.3886783896624937 -0.03190933022802968 -0.0211034205496258 0.9499008613214667 0.3102012152559042  738541.5193369302
0.27278942066559264 0.06563044113862126 1.3893480627861263 -0.05907567109045216 -0.019702115643652558 0.9537352536741819 0.294127451325817  738541.5193380098
0.27358584915421374 0.06598866652198922 1.3879663217940768 -0.044220824122684466 -0.0095528851355347 0.9539679055311765 0.29647680569642915  738541.51933926
0.27459205294064326 0.06697184110706568 1.3871942636148318 -0.030280719362235625 -0.022282653307704563 0.9437301540523668 0.3285726064795576  738541.5193403338
0.27640349767111294 0.06871246730661369 1.3894474056460533 -0.03351019995430002 -0.010189657397727873 0.9454508242059212 0.3238764832300799  738541.5193416022
0.2769103062167727 0.06975312607715134 1.3900073712065586 -0.031267641795032 -0.010696332689484235 0.9434305566719733 0.32991924433288833  738541.5193426624
0.2778707246733345 0.07044967557714912 1.389968589472351 -0.022577672294308612 -0.02461511513156843 0.9344470041596996 0.35453228518400537  738541.519343932
0.2793902640442046 0.07036249630107783 1.390520056070774 -0.009264976273903252 -0.023405734827526083 0.9353377401971985 0.35285924042686706  738541.5193449977
0.2803805759968541 0.0688164682309825 1.3898106225309794 -0.011551264017731412 -0.016072646895426774 0.9459633694428802 0.3236688770852715  738541.5193460878
0.2793127262545711 0.06627538911404937 1.3871455757769098 -0.003563048054063589 -0.03994337282591026 0.9313456179220481 0.36192149926918304  738541.5193473485
0.278893564701212 0.06610675785503502 1.3860855780050765 -0.005324418662543678 -0.04294734383148711 0.927858943987804 0.3704118738452687  738541.5193484065
0.28047964418306787 0.0686438755661037 1.3883200883264812 -0.002354033939422081 -0.04323162937691236 0.919413581271434 0.3909017156770556  738541.5193518265
0.28839620873460564 0.07226240481932665 1.3931247907828141 0.019257132388026618 -0.02466082837997008 0.9139305264749484 0.404662821584869  738541.5193518265
0.28997477291627716 0.07105478738347297 1.392448054094005 0.020885647244465386 -0.025171054588294616 0.9137105863429339 0.40504712337571913  738541.519352027
0.30950590568636926 0.052613110664753965 1.387474695812721 0.022591705269115196 -0.04433586163903081 0.9017102573885946 0.4294677612416941  738541.51935309
0.3644310812210097 0.01286697146012138 1.36925403258033 0.0003074023542734699 -0.03119308951313665 0.9154319037174492 0.4012621665777438  738541.5193543517
0.41639743106970223 -0.022451610905738575 1.34327448919965 -0.037504322377590424 -0.05551367038348134 0.9320933483089 0.3559686056969849  738541.5193554265
0.4764828551929259 -0.04342742104778566 1.2967744248328203 -0.07078583678682188 -0.12181572678593795 0.9374714131182041 0.3182729074303382  738541.5193565065
0.5280952253975469 -0.047661039947559325 1.246550845833569 -0.07543568752436912 -0.2580686200172526 0.8482034039926943 0.4563562532335049  738541.5193577702
0.5463129860210428 -0.04348827102058506 1.2309050206427419 -0.10064451647798804 -0.289793831529513 0.6894313304352192 0.656181878083112  738541.5193588418
0.541910984476803 -0.05488087833943092 1.229864610232658 -0.08369864614909195 -0.25999424350339356 0.6633100711725891 0.6967189386394791  738541.5193600999
0.5137558495699718 -0.08645955008808454 1.2339700672493095 -0.0830862299439671 -0.2478785839730984 0.6396507496525904 0.7228414794891539  738541.5193611714
0.47170400853397476 -0.14971592222842087 1.2341334197282277 0.07795672474154454 -0.3020187569642269 0.7479723327576853 0.5858709831851897  738541.5193624672
0.4245285379484848 -0.19227763095446734 1.237523271189121 0.07791799680337834 -0.2526892828953934 0.8652848443667807 0.4258627128466601  738541.5193635575
0.3534726962324148 -0.2358423990136465 1.2438587011724134 0.04250056807320256 -0.1678729865037428 0.9338304226144577 0.31300655570686187  738541.5193646484
0.2647208067227299 -0.2885263355239366 1.2437345600711602 0.018321379424176557 -0.10214960521810341 0.9659351154781438 0.23706357353251492  738541.5193659037
0.16422102345523992 -0.3592852654512146 1.2406068697414354 0.010339801821311471 -0.11636160164228303 0.9699705573589763 0.2133311604483874  738541.5193669681
0.06056836034838688 -0.4306149649111584 1.2502976459210986 0.023612503213775036 -0.1316761740596659 0.9658411060269956 0.22193420823644555  738541.5193682292
-0.006681353973705478 -0.46318727776978397 1.2726631936201656 0.01251197482810374 -0.12690626105770833 0.9596997278296098 0.25042899950689984  738541.5193693147
-0.05129506127777368 -0.496470126913278 1.2894242551571127 0.016512396239848445 -0.1422522309199608 0.9472338948995294 0.2867744617677449  738541.5193703956
-0.08156656239024548 -0.542030334515178 1.3041546308033956 0.01405292959051406 -0.14271328829982421 0.9444192987589676 0.29581687011425706  738541.5193716431
-0.092604598205595 -0.586766089715552 1.3103214052363128 0.03161076519507691 -0.14621375626617938 0.9472787304712258 0.2833466142362369  738541.5193727296
-0.10008078387673444 -0.6477494169089921 1.3139687363832053 0.05066114318758383 -0.1567984316288892 0.9447412423735896 0.28339316394023023  738541.5193739813
-0.10527511451285694 -0.7136156905312485 1.3110109462251627 0.04735903049240055 -0.13648092477812998 0.9521356738902015 0.26938399712710875  738541.519375049
-0.11110561772260699 -0.8002580769725701 1.3024559075715134 0.03021104136741002 -0.1024848186929105 0.9526825258658296 0.2845701316492666  738541.5193763253
-0.10810493804222973 -0.884660377005345 1.3005463653060325 0.02093495075569821 -0.12216597858137014 0.9283011854634104 0.35056256300600547  738541.5193773996
-0.09808748473775973 -0.9787303541923543 1.3064852280240353 -0.03371528839769955 -0.18313010229409782 0.8290013629759793 0.5273361216017561  738541.5193786696
-0.09959791722380747 -1.0267521251510645 1.3033446177790757 -0.21116436141373807 -0.19507819122861278 0.6465764637743202 0.7066066715428012  738541.5193797445
-0.11582540835560896 -1.0608510567806935 1.2947892806948111 -0.21756196850386572 -0.15926280709813356 0.5462320663614844 0.7930527585314919  738541.5193808344
-0.13005623139180197 -1.0877985013095899 1.2759287088977853 -0.25482539529521653 -0.1660442190702021 0.5050311712965824 0.8077356320262253  738541.5193820925
-0.15282343223950198 -1.1265459086819947 1.2553610059337712 -0.21293982022537283 -0.22113010673484212 0.4720624196033669 0.8263868227749267  738541.5193831717
-0.18080116829464504 -1.1684211958054558 1.214510124543117 -0.2492813022129532 -0.23104961975104604 0.4176417212475928 0.8426448233112569  738541.5193844452
-0.21226318222394708 -1.2088677619354113 1.1716135757599908 -0.19492433835701425 -0.2935058792913962 0.37183882720407113 0.8588333294190239  738541.5193855284
-0.25429309542781986 -1.2557376297948342 1.1160267754945759 -0.1598194639635691 -0.1576116791863493 0.3379624099416877 0.9140009338008706  738541.5193866097
-0.3074321123678486 -1.3419326642366545 1.0306634114189033 0.5092824972556182 0.7561055492761406 0.12800332970673306 0.39057762855403827  738541.5193878566
-0.3944911023174816 -1.3866166032365104 0.8408607225858127 -0.17889963579026869 -0.07352613842966137 0.26852779530241144 0.9436533528959444  738541.5193889529
-0.4637647020769817 -1.428717628750736 0.6505227967116427 -0.25027787929179246 0.17977687437721082 0.23451582023743825 0.9219780846824533  738541.519390442
-0.5089729651371101 -1.444376620575501 0.4662100974220431 -0.17060888790761325 0.17511568412437403 0.14852298186510762 0.9582108475687785  738541.5193913316
