-0.024011614620113725 -1.784111483863833 -0.020532526828656132 -0.01790228546749875 0.017034198868258216 0.7173293294385692 0.696295897856055  738511.6992491456
-0.02262072867419014 -1.7847462532997544 -0.02067895165598897 -0.017839273262505895 0.015939482696635313 0.70051940932972 0.7132322555613771  738511.6992504139
-0.02031579823638327 -1.7861332060875788 -0.020238813918871137 -0.021894558731267468 0.00874587579727482 0.6875307651458449 0.7257724057392033  738511.6992514735
-0.017990653780887635 -1.7881254353803304 -0.016590845780475594 -0.023272875950363613 -0.00039269677974315437 0.6691395560320418 0.7427721545585027  738511.6992527426
-0.01719754107176554 -1.7911370742570876 -0.007511956477468466 -0.021313558868302867 0.009062091849355042 0.6508732709989707 0.7588330486996344  738511.6992537922
-0.015913803482467063 -1.7939453585662526 0.007776356911295146 -0.021642838079750367 0.013859327090720809 0.6340249930404617 0.772885382713691  738511.6992548784
-0.013102354649225992 -1.796162063257567 0.03087725164481054 -0.017311042361935657 0.012458483292334298 0.6192099175117425 0.7849357884957846  738511.699256152
-0.008952290237524417 -1.7979630916447766 0.05474095444559144 -0.023688515600483986 0.014321084634315261 0.6085272185193188 0.7930500520677642  738511.6992572383
-0.0025049784903802275 -1.798397290143466 0.08690551769636748 -0.03062049376535717 0.012089242987924952 0.6029590526719332 0.7970926021275757  738511.6992584788
0.0033723508918821056 -1.796533425721932 0.1192593784579415 -0.03803007432205455 0.012125468146244186 0.6034021496153419 0.7964374001193553  738511.6992595525
0.008929213159846103 -1.7903495191713668 0.15986389334329504 -0.027109881328568147 0.0025541856025026507 0.6097303935039106 0.7921410087275027  738511.6992608228
0.012602617682201629 -1.7843772014010368 0.1989070067415399 -0.0156859549220877 -0.0029535674447979288 0.6146086156295674 0.7886707024173258  738511.6992619098
0.016282580513551713 -1.7800889179533994 0.24307428228551362 -0.0071040207141999335 -0.007982183646090357 0.6212005492699523 0.7835787741003721  738511.6992629867
0.021563399182734394 -1.7796043372035897 0.3006257192756759 -0.000850337697917558 -0.006146425622432351 0.6298984995314464 0.7766526756960926  738511.6992642402
0.027144360945778313 -1.7831757782556643 0.3485275369263159 -0.011362463270797738 -0.00885895284695005 0.6355444342749677 0.771929844898477  738511.6992653167
0.03394735839504143 -1.7900471710166355 0.4009684796066424 -0.020019342067936142 -0.00788863304025426 0.645506611303459 0.7634515113453167  738511.6992665865
0.039131726801898616 -1.7971910508762106 0.4408067899265355 -0.029882278250721313 -0.0039941259979096744 0.6540895017200934 0.7558161285283738  738511.6992676557
0.04335353476817573 -1.803886637024345 0.47380111979978345 -0.03654776944353212 -0.003244182403619183 0.6606331317909638 0.7498117103708755  738511.6992689341
0.04518163874283749 -1.807856346021559 0.49129483977451716 -0.037772897646078434 0.0004126755376408798 0.6649917727626077 0.7458947513291428  738511.6992700328
0.04562750168022608 -1.8101039687571499 0.5040051471959196 -0.03886349305805587 0.0008150928474193468 0.6679872272795941 0.7431567995532952  738511.6992711123
0.04410655108248375 -1.8096698412923644 0.5133343668383397 -0.03206485728637072 0.0019211923162527978 0.6693951372497801 0.742211765046632  738511.6992723885
0.04197751923382368 -1.8078948487102795 0.5195624946501451 -0.02777430625974765 0.0029296572992041606 0.6706670167787203 0.7412325934718675  738511.6992734553
0.03944294895627563 -1.804673936269513 0.5268149051699309 -0.024001117202279116 0.0011031019160002685 0.6728654677000954 0.7393745951247834  738511.6992747136
0.037604945262561015 -1.801832895517314 0.5324059429242559 -0.02078293978385598 0.0009508123910571343 0.6732294619081153 0.7391408911626033  738511.6992757877
0.03661466541908406 -1.7989714823648675 0.5374404438645283 -0.02210266858109828 -0.0022924705574878176 0.6744499369522708 0.7379861104149693  738511.6992768899
0.03570691593349358 -1.7957557820719394 0.5417892430450506 -0.027012550687669307 -0.006474990430883377 0.6761460736464866 0.7362437664908995  738511.6992781495
0.03381068881599715 -1.7930633669941984 0.5437113251520024 -0.02347116495729823 -0.0070972942543451045 0.6774232609357269 0.7351846423674945  738511.6992792207
0.03100749060848256 -1.7908239622694107 0.5450044263865264 -0.021329856870496107 -0.0057727595877318134 0.677276454931196 0.7353967065798284  738511.699280484
0.02760975365945637 -1.7895088937588755 0.5474725133979937 -0.021967552451631994 -0.004067345842530018 0.6759579429321119 0.7366014816195187  738511.6992815486
0.02419677065746113 -1.7887716427773517 0.5502955177813668 -0.02115519936249255 -0.0035701134677654242 0.6737974426705305 0.7386045749116462  738511.6992827979
0.02082970868296651 -1.7886117796241598 0.5518910443577271 -0.02269507087819514 -0.005374101441943652 0.6735365473340468 0.7387858770962373  738511.6992838657
0.016824399395657223 -1.7890774043702928 0.5526221505049808 -0.01893520624982859 0.0017808290295055589 0.6743327947207043 0.7381826119439612  738511.6992851351
0.014382827301083995 -1.7895747724247848 0.5533398354391367 -0.018762881524304702 0.00343505350068066 0.6748829178379678 0.7376782509298097  738511.6992862308
0.012812993327963127 -1.7901592331473033 0.5549912250230504 -0.020694159040720077 0.0039056424555394156 0.6761497843578997 0.7364631469743566  738511.6992873289
0.012042818172610461 -1.7916318968018334 0.557195311304148 -0.05239961921379178 0.05339625701525285 0.6744162203182463 0.7345514831614333  738511.6992886281
0.015504852797017845 -1.78129812533113 0.5583675970424098 -0.09923678801945542 0.10247463334642772 0.6696409855684642 0.7288566113241979  738511.6992896812
0.024301811749763078 -1.7469505556935738 0.5540572792538888 -0.09182706553381417 0.08739353633787968 0.6727227676974875 0.7289542082073748  738511.6992909389
0.03499014973447772 -1.6989635071281017 0.5483467089616944 -0.08626460395646418 0.07399356178496773 0.6732909010864454 0.7305906743401609  738511.6992919929
0.05158720742400927 -1.6144399745030258 0.5423557382340772 -0.05961357795358737 0.03590222042462393 0.67591317008924 0.7336883796218033  738511.6992932541
0.06369921672545081 -1.5434908609458453 0.5421736906582397 -0.04147095422368673 0.014431020270939912 0.6753704411797685 0.7361702743186264  738511.6992943345
0.07498372969636882 -1.471897718101812 0.5454918253145548 -0.027311287774831293 -0.0034286776695478163 0.6748279236519225 0.7374615998064942  738511.6992954346
0.08681024767787283 -1.3888046218253525 0.552278636460221 -0.026645422045750173 0.003714899559509979 0.6739469485270906 0.7382897341669391  738511.6992966812
0.09604849272313913 -1.3230173404905616 0.558025323331603 -0.029082236971876715 0.006605958830764006 0.6736876445098676 0.7384142079046042  738511.6992978471
0.10685702701633318 -1.2445743243811118 0.5639742048792309 -0.03136944930525988 0.011208370716028824 0.6751001402151341 0.7369736296216324  738511.6992990201
0.11665112865762114 -1.173494116607628 0.5671559931072604 -0.03230720735826497 0.013004310680934475 0.6765953020310143 0.735531052727201  738511.6993000924
0.12743936665028738 -1.0960561750802849 0.567658636737851 -0.02414817350423914 0.0003823536863849925 0.6778878776828462 0.7347684974280773  738511.6993014255
0.1355559368820497 -1.0358358663015654 0.567031837158789 -0.02995074870190671 0.011892083870915938 0.6785079276530613 0.7338859060544428  738511.699302467
0.14402013474576975 -0.976096311989245 0.565329404283042 -0.0393423713166808 0.020131328025058102 0.6793181161788375 0.7325119824838113  738511.6993035055
0.15450039058686463 -0.901316308973155 0.5620598685269241 -0.04536993472697208 0.0235213268007261 0.6801912351967997 0.7312511194998991  738511.6993047566
0.16277210212717216 -0.8378609108392986 0.5592004310188899 -0.0755670484368748 0.06092707352985628 0.678826877673654 0.7278540946161288  738511.6993058224
0.17405585811506727 -0.7463743235176472 0.5548620294175386 -0.08407047361639082 0.062230174889463086 0.6827075288709418 0.7231666411153622  738511.6993070822
0.1843865201990728 -0.6491569875130448 0.5507044729597214 -0.07268774684833329 0.04840194481813051 0.6889870079043534 0.7194933259835992  738511.6993081601
0.1941317215695779 -0.5429452033931237 0.5481710231212481 -0.05472415888041316 0.024178255643187475 0.6953791725629435 0.7161483678362747  738511.6993094134
0.2021132506376078 -0.4342316014291959 0.5477782878077755 -0.04827162817854016 0.020625750220004572 0.7022807607396769 0.709962084505754  738511.6993104967
0.20965347783739102 -0.3135645331111432 0.5492029650824679 -0.043081035727947366 0.00955160195022804 0.7103445970678235 0.7024694617400412  738511.6993117525
0.21413395807179267 -0.2158713593497828 0.5512006627825357 -0.044118802295065596 0.00787559624067201 0.7175033488997632 0.6951118259571819  738511.6993128347
0.21687980802250245 -0.11934779862174866 0.5530554284422382 -0.04730804978636149 0.0069647502830260544 0.7249805141100684 0.6871074841970557  738511.699313906
0.2175955581083028 -0.0023230701726159207 0.5537117710195285 -0.05217811542965366 0.009845931728912233 0.7336562020176884 0.6774430449414771  738511.6993151817
0.2157905432353882 0.09356552371146053 0.5531131739536463 -0.05272276112352023 0.010025425122047644 0.7412061345017548 0.6691287376040586  738511.6993162377
0.2107329143691744 0.2112007113040117 0.5510080634116669 -0.05445672833300786 0.011878022245991476 0.7495296349074717 0.6596201207682046  738511.6993175014
0.2031743997428564 0.31905173819095767 0.5492645511214775 -0.05198806461893918 0.009369393257661325 0.7561530031173451 0.6522592210799175  738511.6993185784
0.1930133814600762 0.4269612547160139 0.5481745135276305 -0.0545191334334374 0.010299544811526947 0.7612041133164626 0.6461345690616163  738511.6993198396
0.18016685119104106 0.5355257174882911 0.5472650080954952 -0.05020228753227614 0.009332802953355021 0.7657517952559454 0.6411059328830588  738511.6993209198
0.16372618450960463 0.6548228588691386 0.5455621117373142 -0.05154407396854934 0.011524392936867295 0.7692682108347833 0.6367392061159834  738511.6993221568
0.14861162977443976 0.753066509096286 0.5436936225862645 -0.04249231026603546 0.007712064869917839 0.7705278890196002 0.6359415852629043  738511.6993232276
0.13103618581316667 0.860535413857009 0.5411404953550857 -0.04090776759473693 0.014801589339567243 0.7692160480825957 0.6375061873234107  738511.6993244688
0.1139834591354762 0.9679298687409178 0.5389526012973512 -0.05348816304117492 0.024099462854876064 0.7669202590797646 0.6390551998987365  738511.6993260938
0.09704226638830411 1.0789448420949672 0.5257261732047712 -0.01962616215959205 -0.010288202053625468 0.7525437531406314 0.6581693294786699  738511.699326792
0.0807344269305486 1.1879634653671545 0.4635711216974997 0.07228927418744248 -0.0757580006966588 0.7163288656667236 0.6898608137737083  738511.6993278685
0.06613452104007422 1.3011383544065624 0.3164638722976726 0.2553302271604462 -0.23197484502192633 0.6328003414713207 0.6932228171439746  738511.6993291222
0.05726091639374576 1.3800957944173518 0.1268905614611575 0.39590899527410883 -0.3705581992100418 0.5148370104418255 0.6639921243046338  738511.6993301987
0.04842754951311693 1.4691769435840731 0.037666176430085546 -0.0568936549175249 0.182111495651726 0.6020761996717835 0.7753081741929463  738511.6993312775
0.0843345966537849 1.6081563888714405 0.06745761782441215 0.6874931543325546 -0.6253088663904476 -0.28459743494727674 0.23525791034691762  738511.6993325377
0.11244090139979514 1.7328068121342455 0.051780547399530925 -0.02202697636413136 -0.5351444620953669 0.17660978774685204 0.8257991280407884  738511.6993336212
0.11873972133894224 1.8318252012117877 0.05229726553217051 0.7615869879954636 0.20471211310461873 -0.4695294404794734 -0.3970142503579337  738511.6993348728
0.1121547224596736 1.9288858978517327 0.07438215280925811 0.8362901665463351 -0.09328956114331986 -0.4923762983170714 0.22244414124711925  738511.6993359544
0.10656758873682488 2.010920014817439 0.05017775676706449 0.4486623822343741 -0.5552380615619652 -0.18533493578986177 0.6753249020556369  738511.6993372074
0.09538354688816669 2.066592796518816 0.04853633345684156 0.09704643127353124 -0.6176833963032234 0.20658361843131431 0.7525771858781077  738511.699338276
0.08202159011278655 2.100672315481662 0.05298074581814164 -0.21532980286763448 -0.6061634507278022 0.38446471715519187 0.6621071123779952  738511.6993393766
0.05470153698611748 2.132895103263047 0.03456016692341654 0.5584539155943103 0.5939308034547982 -0.45045702913822344 -0.3639558898615143  738511.6993406448
0.023182692959856182 2.1411720712633 0.03763136699239441 0.7854945137129603 0.5477528444093589 -0.2375682358194306 -0.16286965247688176  738511.6993417203
0.029999518426487983 2.134431574442463 0.031057149148825524 0.755437345935836 0.5217330706871368 -0.270206405501752 -0.28999572021430564  738511.6993429757
0.03442947835005664 2.1305561164205704 0.03123904999594932 0.7529421268324057 0.5054350594976373 -0.27304331555137296 -0.32103099866590284  738511.6993440498
0.03639582488437163 2.135494160826647 0.02873298829607139 0.7665090642611357 0.4824277343439025 -0.32619225920147527 -0.2707876392643591  738511.699345292
0.036295536836390925 2.1375443201604214 0.03080453995610785 0.7704226950974095 0.5006246654914366 -0.32057242959399246 -0.23034133924381925  738511.6993463502
0.03616464500978879 2.1380380065126228 0.03109560003006423 0.7688705020406814 0.5020389826745729 -0.32513594551979497 -0.22601245075822574  738511.6993475925
0.03602912559312659 2.138093918813916 0.03107040585139137 0.7695682347123844 0.5022491730880624 -0.324562463607149 -0.22398595373656782  738511.6993486488
0.03614147320670369 2.1383151641050318 0.030880360455225398 0.770067272784869 0.5012873290890485 -0.3258461780082438 -0.22255713279484468  738511.6993499101
0.036112504821616695 2.1381313436097957 0.030999755974238666 0.7691778674666278 0.5022685332859236 -0.325282501667563 -0.22423876288275824  738511.6993510096
0.036010604394338494 2.1381411099135783 0.031037685282424423 0.7696186035161022 0.5024378979476157 -0.3245687702167049 -0.22337967057886407  738511.6993522765
0.03601081764392927 2.138165127671188 0.03103945112838399 0.7697986408536421 0.5024685845498862 -0.32426895068976125 -0.22312557383428822  738511.6993533466
0.03600565813719713 2.138373993790276 0.030897677451055244 0.7702849845292042 0.5023077192772517 -0.32448120824750465 -0.22149479284526963  738511.6993544194
0.035981796379167076 2.1381641069261454 0.031091519284291772 0.7698930250518999 0.5024692184006675 -0.324157095256843 -0.22296096548701747  738511.6993556606
0.03599221011686684 2.13812387141622 0.030988169841624724 0.7697244703218467 0.5025376900982024 -0.32397814940702147 -0.22364764368380338  738511.6993567281
0.035958949570792625 2.1381064021989027 0.031016407870877196 0.7699555578255818 0.5025910532575276 -0.3235178390983832 -0.22339847793594955  738511.6993579952
0.0360366374618015 2.138359231340517 0.03083408158164457 0.7701618782144426 0.5020674966032921 -0.32495230828252625 -0.22177670649002698  738511.6993590657
0.0359303365338645 2.138317725584233 0.030857907901754612 0.7706728749271787 0.5023779665990616 -0.32350394451410247 -0.2214156643308818  738511.6993603221
0.035975031379234766 2.138170923202073 0.0310173113382671 0.7699471767103738 0.5023325354384851 -0.32405917706054255 -0.22322414447929106  738511.699361416
0.03598343850522891 2.138362417342986 0.030854813684125723 0.7704264414856027 0.5022150548486415 -0.32434290376451225 -0.2214154866327369  738511.6993626656
0.03598505515757998 2.1381442505139407 0.03091716289430576 0.7698133553159755 0.5025802555927675 -0.32387899394499864 -0.22338952962626435  738511.699363766
0.03592340121255632 2.1383551396724627 0.03080728888976407 0.77077969073653 0.5021588602548435 -0.3238398279048731 -0.22104957199279515  738511.6993650008
0.0358988602825556 2.1383260038567795 0.030902593906603538 0.7708357864309966 0.5019039262751046 -0.3245233279234278 -0.22042969124064196  738511.6993660938
0.03594650861829271 2.1383278939287442 0.030830767034109596 0.7710708739985497 0.5020723412918616 -0.3229536810703992 -0.22152650239621513  738511.6993671884
0.035948012131991204 2.1383133612907335 0.030850422480914883 0.7705949302375333 0.50208541409276 -0.3239864801424684 -0.22164487616998216  738511.6993684637
0.03593895380241943 2.1383519843621848 0.03081313278047857 0.77080372806845 0.5020408759398512 -0.3237751687059856 -0.22132828967562307  738511.6993695233
0.03594071274619386 2.138117205749449 0.030945247712084227 0.7699746343908961 0.5028514133285928 -0.3234036658574015 -0.22291161346604815  738511.6993707552
0.03594684154672698 2.1383726812101145 0.03083834246867142 0.7704457881808766 0.5023929133387631 -0.3240572183791024 -0.22136297639338068  738511.6993718384
0.03589126757207903 2.138326958803051 0.030838215079381018 0.7709310629549574 0.5023340448623506 -0.32327801087105634 -0.22094599166000456  738511.6993730897
0.035928422095827965 2.138384079704077 0.03084765740956631 0.7706105447098622 0.5023185474697595 -0.32426894061377665 -0.22064704712064337  738511.699374176
0.035877678322227616 2.1383456127271376 0.030864251821683408 0.7707027795809483 0.5023834036129249 -0.3237447841231235 -0.22094672677721547  738511.6993752468
0.03589913826304894 2.1383730283950353 0.030791585171665546 0.7705949062146669 0.5022915671303486 -0.3240570173481949 -0.2210740184036538  738511.6993764946
0.03594128413046015 2.1383224035693753 0.030825937066547595 0.7707879493144274 0.502271978604655 -0.3231992443994776 -0.22170034984147285  738511.6993775738
0.0359239047387686 2.138333303668863 0.030818064518633094 0.7706521584400882 0.5021790581777842 -0.32405129410062816 -0.22113842499894737  738511.6993788085
0.0359030798484711 2.1381492559280315 0.030941077535277372 0.7701771786753205 0.5028361464202484 -0.32311110276744515 -0.22267047080689326  738511.6993799002
0.03593426848570408 2.1383408680120892 0.030819932772751198 0.7707363855740298 0.5021004362854264 -0.323608380775342 -0.22167135973378765  738511.6993811509
0.03591967260298131 2.138220543917079 0.030921530740916203 0.7699816641295069 0.5027654708311335 -0.32422210729112716 -0.22188993530127651  738511.6993822554
0.03592239751179972 2.138214552569078 0.030904074635872494 0.7700807975176587 0.5028330264194101 -0.32374088941773616 -0.22209536094992335  738511.6993835089
0.0358941244126394 2.1381076607510665 0.030966383288269946 0.7702852958816551 0.5025751435452926 -0.3230228734729067 -0.22301347773676433  738511.6993845992
0.035853665166914336 2.1383503814563345 0.030843282833221367 0.7710790986146361 0.5025124449314107 -0.3228978524927695 -0.22057933544249772  738511.6993856872
0.03589338089408233 2.1383428221183 0.030768398222573316 0.7707912694069792 0.5020359234348805 -0.32361814699639174 -0.2216123767335354  738511.699386923
0.03586422135820277 2.138352105633971 0.03090373879480867 0.7711096148775681 0.5018792250271708 -0.32333760342592777 -0.22126906593618717  738511.6993880072
0.035914123193332134 2.1383665867378983 0.030783769388183873 0.7704521585354174 0.5023644435782587 -0.32393920038943674 -0.2215780487491372  738511.6993892741
0.035892350660478245 2.1383683731399525 0.03078560357220154 0.77099524610767 0.5022467456846356 -0.32320088423536186 -0.2210333127789718  738511.6993903503
0.035852024833374255 2.138345351508658 0.03078930492622105 0.7711828812605398 0.5023988818115533 -0.3226392615485694 -0.220853422234266  738511.6993915887
0.0359065734604156 2.1383604122767723 0.030803317976935994 0.7708508406049898 0.5020291465151038 -0.3237218042037429 -0.2212688660226983  738511.699392674
0.035844102910127545 2.138334047488945 0.03075772749998669 0.7709044299139732 0.5020633779038055 -0.32346614798514645 -0.22137835398810762  738511.6993939372
0.035899915978792385 2.138338373855566 0.030811469415235278 0.7709419942908792 0.5019027463445044 -0.32371635939800486 -0.22124600179155304  738511.6993950034
0.03590375145529756 2.1383802273194292 0.03080829986921976 0.770812981798282 0.5019047478348946 -0.32374297191048446 -0.2216516621426503  738511.699396094
0.03588067136530953 2.1383567810305646 0.03074941222598036 0.7710242471921598 0.5022394752237125 -0.32311636273318584 -0.22107224136659395  738511.6993973423
0.03585078958508246 2.138393235665919 0.0307773022681575 0.7710752996209115 0.5022482585846016 -0.3232869259224306 -0.2206244152193535  738511.6993984309
0.035830760082717 2.1383201106551453 0.030774978364732822 0.7710808938962807 0.5021047161078045 -0.32305934131870434 -0.22126403032833614  738511.6993997025
0.03584908440645818 2.1383832126445315 0.030839253917207606 0.7710949701428217 0.5023124211093022 -0.3233392571178428 -0.2203327107495243  738511.6994008082
0.035873747272782315 2.138370351319063 0.03082422763361147 0.7709195338967711 0.5023256976452203 -0.32342518106704204 -0.22078975971131204  738511.6994018776
0.035846671351936046 2.138386649824695 0.030746504547198048 0.7709342658401477 0.5026732214402412 -0.32292570026540235 -0.22067845909490633  738511.699403138
0.03585756525280082 2.1383836522444453 0.030791654352936796 0.7708289155494906 0.5024287879362455 -0.3233890883915746 -0.22092440678878797  738511.6994042029
0.035896324550449873 2.1383603709418373 0.03076257018307812 0.7709770833083217 0.5019637280325946 -0.32366551885307226 -0.22105968573800241  738511.6994054622
0.0358295174322042 2.1383415366504477 0.03074535343812649 0.7710550117766921 0.502489305303593 -0.32268046921652443 -0.22103389254990155  738511.6994065407
0.035841025888710694 2.138336725092394 0.03075017628489509 0.7711607352646563 0.5021656322909848 -0.3230445597017052 -0.22086876324868018  738511.6994077872
0.035881931959265964 2.1384096896362315 0.030776202162135984 0.7706326278540382 0.5026306905461327 -0.32349900131471304 -0.22098899962731305  738511.6994088454
0.035869319966865425 2.138321692409264 0.030781045588248276 0.7710680813042661 0.5020917239926772 -0.3233097071566476 -0.2209722786914723  738511.6994101121
0.035861810963040266 2.138373190945069 0.030796504367929568 0.7710527607658778 0.5023366378471259 -0.32316171341821415 -0.2206854081546119  738511.6994111788
0.03585747567262602 2.1384042780255865 0.030739664093459042 0.7711897256559468 0.5022046608088047 -0.323081682349747 -0.22062436908618313  738511.6994124454
0.03587383144639939 2.138411827813292 0.030731956118678964 0.7715711282181263 0.5017720322161118 -0.32304295652155407 -0.22033172723812242  738511.6994135068
0.035852470818804175 2.138534625449663 0.030587875886047885 0.7717866814718151 0.5017974315639223 -0.32243752825334215 -0.22040575390050282  738511.6994147579
0.035915920951602204 2.1385209270982144 0.03058017779054757 0.7715699838863626 0.5016663302953789 -0.3229761793676661 -0.2206740595870558  738511.6994158
0.03584497218993163 2.1383745793858333 0.030691207764280873 0.7715736559216955 0.5017378627693657 -0.32232551934432974 -0.2214485722028172  738511.6994170662
0.03582875286980033 2.138352340816261 0.030702037070473358 0.7715188382056988 0.5017535690724252 -0.32232202082316025 -0.22160900953996945  738511.6994181516
0.035846316381509 2.138368259234379 0.030699164535781007 0.7715735644630756 0.5016088657417044 -0.32232128592896087 -0.2217470835618049  738511.6994194023
0.035852258147084336 2.138353584131413 0.030722976787378533 0.771195302994865 0.5018002693630155 -0.32277801339448464 -0.22196542157501306  738511.6994204769
0.035830642794001735 2.138140437106642 0.0308576840574113 0.7708089103409344 0.5021933495757075 -0.32207330589121963 -0.22343734919044728  738511.6994217174
0.03585217613183588 2.138192131975203 0.030843298502531605 0.7706534261397728 0.5022974104987604 -0.32277589439938237 -0.2227247857333085  738511.6994227896
0.03585124383950518 2.138192493319297 0.030833673829551503 0.770756917103796 0.5022738422336084 -0.3225217246735973 -0.2227880141706661  738511.6994240173
0.03582841330463411 2.1381731974661617 0.0308733097531128 0.7706884335419856 0.502273658230396 -0.3227791041679999 -0.22265255571171713  738511.6994250927
0.03584588367019034 2.1381697269846187 0.03083992661296777 0.7705842303851606 0.5026317425724781 -0.3222872881870767 -0.22291742667024514  738511.6994261824
0.03571841025151622 2.1378512130257707 0.03115922090375519 0.7723248251809153 0.5000473558942994 -0.3240908877309554 -0.22007294872871153  738511.6994274271
0.03570776172437176 2.1380309475199013 0.031082533497011615 0.7708018191281841 0.5014651113430497 -0.3240675601922032 -0.22221051767514927  738511.6994285205
0.03573235619799734 2.13801134322476 0.03101979733940716 0.7707988811651991 0.5011758634564144 -0.3241594385630318 -0.22273862950484075  738511.6994297791
0.035685408891331254 2.137906673836385 0.03109405298190349 0.7709463299777709 0.5011353956861354 -0.32379799403523307 -0.22284508193600727  738511.6994308676
0.03584020365695734 2.137342385043944 0.03128282261922521 0.770466538603716 0.4986443013933995 -0.32649788830872895 -0.22612895106517922  738511.6994321101
0.03510809113095668 2.137613355547124 0.03214243984661226 0.7779150159586854 0.5028341499873799 -0.3057790419378242 -0.22023901349228298  738511.6994332047
0.03294662341597659 2.1375987154210185 0.03248989986108242 0.7739619101866558 0.5173258777147541 -0.2999395900239636 -0.20831020177403395  738511.699434453
0.032766077235742326 2.1377221241018374 0.03159163684265446 0.775799947257677 0.5174381925972554 -0.29721905953593386 -0.20506825528405528  738511.6994355305
0.040894257451612175 2.1433946140118216 0.017565263902609332 -0.4091957083276974 0.8591795192977666 -0.28168246343834286 -0.12257412327550773  738511.6994366178
0.041665121776656135 2.1433321464544925 0.017336162454131783 -0.4050938725491484 0.8618155083729367 -0.2781672790844712 -0.1256819350494457  738511.6994378649
0.04060085857120202 2.1432122142092584 0.016070805190835372 -0.40717490476214646 0.8584414249272931 -0.2863215399208257 -0.12372102763112794  738511.6994389463
0.03428824683928565 2.1359346158934156 0.031482300639157884 0.7870785588913373 0.5000432987828022 -0.28865175187581993 -0.21712716922340478  738511.699440192
0.03677042861264081 2.1360315705280084 0.03290800570243364 0.7766949637441976 0.5035429118703172 -0.3067007437012891 -0.22163962419350478  738511.6994412825
0.040718463013694035 2.136927170734748 0.033547512803036014 0.761196263832011 0.4970964703378226 -0.340047400806796 -0.24050595067567054  738511.6994425429
0.042848505373463484 2.1354721643682018 0.030736241403696445 0.7237131867664184 0.5406558636075462 -0.3491912499361856 -0.24898982191081218  738511.6994436226
0.0 0.0 0.0 0.0 0.0 0.0 0.0  738511.6994447223
0.0 0.0 0.0 0.0 0.0 0.0 0.0  738511.6994459758
0.027528346867700466 2.134931803511561 0.03624514164577359 0.4691894247644841 0.6991792906347907 -0.41011071370106816 -0.35045514084430834  738511.6994470535
0.04543274046392381 2.1298197994881085 0.02864510805519317 0.6863911658115748 0.6011932419879847 -0.28110654259409645 -0.2973431771448558  738511.6994483145
0.041826278347777406 2.130684148314441 0.03149814930463893 0.6600198303650446 0.6562512265105104 -0.23500868446990245 -0.2801411598677966  738511.6994493952
-0.021377182516121838 2.0806597163258136 0.029425440745840067 -0.340729315162329 0.23342238118943984 -0.6450506862797358 0.6429052324245805  738511.6994504774
0.04468438836180631 2.132365437236956 0.030209984775837518 0.6623924196783195 0.6414886780065892 -0.2611330635131893 -0.2855487374902514  738511.6994517306
0.039229951414738964 2.130707239602497 0.037836301316955374 0.6025596388776367 0.6774536155471581 -0.23787721070702325 -0.34841485761084007  738511.6994529723
0.02535978852365517 2.1294820306382936 0.052982476744288534 0.5412254743073125 0.7111116960292646 -0.20264051048602405 -0.40041474153828455  738511.6994540573
0.019855722440293502 2.124289043547033 0.0787284821694993 0.5973957627542457 0.6894617313245761 -0.18899986222236284 -0.3633729155593728  738511.6994551402
0.021008134369319517 2.1085507472829557 0.13318695496063396 0.626416927150737 0.6889017627192857 -0.19388781900105978 -0.3089072811448468  738511.6994563801
0.035403611033584935 2.0787068397641253 0.2238089698856065 0.6633739110375713 0.6787446124365136 -0.23582404324708928 -0.20887275042407644  738511.6994574651
0.06836248329547336 2.0522911148259633 0.3543208863701446 0.6634060756223058 0.6574961198578695 -0.35434819599571377 -0.045039840073439766  738511.6994587061
0.1187889499608142 2.0627506175940584 0.4971834681251837 0.5650386188013986 0.6078353949593408 -0.5489889598101837 0.09939121643365993  738511.6994597948
0.17404791207452674 2.116031560780942 0.60897557277112 -0.3953000834054227 -0.4769706593080273 0.7503911287391785 -0.23054281192106926  738511.6994610361
0.2127562843216528 2.1857189803955723 0.6769147653474653 -0.26582429899900156 -0.28250855377909334 0.8544080898040738 -0.3457067763013741  738511.6994621223
0.23768233653220394 2.244823579478192 0.7046641846007906 -0.2128511885143257 -0.1920679855347127 0.8657423085514822 -0.41023714564215996  738511.6994632308
0.260608260025097 2.295319084621972 0.7174286875990181 -0.1845781498488643 -0.1432235421295358 0.8624021176639697 -0.4490885336177488  738511.6994644906
0.27670405058076325 2.3292264815447874 0.7227795337160827 -0.1656614682193422 -0.08303642888811412 0.8619577112609301 -0.4719005545904139  738511.699465604
0.2808729088096367 2.3415244308639833 0.7316302669751873 -0.13768460262951443 0.004371213456655645 0.8602966881465111 -0.49082935023877067  738511.6994666852
0.2882812473238452 2.354201790020608 0.7326809151669135 0.101440636475319 -0.05163265217081362 -0.8461091875302034 0.5207140379116635  738511.6994679306
0.2905320882352339 2.3606805469776817 0.7352063164426621 0.07195869251812613 -0.0803242736718916 -0.8377424697305099 0.5353106687148974  738511.699468999
0.29223821622687407 2.367043750454543 0.7355613372962789 0.05727386764264032 -0.10570575155620292 -0.8333763195536338 0.5394718789523986  738511.6994702577
0.29343530397147943 2.3716817326470667 0.7315455537001649 0.08118532040898165 -0.11138158949221615 -0.8424710971384191 0.5208123805735295  738511.6994713581
0.29177862620574646 2.3720818591844988 0.7273321146853683 0.06196340887469395 -0.12293238067868228 -0.8336232798750463 0.5349022275067374  738511.6994725969
0.29126089155139123 2.374776498261484 0.7230290539757269 0.052832179312909656 -0.11150707102397242 -0.8267556808975914 0.5488624400013754  738511.6994736862
0.2902131536396627 2.3798054210733257 0.7204942969167647 0.06353593362946489 -0.08746109251971378 -0.8073579084846313 0.5800749520884453  738511.6994749475
0.288759952866089 2.381199646123264 0.7199884608406827 0.0647171998808791 -0.06161930088507517 -0.8057273029720696 0.5855068394505462  738511.6994760279
0.2917970678757597 2.3808415863887094 0.718560162209604 0.042998143342371245 -0.10499302036997209 -0.8104579567416083 0.5747047291409015  738511.699477096
0.29562056917300705 2.3811619228273204 0.7235723199997905 -0.0035066518987075675 -0.040517040558501013 -0.815684666195403 0.5770655059441139  738511.6994783671
0.2996436788885389 2.376707436840456 0.722154368194474 -0.005789827487544573 -0.058361483968396105 -0.7825945029555463 0.6197630668492862  738511.6994794682
0.2988499999422718 2.3784483339040428 0.7230240666694557 -0.023508005530161444 -0.046203391504285346 -0.7899423610502532 0.6109858316752091  738511.6994807314
0.29539605982357414 2.3833929300811976 0.726769642362203 -0.018345879894295113 -0.03060379863366486 -0.8055918627553537 0.5913954572555099  738511.6994818175
0.29652656678418904 2.3903867791442095 0.7313526214046056 -0.021034402436810297 -0.039409473032132186 -0.8151049237714346 0.5775884439573041  738511.6994830645
0.29641760184443205 2.3921590842947666 0.7307789675339342 -0.012676844728738956 -0.03294986070202707 -0.8123465886527199 0.582105337711079  738511.6994841513
0.29666611114035313 2.3938805697812646 0.7297166728448485 -0.005497562278971104 -0.033793717200267165 -0.8113329041086607 0.5835809114402082  738511.699485221
0.29743920670031365 2.394119094043967 0.726571841337702 0.017270063345473242 -0.026633046366227646 -0.8137416257736596 0.5803593647357982  738511.6994864759
0.29662858710559464 2.3910969738123558 0.7232315533416915 0.035202040616054 -0.02993839046677513 -0.8055022155064032 0.5907881937945278  738511.6994875683
0.29470793343548685 2.3847370268801886 0.7219108415820507 0.028112177993003074 -0.04007395414992393 -0.7871114919686476 0.6148652558554347  738511.6994888176
0.291865921119315 2.379083485184525 0.7212611089240063 0.037219495328398036 -0.043876525863892096 -0.7765551839751812 0.6274166126959718  738511.6994898897
0.28899458973619346 2.3770041042599583 0.7197580894817783 0.045864158068802605 -0.026212420277699135 -0.7906000654263582 0.6100499361328247  738511.6994911449
0.28743893352006433 2.3782088812957465 0.7228740785203355 0.03183794189391154 -0.020281224115326516 -0.8040829904954876 0.5933174207792803  738511.6994922276
0.28558618422395865 2.377892541388162 0.7247581940883845 -0.004869797843053515 0.005335359216427497 -0.8122463044512614 0.5832698860015562  738511.6994934651
0.2824046194071682 2.377402349413337 0.7234708125391093 0.005707450653992947 0.04170470011178216 -0.8104510636247341 0.5842920643523715  738511.6994945327
0.2799824360416876 2.3773471788436544 0.7227392989793575 0.0007523117576018921 0.05721272690706589 -0.8086893815266666 0.5854465151599201  738511.6994957761
0.27848629079758674 2.3774901671234763 0.7254616430730639 -0.009570815285313658 0.06608920978183337 -0.8168888474255633 0.5729164221742312  738511.6994968446
0.2776014635576324 2.383007069745802 0.7301670294145427 -0.02335451835772035 0.04492897493527686 -0.8412362250768164 0.5382913405415809  738511.6994981163
0.27712412295381234 2.38572753209507 0.733631232514534 -0.03663901210022529 0.0341054483206875 -0.8470893876907909 0.5290878664728624  738511.699499189
0.2729151275274253 2.3869062455386154 0.7382410346234041 -0.043610627256711686 0.03449759917685305 -0.8344749437453234 0.5482331594336015  738511.6995002765
0.27222609797128144 2.3902076413428275 0.7398546197893049 -0.0587835945738576 0.03441143143619742 -0.8444224775332111 0.5313294851898979  738511.6995015295
0.27329207009105766 2.392939652640855 0.7410236053428799 -0.07662112129498755 0.01753261468786301 -0.8493074709922533 0.5220140140939212  738511.6995026028
0.2714263197723725 2.393498003826425 0.7398805324558031 -0.06110237753795105 0.021096833861240862 -0.848493455215233 0.5252430670814765  738511.6995038507
0.2694091666962935 2.394009840499249 0.7394523260981115 -0.06372413480960668 -0.023832508169068557 -0.8437852754352002 0.532351063825256  738511.6995049175
0.2657245048057597 2.39003012557939 0.73743374161973 -0.07655080207346136 -0.020969467075454277 -0.8305516931476284 0.5512568740270627  738511.6995061749
0.2597582780474948 2.385527016688514 0.7351079620205607 -0.07185490098009766 0.020133951564442705 -0.817295946182684 0.5713657616211288  738511.6995072542
0.25343546243005644 2.3781990796354484 0.7333456036695114 -0.06586712866513562 0.12496658379585217 -0.7848627736703288 0.6033533797057271  738511.6995113165
0.25797758343964056 2.363527838708667 0.7249509475190214 -0.019139984659418494 0.13390567581803997 -0.7676239242653857 0.6264634401673898  738511.6995113279
0.2584982336007209 2.3628028828161867 0.7245454965630764 -0.015350398360885928 0.12092737302336708 -0.7653814085365125 0.6319273970880626  738511.6995114182
0.2603682337582967 2.360648949359047 0.7227373628576009 0.007909712326737251 0.0712520323168742 -0.7563951542970948 0.6501745572517412  738511.6995119001
0.26360001994647014 2.3582283394001853 0.7206169500808938 0.026954342507444617 0.0788357702615161 -0.757241769636907 0.6477988013761915  738511.6995129836
0.26720412266744037 2.360018697286911 0.718772808548484 0.026787230805622834 0.10668151589290964 -0.7569361758324468 0.6441654478072449  738511.6995142516
0.2688128317909836 2.3629150406816075 0.7168381788939957 0.021645923241169304 0.06447443479695093 -0.7641511986190161 0.6414416940874456  738511.6995153234
0.2724633032220223 2.3677164627144522 0.7148287483350111 -0.0021884968056152384 -0.0178952949176192 -0.7707571868438299 0.636873871210092  738511.6995165817
0.27485558143558975 2.3724328132598003 0.7157160714939862 -0.021378074340923196 0.04240145216582165 -0.7814232215592329 0.6221919668395708  738511.6995176513
0.2774233104741952 2.3750880108705448 0.7197600741650549 -0.01930982896307754 0.026543699260256234 -0.7885308750187647 0.6141185729784918  738511.6995189015
0.2780086488442308 2.380407729794785 0.7260369865916755 -0.013088065851644681 -0.006308214331900002 -0.7898778067920144 0.6130921295381657  738511.699519991
0.2758588709297519 2.38599642580725 0.7356248527234984 -0.009902025050687584 -0.05203582603839386 -0.780202651068832 0.6232800702521812  738511.6995212404
0.27427016326791503 2.391202050927578 0.7459671305638205 -0.0037665658848110672 -0.12638006761638665 -0.7779355868575922 0.6154917661441512  738511.6995223315
0.2730381460143347 2.3963548662050687 0.7554740208524656 -0.008871891871025172 -0.1998970596348152 -0.7760000801185344 0.5981524310240762  738511.6995234143
0.27067092591053415 2.3991845063250694 0.7637909722961272 -0.021798980841825334 -0.24619059626995343 -0.7658579881493519 0.5936131204162605  738511.6995246848
0.2696796879175737 2.400479679018088 0.7667574088671132 -0.0402801227759768 -0.2645269976087012 -0.7641921583192866 0.5868673823007963  738511.6995257429
0.27036498659031016 2.3979377402733895 0.7607059890413227 -0.05649353999986352 -0.2351221260410343 -0.7702199835583672 0.5901586589312883  738511.6995270249
0.2693442799390736 2.3896954029302293 0.7495720376775101 -0.08851201093923762 -0.13221098894845434 -0.7657300284450487 0.6231720483608912  738511.6995280951
0.26532347655408955 2.3755786230441585 0.738208026892609 -0.06403166669699706 0.01863119920645859 -0.7589219545098725 0.6477578953892026  738511.6995293451
0.2640872403416565 2.370826481757515 0.7346958799817459 -0.019411771712310514 -0.12065244182048242 -0.7385925168606321 0.6629836087259031  738511.699530434
0.2624084992644302 2.370043542835107 0.7367318721449267 0.03228532989207174 -0.2584901882940695 -0.7120934980319535 0.651968810672775  738511.6995315091
0.26094866528561955 2.3708874488408216 0.7394520185786349 0.04399903246774337 -0.26173643132459723 -0.7079283607172441 0.6545193364229681  738511.6995327859
0.26068462422884076 2.370894751165887 0.740972752008944 0.03698686619274291 -0.23973673780699611 -0.7048284399377193 0.6666146852041744  738511.6995338675
0.2610789128180198 2.3712865219194126 0.7406679655599424 0.03688153190366914 -0.20811112633735113 -0.7066654264617751 0.6752432796723232  738511.6995351411
0.2636454503909882 2.3705977803416474 0.7378036341135721 0.04378251111041059 -0.15590017502103398 -0.7140862023851511 0.6810720392971884  738511.6995362034
0.26596254005045145 2.3703275259698238 0.7331558547589853 0.03815975910457524 -0.06774605555975395 -0.7249063745385821 0.6844450693039613  738511.6995374651
0.2663016020800631 2.3691614865044 0.7305915354406318 0.05319086733630052 -0.00693456508848852 -0.7191558129098354 0.6927752595156956  738511.6995385448
0.2667586116418838 2.3676291110700043 0.7281956806782329 0.06070981510837924 0.05541289020886068 -0.7107472456374994 0.698628715962145  738511.6995396073
0.26702004808561514 2.364999675376737 0.7245979167324509 0.031989239698999784 0.10070326232193438 -0.7101988122707338 0.6960267153999469  738511.6995408707
0.2666877428169783 2.3649070322814567 0.7221240133153147 0.008453045860740714 0.14592670425961976 -0.7184523388140931 0.6800442484516439  738511.6995419569
0.2664986169002521 2.3659953074091 0.7199436499046906 -0.0040792696966752955 0.2682015029910386 -0.7131551068862473 0.6476581713173664  738511.6995432113
0.270013877591918 2.3675523156667015 0.7163702388921342 0.015355602762935997 0.22758709370426047 -0.7244971956077324 0.6504399540307824  738511.6995442838
0.27137209319255756 2.3675444201537386 0.7142922199555637 0.033952453699422 0.16390947185628887 -0.7186401075383549 0.6749350426232458  738511.6995455448
0.27087873125385203 2.3685061861165306 0.713594330934281 0.028301192292872764 0.16910655148356832 -0.7264662881508538 0.6654688189092391  738511.6995466182
0.2685910524687369 2.3679105059664605 0.7118530709243556 0.03476953544471389 0.16564137813262622 -0.7295600363885753 0.6626433177509481  738511.6995477052
0.2587105452661398 2.3616482366570413 0.7064224678100993 0.02051954112554392 0.1399351181442796 -0.7161946412849484 0.6834195980045259  738511.699548965
0.25055623551830264 2.357704535389209 0.7009892535460905 0.013662170058101343 0.08881356998768496 -0.7221709594144766 0.6858531914875956  738511.6995500426
0.2415095522801492 2.3582947446200704 0.7006052348165951 -0.004009480676889916 0.10966211168670087 -0.7563347696814261 0.6449153909592011  738511.699551306
0.2382354416751639 2.3561359889358835 0.694427131907476 -0.024440883508821017 0.0914759936938737 -0.7817622850551648 0.6163461003822073  738511.6995523921
0.23674112215051418 2.3477700218015407 0.6726892756902416 -0.03653073025773712 -0.017430491493162184 -0.7954566472970029 0.6046572632360872  738511.6995536427
0.23297466816769127 2.338581208721547 0.6417827576569107 -0.003681084598724351 0.018495773084660803 -0.8011372637739124 0.598183450612792  738511.6995547262
0.2273180079886003 2.3345307124250088 0.6196250788905797 0.024094323929184976 0.06476783920262459 -0.804685993474789 0.5896651952293865  738511.6995559612
0.22408472984796338 2.332448796357212 0.6069883155086848 -0.011350229897238535 0.04929716407916139 -0.8119940179047543 0.5814694117336917  738511.69955703
0.2209151680594094 2.327686234037813 0.5936699574106449 -0.014725509583880464 0.02511920656829649 -0.8057662590748478 0.5915174727473395  738511.6995582712
0.21810149818386368 2.3251525459111835 0.5801455752644761 0.006736547359639998 0.03304143873284866 -0.8133260256131115 0.5808301458399996  738511.6995593526
0.2173621816970414 2.3247849371519824 0.5704681384581382 0.03420086568822793 0.05917987896796382 -0.8226999641527835 0.5643516737766636  738511.6995604526
0.21395060555160536 2.324163163057039 0.5625190304173946 0.03745890907421036 0.11292236068584764 -0.8086211094819846 0.5761746886910512  738511.6995617152
0.21251968005602048 2.324156370772431 0.5615491432902491 0.04556750354557139 0.10975811690368417 -0.8104564754843082 0.5736175204262285  738511.6995628029
0.2111589473392309 2.3230520602792306 0.560890951443747 0.03225393371353744 0.09818583562821473 -0.8097659704320631 0.5775796902352187  738511.699564052
0.2103386044691399 2.3226701860114196 0.5607044495015799 0.024859431583218985 0.09452359933901218 -0.8086101936314634 0.5801696756851779  738511.6995651348
0.20926578442215646 2.3217902107709385 0.5609690311398042 0.03266791516392612 0.10778218474314749 -0.8053226796911526 0.5820405394350964  738511.699566392
0.20843530768200977 2.3224152913195293 0.5614046117025294 0.04116985585938042 0.10746474518185166 -0.805634568652709 0.5811276222167391  738511.6995674704
0.20722161262600797 2.321997931549676 0.5616928943430396 0.0320363533405812 0.10738368113908367 -0.8056298066686921 0.5817241886810475  738511.699568578
0.2055862958563468 2.3201787448319564 0.5618069390114577 0.016115412274243866 0.10835506542724326 -0.8053865559903763 0.5825392422090117  738511.6995698273
0.20524644346591406 2.3196371939696196 0.5616697309018078 0.016509792987924873 0.11031163348880794 -0.805697338820996 0.5817306666055108  738511.6995708953
0.20542849149256778 2.319581254857602 0.561682024269881 0.027859585497207785 0.1115089913627261 -0.806804025535389 0.5795315804346496  738511.6995721633
0.20534136107407025 2.3194344931005233 0.5614920203065737 0.053602489413103575 0.10727332905327637 -0.8080935484435476 0.5767183220311815  738511.6995732394
0.20478974135746733 2.3193687028712504 0.5612781612982239 0.08063109675114884 0.10640761280410382 -0.8096467469413494 0.5715314438780507  738511.6995744786
0.20422810090701163 2.319018121101501 0.5612654881053438 0.10951963368552733 0.09990720763277927 -0.8080162494271702 0.5702049985418032  738511.6995755502
0.20408212301580364 2.318912051325283 0.561688128330775 0.15116257269203004 0.0932222798799486 -0.8075430869552559 0.5624354592856744  738511.6995766383
0.20368770227350655 2.3186936517239864 0.5618786456554158 0.2070966582493993 0.08553320729107086 -0.8014958749005884 0.5544361163468472  738511.6995778828
0.2039447332636846 2.3187838760122896 0.5619788748301052 0.20541067859191317 0.08541788464615105 -0.8014297954538843 0.5551761171571881  738511.699578975
0.20382510778300456 2.31877798779129 0.5618515750709886 0.20351008734415907 0.08579521431253018 -0.8018488893374316 0.5552127378028779  738511.6995802092
0.2039336531421135 2.3186992245748654 0.5619442253333391 0.2036816728881634 0.08639447745903654 -0.8014619158077776 0.5556154856587299  738511.6995812797
0.2038011404234471 2.3187658586780953 0.5618055452982962 0.2127812427976743 0.08499945332518494 -0.8006503236474445 0.5535867546203933  738511.699582536
0.2037633326251223 2.3187101030660586 0.5615865262672937 0.24629529448228796 0.07881678052788968 -0.7979004745460551 0.5445010337384878  738511.6995836231
0.20372003026550897 2.3188764298896665 0.5617759305177527 0.24600296761810608 0.08008104476302212 -0.7967114439781678 0.5461871851544767  738511.6995849063
0.20437727711885978 2.319237704266395 0.5617598099551276 0.23516773613917932 0.07960071946941731 -0.7972277491765055 0.5502615535198577  738511.6995859902
0.20457308623771603 2.319359552100784 0.5616302210247764 0.19732627492096783 0.08632474931166982 -0.8013465989698952 0.5580806457864975  738511.6995870635
0.2051416764183983 2.319226722354736 0.5610905815684226 0.1567887801284533 0.09417988263436272 -0.8077564423176273 0.5604256935822794  738511.699588326
0.20545279471159827 2.31835601496581 0.560828122846567 0.10877635399193626 0.10359250255057233 -0.8109343997925463 0.5655278043214439  738511.699589394
0.2051634440671389 2.318364444082093 0.5608676664787916 0.10226987240602402 0.10837726679691934 -0.8113405237043791 0.565262590160351  738511.6995906419
0.20510228398173694 2.3182004185079785 0.5607034783730125 0.10183847244680042 0.10616319123772437 -0.811769150812827 0.5651452451755624  738511.6995917062
0.20537266705573476 2.318150404065459 0.5607475396335272 0.09952244428174567 0.10833058191181312 -0.8121224347729564 0.5646387509242348  738511.6995929673
0.2054478850403766 2.3182084334377646 0.5609671901666908 0.09969654274317656 0.10589213507928506 -0.8122788611736491 0.5648455601169651  738511.6995940316
0.20544512131043458 2.31796923741415 0.5609819906515704 0.09627504512901223 0.10336641516550917 -0.8112567251457561 0.5673702722270719  738511.6995952914
0.20553715019318616 2.3180882094927058 0.5607446448933934 0.0992767317263636 0.10354086907162628 -0.811303389849405 0.5667541165165794  738511.6995963654
0.20560727454032 2.318069137948429 0.560895551947386 0.09912576440640201 0.1043453999194629 -0.8111984460020814 0.5667832050707768  738511.6995976291
0.2056253774436333 2.3176882768249936 0.5610775390780799 0.09549045950982918 0.10512256234799314 -0.8096599389792883 0.5694572874589007  738511.6995986957
0.20545689131003492 2.3174806292474313 0.5617497047689705 0.09126054717005458 0.10888298117351057 -0.808601324847326 0.5709465004675486  738511.6995999538
0.2055965926438413 2.3156401117283636 0.5674892372215241 0.08678130211681001 0.10897858159849474 -0.8046070415209515 0.5772349461792773  738511.6996010183
0.2081758474097946 2.312787322747589 0.5791319013455122 0.07550627795253008 0.09969049802552792 -0.8052737793825052 0.57956427325379  738511.6996022805
0.21252612825920505 2.3116566437842714 0.5902306090923083 0.06354238460295897 0.03107038720751285 -0.8138955374111672 0.5766897351088645  738511.6996033569
0.21504621394419185 2.3110574174165874 0.6037691849743632 0.052484810567993326 0.047923517757059865 -0.8131127290289311 0.5777511324061207  738511.699604425
0.21858582323603584 2.3108599618148165 0.6255316346393233 0.05220377071117627 0.06501424632968489 -0.8135578321943412 0.5754750800625186  738511.6996056882
0.22027428130256546 2.311318209822574 0.6465196328814686 0.047277699691827525 0.05287790244067489 -0.8110195429061348 0.5807030631653738  738511.6996067605
0.22126656995894578 2.3068807668550084 0.6699319882277744 0.03155218923926357 0.06350486124860975 -0.8030038010470103 0.5917402195694138  738511.6996080149
0.22111792660114984 2.2956793641141466 0.6844887262419469 0.024630179188482836 0.03122234071695962 -0.8124085212928831 0.5817309638002849  738511.6996090985
0.21433540592265776 2.2743420764191593 0.7001290235456246 0.020298016972381372 0.002931934136188656 -0.8298722320059205 0.5575764277789383  738511.69961035
0.20602662198997254 2.248355178216929 0.7156229077472884 0.012559400530089896 -0.03145617880310855 -0.8466401417858193 0.5310868484441312  738511.6996114486
0.2013015018486806 2.221864665624035 0.7339004843746412 -0.0038927627652458 -0.04841620414551329 -0.854023642774786 0.517961712055899  738511.6996126916
0.20162089646225345 2.192441069549257 0.7504662749090887 0.0040378456146297976 0.04777756617427409 0.8684023250781941 -0.4935366265760239  738511.6996137804
0.20412823533407623 2.1639228202065475 0.765280063077231 -0.0022440761222139363 0.050074313230894875 0.8817023381542133 -0.46913592291595557  738511.6996148378
0.2108146659114675 2.127979135316814 0.7771943904754248 0.0020272325259838688 0.04656621817126465 0.896776998044309 -0.4400210147619648  738511.6996161105
0.21845291815736656 2.097959834433891 0.7868196213771985 0.011592999193011573 0.04808179497201514 0.9120343515184393 -0.4071204797259896  738511.6996171876
0.22794799306010072 2.07296388676051 0.8036564345005394 0.01431138721688107 0.05087187356556726 0.9236891376249518 -0.3794807158598847  738511.6996184605
0.23463227505745776 2.0575566942029853 0.8191686716795209 0.012200949239696989 0.05440425155182878 0.9323558778644279 -0.35721678468737683  738511.6996195373
0.2378489983970656 2.045467009242396 0.8300716370347918 0.011591010147808872 0.05695311833525319 0.940135471123282 -0.3358084077736123  738511.6996207832
0.23847795794174245 2.0351578369977137 0.8362916536580766 0.012876039683564804 0.057123191211744945 0.9475275209975589 -0.3142654062732238  738511.6996218658
0.23816469913708724 2.0283799248942636 0.8390084929796807 0.0024994106999337825 0.05341605258995764 0.9515620621611566 -0.3027707385588428  738511.6996229497
0.2371045220533407 2.022569947489635 0.8411437206122948 0.005772272588724299 0.05024689484800742 0.9544714298505839 -0.29398336692111837  738511.6996242051
0.23624031120922992 2.018579738495408 0.8439343086965958 0.00979756206925141 0.04669355216380863 0.9562986916879912 -0.2884727582279848  738511.6996252941
0.2361377439315457 2.014901814622273 0.8486631786148762 0.00452957751137335 0.07475078280269416 0.9559013321329548 -0.2839796588215348  738511.6996265436
0.2383919288865036 2.0102323229805603 0.8567763858870878 -0.039319648580844524 0.09496671521439926 0.9588159551133401 -0.2647777416191921  738511.6996276242
0.24131497091794363 1.9976798358690704 0.8712684593713805 -0.07516489708060996 0.09935467487957927 0.9639397121828032 -0.23515764521564897  738511.6996288833
0.2443660935479292 1.9761828529997376 0.8870892801898816 -0.09165812235165414 0.12237009969302033 0.9422792498565359 -0.2978828001041578  738511.6996299531
0.25728731288489187 1.9509971773269128 0.8894909802460013 -0.3136373847687415 0.14453487807146873 0.8893843019880632 -0.29956105099544555  738511.6996312035
0.24162650002882374 1.8886179272436079 0.90580479412267 -0.3501989878721586 0.11252815354566607 0.8440125353853499 -0.39030875427706235  738511.6996322892
0.20235549801793953 1.7904283295579277 0.9339626760368999 0.31303617507779946 -0.07144900659935706 -0.8041608094321346 0.5002287328033852  738511.6996333668
0.14809852161532872 1.6120944508988457 0.9844220446347514 0.23510729742446448 -0.046101787714512704 -0.6999978015132918 0.6727572086152988  738511.69963464
0.1139846024721858 1.4238713400300067 1.0346985130763922 0.15290020557457923 -0.054164863010873254 -0.5699331189362978 0.805520908909141  738511.6996357274
0.09784384267202671 1.231839508288465 1.0843422592894971 0.07736311269113816 -0.06619634303562606 -0.44835035224448666 0.888039951018924  738511.6996369665
0.10519175866780993 1.0674893296628063 1.1205474391046037 0.054953886652122086 -0.041742677697560585 -0.31448043541444143 0.946752171870763  738511.6996380462
0.13188395929354466 0.9082645327007953 1.1489723927017816 0.04774673306561203 -0.025177239929256398 -0.12172779124263046 0.9910946982555685  738511.699639317
0.14783812127990187 0.7980050373147797 1.1510002961886021 0.06774560080411918 0.00647291200796472 -0.007600969525295159 0.997652675155087  738511.6996404032
0.1533068145214213 0.7097490540128332 1.141365590753605 0.06447850732607022 -0.005143127807976417 0.06566798468470736 0.995742831315798  738511.6996414559
0.14744605590509602 0.6062049242904894 1.1223137932321294 0.07706127879205661 -0.011308370528166167 0.16548510575015885 0.983131913754095  738511.6996427039
0.13169088811107663 0.5183325657425257 1.1093297846926573 0.08421531619868484 0.0034918540863358174 0.2472493899051873 0.9652788854336906  738511.6996437806
0.11097065897337392 0.4031361323870551 1.1067917274059564 0.07928820033066981 0.019809795373286254 0.3259748836713082 0.9418393326417565  738511.6996450253
0.085503481593513 0.30748720275382707 1.126478149103699 0.09972952036819872 0.037818872186677725 0.355832624114367 0.9284432665971252  738511.6996461098
0.061350922009941036 0.20569437550835715 1.1577335081352427 0.09749596784616568 0.06343455560736465 0.4111411383345339 0.904120322621729  738511.6996473651
0.04872979444714779 0.13207191912630029 1.173591773603355 0.10244623783702844 0.06157225200491267 0.43610492682565843 0.8919227090586211  738511.6996484408
0.03480356884865077 0.0412356507225574 1.1675319315542247 0.11267918531712527 0.04641100590131059 0.48151194168345723 0.8679260738932345  738511.699649692
0.025148665174846513 -0.03912152726691613 1.1548063924028984 0.09763742568232743 0.08151119549164403 0.5151476024000234 0.8476118249866259  738511.6996507664
0.01382359077552331 -0.1523303680878522 1.139260467725223 0.06778684598327506 0.10715585242985819 0.5267494950732333 0.8405102832456984  738511.699652025
-0.001758783999130392 -0.25563668723462685 1.1322194818868885 0.07788643695010475 0.12380902504049246 0.5104571611374901 0.8473715329778283  738511.6996531015
-0.024448755992984735 -0.3783425550555351 1.1433582239148228 0.040582339996470165 0.09482303508905386 0.4934975951901232 0.8636097435986212  738511.6996543526
-0.04271008931501434 -0.4651481131676105 1.1572550463715747 0.014390789215796673 0.07672834100145744 0.46783203468122814 0.8803629105084634  738511.6996554038
-0.06400906985294816 -0.5613022627028653 1.1637915581506588 -0.05457266563536012 0.046378889692971534 0.4305839890593325 0.8997045354570861  738511.6996566551
-0.08028145187137142 -0.639763567738313 1.153724965845815 -0.09657464790399409 0.029793891759936665 0.4107912061179318 0.9061105045038336  738511.6996577189
-0.09849114256451458 -0.735049072336432 1.1306709113359648 -0.121919225964572 0.027382611278249123 0.42045706320654286 0.8986666528471573  738511.6996588192
-0.12366000104719471 -0.846511438668204 1.1162918085319153 -0.09253648319341261 0.027290226256675352 0.44879362246955035 0.8884123632974237  738511.6996600862
-0.14363869319590192 -0.9393255790636864 1.1271096773201559 -0.09859110194485225 0.014991458417273723 0.48283623398811987 0.8700139205437994  738511.6996611601
-0.15050088156588562 -1.0401819830307928 1.1213380893710772 -0.03110965388398909 0.02648169637753428 0.524374049396767 0.8505073577056366  738511.6996623996
-0.14481598317094438 -1.0970843386663467 1.139185911959079 -0.04705516221942291 -0.01948689869488113 0.53459568411596 0.8435718860964655  738511.6996634592
-0.13778763844661462 -1.1496973123799055 1.1611446711177291 -0.08762981470269415 -0.04188730771705096 0.5868652700779695 0.8038380581956173  738511.6996647168
-0.1296371153678938 -1.1906635491608277 1.1686897938171192 -0.12275942189095501 0.025572799280492248 0.619919443955951 0.7745812025083637  738511.6996658042
-0.11030956319581602 -1.239637220512232 1.1463792169493046 -0.09232924306469519 -0.014711204621664163 0.643094401143349 0.760058209975892  738511.699667059
-0.08708062667907909 -1.288111770610672 1.1188101104479604 -0.15249405892201776 -0.04667685728809317 0.6460844512220716 0.7464192621283763  738511.699668143
-0.055721840528010116 -1.34572395723441 1.0775017400293656 -0.16779185283195358 0.09671642654060446 0.647726063296523 0.7368465063273522  738511.6996693863
-0.020015402613096065 -1.4111941927318785 1.0270433644257455 -0.11697505162745012 0.20477854674135965 0.6255181831430585 0.743713376677238  738511.6996704817
0.013919567920711164 -1.4665965905196314 0.9890636100565187 -0.07361259352438972 0.15820143539462647 0.6367414028052111 0.7510751479494875  738511.6996715415
0.049622295954114895 -1.5410398744211404 0.9186629798330834 -0.018153177030002677 0.11006301925666884 0.6209077910618926 0.7759059923434439  738511.6996728128
0.0718788084693109 -1.6080253248499028 0.8380142853134918 0.02344313708276323 0.06698559283540868 0.5767922162931292 0.81380224188673  738511.6996738769
0.08901760225020668 -1.6851693672716141 0.6980324467460892 0.06159026712947944 0.047434559216812125 0.51076125014797 0.8562006464223844  738511.6996751635
0.09579876538140823 -1.7391227700624992 0.5607295709666505 0.11393059338549764 0.07474538424683545 0.44251600620344633 0.8863478615523213  738511.6996762474
0.11029386420673291 -1.7880591181160241 0.3974505321708645 0.13799108174226737 0.07450811744703065 0.4193054300881246 0.894197941225941  738511.6996775032
0.13406498573849399 -1.8197811485111353 0.2515594535827411 0.15417384346193294 0.07632238393472433 0.4397842950888305 0.8814732517189143  738511.6996785917
0.1547572254973536 -1.8510912348133348 0.1317024751326959 0.15540413758948904 0.09946959529995632 0.4213013685126766 0.8879529889134199  738511.699679656
0.1710143382876709 -1.877476979920393 0.044018463035087566 0.15375753578642834 0.1090161506632556 0.45700171152531827 0.8692660897253393  738511.699680897
0.17566097250884122 -1.8892251798778177 0.008209196168147557 0.13713545001019867 0.12207303019184315 0.4678164377467503 0.8645460220394416  738511.6996819781
0.1805697158116825 -1.8853960594166752 -0.007086377663279034 0.14686631091761312 0.10414429050710942 0.46887473698553866 0.8647200324318639  738511.6996832328
0.18631455466882088 -1.8831926491405178 -0.011341650957991084 0.08763391615504156 0.0726058796945345 0.4732970028452989 0.8735208240624668  738511.6996843375
0.18556157468900716 -1.8846854952791128 -0.018249259104146088 -0.0035190106950714387 0.027784895183075548 0.49613197727948055 0.8677952968783286  738511.6996855984
0.18559513917974318 -1.8845154625984422 -0.01872807367279328 -0.006063130250603257 0.022872988236341832 0.49795878002959093 0.8668777989152484  738511.699686686
0.18550583181657435 -1.884456622626713 -0.01880291097130643 -0.005357842818146286 0.02318026083500897 0.4983937741203431 0.8666242639956705  738511.6996877653
0.18562730049449724 -1.8843882865636883 -0.01891808364600053 -0.0064586403317628965 0.020898601678657033 0.4980756497470693 0.8668576477957477  738511.6996890184
0.1857168573575833 -1.884401556730872 -0.01901263277513349 -0.006978402706942124 0.02009325809360662 0.4975813029929493 0.8671565082421294  738511.6996900855
0.18551419805356797 -1.8842382807270484 -0.01899173291487684 -0.0028200612806694512 0.022478730542558802 0.49796317146192065 0.8669022054390877  738511.6996913597
0.18567430643022315 -1.8844003536532934 -0.018937780620446622 -0.006718536841437458 0.02153547926520947 0.4981243689259532 0.8668120889083452  738511.6996924308
0.1854005549104574 -1.8842967294722217 -0.019028572763559272 -0.004401811301984984 0.02381348925001721 0.49817753310848195 0.866736803933552  738511.6996936763
0.18535321548196484 -1.8841995339556878 -0.01896684356626101 -0.005615856102107739 0.022852373813802177 0.4977046413249037 0.8670272897521529  738511.6996947476
0.18546357900086344 -1.8842700600391333 -0.018884154211686485 -0.00560531396733974 0.022334629715579972 0.4971380122370252 0.8673658637275362  738511.6996960072
0.18534340216019443 -1.884294937173824 -0.019024598822895752 -0.006194637564478206 0.023559990949105155 0.49766263723318277 0.8670285190200127  738511.699697087
0.18544628084392786 -1.8842234478309068 -0.018947709871383202 -0.0054497391427696055 0.021944354554164797 0.4973710158135097 0.8672432290165859  738511.6996983334
0.18549369743469862 -1.8843238070974144 -0.018995798403835102 -0.006719947680064374 0.021828802385986844 0.4971955801485484 0.8673378239015748  738511.6996994027
0.18545950569222067 -1.8842455141184558 -0.01897131193128548 -0.005962437354699941 0.02176588311346021 0.49727367019065455 0.8673001744541498  738511.6997006703
0.1854008447023606 -1.8842695253494748 -0.018984212883554254 -0.006286716974198811 0.022843390395345067 0.4977337039365514 0.8670062379651796  738511.6997017467
0.18550992719363257 -1.8842371978472212 -0.01898886175261371 -0.005531118052470164 0.02103874584035632 0.49771663809413685 0.867066852134727  738511.6997028383
0.18532126135114146 -1.884296273643129 -0.019018363094016943 -0.006079182725275068 0.02422691238183175 0.4979429130113699 0.8668500191126416  738511.6997040957
0.18538613606231252 -1.8842781923062333 -0.01899840137598794 -0.006436578142363222 0.02330137835712222 0.49729085911432674 0.867247033820128  738511.6997051658
0.18544302715001218 -1.8842392369031036 -0.018890658635838498 -0.0047019378490326886 0.02244015762756562 0.49731890658467964 0.867264801695268  738511.6997064361
0.18554954779573848 -1.8842847147050763 -0.018986182662579076 -0.006276598853096909 0.021060111058438902 0.4975032297439677 0.8671837247223707  738511.6997075237
0.1854196336189731 -1.884248148951541 -0.018989403729270563 -0.006024910741802152 0.02263883712417181 0.4976116961758566 0.867083492711749  738511.6997086111
0.18537845756962068 -1.884247396412812 -0.018886109192256872 -0.004896356661407694 0.021983130719614906 0.4980504766334849 0.866855518745983  738511.6997098591
0.18531209631507614 -1.884226335616234 -0.018551930172722216 -0.006769136138947009 0.02168304120939945 0.49890064460637834 0.866361455358665  738511.6997109415
0.1857059188594515 -1.884058819510208 -0.01893099113522114 -0.006366639878214372 0.015666396754062863 0.5005594217174085 0.8655369981920699  738511.6997121864
0.18571463155551665 -1.8844218683913956 -0.019037673742065924 -0.0076899489260057385 0.017531833236791257 0.49946920116833815 0.8661200936320176  738511.6997132659
0.18436763357822875 -1.8847159606708062 -0.01881181740157817 -0.009536152743722551 0.02282377172641318 0.49705178343219825 0.8673682388823677  738511.6997145221
0.1733476277523695 -1.883430699745284 -0.018799689813436812 -0.013450574077280527 0.023677503009787552 0.453576709881273 0.8908011148182812  738511.6997156264
0.16651818543665148 -1.883968655691134 -0.014863743414310132 -0.03600223084226122 0.023586948375038542 0.3851696377133975 0.9218415511488208  738511.6997167127
0.15541984928320726 -1.8841981782205979 0.0008831177697726816 -0.0474144215503398 -0.008192132694586879 0.325574546697429 0.9442912559871158  738511.6997179614
0.13804062212612217 -1.8894093113852914 0.027813536328696733 -0.05783857792599787 -0.01810729946983638 0.3024819001240644 0.9512263267523369  738511.6997190624
0.09308387661313475 -1.8942546893737817 0.07909463892330017 -0.09728336179005406 -0.048463647038635954 0.3620981071155587 0.9257819307255188  738511.6997202964
0.018736365510529377 -1.8970255551301287 0.13291153937102304 -0.10783109916169469 -0.057706020201219496 0.4317775498709433 0.893650164613403  738511.6997213721
-0.07604137634303898 -1.900834557341708 0.17396749274667814 -0.11093157780497562 -0.04779504613037251 0.4523067171092717 0.8836449808995281  738511.6997226332
-0.18865624818590704 -1.9057897275886697 0.19144392105423982 -0.10925729647878343 -0.038486336804230935 0.5081826677539536 0.853423705576552  738511.6997237153
-0.294946413855915 -1.9067097273151568 0.1922316962211201 -0.10381491820577136 -0.026112238244160084 0.5972639540355994 0.7948687834992456  738511.6997248175
-0.41042834015460467 -1.898787259664242 0.1698442234441762 -0.07137597180291996 -0.015761627625002144 0.5616543919169065 0.824136751870859  738511.6997260671
-0.4967088424089257 -1.8937178603380433 0.13008341521493935 -0.06372673755992349 0.008377693810874125 0.5214386155082732 0.8508645529243741  738511.6997271294
-0.5814253413627453 -1.895033030655627 0.06902667638200462 -0.09256844384434977 0.012036191234714147 0.512009100680486 0.8538927884255476  738511.6997283819
-0.6459867366900877 -1.897646108920087 0.030186826004306954 -0.06486706965896988 0.01944600584429886 0.465684315695598 0.8823560699885757  738511.6997294554
-0.7232696345512547 -1.9104612476463076 -0.0010150685849848466 -0.07542674497044416 0.038059560583532194 0.4613695912432315 0.88317629965223  738511.6997306953
-0.7748135038065468 -1.9229494524734432 -0.018117891816134494 -0.09402352656659078 0.009715355276785895 0.509400199304232 0.8553225270461641  738511.6997317591
-0.8299580621989157 -1.9284204735638737 -0.023240156560067456 -0.0650983411379245 0.029982329796135073 0.5475911452333109 0.8336709204135391  738511.6997330319
-0.8451575510909769 -1.9288758934212664 -0.026287032603359097 -0.05544219802283665 0.027429430594407868 0.573266948629081 0.8170304734984893  738511.6997341069
-0.8463138402286597 -1.9287106947871364 -0.02833250116881292 -0.02748962410292142 0.05076652766618101 0.5582550443785467 0.8276583749720084  738511.6997353446
-0.8443261561907208 -1.9284081650348552 -0.030500722119597545 -0.014092869560674673 0.022810060901272904 0.5726180282650866 0.8193837232060633  738511.6997364127
-0.8445696648232194 -1.9283343105026935 -0.03033443195102609 -0.011365266917586768 0.025301399837140862 0.5723142564078033 0.8195651662842659  738511.6997376621
-0.844524178909391 -1.9285962696053056 -0.030386837777181295 -0.014286664276157872 0.025942270821270264 0.5725646555995703 0.8193244808783892  738511.6997387385
-0.844594310776924 -1.928508768193351 -0.030478830050857147 -0.013463833181893902 0.02520736122203034 0.5722614315513902 0.8195731621368685  738511.6997400116
-0.844694005864936 -1.9284540837006154 -0.030325450804577138 -0.013902812799943522 0.026482085266282495 0.5720488368438513 0.8196740444968328  738511.6997410865
-0.8445784086624495 -1.9285129244191408 -0.03047390774944395 -0.015683483226585054 0.02396785213740737 0.5728413517063343 0.8191656463701714  738511.6997423379
-0.8446698191123984 -1.9283795497192535 -0.030363071096219826 -0.012977776152748779 0.024632661653749874 0.5718856220649433 0.8198607470670698  738511.6997433958
-0.8447698620543338 -1.9283703799956575 -0.030477666322469066 -0.014826436639242956 0.025514242450977064 0.5731694072488821 0.8189053857453257  738511.6997446298
-0.8447443776490754 -1.9282433030502266 -0.03049715343982558 -0.012737256425514636 0.024361493649796465 0.5733296603015167 0.8188634688056667  738511.6997457064
-0.8446738520908805 -1.9282501458927073 -0.030510479567769543 -0.012786373731864675 0.023926784381162695 0.5731323371846828 0.8190136395135246  738511.69974695
-0.8446253005744544 -1.9282645797256561 -0.030432414297880815 -0.01358304272962351 0.023901569866553927 0.5734203299599798 0.8187999396047287  738511.6997480313
-0.8447567023365107 -1.928073707346649 -0.030577804674311475 -0.011691431706787265 0.023910602765269455 0.5733072288604276 0.8189080625054465  738511.6997491076
-0.8447090059744744 -1.9282497525856122 -0.030486025821376706 -0.014059518721832325 0.024768989507012923 0.5736491719541424 0.8186057992760855  738511.6997503493
-0.8446916505889657 -1.9282097294476395 -0.03047257773096572 -0.012687356070589795 0.025107271927619745 0.5729088164119611 0.8191362182016715  738511.6997514262
-0.8445669271859925 -1.92838193243242 -0.030569353780360388 -0.015265437381868764 0.02481472520490984 0.573110961255041 0.8189597193536858  738511.6997526621
-0.8445419099260608 -1.9284128957488818 -0.03031561137940281 -0.012494822025634726 0.024690320706783456 0.5735519748552339 0.8187016548325802  738511.6997537483
-0.8446047303739836 -1.928294388971103 -0.030261387648406673 -0.01101216093436692 0.023860530015350535 0.5729959225764694 0.8191367896326491  738511.6997550223
-0.8445095998153754 -1.928508127300789 -0.030289748061538446 -0.014885384758918596 0.026742410241021496 0.572746291820415 0.8191611282409853  738511.699756103
-0.8445766783657755 -1.928460657735374 -0.030222536378720036 -0.011598429479401704 0.024874443727297257 0.572849310187873 0.8192010780633453  738511.6997573592
-0.8445229511207218 -1.928510154179639 -0.03035146330931076 -0.013350197779208452 0.02407951448505843 0.5732715884109024 0.8189027018652831  738511.6997584519
-0.8444662177877547 -1.9284967808668894 -0.030268494681617776 -0.013435433992657824 0.024838236573184794 0.5729663746620968 0.8190922320617728  738511.6997595413
-0.8445660142187037 -1.9284477341826487 -0.03019520746238203 -0.013980772306394723 0.02607532232835132 0.573337962051252 0.8187845851273133  738511.6997607806
-0.8445713321896094 -1.9284291369652478 -0.030305812476006132 -0.012838369688040405 0.024396981678630802 0.5730828475401092 0.8190335850281389  738511.6997618511
-0.8445829181358544 -1.928296909092279 -0.030205168717801947 -0.010800704034106729 0.024546008225463423 0.5729287840251152 0.819166311995352  738511.6997631128
-0.8444331779176802 -1.928569011445341 -0.030265315644328574 -0.013785910523053061 0.025022300617557537 0.5724300210007833 0.8194557365714745  738511.6997641987
-0.84448536201828 -1.9283790315793097 -0.03022025155370841 -0.011806310157256557 0.023827773785489306 0.5730432534267846 0.8190935709300521  738511.6997654495
-0.8444629838081279 -1.9284146260337547 -0.0302706257687554 -0.01204498377112499 0.023944962977371892 0.5726203175592978 0.8193824070800244  738511.6997665185
-0.8445928830805461 -1.9283497365442057 -0.030222368912186295 -0.010728654644625127 0.024956226603299297 0.5720930987283827 0.8197387200264473  738511.6997677782
-0.8444625339051646 -1.9284336912154274 -0.030201272930568606 -0.013884614476403843 0.025098866821110406 0.5725504244261138 0.819367607276865  738511.6997688516
-0.8444701700372902 -1.9284629693533824 -0.030267919084026797 -0.01364031587615509 0.02404400257712265 0.5736743008069362 0.8186168971604135  738511.6997699318
-0.8445159052367871 -1.9284044822783382 -0.03025299291457891 -0.011769644363006794 0.02388583294638061 0.5728603726980632 0.8192203219209483  738511.699771193
-0.8445269448061904 -1.9283834727868285 -0.030314832417361496 -0.012479224862875265 0.023708682021160467 0.5728120957307101 0.8192487231166328  738511.6997722797
-0.8445304700869646 -1.9283784987551018 -0.03027399030134179 -0.011889834765738823 0.02365344659280186 0.5729459097449078 0.8191655087954478  738511.6997735301
-0.844527589552102 -1.9284068001437014 -0.030362028966448303 -0.012765672014037313 0.0239337210555122 0.5734300699652425 0.8188053306336763  738511.6997745953
-0.8444784492968759 -1.9284367727324174 -0.03031666535919364 -0.012034672970956313 0.02349914678846242 0.5728935513126205 0.8192044528755386  738511.6997758757
-0.8445263366101379 -1.928432186609779 -0.0302749107055393 -0.011964508880818922 0.023885984961011388 0.5734090573802557 0.8188335381284585  738511.6997769437
-0.8444826847769559 -1.9284671267645348 -0.03025987447150396 -0.01255918230376121 0.024164851125535455 0.5726991170975424 0.8193131563606415  738511.6997781895
-0.8445217921159873 -1.9283237022612683 -0.03026090093835871 -0.011646872228576742 0.023029311984633222 0.5734067117716583 0.8188643013662399  738511.6997792774
-0.8445833012616111 -1.9283688628555051 -0.0303221428738418 -0.011965826361241418 0.02419925544267903 0.5730974923196441 0.8190424160765107  738511.6997803551
-0.8444911518281243 -1.928394183093626 -0.0302814416648114 -0.01241413349758589 0.023430339739185665 0.5728454780743115 0.8192343783796088  738511.6997816259
-0.844477140076942 -1.9284669137118735 -0.03028771084432369 -0.012989040059532574 0.023679204519804105 0.5729689131832528 0.8191319824284993  738511.6997826959
-0.8444474633526498 -1.9284177743069366 -0.03026056759071329 -0.012787032225095665 0.023678591036370364 0.5728854648080202 0.8191935426656546  738511.6997839449
-0.8444970465588264 -1.9284298745570354 -0.030366442775494978 -0.012772360127741036 0.02335458785086802 0.5729299296570468 0.8191719756841386  738511.6997850109
-0.8445311655113368 -1.928458402628476 -0.03031398058551797 -0.012673958287286916 0.02442912211214144 0.5729244243582712 0.819146014302643  738511.6997862839
