-0.07728273541011248 -1.9831805163308684 0.00450423384046995 -0.027601356319266166 -0.014557527542408834 0.6132225843273504 0.7892935484292738  738547.6960461049
-0.0771021733009726 -1.9832962087455108 0.004668023814808484 -0.0256093144485714 -0.015606037194961902 0.6108219275536322 0.7911998403919259  738547.6960472361
-0.07666674880925564 -1.9830860977313673 0.003977789012965213 -0.0307629290713567 -0.008028549144774211 0.5936639094862817 0.8040847885434997  738547.6960484353
-0.07497415749770656 -1.9831883155591206 0.005758967925101724 -0.023140977492089022 -0.024186650604786718 0.5837615683275789 0.8112348195417638  738547.696050207
-0.07226214008824704 -1.9824837142561489 0.01140148236937059 -0.049565632172291395 -0.009217472852965836 0.5670623217114918 0.8221305307533219  738547.6960507695
-0.07047604431211647 -1.9832797605130055 0.020633130754109517 -0.03204240970857002 -0.025536358459787467 0.5614307451485577 0.8265087396867722  738547.6960518613
-0.06907050694363188 -1.982502989355104 0.0354805139294919 -0.05083937979733881 -0.024550912333232713 0.5485844431469635 0.8341868609026181  738547.6960530896
-0.06936460220433525 -1.981300066284687 0.05607014513262013 -0.04205693762486261 -0.012629628070852295 0.5402778973584006 0.8403401097879334  738547.6960541682
-0.07297209682250255 -1.9804175113026161 0.08988120833366321 -0.050111838655830215 -0.09089127245790522 0.5328260099145351 0.8398357121342667  738547.6960554289
-0.07060131771733892 -1.9800387715179961 0.11515087666737929 -0.035080741352613 -0.0019027137390017694 0.5294259836545014 0.8476283673273578  738547.6960564958
-0.07043873388632699 -1.981667258944695 0.14742401250380383 -0.03653290638930799 -0.006201293097669243 0.5229849589226053 0.8515360376727386  738547.6960575817
-0.069189965112801 -1.9831888653605454 0.19428318611384338 -0.04295686084017335 -0.010722505501180625 0.516675229481812 0.855035930954046  738547.6960588308
-0.06838343062835783 -1.984454160584722 0.23822793833840356 -0.03651451282934467 -0.008311201729740519 0.5208157259827917 0.8528473449848225  738547.696059894
-0.06661134890479227 -1.9857211033212216 0.2939106575590882 -0.036845317030809566 -0.012980769824428664 0.5305352282306685 0.8467622416203364  738547.6960611563
-0.0647112328567027 -1.986962417221519 0.3367511865915532 -0.03809268478097042 -0.009064821443052321 0.5390965326327031 0.841333290011622  738547.6960622345
-0.0613563254431342 -1.9888168189637327 0.38228775092184514 -0.04119946851400779 -0.013150765881068237 0.5779425191958837 0.8149307367233245  738547.69606349
-0.0577163148265352 -1.9899919748658086 0.4127680868345635 -0.04035666298519094 -0.011643217954313227 0.6086897896002021 0.7922957246286451  738547.6960645578
-0.05647645315327517 -1.9908835618955807 0.4486423515169573 -0.05730607732061321 -0.016709280796674872 0.6390302335410237 0.7668619002518553  738547.6960658182
-0.04724075060782154 -1.9901988036217777 0.4612854487142654 -0.042729988962636564 -0.01691159707855442 0.6552458330179849 0.7540166074033601  738547.6960668924
-0.04583536808821875 -1.989232759975011 0.4813623240810129 -0.04104821214527117 -0.006330344551390519 0.6704046721154615 0.7408323336783419  738547.696068177
-0.03795146700009576 -1.987485936038746 0.4853367176589494 -0.04562792521735637 -0.021729333299363385 0.6725638119510553 0.7383114839744741  738547.6960692578
-0.03540808925773849 -1.985517834263414 0.4938303360046781 -0.044788031213180535 -0.02335088353704726 0.6746496181329917 0.7364079448587549  738547.6960703383
-0.03845382617118907 -1.983196090858838 0.5105070924757311 -0.042540782939422095 -0.01089827966841024 0.6787614187289327 0.7330446410228074  738547.6960715894
-0.034480199974666906 -1.9809482378747398 0.512909779060383 -0.03994420511794082 -0.018599710670846634 0.6755297152385509 0.736015023671514  738547.6960726521
-0.03474991704223908 -1.9793185866997878 0.5185994370383613 -0.03454894815875624 -0.032789514257910414 0.6776574916260442 0.7338334565682814  738547.696073912
-0.04020894169224504 -1.9777067894633602 0.526848437833235 -0.04109955049788846 -0.019725722276809972 0.6754234770557851 0.7360195985647413  738547.6960750176
-0.03857934210264216 -1.967688578225609 0.5308717516849625 -0.11045706192555994 0.08873604310861494 0.6694943287037044 0.7291793304515531  738547.6960762698
-0.032966493929423885 -1.9437659606593964 0.5309650310727214 -0.1330935019631745 0.07560689440217384 0.6659458433638572 0.7301272840816443  738547.6960773653
-0.02176635786510515 -1.8869931097292096 0.5273987243933608 -0.12887667257662488 0.07767899512728685 0.669089847122864 0.7277881240159768  738547.6960786151
-0.0033287178526832262 -1.8120157137535349 0.5201321344304682 -0.11047993647197854 0.0377080917978029 0.6735242300000579 0.729888618251405  738547.6960797305
0.005179689698893074 -1.73040833833048 0.522917222239476 -0.08613004408620169 0.0222852125208064 0.677379324211846 0.7302343705543546  738547.6960807958
0.02595950184785265 -1.6228662571608716 0.5250736418149563 -0.05022969446530469 -0.02178584328463641 0.6826757162047188 0.7286674284820708  738547.6960820293
0.04036051081373924 -1.5339630963826314 0.5298771637188606 -0.03563035475564667 -0.022107107737551836 0.6791191397985054 0.7328294123237722  738547.6960831214
0.05576373632303448 -1.4306948106418889 0.53881349600827 -0.03895901791879253 -0.024550848422818947 0.6778022430935884 0.733800769979034  738547.6960843839
0.06973070037181488 -1.3410640038910646 0.54750653457989 -0.04788083267326709 -0.0003015952948585209 0.6788179828635502 0.732743803142581  738547.6960854322
0.08389440917399746 -1.2540219825600143 0.5552739133765021 -0.04348719348120125 -0.024437036223553827 0.6811174585766009 0.7304729309740983  738547.6960867692
0.09654327489173586 -1.1700417391703926 0.5615757588834532 -0.04835680023586926 -0.028374442013713894 0.6923846178417856 0.7193469621034367  738547.696087795
0.11014616043639541 -1.094345781517925 0.5635758028392711 -0.06642768202364238 0.008223538366094437 0.6870233304542658 0.7235459072437878  738547.6960888924
0.1250911325763032 -1.0034046399702743 0.5647251669852072 -0.06164850937787462 -0.023121935463961844 0.688877980441903 0.7218808526718046  738547.6960901435
0.13284953379012418 -0.9290407856625906 0.5661510216019134 -0.09379356323582601 -0.0008162561664441865 0.6842263071051538 0.7232125979866789  738547.6960912487
0.14872359622121387 -0.8346733324888517 0.5622961594851318 -0.05189061421295016 0.014530288985487532 0.6871609332058806 0.7245040281007584  738547.6960925022
0.15845249457836377 -0.7465701003642564 0.5618665251842319 -0.07439760449871174 0.0009703226180297896 0.6904371409989135 0.7195558416468569  738547.6960935603
0.1696672489390385 -0.6456321990532249 0.5640362931039961 -0.05484111362220635 -0.021073845287074795 0.68945939848092 0.721937728026331  738547.6960948805
0.1801830987807084 -0.5632288728927113 0.5646836470100017 -0.04885201853299555 -0.011768100190026488 0.6895272480846439 0.7225144747698742  738547.6960958887
0.19168189692850307 -0.48196061290034925 0.5633168402024993 -0.05510908810681593 -0.007739732494812542 0.688217122727206 0.7233673181268488  738547.6960969334
0.20505132392239267 -0.383446386510943 0.5612003699155437 -0.04608645310649077 -0.021865846262763607 0.693634926644884 0.7185182754430279  738547.6960982053
0.21652101645586597 -0.29928798099573944 0.5592106811113917 -0.016375677438594863 -0.05980588010627219 0.7115908048563219 0.6998525704297108  738547.6960993013
0.22682911147389698 -0.22453910386291526 0.5565881526851755 -0.020430810430097653 -0.05172098969663261 0.7422809384015832 0.6677773054661528  738547.696100543
0.23549582162233737 -0.16023253632399886 0.5527499298494053 -0.035729687290326585 -0.061482441842284206 0.7861363545656402 0.6139486385859095  738547.6961016137
0.24164504712841411 -0.10230817175660642 0.546287434023615 -0.06625510674676187 -0.06385401599008506 0.8337766288850242 0.544379884452978  738547.6961028781
0.2393967209843458 -0.04817711819930031 0.543262175262682 -0.07750053213758366 -0.06085360820647305 0.8730001884122591 0.4776621995917246  738547.6961039571
0.229102454292228 0.010055679271463244 0.5381857676337566 -0.08196045019188436 -0.0394460407434551 0.9190673625578862 0.38346013815636737  738547.6961052053
0.2109597969662182 0.056739910499802516 0.5357096498570084 -0.0767936618411875 -0.062403457212935776 0.9491181924837229 0.2989702305001712  738547.6961062811
0.17916027850505664 0.11090506777951996 0.531248463783131 -0.08591566144264967 -0.04379843633065581 0.9773030779292768 0.18862367286166248  738547.6961075253
0.1434990274830913 0.1518692460208682 0.5284373219874181 -0.07104423511585883 -0.06693395441656133 0.9903496037319147 0.09838813338509794  738547.6961086097
0.10094776179303219 0.18777373163316227 0.5263000030753223 -0.05888841939222651 -0.07291974608835781 0.995364170256312 0.0215646298799304  738547.696109688
0.04249663394816721 0.22280377121674488 0.5244139879896412 -0.06351330288743723 -0.05499836008602582 0.9963826580058387 -0.012760860840733733  738547.6961109483
-0.009349787124002466 0.243518838057325 0.5261107305546169 -0.048884429086516204 -0.0585772635548188 0.9956269072476472 -0.053908054609675  738547.6961120245
-0.07391389844822104 0.26063862491849443 0.5301355429083463 -0.04138856270895046 -0.044383632128735334 0.9960036459337916 -0.06552722611664993  738547.6961132977
-0.13211618272257789 0.2705286107934602 0.5344019839635423 -0.032994277419491846 -0.029499288980171567 0.9985292185178245 -0.03131404434774897  738547.6961143784
-0.19353904691443188 0.2786380084025373 0.538737470254562 -0.02393515349287149 -0.015408609215091688 0.9986429590211283 0.04361104890798174  738547.6961156344
-0.24038070582609947 0.2859860256871912 0.5410406277855151 -0.025650215196957843 0.007700754382850628 0.9919265543672829 0.12395352186740997  738547.6961167154
-0.28512810707717895 0.2966659890432059 0.5432979826089458 -0.0534490508010865 0.014142100827386653 0.9761307133320803 0.2100286419573647  738547.6961178074
-0.33655509972216546 0.3174976191200252 0.5433963036568289 -0.03935183281931785 0.004804060158236972 0.9497342971290956 0.31053682409089467  738547.6961190752
-0.3751042055168666 0.3420907463738037 0.5398086979991712 -0.04558207175659037 0.0231822449234945 0.9151953543018752 0.399752825779818  738547.6961201481
-0.4190528976130315 0.38666072991552797 0.5370323952716878 -0.05140740747547662 0.01103929763413352 0.8578934483890754 0.511130358690908  738547.6961214074
-0.44196465495620735 0.42578106679062866 0.541231630356428 -0.03598852902123592 0.019874449958204553 0.8227441343545844 0.566923205913175  738547.6961224822
-0.46892884669410795 0.47019207155322185 0.5321488563729577 -0.029483429205143137 0.014758167075743771 0.7739676849407826 0.6323661491369342  738547.6961236111
-0.4880720522046241 0.5289189822808672 0.5257828200485782 -0.030262377243143714 0.01527286011956845 0.715576563984644 0.6977113366882414  738547.6961248033
-0.4974022040229938 0.5773793306625674 0.524927764457441 -0.032380543021247474 -0.02919945712370632 0.6471215665484101 0.761138995351875  738547.696125887
-0.49016158384672226 0.6394786542865856 0.5293244067249269 -0.028799855024869467 0.024504892184962525 0.6317188754763694 0.7742747193189387  738547.6961271338
-0.4887320848181773 0.6914035928012844 0.5224415484886249 -0.03220979618994055 0.006731044427775194 0.5994042463195008 0.7997698241147043  738547.696128225
-0.4625911009012806 0.7486328346196742 0.5306092381859979 -0.025606859045219324 0.004478874547669542 0.6162454046627704 0.7871250406921654  738547.696129462
-0.44847947013078976 0.7978379180899474 0.5246211130521856 -0.02030432732848562 0.002857665375292031 0.6253281804390648 0.7800924527189768  738547.6961305387
-0.424532276288395 0.855534218275838 0.5267849844888057 -0.05694997291781625 -0.03807547153104119 0.6656149010988011 0.7431445098280564  738547.6961317961
-0.4037918773150039 0.9061358474718727 0.5297168365940553 -0.05589425616849924 -0.03190261662861732 0.7385662776110984 0.6711020106923414  738547.6961328808
-0.3865983168264474 0.9639941695575528 0.5323205263784428 -0.07840791885704337 -0.05490563937113611 0.8013459513010265 0.5904932136436515  738547.6961341463
-0.3782729659624728 1.0126317324097507 0.5310024614225451 -0.08251099953911552 -0.043223614246072926 0.8541521381483659 0.511612919132363  738547.6961352244
-0.3761129864635143 1.062958455571828 0.5249987734113089 -0.08362728792672007 -0.0503220690387462 0.8984136882226705 0.42816703620879004  738547.6961362923
-0.38735675108793555 1.1216633819214479 0.5211631042279291 -0.09105312060653478 -0.04799170873453579 0.9431875388873987 0.3159167479069182  738547.6961375229
-0.4070810190722974 1.167181718459821 0.5181477677899368 -0.08327814153256875 -0.0636014378294266 0.9696215536841382 0.221028620047425  738547.6961385965
-0.4451371158044856 1.2173404748061902 0.5169942288009445 -0.07499368342192997 -0.09209483512807 0.9871269826057296 0.1071205349186261  738547.6961398592
-0.48374687954803886 1.2523698474414182 0.5170099182025458 -0.06331484272266133 -0.06823253015919237 0.995604645381635 0.010341306183870176  738547.6961409608
-0.5399798145551042 1.2865424370375285 0.515426708270975 -0.02385694101850413 -0.09408653353013871 0.99001557122132 -0.10221418352090486  738547.6961422152
-0.5851296775838569 1.3036020116234412 0.5194921023592642 0.08049493781472163 -0.05897183863280859 0.987793798307256 -0.11960894306110333  738547.6961432968
-0.6179794441722578 1.3172287615916316 0.521906491895007 0.10052887038391785 -0.06114733819374886 0.9874519442190421 -0.10532619384173446  738547.6961445404
-0.6299609804326398 1.3291093394376727 0.5198758635284039 0.10230058566222568 -0.057949626111702006 0.988140242866236 -0.09876887887860063  738547.6961456316
-0.6242275835905543 1.3367572257781122 0.5150147644339055 0.07558839412772955 -0.0637208311699713 0.9925202515981333 -0.07162122950478593  738547.6961467158
-0.6006223908660615 1.3414309514099232 0.5051303497171218 0.03100551041850608 -0.04714183852249116 0.9971137930916005 -0.050797529574657545  738547.6961479804
-0.5747637757952265 1.343072875420875 0.49400860102558575 0.00595083197387818 -0.057412424204550144 0.996503803360116 -0.0604034025084576  738547.696149056
-0.543858053586041 1.3474516950677715 0.47391423427724244 -0.01716169530442459 -0.03768144432138235 0.9975726446741047 -0.05598574431089783  738547.6961502988
-0.5205726063966667 1.3458835450159135 0.4513826645849992 -0.02090520862546623 0.011605462516287737 0.9952113670506944 -0.09477668692878508  738547.6961513711
-0.4996183802035695 1.34919720168318 0.4274098023496203 -0.03421846621553811 -0.04353665979161013 0.9948713218959901 -0.08464460226719052  738547.6961526349
-0.48032723073495476 1.3433559095770564 0.4108717667247839 -0.04119022832840831 -0.041158662074124004 0.9946910047469465 -0.08484771477200684  738547.6961537192
-0.4812065586122817 1.345408396815691 0.3785485815785195 -0.03870856394603229 -0.030943231775849123 0.9944162655151083 -0.09316895600728667  738547.6961548433
-0.4819697130486006 1.3453809942625592 0.3435885813072256 -0.03303661091751526 -0.05298684898338184 0.9949620313868994 -0.07843170451004988  738547.6961560583
-0.4851772462181436 1.3447916679207803 0.316498499384557 -0.0019353105388653284 -0.05035383269975971 0.9943139050273782 -0.09381153646950274  738547.696157129
-0.49074887837025294 1.3432930276416863 0.2874072554833516 -0.0028871182834238457 -0.05145210182824422 0.9941471340185508 -0.09495168080752998  738547.6961583565
-0.49532828460455586 1.3418280810451495 0.26469570805203363 -0.00037641942212029647 -0.039255487300131446 0.9949508095802564 -0.09236748097052441  738547.6961594716
-0.499884273356546 1.3400479693994756 0.23606186768512882 0.0084953904997593 -0.03457794964741953 0.9957945893885439 -0.08441166674659681  738547.696160703
-0.49345423503736047 1.3349562136895 0.21824953771702033 0.004726197669250503 -0.04223670372502394 0.9953871816687823 -0.08601210661014218  738547.6961618004
-0.500867352076399 1.3377278251397255 0.18010185860934053 -0.014038467262518978 -0.03914935115402823 0.9971750836271891 -0.06254680115118769  738547.696163064
-0.502153341853 1.339409079020226 0.14841854550493147 -0.01144998123339488 -0.04791403277596566 0.9953021349163043 -0.08334748720834703  738547.6961641462
-0.5029789989518995 1.3396530367435735 0.11874736926969878 -0.007740111302700012 -0.04988734071186265 0.9965945838755776 -0.06519646695630658  738547.6961652568
-0.4940130136923484 1.335411609837587 0.10241247175426725 -0.005759950353111158 -0.03598124654771457 0.9963981303557512 -0.07656982886467703  738547.6961664977
-0.49464741690811515 1.3353944190545628 0.07079758156774404 -0.009454842901939762 -0.03781795177511192 0.99679502664181 -0.06985759322642202  738547.6961675755
