-0.2528787148934491 -1.3424376575815122 0.006955447374687969 -0.03468294421483877 -0.00639815559856131 0.7291058189589811 0.6834916691121264  738546.6694819443
-0.2521642749671801 -1.3422480046387057 0.007244564335392441 -0.03689195864473325 -0.006630854231917673 0.7196017818443313 0.6933745674063722  738546.6694830228
-0.2517140169920894 -1.3415381148474925 0.00740946426717309 -0.03611660936801799 -0.015565242563792424 0.6978907321920328 0.7151236534139791  738546.6694842873
-0.2512078210137563 -1.340610861513351 0.009057061137798032 -0.032803635151207954 -0.027470046838899684 0.687297741335983 0.7251145652943343  738546.6694853855
-0.2489404368472901 -1.339166100908718 0.015324721990946233 -0.03408087656591126 -0.019065843422278746 0.6788307507044022 0.7332556166611981  738546.6694866385
-0.2463956178978833 -1.3387491369202187 0.02758768525576973 -0.04180065294749142 -0.024847136061750062 0.6723337009408749 0.7386492535851089  738546.6694877147
-0.24277867183280727 -1.3389675104567094 0.048091338894760305 -0.03471642280524112 -0.020456773325825982 0.6635502752207596 0.7470457299705003  738546.6694889714
-0.2387074601170804 -1.3395922463055405 0.06934834611643548 -0.03839302901076032 -0.018406989284196738 0.6600395635664281 0.7500232880357179  738546.6694900598
-0.23346538235765657 -1.3403456455124296 0.09251753626464378 -0.04238347663616406 -0.015382369545633462 0.6585616751004906 0.751174775737464  738546.6694911461
-0.22588502680896635 -1.3402193664905409 0.1257714347170965 -0.045610682881492885 -0.015506359819953318 0.6554124711824265 0.7537331829173789  738546.6694923962
-0.21843688449134677 -1.3386641219834068 0.16130353870816416 -0.05086096213913395 -0.020261587122217616 0.6538589884927921 0.754633059032503  738546.6694934956
-0.21038557716284662 -1.3353317984941881 0.2081545032425498 -0.0467581738573057 -0.02495906867678261 0.652624954436726 0.7558249710844297  738546.6694947483
-0.2043106705389759 -1.3320976984149362 0.25122455073930416 -0.04795858057070887 -0.030672527571522598 0.6548429522195098 0.753617859747534  738546.6694958323
-0.19922389136179788 -1.3288554161782158 0.29430748749963853 -0.05256663732463165 -0.03096641341795576 0.6610249158002112 0.7478795963066066  738546.669496922
-0.19469536381013372 -1.3250396087551246 0.3449619241943038 -0.05141317833302628 -0.03315190347825276 0.6679942488449127 0.7416477060569836  738546.6694981938
-0.1924519945445729 -1.3219433045093163 0.3860478232317947 -0.050049912299422517 -0.03506662927230845 0.6709472196756465 0.7389825209027737  738546.6694992733
-0.19220066424295196 -1.3194837962534036 0.4222572462707901 -0.04774606380582626 -0.035881720266982046 0.6724237525567176 0.7377527448537717  738546.669500544
-0.1935074252249469 -1.3183947872746002 0.4429204181537603 -0.04682332187921577 -0.03220615755999583 0.6719853482778458 0.7383806820626595  738546.6695016327
-0.1955389744322351 -1.3179787482365772 0.45755618169058143 -0.04805919670274695 -0.029517643350210055 0.6721973702704838 0.7382206429955632  738546.6695027299
-0.1992414248541526 -1.3179570205942082 0.4725556042208457 -0.04457982783755714 -0.026972480883331266 0.6721990720846532 0.7385347193690377  738546.6695040017
-0.20211203495691796 -1.3179339993277097 0.4818911696896041 -0.04255243834081644 -0.02236647612985554 0.6720500261478504 0.7389437008943627  738546.6695050704
-0.20456679740267755 -1.3180731307468843 0.4898695231269418 -0.04391579773712131 -0.021885017963955918 0.6721038350934988 0.7388294008432803  738546.6695061625
-0.20645816828037714 -1.318172421225642 0.4976455133556929 -0.041121450481495375 -0.023121291356237375 0.6736685660541728 0.7375263353310393  738546.6695074078
-0.20724045266113128 -1.3183572834791408 0.5034286258110933 -0.0413178391098335 -0.023248550033776204 0.6757644778785707 0.7355914025667536  738546.6695084897
-0.2072075497747429 -1.3190031531973934 0.5102675360444827 -0.03620414058637217 -0.024190532215292847 0.678108400675757 0.73367095846061  738546.6695097564
-0.20603745868195872 -1.3196571515259685 0.5155358643510901 -0.04655443361187694 -0.010468656094762475 0.6803847244268122 0.7313000196344164  738546.6695108835
-0.2015965923218738 -1.3110738710485847 0.5204914719987558 -0.10717256671726162 0.0569609640413687 0.679006971932352 0.7240297104304285  738546.6695121403
-0.1954280117009765 -1.2906501964378052 0.522675966148607 -0.09742465797518839 0.045084409776497324 0.6800266538886389 0.7252858622740028  738546.6695132314
-0.18710462396920688 -1.256478444075005 0.5239816408101053 -0.09363662778503819 0.039052606336701524 0.6776280774515453 0.7283730256706926  738546.6695143038
-0.17441488107681397 -1.201060410105003 0.5253608811995396 -0.07220484789767063 0.015312809967478549 0.675244623794325 0.7338914605224908  738546.6695155558
-0.1624304897295002 -1.1486937669944082 0.5269636044847743 -0.0584828510491211 -0.0002908394707619479 0.6741601769079151 0.7362660710755707  738546.6695166155
-0.1465781980720894 -1.0819015605670808 0.5304959796990242 -0.04697759467940873 -0.01653285096118531 0.6727869664433147 0.7381581593542368  738546.6695179292
-0.13133308786149067 -1.0220689120896567 0.5345008046385333 -0.04295688731638761 -0.01901283757489475 0.6727341924195229 0.7383914437404393  738546.6695189807
-0.11432298666109597 -0.958800942724179 0.53892478129346 -0.04570826286131988 -0.026180800388216338 0.6728667860423543 0.7378859048919865  738546.6695202588
-0.10106940683991406 -0.9094397498755227 0.541904309564834 -0.043356150680788255 -0.029909375026172653 0.6735254638991194 0.7372849672705696  738546.6695213711
-0.08878892950692698 -0.862125398084733 0.5444342636088461 -0.047851161169680696 -0.017836654736158235 0.6751285963888685 0.7359303625075763  738546.6695224134
-0.07450418888842024 -0.8061294116169283 0.5476007808121138 -0.047626537218045314 -0.017220023389448145 0.6771845502496198 0.7340682997176117  738546.6695236835
-0.06140984472711258 -0.7560998642364666 0.5505812431191937 -0.05067592488292124 -0.01176510045834255 0.6788645267538008 0.7324182461980339  738546.6695247593
-0.04645999455083901 -0.7014461046766448 0.5539054904632542 -0.050126913973169894 -0.01482301123786793 0.680847978658348 0.7305570482790583  738546.6695260354
-0.033934186009550546 -0.6569443007803433 0.5560817138205985 -0.05207467676623966 -0.013574160302839354 0.6833581356770382 0.7280972659032358  738546.6695271297
-0.020036189220323727 -0.6070055376168024 0.5574467979668921 -0.06049865438327175 -0.006565498091881747 0.6855917419352545 0.7254383298687783  738546.6695282202
-0.005149016416856413 -0.5503371758203625 0.5583791907710923 -0.05915465089289056 -0.01592697483399543 0.6879092749927354 0.7232066704126467  738546.6695294899
0.006400449181603082 -0.50310093775438 0.5585260039992057 -0.05184962479624402 -0.01848157858082227 0.6883517936967269 0.7232854593977045  738546.6695305638
0.017282065290259222 -0.4556779300531111 0.5579586201352603 -0.05577716242700998 -0.012026605729955104 0.6834161890156834 0.7277957003840343  738546.6695316327
0.029062940289182805 -0.3979689149546402 0.5561065816211729 -0.04902497616582835 -0.03193549255429249 0.5943256661025219 0.8020933104315534  738546.6695328937
0.03851441936912371 -0.353472621115017 0.5525962656975811 -0.00935722362790512 -0.00023320348067554884 0.5538815606921648 0.8325428545770638  738546.6695339722
0.056616520174444476 -0.30710134463549926 0.5412561526750995 0.037263383529516324 0.0032315512206802246 0.5839301638001119 0.8109417741915969  738546.6695352362
0.08289862735653127 -0.2726064723914974 0.5218088511048169 -0.03145144709528185 0.010149646743408354 0.6255987024663847 0.7794447091481042  738546.669536316
0.11669110556252525 -0.2353250637092822 0.5046968156282288 -0.0962922023439746 -0.006699492656896706 0.636280960556458 0.7653949750287354  738546.6695375871
0.14091858170768257 -0.198001432877079 0.5018732497138872 -0.09841738105453854 -0.007891291546265016 0.6379376683748885 0.7637324648674484  738546.6695386736
0.16197477515779812 -0.14844227388850578 0.5068270897184832 -0.10107598434389944 -0.005381024851813123 0.6465283957326924 0.756145305792324  738546.6695397819
0.17951028835907007 -0.08533362633876185 0.5167140670996508 -0.08236233667015434 -0.014079762935614864 0.6651029043330053 0.7420622160046354  738546.6695410454
0.19016034276644625 -0.02982198731812867 0.5257024425044181 -0.06901706076880698 -0.021015283308572764 0.6780483573918473 0.7314679953548978  738546.6695421331
0.19864657497014462 0.026878815018696142 0.5348885447131344 -0.0636502699176471 -0.01802002450178935 0.6788879313970485 0.7312558365304185  738546.6695432083
0.20673928703933864 0.09600844711997351 0.5447717346654655 -0.05416815409142024 -0.01823072817063013 0.6760267087737322 0.7346572947009049  738546.669544462
0.21292794246754704 0.15222222927553275 0.5516056686449073 -0.050447060757934876 -0.016441921655309284 0.6812864628602242 0.7300914413938642  738546.6695455449
0.22091940538014562 0.21864771428321533 0.5578178552583608 -0.0392850451877038 -0.018642099209486816 0.6935890544444269 0.7190572862551006  738546.6695467943
0.22900897681228025 0.2767849596693793 0.5620254787704416 -0.04970418600919202 -0.011137273201583711 0.6932996309088839 0.7188470468885592  738546.6695478802
0.23833196452874594 0.33878967545895666 0.5651277190522801 -0.042853546075045955 -0.02078824652794212 0.7009472627238778 0.7116209365069233  738546.6695491407
0.24616048222309816 0.38778369889714903 0.5656672757406997 -0.04652129842104049 -0.01842648536092294 0.7070318553005318 0.7054092351399662  738546.669550243
0.2539896464088513 0.4360600403673256 0.5650972761067871 -0.053201245964372576 -0.01594417631481729 0.7117950967795585 0.7001879396776692  738546.6695513315
0.26324867439822097 0.49541244143458235 0.5639821414466812 -0.060083749687730566 -0.010210368125000056 0.7211047433391836 0.6901403049670004  738546.6695525787
0.270948493058299 0.5506330374604482 0.5628438236973292 -0.06000018938012988 -0.016289850173069387 0.7308151890658906 0.6797380212157285  738546.6695536659
0.2776876432970619 0.6123344563365211 0.5616801720385579 -0.059207455221530904 -0.01828733172346795 0.7461285931371603 0.6629118895055272  738546.6695549209
0.2814799431156252 0.6634892868184384 0.5605701831623634 -0.06234874421988546 -0.019074529862022148 0.7499547596050089 0.6582679203413603  738546.6695560028
0.28355340658977546 0.7266639369005946 0.5587487247470714 -0.05834259252781214 -0.020898491732694827 0.7610581005679256 0.6457166270899128  738546.6695572684
0.28346925276130386 0.7787077479405421 0.556511696186419 -0.05616612070703027 -0.01996626195193883 0.7690642930875489 0.6363857543708364  738546.669558375
0.28214880030658585 0.8369313942095788 0.5537272227766995 -0.05526131066274406 -0.01721665704171657 0.7713366522831859 0.6337898256588781  738546.6695594568
0.27930569592212634 0.8957548079564402 0.5508750003473576 -0.05597771917555806 -0.022873013006177514 0.7795502125744005 0.623413816262624  738546.6695607059
0.27551632617536126 0.9543048695821208 0.5484118276020883 -0.048784653956453324 -0.022743100986585364 0.7889650391043317 0.612075956043826  738546.6695617944
0.2714126111114126 1.0065062055512723 0.5464299866568322 -0.053319805471026174 -0.01905496670938675 0.7933626518843714 0.6061102285749961  738546.6695628727
0.2652996430902622 1.0689915547977507 0.5446288835357317 -0.04884506547856665 -0.02740511647904476 0.810975244583712 0.5823935712570607  738546.6695641351
0.2593181320202414 1.1190823363509568 0.5428862007078369 -0.0546998595997514 -0.023960001184253756 0.809139721344811 0.5845739944994642  738546.669565222
0.25068834586128064 1.179850258975006 0.541466005150516 -0.05854552079842036 -0.01889521629936712 0.8168481022221143 0.5735630485758059  738546.669566484
0.24144478692924884 1.235996503137535 0.5397441925312543 -0.0615827583559599 -0.019259451871447755 0.8307461929750947 0.5528990868542556  738546.6695675695
