-0.16435687897828077 -2.199073793072561 -0.023808752758420246 -0.00836962099916301 0.022153110264691404 0.5410120461664834 0.8406813635692693  738511.6573092059
-0.16440556597897507 -2.199088054191732 -0.023879028256412183 -0.009113926622643258 0.02225700266235065 0.540945840766997 0.8407134824248341  738511.6573102936
-0.1643959776527925 -2.199046039230034 -0.02381522204921035 -0.008034133240776713 0.022477734352966693 0.5409024556689389 0.8407465358910131  738511.6573115283
-0.1643595619561541 -2.1991284778063003 -0.023846527285003714 -0.008441441660828346 0.022767435575347883 0.5408735657358132 0.8407533359007481  738511.6573126172
-0.16426221514553946 -2.199135379946545 -0.023858036596588306 -0.009417862177173782 0.021445010605706447 0.5414625564135657 0.8403985455688386  738511.6573138714
-0.1642972295390759 -2.199104252530403 -0.02381863042885378 -0.009176916442120256 0.022070083377980033 0.5409248787193017 0.8407312122235098  738511.6573149451
-0.16442273591878312 -2.199007526239023 -0.02380863260668997 -0.007184272632321013 0.022732995797358393 0.5405899956089703 0.8409483062449887  738511.6573161987
-0.1644008284970792 -2.198894480856634 -0.02380576777155404 -0.006452472986323457 0.022154095982442633 0.5402111945748357 0.8412130686571568  738511.6573172803
-0.16440923844496644 -2.1989965644000375 -0.023795003483730818 -0.0075248912957706325 0.022683930296537414 0.5404576135764793 0.841031737358648  738511.6573185417
-0.16440943124935828 -2.198982262977932 -0.023868792206136788 -0.006707219291922653 0.021941243347459647 0.5404847069901569 0.8410409482061513  738511.657319628
-0.1643639709962732 -2.198786125248048 -0.023785980938407558 -0.005416717839736992 0.02155169761965172 0.5399448716066997 0.8414069878026806  738511.6573208608
-0.16443292721091085 -2.19895593602987 -0.023789812540986523 -0.0066353887776856 0.02269890813107687 0.5404935090966161 0.8410157536038503  738511.6573219475
-0.16435856688741884 -2.1990889128116464 -0.02380025841083251 -0.008967169076772604 0.022772287604337763 0.5409451759827641 0.8407016886964068  738511.6573230212
-0.16444689856241285 -2.198879826823254 -0.023811742358205067 -0.0072525892294008605 0.022391754294924175 0.540099321851913 0.8412720914330685  738511.6573242733
-0.16432668915415952 -2.199043719649072 -0.02381657708188209 -0.008692185965383176 0.021954454651202576 0.5411205750262896 0.8406134492781621  738511.6573253718
-0.1644265086365214 -2.1989197440499013 -0.02380594936450677 -0.007311872524824787 0.022676826111436146 0.5402670006652621 0.8411562673307822  738511.657326607
-0.16438696003073522 -2.199029416360831 -0.023800806388004976 -0.007780903975176196 0.02262187491951418 0.5406682797312579 0.8408956651100642  738511.6573277022
-0.16439334341611211 -2.1990726775322655 -0.0238350988049142 -0.008546077091077336 0.022703601414670975 0.5405777757102319 0.8409442189927555  738511.657328956
-0.16438251747576052 -2.199042814880532 -0.023794642132770525 -0.007837532130119288 0.02285793195833734 0.5405272017555196 0.8409794481430836  738511.6573300225
-0.16433454684157556 -2.199041819716778 -0.023831316156642534 -0.008556603027511666 0.021802419864535575 0.540987297899353 0.8407045750703613  738511.6573312619
-0.16440330249074608 -2.1989803977173854 -0.023797013221914957 -0.0068302846041446786 0.022628296275581015 0.5405030640061349 0.8410099554820211  738511.6573323274
-0.1643692041519101 -2.1990122653916258 -0.02383070250271872 -0.008360609026945395 0.02162471991553181 0.5408487453653321 0.8408002773203751  738511.6573335762
-0.16434350544925233 -2.1991029452084923 -0.023840875890356186 -0.008550989251644719 0.022272438194392834 0.5408956256326901 0.8407512957177741  738511.657334651
-0.1643376339243295 -2.199083136401904 -0.023888693845825978 -0.00858268046316504 0.021903082672888374 0.5406198132835535 0.8409380536345991  738511.6573357412
-0.1644200628899302 -2.198999481581538 -0.023804049652547687 -0.007089198215880104 0.022895815118381804 0.5405147749698727 0.8409930457251052  738511.657336985
-0.16439513023032862 -2.198978628635549 -0.02378806176220585 -0.0071958979792975065 0.022507874062487956 0.540557889298673 0.8409749003236793  738511.657338055
-0.16436854600560133 -2.198901551088081 -0.023767890629270375 -0.007457050198375156 0.022159161788848962 0.5404269014889197 0.841066066428934  738511.6573393266
-0.16445648978719188 -2.1989217394200806 -0.023748069083579612 -0.006770820278729543 0.022936488896589877 0.5402711565776988 0.8411510868090497  738511.6573404031
-0.1642861106302038 -2.1991070730900124 -0.023859259551113458 -0.009283251351748475 0.02150204815416755 0.5409126521441052 0.8407526306351627  738511.6573416671
-0.1642051258585286 -2.199040698045282 -0.023891409626626222 -0.008986509004947218 0.0203091210823425 0.5415420089089218 0.8403802917986928  738511.6573427365
-0.16441334558451842 -2.1988598747267942 -0.02385270422826606 -0.006945492434359158 0.0217249759206835 0.5401324037299039 0.8412709266324648  738511.6573440054
-0.16438481036190694 -2.198938017214426 -0.02381668439239438 -0.007990819070309404 0.022158289946418136 0.5402330330461191 0.8411857268184161  738511.6573450676
-0.16442184401629265 -2.1989181019258006 -0.023783292380039917 -0.006620952962734709 0.02226882851172706 0.5403508700092998 0.8411190162746135  738511.6573463173
-0.16432326808224965 -2.199102481110894 -0.023839529268028938 -0.00886294642187033 0.02220072671006822 0.5408559739465155 0.840775470241987  738511.6573473938
-0.16437460629809092 -2.1989514274696385 -0.023788453643685745 -0.007476166866302676 0.021781751010745417 0.5408181013878258 0.8408242643163675  738511.6573486406
-0.164368150606805 -2.199122527582594 -0.023840092858311436 -0.009150013060718071 0.022865572763778694 0.5408879484941644 0.8407340066970928  738511.6573497218
-0.1642427874255751 -2.199235869699693 -0.02394389473584843 -0.010461531482832645 0.021365910648583487 0.5417123256750307 0.8402272373786392  738511.6573508134
-0.16437800988966964 -2.199001891632705 -0.023799457838135103 -0.00822891798908385 0.02209683876257076 0.5409958280514211 0.8406946702914126  738511.657352082
-0.16433899621554213 -2.199077722548362 -0.023842787953553497 -0.0076917612961989795 0.02218785467787401 0.5404541905343133 0.841045660976178  738511.6573531377
-0.1644059640058953 -2.1989609708202877 -0.02381840044382943 -0.007492897498434497 0.022018425410705478 0.5406213558118379 0.8409444661032508  738511.6573544034
-0.16450904298859753 -2.1991162045100414 -0.023810514458748936 -0.008067512931816699 0.02463283361293261 0.5406261872812638 0.8408635230339205  738511.6573554922
-0.1643995870533632 -2.199051940379058 -0.023812292846815245 -0.007642874110325994 0.02256286296695119 0.5409857966619669 0.8406942794500778  738511.6573565627
-0.16438170667587357 -2.198991333464651 -0.023871145614413416 -0.007883047278217722 0.021156837426990403 0.5412748498806402 0.8405425525708902  738511.6573578347
-0.16437488748607812 -2.1989469139894737 -0.023839554173791182 -0.007206458031478536 0.02189259356578193 0.5406295733038569 0.8409449719089198  738511.6573589013
-0.16442332779946697 -2.1988892392166797 -0.023859324281860553 -0.007062444576366254 0.021689471708830108 0.5403255079494046 0.8411468564720525  738511.6573601669
-0.16448289712913805 -2.1989699517357555 -0.023800894220841168 -0.006563677703791125 0.02300712283450024 0.540504811375392 0.8410006773564044  738511.6573612344
-0.16438742440823606 -2.1989660968503446 -0.023914593809107428 -0.007703852418391935 0.021547459672148585 0.5406458567451493 0.8409390080284637  738511.6573624949
-0.16445213951388504 -2.19895255747447 -0.02379366039372414 -0.0067658934629820375 0.02250955776791848 0.5409730691628761 0.8407114135868731  738511.6573635848
-0.16431137832563483 -2.199015872404815 -0.023800740556857054 -0.008276211359454352 0.021553107437548586 0.5409970583734521 0.8407075298322186  738511.657364836
-0.16437637108773034 -2.199091749892394 -0.023809096494155784 -0.00847417086938299 0.02304363983875823 0.5407938348042682 0.8407967693377228  738511.6573659262
-0.1643613319888281 -2.1988379120681665 -0.023825083945254885 -0.005838958364487517 0.02185024927655458 0.5398298289458369 0.8414702781156793  738511.6573670028
-0.16436767048543197 -2.198981061814704 -0.023901582241352363 -0.008578486616976367 0.021156259854411295 0.5408437257206236 0.8408132293113435  738511.657368264
-0.16429380274198968 -2.199118707607858 -0.023835923089535967 -0.009489969892730977 0.022115761895965355 0.5411807131030784 0.8405618771467331  738511.6573693271
-0.16436657814019326 -2.199025431558531 -0.02383079224478191 -0.008088920175595014 0.022074291209273622 0.5409633875786666 0.8407174961527888  738511.657370609
-0.1642781262342238 -2.1991141048293428 -0.023850280871550084 -0.010090616441664904 0.021889366087470365 0.5411832676993816 0.8405591626258889  738511.6573717013
-0.16440666904337425 -2.1988940341883185 -0.023850164559277878 -0.006896638666576881 0.021643045551526314 0.5402282417428935 0.8412119006396303  738511.6573727776
-0.16441745145607337 -2.199031227491682 -0.02382074180039668 -0.007841529142634541 0.022874020975295836 0.5408499046618614 0.8407714732389429  738511.6573740443
-0.16440788760608888 -2.198947253812975 -0.023766059943630805 -0.00645985904399061 0.022606467728917043 0.5404706744613549 0.8410342846074954  738511.6573751282
-0.16443781823159606 -2.1990032131714328 -0.023807628307444435 -0.007625984761444938 0.022876370052246478 0.5403900644080413 0.841069018772374  738511.657376384
-0.16441567916327232 -2.198841453265156 -0.02378981130799514 -0.006195467510434509 0.02216318048945448 0.5403516883467676 0.8411245225968131  738511.6573774453
-0.16435231548254292 -2.1989938352887424 -0.023875675422360774 -0.008719103008916549 0.021534516081571673 0.5408053584479642 0.840826858594456  738511.6573787035
-0.16440915226411892 -2.199060552495414 -0.023849235696671987 -0.007894034583246789 0.0225916239094661 0.541004845004553 0.8406789282649658  738511.6573797761
-0.16443887934558135 -2.198928790025944 -0.02380754626952497 -0.007772869834383425 0.022585679220419538 0.5400185451256079 0.8413141152441888  738511.6573810242
-0.16430356841005014 -2.199110917516543 -0.023825034955256914 -0.009123425414002427 0.022009601260873507 0.5412621811845617 0.8405162650302392  738511.6573821156
-0.1644135946393799 -2.1989134494309113 -0.023847043271140712 -0.007195970832121402 0.02239889420915299 0.5397392710912823 0.8415034324254665  738511.657383361
-0.16435955028690805 -2.1988897806601626 -0.02382928936232858 -0.008097186435787957 0.021191091385085823 0.5408545106821732 0.8408101875527437  738511.6573844451
-0.164443849320919 -2.198958892772448 -0.023858739588784088 -0.007902700787816413 0.0224967449793294 0.5403649405666389 0.8410928455242063  738511.6573855274
-0.1643546867419069 -2.199048434477712 -0.023881463390502865 -0.008093423919351148 0.02190304096158232 0.5407046700720266 0.8408883475516816  738511.6573868133
-0.1642961660429781 -2.1990800216029838 -0.023839542106247384 -0.009579004404388329 0.020937004224010746 0.5416485480376024 0.8402896732303102  738511.6573878938
-0.1643396874413205 -2.199121544945773 -0.023888292840060957 -0.00881844929584511 0.02236203890964168 0.5407511310547171 0.8408390978248245  738511.6573889805
-0.1644014568491781 -2.1990480949390467 -0.02384093808943177 -0.008141698323418845 0.02240178239921743 0.5408540747769578 0.8407786526137004  738511.6573902544
-0.16437265037825827 -2.1991184518119327 -0.023890733849604776 -0.00833528825842688 0.02250618966485667 0.5411558280647636 0.8405797785742639  738511.6573913195
-0.16430371914299835 -2.199108033630758 -0.023856789005698195 -0.009585305464859398 0.0223036438305759 0.540402951429102 0.8410560739200091  738511.6573925879
-0.16440599644673104 -2.198983971654214 -0.023788593208564128 -0.0065641179721401405 0.02290125483467665 0.540332751596898 0.8411141197447407  738511.6573936677
-0.16441210174316634 -2.199004192393982 -0.02385073566844754 -0.008046804419271695 0.022202882164863554 0.5407878272096448 0.8408274537050289  738511.6573949361
-0.16439230588514542 -2.1989474119689323 -0.023829197433566342 -0.006915980423698883 0.02209695592480594 0.5402804317174444 0.8411664216175346  738511.6573960226
-0.16442858736327812 -2.198861693331941 -0.023841437652959943 -0.006811977601434496 0.02214206713676171 0.5402814910230608 0.8411654036406675  738511.6573970935
-0.16440528454190564 -2.1989692741754627 -0.023792778037814297 -0.007109465072319744 0.022408341440288058 0.5406596050384972 0.840912904657728  738511.6573983369
-0.16424525508100504 -2.1992685134535384 -0.023956638270835173 -0.01023712658603534 0.021780652371934044 0.5416489414418233 0.8402602148480355  738511.6573993854
-0.16436830163280833 -2.1989904929817086 -0.0238173946159858 -0.007499985868839256 0.02221168216136905 0.5407415140555978 0.8408620614371832  738511.6574006344
-0.16422091227850744 -2.199225965330884 -0.02390421450010577 -0.01015331487882967 0.02171864966556963 0.5416132222311764 0.8402858608580999  738511.6574017036
-0.16436967767181107 -2.1990296280155825 -0.02380693824460118 -0.008367217002216706 0.022792290372393127 0.5404830884369525 0.8410044781645766  738511.6574029763
-0.16427661653752776 -2.198919743156268 -0.023858977910767732 -0.006823991383720988 0.02075468041203667 0.5404666313936829 0.8410817420040421  738511.6574040562
-0.16426169295240234 -2.199027391524676 -0.0238280432611757 -0.008978262399537314 0.021008615090137864 0.5416391975746737 0.8403005465587554  738511.6574053259
-0.16425530438363722 -2.1990842743115966 -0.023823625710385276 -0.008860141947449003 0.021605879547021967 0.5408922839549413 0.8407676379426589  738511.6574064371
-0.1643418277589248 -2.1989703242590175 -0.023814888134650953 -0.0075941131486192285 0.0217675346794784 0.5409030817129064 0.8407689100299467  738511.6574075106
-0.1643690525692601 -2.199060727386034 -0.023856146701437753 -0.008316359195001117 0.022040853071081203 0.5407778301607126 0.8408355233767841  738511.6574087627
-0.1643551237768645 -2.1991544653724553 -0.02387409557159869 -0.009445868900534381 0.02255944223445507 0.5410915727677228 0.8406079686789415  738511.6574098355
-0.16422939843774526 -2.1992095071408437 -0.023942736312729272 -0.010045147968998322 0.021610568567829527 0.5414642777391803 0.8403859317366302  738511.6574111164
-0.1644279479606784 -2.198865673265309 -0.023800876618360965 -0.007070993283443914 0.022161991170563725 0.5401534509099012 0.8412449682889439  738511.6574122023
-0.1644135688033046 -2.198903157188552 -0.023812557449983084 -0.006485485383345898 0.022604555722143208 0.5401404506225564 0.8412462577279074  738511.6574132857
-0.16434256232852623 -2.1990805405892235 -0.02387518098516281 -0.008909334107514743 0.022239961269055787 0.5407885521565986 0.8408173105644777  738511.6574145483
-0.16437764394005083 -2.1990000140565082 -0.02379161025490527 -0.007526665684741057 0.02224169241616527 0.541161241762943 0.8405909628563255  738511.6574156331
-0.16433427907628453 -2.1990258822855226 -0.02382540826563126 -0.008091027887895568 0.022002598688318723 0.5409102172479886 0.8407535654372283  738511.6574168922
-0.1643486549817622 -2.1989757635856955 -0.023842783087071048 -0.007891758389803232 0.0218951055008715 0.540624725029481 0.8409418714699731  738511.6574179771
-0.1644601997423438 -2.1991727281266 -0.023888747613327016 -0.008826306130491075 0.023538182841238743 0.5405709230544067 0.8409227832665316  738511.6574190606
-0.1643188400935114 -2.1991453504255367 -0.023891607163549104 -0.009079478893871307 0.022039659434965622 0.541050814266114 0.8406520284023477  738511.6574203116
-0.16439140138967157 -2.1989875364421656 -0.023902381224082142 -0.008390185371150386 0.021976120090993763 0.5406307768700251 0.8409310423786822  738511.6574213887
-0.16437723471944687 -2.199073935967113 -0.02382376876706833 -0.00813454681240769 0.023047441232689064 0.5407867872627569 0.8408045523918197  738511.6574226466
-0.16423832338307662 -2.1991854223517375 -0.023917089945357215 -0.0104994501521173 0.021686865774618577 0.5411100060644997 0.8406065683399423  738511.6574237274
-0.1643228225309395 -2.1991731024279626 -0.023868109044741046 -0.009330641429379446 0.022244887685897163 0.5415999859147833 0.8402901637883575  738511.6574250174
-0.16420105954975953 -2.199214092303937 -0.02388372931544069 -0.010582314029533031 0.021273907811655425 0.5417990995644651 0.8401721080750875  738511.6574260844
-0.16437751910847834 -2.198959162765134 -0.023827124023003448 -0.0075135242376195045 0.021959325450963563 0.540706765920763 0.840890913416704  738511.6574271686
-0.16425945669668887 -2.199056372572036 -0.023832110052837183 -0.00957046179821611 0.021765516299974755 0.5408493668778059 0.8407833436201272  738511.6574284307
-0.16430198496171494 -2.1989963392751863 -0.023852141116276097 -0.008686754513215284 0.021172298463466254 0.5408949650906448 0.8407787525939218  738511.6574294907
-0.16438231014521607 -2.199040679067519 -0.023829175417749482 -0.007375527139410459 0.022517810006160606 0.5409641072829873 0.840711831999207  738511.6574307473
-0.16435553970552316 -2.1991098611029933 -0.02383785082375445 -0.00882707299096042 0.02286380242662059 0.5406720096873362 0.840876392379799  738511.65743183
-0.16420722433170706 -2.198604590385599 -0.02372039985136328 -0.005916579278426189 0.017616692775127268 0.5417182131756701 0.8403547011465268  738511.6574330921
-0.1643153428799 -2.1990056004822764 -0.023789162040847498 -0.008339944710922054 0.02156628851830465 0.5407681400705715 0.840853827491068  738511.6574341761
-0.16424971503916644 -2.1990892099237307 -0.02388517631176444 -0.009552214294643297 0.021282790365465144 0.5413121088093589 0.8404980659660638  738511.6574354402
-0.1643997167853045 -2.198945529028997 -0.02374584349160993 -0.006639184684609214 0.022165587854231027 0.5409012468778852 0.840767773566369  738511.6574365062
-0.16445963067199937 -2.1989599906238193 -0.023792502702209818 -0.006859355588532033 0.02269294230526254 0.540231543241199 0.8411824173731121  738511.6574377613
-0.16425116354215907 -2.199191231622073 -0.02386478763196238 -0.009968702429617659 0.02197917492855363 0.541459718012785 0.8403802202639262  738511.6574388578
-0.16441856003066005 -2.1989761857165413 -0.02378028181581105 -0.00663574650081874 0.022663877557002884 0.5405931865765786 0.8409526277677232  738511.6574399308
-0.16433410189443254 -2.1991977796315445 -0.023891662208953633 -0.009305117461005917 0.022658822894984793 0.5409214458204051 0.8407163504926102  738511.6574411861
-0.16435338120822457 -2.1990009454378017 -0.023816438385464198 -0.008332282345860066 0.022552623941988637 0.5402179715928838 0.8411816066654753  738511.657442255
-0.16430932257013942 -2.199023403086522 -0.02376388799708882 -0.008551362741908467 0.02183855949463448 0.5411796100906552 0.8405799076450627  738511.657443523
-0.16442769209641245 -2.198914272284344 -0.023748500779811308 -0.007056208591227114 0.022878721072009944 0.5404034715940624 0.8410653137132167  738511.6574446062
-0.16438187093312442 -2.199116114403551 -0.023843410149968148 -0.008453432135371974 0.023130812030000947 0.540537597240262 0.84095933967683  738511.6574458429
-0.16435145685918073 -2.1989588573994965 -0.023870355795382263 -0.006182792220624613 0.02187983268748562 0.5403251351954322 0.8411490915871943  738511.6574469117
-0.164496464971996 -2.1989668604525785 -0.023773060340906264 -0.00693541055280256 0.023299541924974288 0.5401515913091626 0.8412165534704664  738511.6574481651
-0.16433867898203686 -2.199019104806191 -0.023840210291899786 -0.008770131549512259 0.021987344062509667 0.5405531701886918 0.8409767604949832  738511.6574492482
-0.16432338752491113 -2.1988752399527343 -0.02379426038869404 -0.0065944391244389475 0.02168620574661429 0.5401050793500274 0.8412922946950425  738511.6574504868
-0.16438247622631402 -2.1989169965588724 -0.02383131881349268 -0.007064941452321945 0.022239699143498326 0.539929879800183 0.8413864791421609  738511.6574515853
-0.16443487799623396 -2.1989496098562875 -0.02377048872808213 -0.006485755228551295 0.02264139965376356 0.5405587210595575 0.8409765579891567  738511.6574526667
-0.16434962445778445 -2.1990084388277724 -0.023840105133704846 -0.008056964234195167 0.02204704418152543 0.5404664430160651 0.841038071161912  738511.657453924
-0.16447528073957277 -2.1989534453947357 -0.023758641692998177 -0.006626848421931612 0.02341470706323221 0.5401335253147063 0.8412274432067961  738511.6574550113
-0.16439267244899258 -2.1991093899822234 -0.02389525245600939 -0.009675901350304697 0.02287906757926062 0.5410311893718326 0.8406355793842317  738511.6574562702
-0.16431755769441284 -2.1990528595484027 -0.023902340320424938 -0.006561832209599789 0.021396645634434674 0.5410499068417649 0.8406926455133082  738511.6574573453
-0.1642696218723959 -2.1990895642480366 -0.02383746883041981 -0.00931777548314468 0.021502141384471124 0.541166464882356 0.8405888972991862  738511.6574584211
-0.1644720428420858 -2.1988725394840705 -0.023798408311133907 -0.006389296312988253 0.023003715422434932 0.5399144588004499 0.8413812353194038  738511.6574596901
-0.1644027771189657 -2.1990303478400683 -0.023786256402593253 -0.00723010622254073 0.02274982333714373 0.5406542997816773 0.8409061179642611  738511.6574607627
-0.1643863206279353 -2.1990033306970656 -0.023812068234935615 -0.007450501530431557 0.02242317695608784 0.5403895725131277 0.8410831118749325  738511.6574620078
-0.1643848877869921 -2.198985738802321 -0.023816646191491275 -0.007952887757149009 0.022396868893106242 0.5404123561441195 0.8410645737200376  738511.6574630857
-0.16426067839608294 -2.199057885006571 -0.023845457008497998 -0.009230343224608922 0.021553935223407962 0.5408335172540711 0.8408027921307893  738511.6574643429
-0.1643571902002723 -2.1991566103281275 -0.023880732664620187 -0.009340329493702452 0.022703345803289976 0.5406810250445911 0.8408693985935126  738511.6574654254
-0.16410767045680222 -2.1991308096228566 -0.023978610387451475 -0.008873568179631357 0.019499295059825963 0.5416161115251289 0.8403529169440245  738511.6574666776
-0.1640956833270221 -2.1993029911488367 -0.023982440375101916 -0.0099397719546584 0.020064983756956 0.5416935134277195 0.8402777724482873  738511.6574677667
-0.16413633209712888 -2.1992265097494577 -0.023939242686934877 -0.008710860291760504 0.020564914684794433 0.5414994045583664 0.8404044264875805  738511.6574688517
-0.16414281651859217 -2.1991950396901423 -0.02398357956504252 -0.00860261259141105 0.020116206744635812 0.5415750925021977 0.8403676293528001  738511.6574701145
-0.16412624369506665 -2.199199611070905 -0.02395085537500196 -0.008569155060793072 0.019924787468777575 0.5417221883501215 0.8402777178260908  738511.657471213
-0.16411015087366237 -2.1991852793785327 -0.023917238409335125 -0.00884744925031873 0.0196716222898247 0.5418912583778496 0.8401717764909271  738511.6574724584
-0.16425691742481371 -2.1990225176903113 -0.023835037489943305 -0.006616872711076995 0.02095158467347976 0.5408119647445565 0.8408565079038921  738511.6574735512
-0.16408591740662015 -2.1991416266112114 -0.02392807500830498 -0.009376761071093427 0.0194081592775993 0.5418136767669368 0.8402221964299469  738511.6574747915
-0.16411310400070647 -2.199396865302158 -0.024009684694452166 -0.010573827919471035 0.021095850406458144 0.5414126874657517 0.8404257618075912  738511.6574758834
-0.16426635864433642 -2.1990001688765557 -0.02390615840018149 -0.007186948246058152 0.02090347447029006 0.540230856003176 0.8412264943236477  738511.6574769623
-0.16411347092727308 -2.1992501028978397 -0.02394538570189561 -0.009330247365036693 0.020221237083862253 0.5417801696114113 0.8402251459405009  738511.6574782223
-0.1641386488850403 -2.199231368174699 -0.02393144880734063 -0.00917130827987595 0.020161154435011864 0.5418248232898704 0.8401995452410005  738511.6574792812
-0.1641444711336345 -2.1991821212030187 -0.023923596790119555 -0.008466335473928789 0.02010223713903289 0.5417491165048995 0.8402571725322014  738511.6574805378
-0.16415582354564648 -2.199201526878213 -0.023937995847751022 -0.008495420796843211 0.020444426194677963 0.5416801061825326 0.8402931130439755  738511.6574816357
-0.16415446922588253 -2.1991930899013905 -0.02398043454418943 -0.00896341798418424 0.020646544559357768 0.5412467416234061 0.8405625152347951  738511.6574828767
-0.1641509217177417 -2.198807011069321 -0.023943108647795804 -0.009265784810824613 0.019174147138901726 0.541568906751103 0.8403865875617902  738511.6574839771
-0.16415429360043557 -2.1988582678272866 -0.023992127291402533 -0.009063486735495487 0.019641082967979086 0.5413414599150753 0.8405245414888582  738511.6574850761
-0.1640606135539693 -2.1989299982017667 -0.02399998289048686 -0.010715792645611961 0.018923763613595695 0.5414107261585254 0.8404769411228196  738511.6574863355
-0.16416465554185608 -2.198936133610794 -0.0239777447485388 -0.01004964113123878 0.02012105135052308 0.5409956322548086 0.840724612395107  738511.6574874271
-0.1641218789756653 -2.198809578577725 -0.02397993812675953 -0.009173222450828297 0.018707001324905752 0.5413306144402841 0.8405516438393313  738511.6574886792
-0.16415971722214626 -2.1988645347848776 -0.023967041809134 -0.009634094665697259 0.019649938405068085 0.5412409484027305 0.840582714497962  738511.6574897523
-0.16408531913686925 -2.198919921497312 -0.023993947415721334 -0.010539994836739957 0.01863225600758566 0.5420000048437967 0.8401057923227488  738511.6574908315
-0.16415221575715783 -2.198949078149459 -0.024035542103768945 -0.010096462652214757 0.019470257951101536 0.5423305335059188 0.8398788977730156  738511.6574920943
