-1.890451152139828 0.105820766038689 -0.048834974037965814 0.02223952809037314 0.01747194551040222 0.06404336621955473 0.9975462805071588  738512.6111913786
-1.891196459822613 0.1057865432181208 -0.048748305621164126 0.033743166572013504 0.01923221449932257 0.07426727936090544 0.9964817569085119  738512.6111924849
-1.8877715400163342 0.10478265794504962 -0.04769947528991415 0.019406559641345703 0.022060651956076847 0.059927792705834176 0.9977702003665806  738512.6111937363
-1.8808794272532847 0.10006074462665705 -0.03708544807290299 -0.009265952473859898 0.01622221962215898 0.03428221113391015 0.9992375652041173  738512.6111948123
-1.8738044395814921 0.09609313178375198 -0.0188114759860953 0.0023169351423458517 0.009433373250761686 0.004158306129334073 0.9999441743271436  738512.6111960644
-1.8666038122642055 0.09268801031541091 0.004037917471174167 0.028104725152066693 -0.0005321816362369165 -0.01557296286098525 0.9994835286459519  738512.6111971356
-1.8531223035732576 0.0780580141020996 0.042640755937834104 0.005477251984913558 -0.0005435655343216068 -0.038280955193772684 0.999251856498979  738512.6111984005
-1.850503818489059 0.06954255258796563 0.0683476762013205 -0.010194718435754715 -0.008579301048854328 -0.046908211863190684 0.9988103338318677  738512.6111994752
-1.849308673167676 0.06244565226646408 0.09875961551722855 -0.025521369737371905 -0.011031486671568641 -0.050496018786159946 0.9983371765467273  738512.6112007457
-1.8527565221404725 0.060526211630379904 0.1275677183515682 0.001728326876748044 0.005299974361702117 -0.05632378912553922 0.9983969921511755  738512.6112018258
-1.8557999694955667 0.057984466055194334 0.1660216669320571 -0.004463354444397773 0.0030876137617882214 -0.05784743803532896 0.9983106826139398  738512.6112029004
-1.8608705215003725 0.056406721089282436 0.21786875863248126 -0.019273129810191084 0.009185138929072627 -0.05539362823600538 0.9982363075149212  738512.6112041775
-1.8645527814235061 0.05713111838501185 0.26471187292194764 -0.005967471041209744 0.0072626675195832015 -0.03179310996704775 0.9994502694524103  738512.6112052567
-1.8689270004234606 0.05625593695776278 0.30907744381661023 -0.019890134352167257 0.028813743705668655 0.03668504722364277 0.998713351287203  738512.6112063533
-1.870751938800952 0.05630895786173035 0.35646769039206194 -0.012693079667067423 0.02940088447705219 0.13504998317974606 0.9903211477918075  738512.6112076055
-1.8681497282102193 0.05880790187111091 0.3956272416545907 0.003055389277544195 0.01010637251063792 0.21738580518849407 0.9760286561026725  738512.6112086771
-1.867848188860596 0.06075066223326075 0.42493438216615315 0.003982025278565452 0.011226029201574722 0.2741916862262581 0.9616012889693147  738512.6112099336
-1.8622831537686757 0.05623983579915851 0.4582393759842099 0.02545366188937427 0.0145578611613273 0.3078147848399586 0.9509943417333033  738512.6112110129
-1.8570553216575614 0.04941299408196713 0.4844214247945575 -0.0023344318035320617 0.015474259959989106 0.32854291231414423 0.9443593873494275  738512.6112123057
-1.8520526011731828 0.0447287770394992 0.4991529039678084 -0.0158022984039629 0.003738811281057911 0.34294024420829333 0.9392168533186108  738512.6112133908
-1.846849841014048 0.040264497671626015 0.5108337502493687 -0.02335801520034848 0.00735726184706543 0.35260619119422076 0.9354513069933243  738512.611214499
-1.8415460522615612 0.040172258256198475 0.5208089989022049 -0.01370192080010301 -0.0031568971396459707 0.3548711675942502 0.93480947030779  738512.6112157691
-1.8393066544549121 0.04009019536875719 0.5275464787198282 -0.004602569733919624 0.015104238920541607 0.3601869273073775 0.9327465120360117  738512.6112168538
-1.835969325413352 0.043279785795588874 0.533455180081722 -0.0037689148068802344 0.03259341207157295 0.3582520341092235 0.9330482006988251  738512.6112179507
-1.8280461772908414 0.048593332946376286 0.5390362834750058 -0.023266379140273064 0.10343061647459019 0.3486625210327637 0.9312331768168834  738512.6112192317
-1.8078962576179733 0.06187995908820618 0.5428581511842279 -0.008341322537643187 0.09422882427003071 0.34947463984061755 0.9321581556384525  738512.6112203783
-1.7720469286596776 0.08290771759040694 0.5450229857202217 0.00127812770820454 0.08299716424061403 0.3485439165371599 0.933609648280541  738512.611221585
-1.7263507078837872 0.10715300781263826 0.5468413935761206 -0.006770215841941459 0.06791250036022696 0.35168303490242403 0.933627923443861  738512.611222601
-1.6721054680888965 0.13593137634008426 0.5485998176237304 -0.0036819602924302373 0.023610367638234184 0.3498997674593109 0.9364823257490302  738512.6112238741
-1.6211041567430604 0.16190751036439163 0.5515424718000933 -0.005874044177019607 0.007670351586880402 0.3526942197371103 0.9356887563049858  738512.6112249586
-1.5657297166165558 0.19405597822703366 0.552486637790294 -0.020586282535375915 -0.007924937955798177 0.33834111577814446 0.9407649492321505  738512.6112262164
-1.5229143629647157 0.2189699390319313 0.5538130431544662 -0.012831683885275058 0.00216190583507764 0.3545717739560843 0.9349382499210652  738512.6112272978
-1.4808913668596835 0.24178138807230817 0.5568154858494269 -0.007292319074964611 0.022752165956898548 0.3553139035133962 0.9344416466515455  738512.6112283985
-1.4294613296213852 0.2686237671848966 0.5604610404586932 -0.0132289029228695 0.024881249396637033 0.3555598383268994 0.9342286234776094  738512.6112296495
-1.3804987660242511 0.2933419676369691 0.5626877576433191 -0.017765395648147806 0.02461048235895242 0.35610752240455484 0.9339518977776179  738512.6112307286
-1.3323114398170528 0.3190268075256607 0.5638124725981997 -0.023354385921031527 0.011960412552563984 0.35967637481426323 0.9327081143585563  738512.6112319896
-1.2833739997501068 0.3457582856565452 0.563558770972923 -0.0203726256788763 0.02644466408963953 0.3595918816909182 0.93251236693468  738512.6112330434
-1.2300218051392946 0.37711311876999204 0.5618609855566911 -0.022666765871634135 0.02584790156754321 0.3624976715568074 0.9313503861734144  738512.6112342913
-1.1857582648121243 0.4049443687249362 0.5600263773556919 -0.018657835389240797 0.05049941575909272 0.3585058271726758 0.9319738548209461  738512.611235364
-1.1271379749375103 0.44308687704393357 0.5576200401791482 -0.022231013108011514 0.05540277307666919 0.3477007953485983 0.9357031963745549  738512.6112366121
-1.076210989481573 0.4798796414569752 0.5552657862923844 -0.01888685294078928 0.054718139099839185 0.33014352243504724 0.9421541628808011  738512.61123769
-1.0110498514254354 0.5207061570620495 0.5552761566327334 -0.008149303230624735 0.03862641590404447 0.3166489410292136 0.9477209700098129  738512.6112387762
-0.944158057015434 0.5617894913444957 0.5554610176289483 -0.003623618805063193 0.03593494977655043 0.29760774302702403 0.9540048113409456  738512.6112400285
-0.8749701609716011 0.5998095984578202 0.5574817377311162 0.0012363155037966942 0.0032081148019582934 0.272510452733099 0.9621466793969587  738512.6112410944
-0.796760982837197 0.6374094657044526 0.559907333116676 -0.02029576822111197 0.03345989485083368 0.2597019801726632 0.9648955377258637  738512.6112423581
-0.7335907746677272 0.6699444027634424 0.5573463954620482 -4.147047311877716e-05 0.00468405398790864 0.23311947880475517 0.9724368187806536  738512.6112434319
-0.6570876562253655 0.7004572415583719 0.5576265688468769 0.010437653274304699 0.029001606862212283 0.21519279247992554 0.9760850497053148  738512.6112446788
-0.5920306818696663 0.7214705176949778 0.5586552442963119 0.007864392123851201 0.02379604280992919 0.19773903669106468 0.9799342697607836  738512.611245735
-0.511153448987519 0.7426457099556465 0.5597091781420402 -0.006669768313089101 0.027649480945355024 0.18271405557520723 0.982754595150469  738512.611247005
-0.4437615549657206 0.7589358680176079 0.5589416539503236 0.0018295989700053534 0.025656075988249327 0.17803318995568537 0.9836882644449394  738512.6112480715
-0.3624001699530191 0.7731218221015244 0.5589890579165596 -0.007516566526450405 0.029498409100410284 0.17957480030897066 0.9832732256001847  738512.6112493229
-0.2944630369766483 0.787579338861294 0.5561666725219264 -0.012956923583483222 0.028949913654293342 0.17988260045187607 0.9831766223244588  738512.611250413
-0.2105117540977111 0.8058732606983376 0.5522251925109114 -0.01396832852774842 0.02671229356896213 0.19087927512597094 0.9811505702479159  738512.6112516745
-0.14178642646573497 0.8215380792022348 0.5493001702445397 -0.016801592873558296 0.023856481533490945 0.20291876201266887 0.9787607219279896  738512.6112527585
-0.06534798382455152 0.8401848783050497 0.5456662024690708 -0.02443056302546917 0.03108805918243303 0.21887122848314666 0.9749523401217141  738512.611253839
0.02016622855382241 0.8625784656205112 0.5432435913209995 -0.02366185448735882 0.020413478874117413 0.24471801671199464 0.9690905524351288  738512.6112551098
0.08916579952104427 0.8825366736718471 0.5426362981177785 -0.022582338916840562 0.013165875253997154 0.27260712220759925 0.9617702712288067  738512.611256172
0.17036578053993695 0.9085064933866979 0.5434512206942762 -0.033706392690260115 0.029722658571185705 0.3192925416529227 0.9465900461678685  738512.6112574661
0.23648445463409132 0.93363249884359 0.5440866868851436 -0.04032558109066597 0.01917342976523903 0.3713721898239928 0.9274097927702024  738512.6112585207
0.3141871652355845 0.9694146052213367 0.543622834513252 -0.04857886330192704 0.032216799740638215 0.4405717908289716 0.895822900455507  738512.6112597571
0.37639020161626435 1.0048908805608667 0.5419624337579911 -0.06293109562901687 0.01979189012953185 0.5010784986583693 0.8628837097027078  738512.6112608423
0.446605426220497 1.0570025877314568 0.5395414447110031 -0.07595860761080711 0.014603885171426636 0.5746226416704918 0.81475507739894  738512.6112620899
0.4970578117871244 1.1072030908744666 0.5376725689673246 -0.07909322476625553 0.01168339755121282 0.632122967420263 0.7707323232339072  738512.6112631673
0.5443447991078503 1.1701679342726508 0.5352796035264186 -0.08139246494234689 0.016288078341053405 0.6908773170200008 0.7181911291444708  738512.6112642577
0.5855094225397671 1.2486308729132665 0.5339146112340584 -0.08574519949837218 0.0035324508105678627 0.7533568691148395 0.6519882746735114  738512.6112655267
0.6092060701753141 1.317280702765115 0.5325819272618546 -0.08313273832898109 -0.01608872136140032 0.801212604544292 0.5923583908262232  738512.6112666191
0.6228634325138193 1.4014831334012394 0.5328281255888407 -0.08305241599920953 -0.00892380532211118 0.8515875906712386 0.5175144802901871  738512.6112678535
0.6238631424277968 1.471084880144632 0.5324689975210551 -0.07771926805244066 -0.025004312598951507 0.888526927481759 0.451502379688825  738512.6112689379
0.6112551149313808 1.5526686916856212 0.5329243021519918 -0.0761638635057619 -0.018851373601047737 0.9252296299790472 0.3712059043415996  738512.6112701788
0.591653587175343 1.6167624701104617 0.5323719928849692 -0.07645745410797121 -0.028725068431607544 0.9500051233581186 0.30136256195528444  738512.6112712653
0.5557698641121986 1.6887870132796068 0.5320297664971894 -0.07320981876888852 -0.031216521703521547 0.973054758434661 0.2164030690545388  738512.6112724962
0.5180221616718803 1.7408732637854463 0.531591955363875 -0.06737606217662033 -0.023765577011288543 0.9863914468284304 0.14807963134276267  738512.611273596
0.4686388368625344 1.791445932183985 0.5305797937829949 -0.0648961740637836 -0.0338776160788248 0.9948140435774278 0.07061028552432498  738512.6112746866
0.40598727060965845 1.836376976715571 0.5300749032167333 -0.05434733922691003 -0.038203517473390555 0.9968720185587416 0.0428139765291137  738512.611275932
0.3497975550372031 1.8644137410656443 0.5303899224763422 -0.03722706991597112 -0.0299716730415945 0.9972053405779452 0.05742258095369346  738512.6112770214
0.28040758805867466 1.8900789000048142 0.5302546442905329 -0.029443310981611688 -0.008804968001209555 0.9972130684691743 0.06798279231711261  738512.6112782881
0.22394552193611816 1.9084732927646497 0.5300924083102183 -0.021759039655193976 -0.0004839300756354946 0.9983071293783408 0.053936865290286864  738512.6112793593
0.16347389442789875 1.9289204981421877 0.5306856095682625 -0.027541424202159236 0.0015891169504747209 0.9994468895074116 0.01857039887009143  738512.6112804458
0.09823002524251044 1.9514751416793847 0.5297649233241833 -0.038091425406602174 -0.0023290313318417226 0.9984333713063879 -0.0409197016766897  738512.6112817031
0.044202454744195624 1.9693072365379665 0.5287924279400011 -0.04142699796477291 -0.010235241695022003 0.9944647628203642 -0.0960149945357907  738512.6112828146
-0.02240218429851918 1.9871530217026272 0.52677127384845 -0.0455640700388894 -0.028857872464234997 0.9825696732178466 -0.17789878018385413  738512.6112840583
-0.07852093013376459 1.9957685809990326 0.5257967031034055 -0.041630670675502274 -0.042701519998042566 0.9741998977221835 -0.217664941428453  738512.6112851519
-0.14013260858561255 1.9956561709632026 0.5245111538698941 -0.044618635283841204 -0.044312744898761136 0.972729297170693 -0.22325606923610083  738512.6112862184
-0.20176532742743875 1.9856993887543617 0.5232647814380059 -0.04009052784346732 -0.028021239317346618 0.9790224109810212 -0.19779453612590198  738512.6112874706
-0.2634827159664502 1.970051980687607 0.5224983650380078 -0.037086129380516836 -0.009550284068715446 0.9813645469723193 -0.18830039040743599  738512.6112885453
-0.3251933816640298 1.9524227686737452 0.5229228094367969 -0.03097309376277919 0.002068982732769068 0.9775674253449673 -0.20832262401771262  738512.6112898017
-0.38708345199457234 1.9352592845191892 0.5232787854937005 -0.03129844839206849 0.002421012261443964 0.968204302802328 -0.2481833472716026  738512.6112908855
-0.450576402527763 1.9206509900015287 0.5161847908846768 -0.032294804331789426 -0.018563846038826534 0.9506937334028464 -0.3078861063802262  738512.6112921466
-0.5048817554739231 1.9038146433867245 0.5161131218656249 -0.042864045822971424 -0.026219829481549294 0.9309478175115804 -0.3616785246431836  738512.6112932446
-0.571205103163075 1.8776980273195887 0.5184061925972729 -0.030046112195014213 -0.045234073414864226 0.9148140517121724 -0.40020789664151063  738512.6112944818
-0.6211124709814382 1.85054752703727 0.5179638481936488 -0.024842480740700962 -0.025425287097999422 0.9157296014215799 -0.400219568495728  738512.6112955635
-0.6760192096256512 1.8171375228197442 0.5198867404387081 -0.027503585755983304 -0.026867304859643885 0.9228934049489071 -0.3831311313401128  738512.6112966368
-0.7284068376134771 1.7819127202872715 0.5207774896759837 -0.02169116682892652 -0.03305557648297841 0.9227555478747403 -0.3833523457752222  738512.6112978866
-0.7769699712539323 1.7433127437814997 0.5207977966501715 -0.02264828787349482 -0.002023335231421114 0.9161992379111852 -0.40007738954095395  738512.6112989732
-0.8256648057556377 1.7070172560200354 0.5213022895231367 -0.029514013316708134 -0.02436242567775394 0.8962448670339183 -0.44190557085014376  738512.611300217
-0.8895414471215678 1.6677686983599331 0.5088642744031402 -0.021375229126939496 -0.01585100476420635 0.872287533915427 -0.488268679523353  738512.6113012811
-0.9204725092550019 1.6284781910565855 0.5192519259074274 0.02823075458398222 0.03781825775111012 -0.8327031409949751 0.5517048874655653  738512.6113025146
-0.96348342092355 1.5848793165064 0.5232131231546848 0.019119210052985454 0.04290232256716995 -0.8185986897835734 0.5724421644235418  738512.6113036085
-1.0273984154131668 1.5255765608603342 0.5103295173486742 0.0301726441352026 0.04155112807188604 -0.8124390314127283 0.5807804538196788  738512.6113048592
-1.034060312124683 1.477713055819136 0.526085165319307 0.002340621044418632 0.009342968561822883 -0.8322016320232227 0.5543894606587176  738512.6113059435
-1.0673521264132577 1.4110525053292726 0.5326852616733948 -0.01114686833181891 -0.008629309786329788 -0.812476685174046 0.582823230823548  738512.6113072193
-1.0860863617292549 1.3660994153229642 0.5227853138532614 0.07608980896922779 -0.00348413047525219 -0.8439285200240616 0.5310205785992241  738512.611308296
-1.1216434565017872 1.3071938897700472 0.5139361943461472 0.0384416364250993 0.006684668816139377 -0.8410244175173829 0.539588254997573  738512.6113093704
-1.1592456948763594 1.247398691973647 0.5111505415457381 0.0702149758138846 -0.006741290460786431 -0.830807840850559 0.5520713212580519  738512.6113106166
-1.2000885581322824 1.1883641032103873 0.5061580657901085 -0.003923918250730113 0.02010373581262615 -0.8080522035012094 0.5887546849824448  738512.6113117087
-1.2370968213030538 1.1287854524714742 0.5102071443504153 0.021128557051100345 0.005301312183290187 -0.7838042383881739 0.6206258100101932  738512.6113129475
-1.2714133880179253 1.0710587564087322 0.5097853538111993 -0.005704869120729961 0.02718622863763859 -0.7338817310422039 0.6787090453819484  738512.6113140332
-1.298371815265119 1.0039970505237843 0.5091288684181381 0.008011439480906657 0.022285417584292703 -0.679702836409591 0.7331051978926998  738512.6113152977
-1.3180891441879266 0.9476066430929982 0.5112119790019768 -0.015224458550855174 0.054695498355661024 -0.6445077725837727 0.7624869503149304  738512.6113163673
-1.3258948468220895 0.8837909616866078 0.5122355150864369 -0.09274801231557007 -0.04181463633292024 -0.6372958736584458 0.7638738847596341  738512.611317469
-1.3286856241182183 0.8454293179949793 0.5096409236395832 -0.09758305715351188 -0.06485559828040596 -0.6351594981977244 0.7634420149412003  738512.6113187287
-1.3294696038877156 0.8303816647364043 0.5018589428601351 -0.07427889931380775 -0.052509533626370904 -0.6184347738208426 0.7805535372568838  738512.611319819
-1.3309929370644167 0.8360936612705322 0.48257769682798823 -0.019905558727686963 -0.032335037143202766 -0.6066323220555768 0.7940752105072576  738512.6113210727
-1.3335415558370616 0.8481808317962692 0.46031763218635835 0.011232677720352732 -0.017371749610252223 -0.600672286304801 0.7992276607651118  738512.6113221566
-1.3421018851828799 0.8615920973821877 0.42822194863539287 0.03633969090514641 0.017853293516482113 -0.5781800284520072 0.8149040075216032  738512.6113234045
-1.3473554722966377 0.871176329704867 0.39059368451308335 0.02912128881893662 0.01846809935303923 -0.5702079536467528 0.820776321199505  738512.6113244953
-1.3548803985749753 0.8750523683537877 0.34503767599866236 0.032811629740544315 0.020352752277592853 -0.5601887570311882 0.8274646330353636  738512.611325575
-1.363411579249297 0.873251921661665 0.2957011216855227 0.019577589855635062 0.021547021567607294 -0.5448864943354865 0.8380042673684863  738512.6113268204
-1.371756219938 0.8653289306549906 0.24935974922512968 0.013393930052987427 0.010802164193791498 -0.5352748537511218 0.8445026624162776  738512.6113279093
-1.3795203792668087 0.8603709326782408 0.18978957624695528 0.004698697663919136 0.020281847673753302 -0.5095536812931363 0.8601869650115692  738512.6113291587
-1.3828392626622785 0.857359257564925 0.1390389781419817 -0.0014642006737238626 -0.013017556624424505 -0.51297500477296 0.8583035848778092  738512.611330242
-1.3904342070962403 0.8538797757276207 0.08036016566188119 0.003808981737945177 -0.013122882281369633 -0.49786467656317984 0.8671470725600068  738512.6113315104
-1.4006650252942072 0.8530498311045435 0.021589342027938763 -0.0022049587172717827 0.023014690344172573 -0.4759526233229253 0.8791669707953333  738512.6113327924
