-0.8785806176242277 -2.059377903676201 0.001165517862193866 0.20570287474597712 0.36321432294663786 0.7367364105269456 0.5319597205912572  738510.7244129363
-0.8789013531140937 -2.0584629021437326 0.0004832972544134533 0.21388685233689106 0.36615736450255826 0.7373834946874053 0.5257820656703184  738510.7244140122
-0.8968984956587631 -2.0614329835852385 0.0003534191497795405 0.41446683185182 0.4465242546283785 0.5667466718309906 0.554645423033294  738510.7244152775
-0.8962488726715008 -2.0537329643024376 0.0037501260726901277 -0.4370746517228494 0.3801094830388954 -0.5710876985033101 0.5816711874791857  738510.7244163506
-0.8877240108069495 -2.0692742494788137 0.014919584743825254 -0.038662860193874105 -0.0009930988867766376 0.7341631540402765 0.6778706810637728  738510.7244176174
-0.8776010296215497 -2.075239609735855 0.028446613962181237 -0.04083192191629987 0.00398234366416168 0.7303932976258043 0.6817936094412039  738510.7244187114
-0.8655213046907839 -2.0786578954967005 0.051399466143562125 -0.06350869780079585 0.01051631870095244 0.7320496952256274 0.67820299030946  738510.7244199447
-0.8604519671531176 -2.0820845732586437 0.06727330773856127 0.6677018544468376 0.7414999302571624 0.007035309340361439 0.06559414165428946  738510.7244210268
-0.8527022570626919 -2.079108934765028 0.0998376174019202 -0.06272611344764421 -0.007117382020607876 0.7473862447688617 0.6613838361308999  738510.7244222763
-0.8526416088611097 -2.075759608870918 0.12882651089197442 0.6580514302616998 0.7512322416587867 0.012199880542344835 0.04969504137837315  738510.7244233638
-0.8518798687178293 -2.071330828622231 0.168513986650984 -0.039070952384093846 -0.014971260687263479 0.7520100314595076 0.6578223427472683  738510.724424428
-0.8549659528385863 -2.0664117293910027 0.22305272185841923 -0.0507862019711976 -0.010669447091149382 0.7588377920473294 0.6492088492533384  738510.724425654
-0.8595354571168162 -2.063596040370725 0.26909610661641276 -0.04347582020558939 -0.004357482238920531 0.7563947254259763 0.6526544911005753  738510.7244267415
-0.8650446021083336 -2.061171283688327 0.32326334149215485 -0.046737586820645056 -0.006642596285227935 0.7516691686664628 0.6578487172359941  738510.7244279883
-0.8692535903547299 -2.0599651613631336 0.3667182365520798 -0.0418150272684251 -0.0019120263831901663 0.7439027574724234 0.6669756630302006  738510.7244290855
-0.8719486973082495 -2.0591578238038384 0.4019523678649798 -0.04400722225106368 0.00047515755789503077 0.7390521019560771 0.6722091409742543  738510.7244303358
-0.8734611461535237 -2.0580478505137827 0.4274241068548208 -0.045117860856133604 -0.001289957270214882 0.7339631059189877 0.6776878881843474  738510.7244314154
-0.8737157632220662 -2.0566920917882987 0.4494229733551474 -0.045679312397095516 0.0006161455769970415 0.7313391524455016 0.6804822296605928  738510.7244326912
-0.8735405656661954 -2.0554929144678598 0.4646795367439531 -0.04659669511612705 0.0015893467246662484 0.7300244967781552 0.6818287586227534  738510.724433763
-0.8728227120757235 -2.0541831505737638 0.4782286709362516 -0.04588772044056855 -0.0017453155109288722 0.7306504984680358 0.6812056371426668  738510.724434845
-0.8722611099346804 -2.0526018954913297 0.491287203042803 -0.04745553318316326 -0.002945065357344812 0.7305400414986704 0.6812125562021473  738510.7244360991
-0.8718712684987258 -2.0516507894121876 0.5006012895485171 -0.04441330688172682 -0.0046476795776379054 0.7315531308253344 0.680320420115422  738510.7244371733
-0.8715783466576411 -2.051202139782213 0.5086491709049205 -0.04554900080388359 -0.002875319007713563 0.7329967490911483 0.6786993346749206  738510.7244384262
-0.8712844141056669 -2.0512113826856093 0.5149656141615272 -0.046570990783615075 -0.0021858677730653025 0.7341731947735297 0.6773596421957393  738510.7244395214
-0.8708590712426088 -2.0513606050881994 0.5212467262904428 -0.04713566573860288 -0.0016508513093069484 0.7350523812168057 0.6763678736995402  738510.7244407836
-0.8703998868388826 -2.0515540191811072 0.5255338133967736 -0.048422855143765806 -0.0035658440279601137 0.734457326295364 0.6769157611602492  738510.7244418595
-0.8700242896863941 -2.0516199296053306 0.5292684874194524 -0.046360641094258054 -0.00240375617677529 0.7343132307250412 0.6772215236506623  738510.7244429416
-0.8693174680741371 -2.0518953897559404 0.5325839669028991 -0.04775760496636226 -0.004842884210177861 0.7323179616462728 0.679268842720356  738510.724444202
-0.8686884626067614 -2.052354467140002 0.535196178399255 -0.044979296715311146 -0.001899470629758664 0.7307061099671865 0.6812061624317155  738510.724445292
-0.8676683157623382 -2.053135775424057 0.5377287898707797 -0.044427861246984064 -0.0005900854309404008 0.7287609752455502 0.6833251480103433  738510.7244465488
-0.866718779954802 -2.053460943214205 0.5392094513041658 -0.04651697955373891 7.950003477482979e-06 0.7269845872085509 0.6850763318866062  738510.7244476231
-0.8653529022824069 -2.053750383912508 0.5406900265702349 -0.04870938333067657 -0.0006597465465224496 0.7256631608194619 0.686323493506923  738510.7244489024
-0.8642427852872344 -2.053731271495027 0.5418024916530767 -0.04938632112755387 -0.001355479464187598 0.7251091200808628 0.6868594601055337  738510.7244499774
-0.8631894775030629 -2.053370462352037 0.5436046203143372 -0.04744326518712401 -0.0024592647557076085 0.7245080767218093 0.6876271775970686  738510.7244510569
-0.8619752446173403 -2.0533477658428967 0.546137248117491 -0.0445040375315976 -0.004833929311803113 0.7221982775962444 0.6902359535751617  738510.7244522976
-0.8610108194577455 -2.05353932867269 0.5487965266375582 -0.04750671470894259 -0.005942859249971285 0.7207213138566883 0.6915696510360958  738510.7244533654
-0.860099794137799 -2.053570400521611 0.5511878053266677 -0.04732859271312286 -0.005183308319305244 0.7178326054559341 0.6945858393107419  738510.7244546154
-0.8594797102263125 -2.0543122822233584 0.5514356358126411 -0.04543537722497604 -0.003810564757172044 0.7167363574521246 0.6958520676112961  738510.7244556953
-0.8587000196461396 -2.055106482172779 0.5518004302046611 -0.04913535869867256 -0.0018470259981786367 0.7170791244074861 0.6952552296527571  738510.7244569525
-0.8579736185148399 -2.056086399170854 0.5513514861518416 -0.04895552498293986 -0.0013153141782054313 0.7171576768074482 0.6951880990914625  738510.7244580232
-0.8572731289384079 -2.0572619375233687 0.5501024887653817 -0.045775216437430516 -0.0021378475991933824 0.7163799794822452 0.6962038380853464  738510.724459288
-0.8563165296501147 -2.058094409667014 0.549112463022725 -0.045868445175166125 -0.0039933684241039566 0.7173712423899556 0.6951680655336044  738510.7244603613
-0.8553993955979754 -2.0591878665279997 0.548362516937975 -0.04924015327149962 -0.0030494489238696632 0.7167935747607708 0.6955379783654774  738510.7244614556
-0.8544441829128762 -2.0604718546785534 0.5477141461173114 -0.047037404770926224 -0.002635434806761556 0.716785585642148 0.695700338688604  738510.7244627036
-0.8535570289190934 -2.0616525068858347 0.5477561567249196 -0.048726479814830845 -0.002026906346601757 0.7175341756050643 0.6948138805854973  738510.7244640013
-0.8525350071809952 -2.0604543026299567 0.5480126958262513 -0.07350300600928153 0.036821207553133714 0.7178073058012561 0.6913712306136774  738510.7244650656
-0.8510290451829069 -2.053268366373042 0.5482337603588175 -0.08570103746394755 0.04945367522884976 0.7165783027342274 0.6904528964632537  738510.724466116
-0.847460459547572 -2.032859294295473 0.5474133089972709 -0.08123912525383852 0.045541906041350486 0.7171963961112845 0.6906196266593481  738510.7244673766
-0.8428219774218086 -2.004077536486627 0.5457279591141788 -0.07128105588114923 0.03199049637952597 0.7175020936611037 0.692160649564675  738510.724468438
-0.8371572133928662 -1.9684782752283485 0.5447061377466778 -0.059714901407213895 0.023002102379549475 0.7165730953800028 0.6945703944263453  738510.7244697035
-0.8303324248047015 -1.9295166060393132 0.5454896864265337 -0.05296502394287089 0.011287816775875103 0.7155015493557617 0.6965090267187282  738510.7244707829
-0.8217671930173369 -1.8852095252257184 0.5471456671997863 -0.04830288756227471 0.005952219557525777 0.7137365595153744 0.6987213505730606  738510.7244720681
-0.8138421696071324 -1.8491138620469394 0.5483682256827042 -0.04561044452586511 0.005036555030231694 0.7119312507373147 0.7007483247837152  738510.7244731415
-0.8037960627295848 -1.805982627531006 0.5490064440219554 -0.04699314816851542 0.004174507610686127 0.7098090315054127 0.7028124616885846  738510.7244744074
-0.7949457680269849 -1.771709985718171 0.5491014902148739 -0.0434235960084614 0.002277556689776791 0.7084405469320351 0.7044296952200821  738510.7244754605
-0.7854450192055292 -1.7386002795505162 0.549477252587331 -0.050744671467257606 -0.0005578157432567458 0.7078861968743138 0.7045010996684796  738510.7244765341
-0.7708106530742157 -1.6986775593335084 0.5499695368883571 -0.04980336912954481 0.0064043373352532865 0.7036277540268627 0.708792348046842  738510.7244778041
-0.750823649826512 -1.6582341549153203 0.5508887582617493 -0.053342234644113626 0.009658622833971677 0.6952409901312971 0.7167295742812466  738510.7244790134
-0.72762371377071 -1.6237881293654903 0.5499512627900884 -0.05264401244599792 0.0010782494216577607 0.685892971859873 0.7257949272935172  738510.7244801064
-0.6995309993100698 -1.584036393834995 0.547774686088684 -0.0733791767672356 -0.007047403260314492 0.6685025338848894 0.7400474259895318  738510.7244811719
-0.6695878890504934 -1.5407514990401712 0.542412662736133 -0.06749657652254738 -0.017364559789065002 0.6417444379116106 0.76374521971046  738510.7244824091
-0.6450948285032339 -1.498118634040156 0.5347363153231915 -0.06162971984055476 -0.02444297999685815 0.6482864575128551 0.7585044412306899  738510.724483515
-0.6272114949320438 -1.4575684242172091 0.5281140066879579 -0.061151342705258224 -0.014020235693408285 0.6666816433140789 0.7426974705386339  738510.7244847354
-0.614700836438569 -1.4191625410516768 0.5252900456179731 -0.05747871680287549 -0.011667375144622585 0.6873969560222429 0.7239098661596511  738510.7244858722
-0.605550750366469 -1.378278551165028 0.526703893749105 -0.06271209588111719 0.0003061465879200231 0.7026091557263233 0.7088070778385381  738510.7244870936
-0.6001754077120577 -1.3447013559403191 0.529601001022638 -0.05842468438260477 0.002704467553778994 0.7097071405867665 0.7020648237237067  738510.7244881563
-0.5947900627306006 -1.3033123068374102 0.5330143982145161 -0.053334128263797374 0.009650418670807992 0.7123881952081995 0.6996895022149635  738510.7244894286
-0.5903009007749024 -1.2694169226143899 0.5352412644056601 -0.04970257071463581 0.00903451744230484 0.7139639787018199 0.6983576942192365  738510.7244904933
-0.5840817834247964 -1.2277803965374035 0.5375821451533072 -0.05036410526515213 0.015017324202925574 0.7165279459716251 0.6955757611621534  738510.7244918518
-0.5786005305244406 -1.1929561792881054 0.5394413773526598 -0.05620724238135643 0.010862630113674427 0.7176737570276929 0.6940224258946199  738510.7244928138
-0.5713970624055575 -1.1496827934201987 0.540763677889596 -0.05368705656623767 0.008426466694165767 0.7180747802364051 0.6938409793351386  738510.7244940499
-0.5657955554004362 -1.1136422656720157 0.540500803008044 -0.055277240162406246 0.0038801116970673326 0.7177923707824209 0.6940486178214014  738510.7244951132
-0.5606055165151996 -1.0779322699052036 0.5394082255131651 -0.048713552803119266 0.0034077424840204913 0.7174544464071662 0.6948917141505194  738510.7244962075
-0.554672158781107 -1.0345536917611364 0.5377149482973045 -0.055235834019408236 0.007789527158474564 0.7168284908466516 0.6950145614426648  738510.7244974636
-0.5488024036545774 -0.9911872604923928 0.5353986735053189 -0.050517878083598367 0.005741272461508806 0.7160666738850574 0.6961777792601861  738510.7244986863
-0.543971627011914 -0.9559667645616222 0.5339392492901487 -0.04829975446186962 0.0035082749041991834 0.7146326631124478 0.6978215979309685  738510.7244997597
-0.5389855232219317 -0.919899903316295 0.5330832379922218 -0.07710697889287348 0.03023266223359154 0.7141088890308618 0.6951179716763133  738510.7245008227
-0.5329108470529436 -0.8688145986088327 0.5316985274173869 -0.09646041415865232 0.05068191422395591 0.711510442606195 0.694175498079033  738510.7245020824
-0.5277580257620254 -0.8174029823156848 0.5297931427511047 -0.09590902459178553 0.049609566432193664 0.710681949764851 0.6951773271609856  738510.7245031368
-0.5206214950093967 -0.743868810383949 0.5273368528231777 -0.07881794004745703 0.03734838878676162 0.7103631614550189 0.6984103443029314  738510.7245043896
-0.5129912472510153 -0.6698348748722673 0.5261978138285958 -0.07151762407379071 0.026397226625893305 0.7113053908737745 0.6987367578617918  738510.7245054726
-0.5042033367885828 -0.5850210192948749 0.5266145302486249 -0.0568582880656059 0.0034148883565669613 0.7124603820304358 0.6993966525890771  738510.7245067302
-0.49735151548498846 -0.5163610698021754 0.5280548152496279 -0.05257265216100902 -0.0006381635617959393 0.7138904706593306 0.6982808209408486  738510.7245078187
-0.48987571592302015 -0.43477263805694316 0.5297460790083834 -0.05692134395042689 0.007581103414647198 0.7124699962078717 0.6993489772477323  738510.7245090669
-0.48461659114147104 -0.368634671628324 0.5309224026053688 -0.06206533090605433 0.008023479992246485 0.711951520892406 0.6994344503721032  738510.7245101318
-0.47868553350483406 -0.28826216706226165 0.5312942953816201 -0.06125559355514378 0.01288131150726436 0.7101719355171988 0.7012400773457087  738510.7245113854
-0.4739093845467843 -0.22203141987822805 0.5312977745816565 -0.061085195761593096 0.013182261786776808 0.7093407094270543 0.7020901543124473  738510.7245124639
-0.4681068778524909 -0.1480462860460973 0.5313365920172856 -0.059418791618665506 0.012567364415636767 0.7078730005755679 0.7037238688650288  738510.7245135612
-0.4614126325511819 -0.07371456188479182 0.5308407109725201 -0.058944249375821926 0.014879989996213172 0.7063671086477687 0.705230224241577  738510.7245148221
-0.45386301690705616 0.0013201457813341176 0.5296528759751957 -0.0604375030562911 0.017983320818817268 0.7052916787011791 0.7061073263686769  738510.724515915
-0.44489299250933306 0.08475620289246634 0.5278167355400056 -0.05557182674667937 0.005850844209960055 0.7049590258378707 0.7070433590550075  738510.7245171707
-0.437235715536556 0.15224941665740907 0.5264091902917815 -0.06132802763775356 0.002596080424717817 0.7066934686634908 0.7048520942303108  738510.7245182334
-0.42787072850419894 0.23391248926029937 0.5259290596608868 -0.06169256710599045 0.009754505729898402 0.7044057834072687 0.7070441068874207  738510.7245194752
-0.4202232146113964 0.3004505893790492 0.5254897356723284 -0.06117528036358985 0.014220764711831488 0.7036098620304556 0.707805423105058  738510.724520551
-0.4125161065236996 0.3674783827724871 0.5253734272248746 -0.06578689623955994 0.017971296057048836 0.7042283943115536 0.7066905160298718  738510.7245216542
-0.40299074534154783 0.45071672802973445 0.524587626690662 -0.06683647854440561 0.02020163218844513 0.7049224682595252 0.7058392826526482  738510.7245229175
-0.3944149975031141 0.5283301143678325 0.5240789905860233 -0.062117206784040466 0.008736720301433314 0.7069875219977573 0.7044386176802021  738510.7245240037
-0.3855103864159757 0.6133279738104477 0.5219672470936945 -0.05745084500104995 0.003767171056500182 0.7082875511188371 0.7035722804097508  738510.7245252507
-0.3787389135800115 0.6823513390467285 0.5201038524200474 -0.06405850328384875 0.011094586512632627 0.7099316249205211 0.7012635069963754  738510.7245263403
-0.3709818629862023 0.7667143218812629 0.5185015223996005 -0.06229570725060994 0.005126867085855853 0.7111103101170791 0.7002964279055133  738510.7245275896
-0.36560837759686354 0.835184698112151 0.5162626860780484 -0.06402361935365479 0.01308339484470879 0.712292071439991 0.6988346055454915  738510.7245286725
-0.35974924540649367 0.9116513352933986 0.5140364731397844 -0.05866867546959612 0.009982532405904623 0.7136198469792954 0.6980007518353082  738510.7245297624
-0.354474202468359 0.9882398781482351 0.5129743657426346 -0.05782020116980259 0.004305861391256602 0.7145974404736818 0.6971289564799511  738510.7245310163
-0.34903283260899987 1.0625983604039337 0.5128206543866283 -0.023204493311842107 -0.006795586972925793 0.6918253228241505 0.7216599574502482  738510.724532107
-0.3405558840161107 1.1304073113206308 0.5070555979998813 0.07566000195533527 -0.07850949242355272 0.5743658428477637 0.8113049379076236  738510.7245333771
-0.3349048399960437 1.1634336546535533 0.49292322657613946 0.08316041436226149 -0.12659906541914054 0.425589163269012 0.892149587359698  738510.7245344308
-0.3359161794286041 1.1732812029088018 0.46316920986749643 0.05477138241189173 -0.019412049752849186 0.262918361082254 0.9630665622888714  738510.7245356841
-0.33915217544234977 1.1625272060883045 0.4414884437165566 0.027641140509163664 0.05960689128837338 0.15516168692932844 0.9857016976608765  738510.7245367559
-0.3355154520936394 1.1403150217149922 0.4255820044040485 -0.048055840042981975 0.06069960326154512 0.05360243188195485 0.9955566150139301  738510.7245380278
-0.32580395849227023 1.1237138371592046 0.41970258751766604 -0.0597055890658115 0.04464554404390863 0.0022617238928906314 0.9972145720136465  738510.7245391178
-0.3111816596523612 1.1116927321329326 0.41929820359770226 -0.05869761522908747 0.02661108842794289 -0.02898703246936625 0.9974999708710363  738510.7245402033
-0.2963792713253412 1.1060515187180213 0.42111647779489025 -0.04940403712351843 0.014495263918571538 -0.04301223157726831 0.9977470001831991  738510.7245414312
-0.2835019766592294 1.1049212705283349 0.4175918577952965 -0.04139610442584221 0.010842076681289996 -0.0480532224699502 0.99792770265278  738510.7245425167
-0.27319040115034066 1.1060521673667916 0.40378829892233525 -0.026174387801756793 0.002033375115753392 -0.04914601678665122 0.998446511257788  738510.7245437589
-0.2659782956664832 1.1084440205529897 0.3850063967584212 -0.024030534542690288 0.012784675982219806 -0.04908817397797461 0.9984234756079859  738510.7245448371
-0.2613796920816762 1.110644664157044 0.3647461626015852 -0.015918557678230756 0.014157929063925786 -0.046492136232013 0.9986914607798796  738510.724546108
-0.25920337813617567 1.1117777506685476 0.3461676668772998 -0.018908457459970454 0.021745220961438612 -0.0445157708520962 0.9985929910365215  738510.7245471723
-0.2574784962502225 1.1121959146888607 0.3175271743856673 -0.02012622105717745 0.027286544453363648 -0.04449118125536506 0.9984342314385333  738510.7245484331
-0.25595749693904124 1.1120612287770293 0.29313232640704434 -0.02153503110575516 0.026734766691197343 -0.042189706615499006 0.9985196659760586  738510.7245494984
-0.25468390766301297 1.1118281567786295 0.27005733424663075 -0.023998712665114014 0.024612847964031133 -0.040540485625446855 0.9985863700906246  738510.7245505846
-0.2529088125147934 1.1116094246335313 0.24241516809339353 -0.024967724711789395 0.027995687309445086 -0.04062166132929055 0.998470197274629  738510.7245518152
-0.25091062777208745 1.11185881348437 0.2139905453157547 -0.024975838989786944 0.02152221093701453 -0.039067735606617936 0.9986925021935983  738510.724552914
-0.24857241562295307 1.1123028347822483 0.18459594801121948 -0.0197078736944276 0.02312812533902796 -0.038920263536835815 0.9987802073624457  738510.7245541583
-0.24657654466211426 1.1131852137156022 0.15745579669969081 -0.03104292416089563 0.02471822917925883 -0.03848553152167353 0.9984709359161522  738510.7245552253
-0.24459211070308343 1.1139840766095426 0.13101941542752443 -0.026756063120735245 0.020562636412068586 -0.03775893269819663 0.9987169539321726  738510.724556476
-0.24263187279399256 1.114450258469249 0.10324121411233268 -0.023055443076716 0.023465452032876755 -0.03933660032079118 0.9986843600360583  738510.7245575469
-0.2402549041057395 1.1146088153833122 0.07406800906503239 -0.020660108514176895 0.03145003586940321 -0.037602302653921074 0.9985840585524679  738510.7245588112
-0.23823208023580558 1.1135692504554955 0.055930365791165164 -0.02153123664621173 0.03027108110603729 -0.03715339195878031 0.998618892752943  738510.7245598743
-0.2363510598766511 1.1113681629492622 0.04071409101227316 -0.018646206774385693 0.020273033937362045 -0.03587579527701448 0.9989766015183454  738510.7245611479
-0.2356827856196086 1.1093218786007215 0.027766514179858395 -0.020014277048325802 0.022183514053341583 -0.038120220180399726 0.9988263959426963  738510.7245622473
-0.23492758109100564 1.1080448646687013 0.031719762856657514 -0.029560183416160485 0.015850875243209585 -0.039013550278930755 0.9986755670411991  738510.724563479
