-0.4646611850061956 -0.5520732043774709 -0.0012617312462460863 -0.010921089772830328 -0.022128355173331588 0.7934665250310247 0.6081134263858076 1648222863.0091789 
-0.46469005593352963 -0.5522212876023169 -0.0014207622453436299 -0.01218961269149054 -0.02575934011098857 0.7942566504343023 0.6069137030751245 1648222863.110338 
-0.46461337427312666 -0.5520052969835634 -0.0014268724769366066 -0.008829672181418195 -0.019930550763446443 0.794125786728555 0.6073623670332136 1648222863.21016 
-0.464622173922062 -0.5520861279852736 -0.0012881329470882815 -0.01197890699833519 -0.0233236481849402 0.7938103861768454 0.6075998551845104 1648222863.310453 
-0.4645890386515419 -0.5517615184259075 -0.0011109686715643956 -0.011710964897612081 -0.01886679437584602 0.794575385176628 0.6067593053613269 1648222863.4099789 
-0.46461450942254595 -0.5518289737992988 -0.001254676097539135 -0.011945803995429353 -0.017574466899410845 0.794914424125982 0.6063493169754236 1648222863.511343 
-0.4645598953455076 -0.5519395960963429 -0.0010885367344282651 -0.015337611100228285 -0.021504985479249523 0.794725341902662 0.6063941987049121 1648222863.6097553 
-0.4646047663091774 -0.5520766478315843 -0.0012381561108115416 -0.011908677580200852 -0.022552976064729207 0.7937643619344714 0.6076904511276084 1648222863.7111225 
-0.4645916012979699 -0.5520289688424596 -0.0014280811483613134 -0.008783067305978004 -0.020216328977927786 0.7941584309750004 0.6073109123691757 1648222863.8113945 
-0.4644797986363921 -0.5516902257890065 -0.0013105616362729356 -0.009248208158781761 -0.016162874836770008 0.7948015697330806 0.606583627270547 1648222863.9104276 
-0.4645937556436267 -0.5521100247304763 -0.0013096471933837007 -0.012081702567692735 -0.022405141741890126 0.7938080434645234 0.6076354435166015 1648222864.0104792 
-0.4644805325490204 -0.5519091664560475 -0.0015572767750872943 -0.009022783955119986 -0.01853769334714699 0.7949963562445264 0.6062637518877346 1648222864.1099515 
-0.46484404321807016 -0.5525956940320351 -0.001626504831636087 -0.008980264379405602 -0.021879947041117637 0.7943842152292805 0.6069549747417134 1648222864.211204 
-0.4649146520453468 -0.5531738961762748 -0.0015729980180736178 -0.011257403135711714 -0.016400229126758297 0.7952252661166195 0.605987689222299 1648222864.3104098 
-0.46351446460312323 -0.5537836363038923 -0.001624012713141339 -0.013689021253138037 -0.010453864887310996 0.7898693941529871 0.6130331700539884 1648222864.4106958 
-0.46114726906898706 -0.5554087070301833 -0.0012479672447312537 -0.013511654149024261 -0.016983608595848316 0.7796970725426758 0.6257806862708384 1648222864.5101533 
-0.45784838413584134 -0.5569070731357545 0.0007797156696358228 -0.030686716370004266 -0.0029144511322005376 0.7501117178050912 0.6605923419360235 1648222864.6105835 
-0.45423967606335375 -0.5588698107118758 0.006103334398449201 -0.027014352542505192 -0.009975452940122084 0.7053223235183345 0.7083015848083686 1648222864.7101238 
-0.45156671563440476 -0.562293854205053 0.015344842871498924 -0.02416649331565642 -0.02099444879024294 0.6432966581549676 0.764947464423191 1648222864.8115108 
-0.4504696059772118 -0.5669433907976075 0.03002322850006653 -0.02276872964939046 -0.02151601762663765 0.5667584300297681 0.8232882410953261 1648222864.91019 
-0.452276861370465 -0.5718759055395046 0.049508793163498314 -0.033196299336209906 -0.01917271845676365 0.47812375621554526 0.8774554611601072 1648222865.0101626 
-0.45597602261591735 -0.5774011413727768 0.07413492977858961 -0.03721057250126013 -0.010907429233708216 0.3801927592998009 0.9240940791162141 1648222865.111281 
-0.46182778913819594 -0.5814872732088876 0.10463115835458113 -0.03126644354168454 -0.00010492078102623672 0.2834413385951691 0.9584797369142778 1648222865.209787 
-0.4683834631299829 -0.5841011371956084 0.14141889931831136 -0.03425402951262366 0.002055840803422523 0.1930366620571658 0.9805912920695181 1648222865.310738 
-0.47577967255950226 -0.5839439520381264 0.1849146968504925 -0.044357730933578074 -0.000734177185326436 0.12058860043270092 0.9917107653625463 1648222865.410697 
-0.48300380063247245 -0.5819728138926072 0.23353615572274067 -0.02988406689043647 0.008133468300191828 0.06485638267226035 0.9974138754128935 1648222865.5101433 
-0.48970032406449493 -0.5777873230601704 0.28284983201617864 -0.026281996396772693 0.008022321191601012 0.03137021085122626 0.9991300260222633 1648222865.6109645 
-0.49552515962359706 -0.5732571045129382 0.32933174927410536 -0.019545791714540798 0.010415483048135464 0.012970032384555154 0.9996705747390334 1648222865.7104282 
-0.5018246362119997 -0.5693186346076059 0.3668575848240632 0.019512672645504305 -0.038351394197037876 0.10402649148159278 0.9936432535067115 1648222865.8099473 
-0.513986345022218 -0.5727776344213894 0.3892056587915626 0.06173891282755988 -0.12191544973735856 0.31488552401926206 0.9392401378355395 1648222865.9112828 
-0.5385604514273403 -0.5954110289694601 0.39657499696351634 0.05220083133592917 -0.17868627966138423 0.5392458501858662 0.8213161387224373 1648222866.0099645 
-0.5802503236006196 -0.6463961914260612 0.39724060652995735 0.014889937747100162 -0.20660222583317248 0.6953440421046431 0.6881790996130605 1648222866.1114597 
-0.6378059872067406 -0.7264209111663912 0.3962896334955341 -0.01764525696306484 -0.158047603962019 0.7955349142383239 0.5846655454329379 1648222866.2101614 
-0.7058097931163076 -0.8244498140311378 0.39756387651104336 -0.035586020970037685 -0.04603527247494343 0.8450363264910485 0.5315336261330904 1648222866.3108847 
-0.7759527891318408 -0.9242484481788862 0.3998297680914258 -0.0344772904775373 0.00871529081912381 0.8655355847339345 0.49958333809941224 1648222866.4111116 
-0.8417763365811933 -1.0176737237851419 0.40535354082863767 -0.011469212875912006 -0.019761603124199147 0.867380484943225 0.49712074040179083 1648222866.5104284 
-0.9022264937947143 -1.1074546983982163 0.4210670617702714 -0.003837968717698904 -0.03852285668198274 0.8574037000873648 0.5131862766926624 1648222866.6099703 
-0.9568762818792746 -1.196651563668994 0.44659239647320775 -0.003457085936042151 -0.016888872971059423 0.8444675138193569 0.5353292749610773 1648222866.711244 
-1.006074066950186 -1.2833356455365104 0.47743215754119395 -0.015375959543030518 0.0045545089296948095 0.83385438882404 0.5517514789789214 1648222866.8102844 
-1.048892094424673 -1.3616769473767005 0.5090119478460853 -0.031841524354959905 0.03045743986713272 0.8241567204642687 0.564645164503402 1648222866.9103844 
-1.0857453141840123 -1.428015282333001 0.5363297165484251 -0.03986303879293481 0.045703929027574954 0.8140053145747078 0.5776828168240478 1648222867.0101058 
-1.1163351786353513 -1.480345040114185 0.5572117530675292 -0.0376520125506904 0.055039866082317604 0.8092435891372519 0.5836760681514892 1648222867.111282 
-1.1408574389227868 -1.5173565063118015 0.5702798161778735 -0.039302844436193564 0.05528645590242053 0.8068017541300418 0.5869153463197752 1648222867.210088 
-1.1594854168309552 -1.5406593670389774 0.5768524882920039 -0.034811179870823765 0.040418022880457004 0.8065513538696342 0.5887524766431953 1648222867.3112075 
-1.1729691015619217 -1.5519835895444731 0.5795583247652369 -0.03416552296913226 0.037977434592517345 0.8078289851973764 0.5871990822344614 1648222867.41027 
-1.1816891828344531 -1.5550432168889516 0.5810451588254314 -0.026360693463186036 0.015530514305653621 0.8085968797246057 0.5875670200625401 1648222867.5102782 
-1.1870682040340605 -1.5512793957847566 0.5817622582154649 -0.017315350654072668 -0.0013941833434315716 0.8108578997521713 0.5849852145943769 1648222867.609904 
-1.190174672271365 -1.5452761378925026 0.5815920892968667 -0.015038706716481439 -0.016711018527457287 0.8123455209436238 0.5827429396937411 1648222867.7108204 
-1.1917667051402123 -1.5381652871082225 0.5813943260768839 -0.009939006281704446 -0.02018169580260163 0.815156805661651 0.5788033323091333 1648222867.8100932 
-1.1923611660222777 -1.5320816183410617 0.5807605506700799 -0.013797590952981584 -0.025138763164076677 0.8156464482452263 0.5778395456659421 1648222867.91116 
-1.1927063708045467 -1.5274029317674924 0.5802470995794321 -0.01986966572768176 -0.019915256318639715 0.8159633519675923 0.5774187277837847 1648222868.0109425 
-1.1931214255525586 -1.5243305816689825 0.5798005532253531 -0.01738417430578034 -0.02917894847674512 0.8135490378524867 0.5805035249322703 1648222868.1105976 
-1.1937121268778748 -1.5222081979179012 0.5780370677753554 -0.022758951485782424 -0.018769417016746975 0.8135767345314731 0.5807087360641515 1648222868.210478 
-1.1943325754178558 -1.521361792477558 0.5772032915070767 -0.02754936251210805 -0.020458524379573392 0.8119562427165452 0.5827087963288503 1648222868.3105342 
-1.1951662710717716 -1.5205817443128664 0.5765708270455866 -0.028885918616084066 -0.01760536061872266 0.8109131851623325 0.5841878645718946 1648222868.4103003 
-1.1960547209962042 -1.5201362781580052 0.5754618219402167 -0.027299586437243156 -0.019985563161672854 0.8103084049159727 0.5850261522085985 1648222868.5101578 
-1.1969109214465545 -1.5190446764698755 0.574048713711971 -0.023548721258432243 -0.01442954013123381 0.8094071935585967 0.5865980234490143 1648222868.611082 
-1.197295689421973 -1.5179372632712271 0.5726347054527465 -0.011330070956958035 -0.014746398369568222 0.8086719679232465 0.5879658336352379 1648222868.7111034 
-1.1977210224056298 -1.5173884775157493 0.5721520510615636 -0.015170774524135233 -0.0190098605260161 0.8068325811299001 0.5902793057785294 1648222868.8111608 
-1.198018354838989 -1.5165182391330552 0.5713663328718838 -0.02075592983184535 -0.024685006869088057 0.8053516164156648 0.5919194334952728 1648222868.9104586 
-1.1983652738377493 -1.5159294972802166 0.5695627664235843 -0.021069572071187568 -0.017601935084578052 0.8045823744427739 0.5932060752807942 1648222869.009982 
-1.198994213086583 -1.5152656745941493 0.5678089981975551 -0.01874991978883124 -0.018971494803312353 0.8042827439244411 0.5936478676102631 1648222869.110886 
-1.199493493610147 -1.5149065908361536 0.5662861101192613 -0.014611217902950521 -0.02329148001663099 0.8023886551824324 0.5961681518703887 1648222869.2111213 
-1.2000537485616227 -1.5148187619562725 0.564463835366161 -0.021694496930271413 -0.019528607888087298 0.8017896362827577 0.5968930904495873 1648222869.311135 
-1.2006718154097298 -1.5149327964278636 0.5630499201213875 -0.021973722464196356 -0.01766344723803508 0.8019660664261056 0.5967039353429595 1648222869.4104047 
-1.2013983773046601 -1.5155343324186947 0.5620167654738649 -0.01734890498179003 -0.021377705453334978 0.8009575665202627 0.598087774360438 1648222869.5100858 
-1.2021693777326314 -1.516080157680724 0.5607399320462444 -0.018564677559512948 -0.020751592205980343 0.8007327222424779 0.5983743240632728 1648222869.6112945 
-1.2026981574323123 -1.516727316628769 0.5586235398069131 -0.02115396680635769 -0.013665390708873121 0.8014009595908957 0.5975970789352312 1648222869.7100787 
-1.20305128632698 -1.516912656789237 0.5574473800017038 -0.018325333754283992 -0.02006445251418485 0.8005598524371382 0.5986363859254863 1648222869.810338 
-1.2030550726537532 -1.517128505097739 0.5561408926866819 -0.019772773125877725 -0.016895959368859795 0.8007544139169834 0.5984278842035912 1648222869.9100819 
-1.2030933155006247 -1.5181173293399026 0.5540193192291383 -0.027889833292546816 -0.013728314590617123 0.801218586871668 0.5975637762019904 1648222870.0108938 
-1.2030017501202572 -1.5182324701518124 0.5520956349886957 -0.020168822216154222 -0.02114255753538503 0.799126128071289 0.6004528643491227 1648222870.1097329 
-1.202757018667523 -1.5187528514187074 0.550297055754603 -0.025703263242610498 -0.01454490404504839 0.8013031057446146 0.5975291798306058 1648222870.2101786 
-1.2025463015092495 -1.5193596557322484 0.54887176733501 -0.028564345174343767 -0.01937394916901192 0.8014358872758609 0.5970839529452381 1648222870.3099306 
-1.2021765731863465 -1.5189143593443286 0.5470960457828778 -0.01528057148067914 -0.013560124949030956 0.8011383364402083 0.5981304147361228 1648222870.4110713 
-1.2019947492637295 -1.5189604787971518 0.5455355031462168 -0.013798219817430369 -0.02060200515457202 0.801086354967969 0.5980349641932434 1648222870.5111828 
-1.2023229664316937 -1.5189599151019781 0.5445391831176415 -0.02710241322828973 -0.017379105504357922 0.8028394862343253 0.5953252768294625 1648222870.6100478 
-1.202702219845584 -1.5189389261738608 0.5436502283931746 -0.019366440181211895 -0.018276250786030488 0.801394175368146 0.5975435509968483 1648222870.7110856 
-1.2032333242929603 -1.5188912428511883 0.543489847544197 -0.027815513164493648 -0.015571209703556648 0.8015797912610212 0.597037413314862 1648222870.8110805 
-1.2038226557794705 -1.5184177584589984 0.5432649000150834 -0.025994988020022043 -0.021712014813949448 0.8008696681779521 0.597880108051016 1648222870.9103348 
-1.2040005096624988 -1.5179156334303108 0.542957233210883 -0.018953058063240644 -0.017233781464897242 0.8008644300349778 0.5982975372431528 1648222871.0097167 
-1.2041745977891163 -1.5175622915318034 0.5427118617187747 -0.020943051867123214 -0.01878535729160605 0.8016827041800366 0.5970873811666946 1648222871.111062 
-1.2045554180666391 -1.517377679572016 0.5419625218708712 -0.017667854952181598 -0.022280376696087054 0.7999464686229092 0.5993972631347312 1648222871.2103553 
-1.2045148149290599 -1.517398231325529 0.5403956927111285 -0.02873102464488538 -0.013828747142094453 0.8000643374139913 0.5990662317086869 1648222871.3099337 
-1.2044064234733804 -1.516975656985371 0.5381907470704875 -0.02531753132854653 -0.009509670993674453 0.8002092306888442 0.599110821038469 1648222871.4110317 
-1.204448601789408 -1.516973523968762 0.5367932324459634 -0.0214427347015414 -0.012948299073227943 0.8004705281350571 0.5988484651953383 1648222871.5108662 
-1.2044338045952854 -1.5170804754007168 0.535946076520112 -0.021374767795454705 -0.014920738939018947 0.7995960670837825 0.5999721829846375 1648222871.6102889 
-1.2045837287629717 -1.5169161623887912 0.5356043129025214 -0.027536264838940963 -0.012255149392738581 0.7996442973379164 0.5997170692643584 1648222871.7102947 
-1.204697178420742 -1.5168009368036108 0.535022659816619 -0.022229188096497373 -0.015877138121036 0.7799856254209163 0.6252009307561835 1648222871.8102822 
-1.204573081684939 -1.5175191473209635 0.5324064493111673 -0.02523689454490919 -0.024448256092225798 0.755334026821436 0.6543973485990696 1648222871.9101365 
-1.2054943824435498 -1.5178165969858888 0.5297213365836053 -0.021787537476566927 -0.020191408089656117 0.7353504039474852 0.6770357403153356 1648222872.0110543 
-1.206743420374448 -1.5190691509325398 0.527866485633556 -0.02449454671099528 -0.014137574161078761 0.7226265915694928 0.6906597971034077 1648222872.11147 
-1.2092331063252524 -1.5197972860417897 0.5279740411419598 -0.024324429785167856 -0.01796994075378645 0.7140145754988921 0.6994773686975647 1648222872.2105994 
-1.2116234122884435 -1.5209540563254487 0.528969525682571 -0.019997261288678684 -0.018019040480633058 0.7089681643949952 0.7047265892496897 1648222872.3106463 
-1.21444891683892 -1.5216764108469851 0.5296620883031686 -0.023017348616025862 -0.008193623455650287 0.7062662808790713 0.7075245626058507 1648222872.4102786 
-1.2169406780355456 -1.522349614675897 0.5303031986115346 -0.022765847758515728 -0.01886975381816043 0.7045740306098036 0.7090141634388792 1648222872.51004 
-1.219059182068088 -1.5223214173367923 0.5306605775233298 -0.023288840233189008 -0.01418122174264581 0.7040933387302309 0.7095837464501249 1648222872.6103115 
-1.2206338038351612 -1.5227984394987093 0.5297291697349212 -0.0243909608117104 -0.015530706049601183 0.7053579566391048 0.7082612732644566 1648222872.7098904 
-1.221122723329712 -1.5194904642311406 0.5276722994862312 -0.07797935463686553 0.04118800268183465 0.7038077566964933 0.7048953186816812 1648222872.811284 
-1.22050007318425 -1.5021773574199873 0.5243152289481595 -0.10543138717083698 0.0814220279577742 0.6989803922587797 0.7026244282689287 1648222872.9101403 
-1.217800618117947 -1.4623704201401988 0.5202043562137082 -0.10324094333727561 0.07813030785708566 0.6985562721669367 0.7037443408150571 1648222873.011233 
-1.213284628053911 -1.4006563510321 0.5171303471238533 -0.08458703888449985 0.061262714615407554 0.6989459045314003 0.7075072686478112 1648222873.110029 
-1.207492237452078 -1.3212931329314885 0.5160941325379975 -0.06309340151347657 0.034553920345279654 0.7029463861026084 0.7075956667048732 1648222873.210777 
-1.2006251210314105 -1.2328159231927036 0.5173164564799987 -0.04178951072134513 0.01191943526551936 0.7045679518067088 0.7083047120720862 1648222873.3101435 
-1.1939118152379196 -1.141221098380648 0.5202582960140207 -0.04150639829060067 -0.004684282955008845 0.7057374808426884 0.7072410370785589 1648222873.4104009 
-1.187135979079696 -1.049966739780056 0.5235128606650012 -0.03167276469600846 -0.011900603882578598 0.7050207403815786 0.7083791126477065 1648222873.5107136 
-1.1806600275572074 -0.9617261407291983 0.5267139783924816 -0.02557144013134253 -0.009669602320303089 0.704026538132591 0.7096472601550828 1648222873.610272 
-1.17489690167327 -0.8762355090432093 0.5284397280905745 -0.030393599742436776 -0.0077561001506066774 0.7036288496591643 0.7098749988078686 1648222873.7100244 
-1.1689584756086824 -0.7930921993963002 0.5288532009998637 -0.03469997210902913 -0.00849700017271692 0.7030421117592649 0.710250309409838 1648222873.811476 
-1.163272346019179 -0.7103108867044217 0.5291920369895154 -0.03407058549768129 -0.002015835512981899 0.7026047769936921 0.7107613234811487 1648222873.910061 
-1.157347357902706 -0.6276169483704592 0.5299460438877808 -0.037683511798232476 -0.0024713884954981878 0.7010705568340715 0.712091229771735 1648222874.0112977 
-1.1510643693588334 -0.5449934634820054 0.5296073461506084 -0.037905063499868594 0.0030185327988476946 0.7023059726662281 0.7108589279021236 1648222874.1100283 
-1.144173120867028 -0.4615176267214825 0.5285800490937993 -0.033935589122084026 0.012947167639532282 0.6999888748345929 0.7132295014571759 1648222874.2102835 
-1.1364185954328334 -0.37744950838895536 0.5278309659702711 -0.04166587765196102 -0.0004356230612005969 0.7024121455803718 0.7105497467547357 1648222874.3099964 
-1.1284020041661933 -0.2928938927785025 0.5271533608133697 -0.03961677960249398 0.0010039345169373908 0.701874583320116 0.7111972807728012 1648222874.4107134 
-1.1205559792743445 -0.20804333149767862 0.5268653071121444 -0.04013017046344664 -0.004187228026032417 0.7058105448003231 0.7072506708294477 1648222874.5109768 
-1.1133839523154132 -0.12359237461892306 0.5263370187312337 -0.03916046943704622 -0.009337698598387118 0.705561468845132 0.7075042605521579 1648222874.6113803 
-1.1067741514298992 -0.0394110811553774 0.5244114699668514 -0.03352076239271769 -0.001338351436747706 0.7038424262225565 0.7095635322881158 1648222874.7099245 
-1.1007179551091206 0.04424305755128254 0.5226739065528543 -0.03932194618037396 -0.004105524094603219 0.6960623187929348 0.716892026442685 1648222874.8103275 
-1.0945397607505276 0.12707308611257576 0.520508061294829 -0.03217497745953537 -0.003168461212102917 0.6781624308298752 0.7342005510008425 1648222874.9105754 
-1.0874618357680927 0.20890412670577113 0.5187577357526315 -0.03456393157572496 0.003301074095167883 0.652211496815359 0.757241441658944 1648222875.0100021 
-1.0779810275089157 0.2902403727443467 0.5174105363153428 -0.02405250259473004 0.016022397054939002 0.6176487372546251 0.7859228952507438 1648222875.110264 
-1.0644120318834083 0.3700969132526748 0.5164771659690595 -0.024031132444527297 0.021592567234518346 0.5810283822050064 0.8132418365934511 1648222875.2098436 
-1.045926644218128 0.44884281272036 0.5161097610030774 -0.011364436384423726 0.03155599850742046 0.5369909226799628 0.8429210031213994 1648222875.3111596 
-1.0206766075247893 0.5256754482950052 0.5161351329848994 -0.01400882387299391 0.03389305666728106 0.49175932990572113 0.8699584903971684 1648222875.4109964 
-0.9880620840990341 0.599922409195592 0.5152810160695892 -0.009190232407200538 0.03603102674166817 0.44580513338698013 0.8943573602235628 1648222875.5110319 
-0.9480394977436418 0.6705161056264903 0.5140239106012744 -0.0065492111501929615 0.037821555505957144 0.3987008547194339 0.9162773958897016 1648222875.6108067 
-0.9004358328314739 0.7373236056997297 0.5137040077658628 -0.0066709050205735485 0.03936848442114019 0.3496456073985058 0.9360307530671836 1648222875.7103112 
-0.8461423791836836 0.7987439351494755 0.5125083928907201 0.0008277119098997662 0.029871176546373883 0.30142568544419984 0.953021292447983 1648222875.809928 
-0.7850478914920135 0.8550528051213685 0.512840618018739 0.00772019849104281 0.03714646025345105 0.2506797829423092 0.9673263076386863 1648222875.910684 
-0.7193002442644937 0.903807359866144 0.5121030996199566 0.0060212692173981 0.035617938316639466 0.19965261795303518 0.9792006632614089 1648222876.010312 
-0.6481847832718918 0.9466658745169023 0.513811822355429 0.008088711111008264 0.0389200898062313 0.15185660383284386 0.9876028408395716 1648222876.1100032 
-0.5740364615500483 0.9809432925668976 0.5134369449501386 0.004018930402855589 0.03692917036935388 0.09877122486907815 0.994416577552944 1648222876.2110965 
-0.497174387576097 1.0077259017949847 0.5129566169157215 0.015062217371594928 0.026827274575789487 0.049383431986267476 0.9983059168370905 1648222876.3112788 
-0.41836754996016756 1.026424521416036 0.512212473156776 0.02109851564200702 0.023726841321766497 -0.0016797410340718283 0.999494406241803 1648222876.4105213 
-0.3382601162666579 1.0373937671443134 0.5124316153200902 0.021066860858019988 0.0349774525015024 -0.05536845064452326 0.9976307432428689 1648222876.5099034 
-0.2586136749824243 1.0403841163733571 0.5120387213365838 0.023966871384929155 0.027722284174525737 -0.10576613190119004 0.9937155475179128 1648222876.6104372 
-0.17979188033666677 1.0358765682015942 0.5107296534069388 0.023681370252849825 0.025979925481113483 -0.1549705708679817 0.987293450975846 1648222876.7099648 
-0.10250125211700609 1.0238387237257045 0.5088321093067051 0.030184306636696887 0.022759523633539815 -0.2034932463088606 0.9783462630498048 1648222876.8112655 
-0.027598575404647843 1.0046432981934303 0.5073299461445374 0.031850451581004816 0.02479671231094491 -0.255262342320237 0.9660288858961934 1648222876.9101877 
0.0445783632373371 0.9779039002930406 0.5060866403382838 0.03601564921549094 0.021846614106102644 -0.3035711512689796 0.9518771741043653 1648222877.0101078 
0.11323967171911516 0.9440654094471996 0.5054825468181311 0.03353801599031773 0.023618424949967905 -0.3531975372875581 0.934649063092838 1648222877.1111012 
0.17789436611960527 0.9034951021313777 0.5050651817450272 0.03530551607089852 0.020768040061232493 -0.3999454495358431 0.9156232011272732 1648222877.2115154 
0.23773027535086452 0.8564486941875531 0.5051519144638751 0.03652012128241092 0.019344075325424447 -0.4465205721806329 0.8938184749213918 1648222877.3102913 
0.29221039560000317 0.8037296466341076 0.5050815187293779 0.03536635900634105 0.02143401387534061 -0.4923860713722726 0.8693939040609876 1648222877.409887 
0.3402936434370678 0.7455542363822936 0.504226985303672 0.039108507192679595 0.01132500674028813 -0.5347155881435349 0.8440506552830856 1648222877.5107822 
0.3819226017355235 0.6829545731712995 0.5038735292650646 0.03771493615755746 0.011383794539120681 -0.577881763339141 0.8151690992748484 1648222877.6106822 
0.4169188486319316 0.6163169589106655 0.5033882423771988 0.036389213117804624 0.008612431373298347 -0.6186983333965448 0.7847381878351819 1648222877.7101612 
0.44479835559103537 0.5466105009530112 0.5030735736180598 0.03534663276953303 0.0019468920295322783 -0.6568609490670402 0.7531802697588595 1648222877.8113902 
0.46454528067325307 0.4752972625408625 0.5041870150747655 0.04032981734269151 0.0053316732711564535 -0.6922098654831347 0.7205488055788138 1648222877.9099572 
0.47629989333665845 0.40268287170432715 0.5055497806767059 0.03519378201113193 -0.0004262018399549932 -0.7295819370509267 0.6829871251998549 1648222878.0103648 
0.4805347113006057 0.3303331676107822 0.5062024714383417 0.040468495040967306 0.004783937015369439 -0.7623581210159849 0.6458711250526137 1648222878.110262 
0.4765732760913146 0.2582315808600175 0.5056008521243798 0.04093520847564679 0.009488601652647094 -0.7959331316287618 0.6039244365989549 1648222878.209964 
0.4649294206596012 0.18617154680609008 0.5045993653493687 0.03924093847684111 0.0040649502097222364 -0.8255394963057108 0.5629637332604673 1648222878.3109546 
0.4456129724660441 0.11553092149690297 0.5044431580257974 0.04441178707625587 0.0026547717421940083 -0.852127125967413 0.5214402233681316 1648222878.411281 
0.41904585059379684 0.04710146608541026 0.5037265610937687 -0.044410238722303506 -0.0025438557983300013 0.8770403730414652 -0.4783528441951537 1648222878.5102305 
0.3844592981207564 -0.0180778470959204 0.5027383801061699 -0.0494150584481605 0.003773945195368976 0.8987809169932879 -0.43558784715018384 1648222878.6101396 
0.3424517710115703 -0.07890891069501568 0.5014030653619435 -0.03367145057872905 0.005827316605718489 0.9207351680519124 -0.3886888551393231 1648222878.7105622 
0.2946464626524728 -0.13382252403287492 0.4999968968553719 -0.035308423022771214 0.005509435650007557 0.939182573908667 -0.341553881911412 1648222878.8108091 
0.2416788041111879 -0.18323843509233964 0.49838319113478724 -0.05056017490963262 0.002998514051541117 0.9543825106089558 -0.29425958110202005 1648222878.910219 
0.18335959215487813 -0.22726365502645463 0.4979472337898245 -0.04164121284506299 0.008220121094524836 0.9689348232107023 -0.24364676761990636 1648222879.0099664 
0.12121451480843425 -0.265579657185749 0.498572078919609 -0.03670266560110511 0.00825645211173113 0.9806862979332674 -0.1919352244436723 1648222879.1109836 
0.05592488067469338 -0.29669728400929934 0.49892212538419284 -0.04399588476268859 0.016735774939245416 0.9888272021346377 -0.1414391751945537 1648222879.2107995 
-0.012693222675699427 -0.3205611022207495 0.5002946933516423 -0.03979483386529562 0.012400966584267361 0.9951897522145785 -0.08865632697385574 1648222879.3101153 
-0.0842877599973518 -0.33735325246250203 0.5010718848458483 -0.04477670286259711 0.01260755200720238 0.9980898376816906 -0.040654303950221155 1648222879.41107 
-0.15822274510563122 -0.34688219967621536 0.5016456203296441 -0.04152674405628547 0.013224550546053556 0.9989652866611819 0.012999878341021275 1648222879.5112877 
-0.23373638742513608 -0.3481502662311745 0.501930437128532 -0.04852403666877964 0.019978228347143172 0.9966206400605546 0.06319484205824799 1648222879.6102688 
-0.3103664668376329 -0.34153167449390737 0.501328292646585 -0.030247196863965927 0.024907719275012546 0.9926252830061046 0.11471599774852878 1648222879.7104013 
-0.38600158443392824 -0.327130185332418 0.5013670916419656 -0.027993688269266816 0.014013075531223286 0.986363109436432 0.1615790935552387 1648222879.8099232 
-0.4595206773443068 -0.30414507546764147 0.5026988244854833 -0.03262638893779093 0.02177583295725362 0.9768456504976363 0.2103185844088622 1648222879.9107652 
-0.531122890530487 -0.2740159229020521 0.5039091624993122 -0.04337397278519605 0.012235881109408575 0.9656066000639126 0.25607201254982287 1648222880.0103004 
-0.6004103171342083 -0.23647754656887782 0.5054221178258622 -0.025336274022677248 0.021788304497031463 0.9509179319460878 0.30763359652217453 1648222880.1099362 
-0.6660618223210164 -0.19303212037010736 0.5062123513395076 -0.02205945525351527 0.02135188490774023 0.9340646749382137 0.355781759618694 1648222880.2109017 
-0.7267070890130913 -0.144212047633354 0.506079007158605 -0.030036175580684048 0.022913761368510036 0.9147019575310922 0.40235943705252103 1648222880.3109555 
-0.7820197460550786 -0.0892132349058158 0.5049699141541812 -0.02207964091998344 0.02447154949676085 0.8924927288695237 0.44985593431353454 1648222880.4107587 
-0.8319163129924146 -0.028530868907508368 0.5047838354047671 -0.026446614881615604 0.02287781623406431 0.8683071492333385 0.49479276134149003 1648222880.5101104 
-0.8759712350977218 0.0374996167393711 0.5041789783620575 -0.024078484160077962 0.029026962339944944 0.8429833852935581 0.5366159466293198 1648222880.6113467 
-0.913594231869092 0.10781811850822097 0.5047811962600752 -0.02436965861023735 0.02297179221137054 0.8152198071905847 0.5781825684556428 1648222880.7097456 
-0.9442990202008927 0.18193491017602534 0.5045609898320634 -0.02325720472554757 0.025222042647647037 0.7849205074207386 0.6186458987364294 1648222880.8108516 
-0.9680029500875036 0.2586022628188947 0.5040328597955965 -0.022454426195353493 0.023973511205191665 0.7533451844861772 0.6568044629234944 1648222880.910105 
-0.9841651754563433 0.3382531068712701 0.5044416011397573 -0.017420472273070576 0.030217705251093224 0.7186486716556183 0.6944980231525187 1648222881.011324 
-0.9929931822843292 0.4188049883192551 0.5050838415941612 -0.02324193515926194 0.021117906533568775 0.6829421549295678 0.729797135849306 1648222881.1099138 
-0.9942916201103384 0.49982268881112196 0.5054525068631345 -0.014349511658260705 0.02757402620835397 0.6441285186242608 0.764285428415815 1648222881.2105474 
-0.9881505501707134 0.5798664550733802 0.505566893569509 -0.016236475012903442 0.028047268454348878 0.6064905716722676 0.7944299302544254 1648222881.3103936 
-0.9738149513520243 0.6589056802326617 0.5060109274157787 -0.017724968892826383 0.03666169125986211 0.5654190361590671 0.8237979481770191 1648222881.410498 
-0.9506205144988613 0.7368394731673893 0.5068357259425065 -0.008968770994011277 0.037887137880624235 0.5206343801670229 0.8528915336185321 1648222881.5100565 
-0.9201322898373776 0.8124479120371887 0.5079631834882437 -0.006969910253714963 0.0276655461921165 0.4764777064589636 0.8787235248657868 1648222881.6107118 
-0.8830625952866133 0.8838910567584342 0.5079409164817683 0.0010297019383352978 0.026939440022892887 0.4318795071950327 0.9015283121178985 1648222881.7109075 
-0.8402115147589121 0.9520988767313294 0.5089872399077968 -0.01140053974350416 0.029577805849554335 0.38741321861214884 0.9213610471141366 1648222881.8109007 
-0.7915892591951057 1.0149889674727954 0.5086201123913903 -0.002390678905273207 0.03193116122289396 0.33898153139297466 0.9402479497301779 1648222881.910783 
-0.7375401926565814 1.0731754820505366 0.5084578478540548 0.00309890394297296 0.03229743679310039 0.29158419297017607 0.9559947336575024 1648222882.0102882 
-0.6787240521627148 1.1257177256664046 0.5081552176814218 0.0021767008788673658 0.033723435533937515 0.2390664477442966 0.9704149758902095 1648222882.110754 
-0.6146472448612738 1.172250753896677 0.5065156857346829 0.004479728999591271 0.03713453718080998 0.1905140654548439 0.980971635186423 1648222882.2100124 
-0.5462885486137243 1.2119945041803886 0.5039658357915651 0.011190044636642362 0.04513169418154269 0.13685003882123914 0.9894998635451948 1648222882.3105578 
-0.47388174526148374 1.2449699982686855 0.5024839984111366 0.010496272646668536 0.03537746170887362 0.09095265333026155 0.9951712808937713 1648222882.4107075 
-0.39875008093790654 1.2701509813871947 0.5017318774633249 0.016025829347202404 0.032711690429533535 0.04124477074368956 0.9984848456482839 1648222882.5110285 
-0.3225279450220957 1.2879649671554114 0.5008517445799547 0.01767576732669666 0.026789363852726827 -0.006446385419963795 0.9994640270408915 1648222882.6104069 
-0.24555962958754185 1.2982133631319874 0.5000070680533427 0.01581703949871449 0.02954292230566843 -0.05419859200411215 0.9979677097120473 1648222882.7103157 
-0.16837919105617277 1.3005068394715447 0.4985988945824831 0.02294661271902011 0.02564541702652997 -0.1044315278477573 0.9939365279240128 1648222882.810148 
-0.09156445306713103 1.2950373276190674 0.49783040739648765 0.026079236463057546 0.025728275861408204 -0.1523654851226938 0.9876450213462474 1648222882.9110408 
-0.016351034225253663 1.2821683307476426 0.49870859972105996 0.024631137983133294 0.02262985430279906 -0.20327009229264972 0.9785512078145056 1648222883.0108964 
0.056762945472344804 1.26203983166635 0.4991543972760976 0.029449806609837176 0.024845445492553377 -0.2506302169746842 0.9673158259163046 1648222883.1101744 
0.12759014304681918 1.2354897501473576 0.4993630493418704 0.0259304247077742 0.021770086862602376 -0.2986880319272215 0.9537500385194815 1648222883.2098694 
0.1951707433253859 1.2016884411313058 0.49870446889152936 0.03079225740825193 0.021682278725955437 -0.3470983123722656 0.9370722902856957 1648222883.3110876 
0.25853632027914064 1.1618427907283861 0.49832251344489736 0.028824146201225174 0.02018383855945041 -0.39382160619415624 0.9185131048338022 1648222883.4103498 
0.31733255687484874 1.1152014167243507 0.49622638484269804 0.02031315394370951 0.01987395366478132 -0.4413291451571775 0.896895193084133 1648222883.5106812 
0.371098112961414 1.0635695794031577 0.49534236633504564 0.03260753018114491 0.008367128568087313 -0.4824240031810311 0.8752907067310833 1648222883.610371 
0.4185823642494238 1.0068973098369693 0.49528888769210805 0.03265674270093066 0.010082872568702285 -0.5270320327326878 0.8491578824403503 1648222883.7097354 
0.45954110641880397 0.9459523361610784 0.49508179195312874 0.03307705674889311 0.007234799818219444 -0.5689362075515383 0.8216843419010087 1648222883.811162 
0.4937383211013439 0.8813088702767968 0.4950953255073821 0.03780731057541757 0.007065680177833945 -0.6081104970953534 0.792920113727178 1648222883.9099169 
0.5202673209147178 0.8134731747809284 0.4959405980394629 0.03654852128694355 0.008437425090754559 -0.6480539774449691 0.7606701372916721 1648222884.011147 
0.540320836442687 0.742689268920023 0.4960929033440288 0.030948237723890906 0.014454817464234115 -0.6868126411033909 0.7260314461884182 1648222884.1104069 
0.5517436000972108 0.6715183771745652 0.4979423999082047 0.033666428034607836 0.006489368487444388 -0.7223192506246378 0.6907093164979655 1648222884.2107253 
0.556224971845928 0.5986387429472633 0.4975931363698654 0.03569080164661312 -0.0012234295952916311 -0.7553524841894455 0.6543449354328962 1648222884.31007 
0.5529388851277208 0.5267843111475637 0.49770694197395265 0.04266675913009555 -0.0016721055679757193 -0.7864880891191594 0.6161276145426348 1648222884.4108765 
0.5419032945286997 0.45576111229058625 0.4969677503142775 0.036885488503759015 0.002958910444994467 -0.8176282839633162 0.5745560850343684 1648222884.5113091 
0.5232261214971801 0.3860711327066517 0.4955306942447656 0.046761114938278496 0.0030061892384487835 -0.8421994147572459 0.5371261553290292 1648222884.6099687 
0.49691038342950833 0.31878845743050493 0.4946327298216009 -0.04679983895592961 -0.0018034951939332996 0.8678956363739239 -0.49453380758233945 1648222884.7108603 
0.4633613122146633 0.2544136787553902 0.4951830279753876 -0.029178248781518604 0.0015961550825455888 0.8930601052895978 -0.4489874501888987 1648222884.810276 
0.42832614770787475 0.20123683769152548 0.4974203725606551 0.10000237074928861 0.0669835334798528 0.9011788793219792 -0.41640047976804395 1648222884.9098372 
0.40125763979018225 0.16863891428646433 0.49495846021470763 0.1190458627020977 0.07093310580197727 0.9024909402030099 -0.4078071602194915 1648222885.010862 
0.38881766136429363 0.16518574896609117 0.4887439982214021 0.12852265750981468 0.06652559016268543 0.9035061266257265 -0.4034017247235044 1648222885.1105945 
0.39218446987071537 0.18769028591026812 0.4815195284114938 0.08852988285334164 0.03687733299526441 0.9082920376529665 -0.4071954033254209 1648222885.2102828 
0.40815830262336233 0.22867201618629354 0.47786834888313023 0.05010820586802767 0.002759183817090107 0.9111981152971337 -0.40890041487910284 1648222885.3099837 
0.43206097626064416 0.276864658083882 0.4788156848342504 0.008458637057446382 -0.029350717779911512 0.9122695821794625 -0.4084497475272119 1648222885.4103308 
0.45728546895272 0.32370304372174746 0.4845933885789052 -0.024626496445719993 -0.04985969469755925 0.910353133881497 -0.4100789169777111 1648222885.5097563 
0.48030587934578306 0.36219155200006314 0.4927522664773011 -0.050205828449481564 -0.06134065264730561 0.9059966266526177 -0.41579659885162734 1648222885.6103122 
0.4984869664725649 0.39012977344604066 0.49965515391170795 -0.04647276093630778 -0.06081291062533047 0.9077033724989636 -0.41257321767928695 1648222885.709854 
0.5114704791485063 0.40692425041602026 0.5038961906760561 -0.046646678010026574 -0.049515299430318974 0.9067443314072245 -0.41615747021268296 1648222885.8101456 
0.5188955288338664 0.4146960575132664 0.5058370984021332 -0.042372291353964156 -0.04551747044224618 0.9048235002932836 -0.4212210608777346 1648222885.9112885 
0.5222815457888998 0.415933577021592 0.506003837096205 -0.02992767995229068 -0.0316988743565795 0.9055425383970347 -0.42200974691427945 1648222886.0098693 
0.5217330230676509 0.4141727554739106 0.5072935052546879 -0.013893026753829085 -0.022694902534583276 0.9059833553814247 -0.42247613539509965 1648222886.110203 
0.52064584556992 0.41013557879323426 0.5064875330662638 0.0009226349165654273 -0.01849649348834334 0.9064802586578122 -0.4218418769362666 1648222886.2098398 
0.5183785386274301 0.4072714841106558 0.5070738085997559 -0.007272794385083033 -0.017090675964942837 0.9028163379363394 -0.42962504025267306 1648222886.3102715 
0.5165626978220496 0.4055158772220447 0.5078181571091804 0.0025299140081805256 -0.017616031472876496 0.9040560716634328 -0.427043199522882 1648222886.4098587 
0.5155673522292009 0.4045870781577682 0.50706113444305 0.0006218041986120786 -0.02201488678434222 0.9020498629080782 -0.43106960336693717 1648222886.5103073 
0.5144095106955042 0.4059075914455109 0.5078513136698996 0.005541610527921756 -0.024582993704386914 0.9035758465204181 -0.4276863997816588 1648222886.6104243 
0.5145861856411899 0.4073705013304149 0.508103509419177 -0.003216818277978504 -0.02820740729607592 0.9009816558748205 -0.4329273034019296 1648222886.7096877 
0.5151796119686091 0.4088010250602183 0.5075850661741065 -0.004458614091395318 -0.027842910484435362 0.9008602863098775 -0.4331923794872497 1648222886.8113012 
0.5156814702839079 0.41069246863427955 0.5077903021141439 -0.0030868807053742115 -0.021866518745752763 0.9018282406284392 -0.4315300116219801 1648222886.9097111 
0.5159580696320378 0.4123580085938787 0.5086630317757156 -0.0045141939474957595 -0.02411366629751224 0.90086091675639 -0.43341407661903775 1648222887.010348 
0.5168958418130418 0.41263173893699595 0.5081706967327759 -0.007318685440626432 -0.020673274070573507 0.9002741023820457 -0.4347707363229796 1648222887.1097958 
0.5176419714220892 0.4125242528608173 0.507948647480618 -0.0059732485954571 -0.022544299922378542 0.9005723404496285 -0.4340801014321033 1648222887.2108445 
0.518084374075665 0.4117111175102544 0.5078888256737544 -0.004681517939320443 -0.024217570334418067 0.9002408834258581 -0.4346929312578158 1648222887.3110485 
0.5183469096917185 0.4106237622734385 0.5081672293633325 -0.005582173673573697 -0.020815040622417572 0.899710196761258 -0.4359554280712464 1648222887.4107552 
0.5179048595845059 0.409447564087638 0.5082805191505178 -0.005531246701969773 -0.0217582439984616 0.8991796828365463 -0.4370032975870931 1648222887.5100443 
0.5180267042526289 0.40763281668654333 0.5067576344013007 -0.009743061155772637 -0.023164638121960585 0.8975901494994315 -0.4401140713742084 1648222887.6112986 
0.5171319155363748 0.40692367640222554 0.5068506225240242 -0.002529219525879545 -0.019821937833775394 0.8986036875735712 -0.4383059508018156 1648222887.7102916 
0.5166810670106479 0.4061199973260636 0.5061744903626028 -0.0029981934453310573 -0.02139020605265148 0.897971821474107 -0.43952255659927636 1648222887.8098502 
0.5162667362213119 0.40541813811239846 0.5045511432218598 -0.0027999843829871526 -0.021793379005328933 0.8977913167700333 -0.4398726636781544 1648222887.9109876 
0.5165009896098193 0.40452710488500887 0.5019167923277937 -0.001877038455770292 -0.022033793063513264 0.8973542024075061 -0.44075664953742716 1648222888.010469 
0.5161836048672673 0.4040919483295627 0.5008237105507994 -0.0010724342652711936 -0.021829997767485343 0.8972198415692041 -0.44104291965380266 1648222888.1104927 
0.5163027729402845 0.40366612258431367 0.5017349835818867 -0.0021555588824087434 -0.021757939898520904 0.8963907514375424 -0.44272515893555764 1648222888.2103262 
0.5167027103054365 0.4031450911296804 0.5027693628072394 -0.01233003699403657 -0.02081601263932547 0.8944789908591767 -0.44645492349964494 1648222888.3098319 
0.5169539807470125 0.40307466054240154 0.49998181181817747 -0.004432641461251818 -0.02033508698199933 0.8972982189884898 -0.4409339430427133 1648222888.4111834 
0.5171885885866995 0.4034544970250997 0.48799907907454315 0.0003888712490545785 -0.020621119072524043 0.9008294936738662 -0.4336828813253232 1648222888.5100734 
0.5169111503310444 0.4039887287800453 0.4699305405467702 -0.006089224594929817 -0.023313696372169262 0.9009494013720006 -0.43325462383306734 1648222888.61092 
0.5165470489993613 0.40432332624602974 0.4508482518295412 -0.0052788234695741515 -0.022517015560921158 0.9014145898043001 -0.432338820048526 1648222888.71128 
0.5160133101235822 0.4038492874737041 0.4324263762616175 -0.008363326120796044 -0.019375514769730023 0.9014142804997786 -0.4324429894386909 1648222888.8102794 
0.5152195944634466 0.4036339515576986 0.41429437823838955 -0.012332318551602217 -0.019925586945974363 0.8995814703039282 -0.4361239080695108 1648222888.910381 
0.5137355597284273 0.40435813767823825 0.3923381521321033 -0.0035104925288539086 -0.019942121153208623 0.9008386999402584 -0.43368147866384693 1648222889.0098047 
0.5126567901703362 0.4043461223272386 0.36599826646071243 -0.0010582524375091803 -0.026834265835248592 0.900225344919279 -0.4345953642686803 1648222889.1110597 
0.5111990959898688 0.4049760504336716 0.34273212612487425 -0.0015087978775826746 -0.022536427787425088 0.8987340497246057 -0.4379120240609486 1648222889.2112741 
0.5097111123990586 0.4053208604713552 0.3240196118686026 -0.004855663661479092 -0.02244074866190438 0.895653015821939 -0.4441604558928736 1648222889.3102036 
0.5077466150495877 0.4069691480823068 0.3080260619900906 -0.0018096585927386158 -0.019640144947193808 0.8951536778828312 -0.4453211007970221 1648222889.4094973 
0.5069039191314911 0.408299542329586 0.2849206611205315 -0.009046049191197114 -0.025541953022619125 0.8914961508646374 -0.4522171940819549 1648222889.510787 
0.5060496184098723 0.4096638284013109 0.2578770158258229 -0.0035472719437822497 -0.02481996810723279 0.891765545306599 -0.45180260982970977 1648222889.6107943 
0.505089851851701 0.4110143339078377 0.2332609672320651 -0.0105785557114743 -0.02736750604335978 0.8884383929045688 -0.45805713157331485 1648222889.7102726 
0.5040908584053925 0.41151852060091487 0.21375916992144392 -0.01747301466842525 -0.019125969077647954 0.8846844306281894 -0.4654700304738366 1648222889.810549 
0.5028927239475206 0.41254469918444325 0.1971740218145611 -0.0029272733081488382 -0.02259989183177905 0.8859168399298677 -0.4632839611823925 1648222889.9099917 
0.5021451949837781 0.41276679895265095 0.17417571534211398 -0.011061831907006601 -0.026028077233971103 0.883486125892277 -0.4676028661441451 1648222890.0103257 
0.5012027057181092 0.41302249914805667 0.1487884565571519 -0.0015695096946582731 -0.02424442222492507 0.8850898561137946 -0.4647856400909565 1648222890.1096947 
0.5010243950547089 0.41194012813661984 0.12447382458534802 -0.005602264827161439 -0.022959030922291505 0.8834008204460331 -0.46802188833770514 1648222890.2105026 
0.5007516300328295 0.410804128451156 0.1051594535448791 -0.014205398170261088 -0.023941860067118483 0.8802975611053465 -0.4736044741251181 1648222890.3106868 
0.5002743405664138 0.4098656392887923 0.08900476364807386 -0.0007791224834145068 -0.023195718165353263 0.8822326234680955 -0.4702413738874441 1648222890.4107404 
0.500165652439831 0.40864100097342004 0.06847424136266474 -0.002053539091602887 -0.02221936316747966 0.8840079440951092 -0.46693900849508096 1648222890.5104017 
0.500505154230075 0.4073357752444806 0.04753907201133843 0.007145676017652159 -0.022859060485044408 0.8877642834569741 -0.4596748630131056 1648222890.6107793 
0.5020044011199291 0.40573659311988275 0.03382947650824013 0.007507197579388499 -0.017901129341930253 0.8875105609489832 -0.4603783180785221 1648222890.7106721 
0.5051698335824453 0.4042742279051196 0.028665438355847315 0.005493671478549071 -0.023425475441058028 0.8871758923578648 -0.4608036487410582 1648222890.8104076 
0.5085493272005122 0.4032718837339681 0.02376304349776187 0.002947301137878819 -0.0062223041515797545 0.889398757863834 -0.4570803494543568 1648222890.9101384 
0.5124711706991333 0.40317121193272154 0.012244195204489274 -0.0069791865399656695 -0.018379182554071477 0.8899321134053254 -0.4556691015790028 1648222891.0106566 
0.5145674355561052 0.4049465704396321 0.013977121500868873 -0.001624458609181986 -0.013143579329693424 0.8960496199098928 -0.4437563364234562 1648222891.1103792 
0.5163316496469484 0.4076149998427138 0.012635237585084311 -0.0010127917249240766 -0.012541677244038188 0.8958184323623021 -0.4442420700752868 1648222891.2101154 
0.5170731734723545 0.4099502168794719 0.01206034423327597 0.007606715758884553 -0.010890659880408365 0.8993441664685949 -0.4370395881858314 1648222891.310843 
0.517183752049074 0.4132593048028629 0.012286867250162077 0.003613507083714911 -0.012977162919393766 0.8980469330103646 -0.43969334986988057 1648222891.4105773 
0.5178089296514252 0.416218719609101 0.011596308526434127 0.012876030953545132 -0.011626242031095907 0.9003555374341822 -0.4348090897563239 1648222891.510309 
0.5177837403456219 0.4196113488751531 0.01222634246543935 0.005271525435528789 -0.009917278997699886 0.8993977321924156 -0.43698693106774283 1648222891.610055 
0.517952741690863 0.42157849507880285 0.011385344398577519 0.010045001389496953 -0.010414596627181198 0.8992982850453333 -0.4370963608161257 1648222891.7107162 
0.5176627222674723 0.42319842840382577 0.01162405775317892 0.009624457090190714 -0.006422891086699803 0.8989582272565002 -0.4378815158734817 1648222891.8110075 
0.5169553826178733 0.4247674628920544 0.012341001924488905 0.0035416624133467064 -0.01123829680264259 0.8960513453882818 -0.4437940330155146 1648222891.911153 
0.5165816807736625 0.4260409989072678 0.012285655532530599 0.005264826204960546 -0.011853158709357162 0.8953552066869477 -0.44516383286630073 1648222892.0102959 
0.5171575156342135 0.42656196353704207 0.012244744189522818 0.007507298468585046 -0.012135439926593645 0.893127471264742 -0.4495772365675771 1648222892.110049 
0.5180105042934243 0.42731989406599413 0.012026256915727479 0.011506100268380257 -0.008877532393783978 0.8911501560663735 -0.45347568668903243 1648222892.2103136 
0.5184583911216367 0.4276842989689794 0.011344284424271232 0.009139247295166035 -0.009262282685432298 0.8902899518199384 -0.45520817871253666 1648222892.3096528 
0.5182568406482291 0.42848718955449316 0.011917661761904954 0.010841170804170039 -0.008031006547496174 0.8912788993785671 -0.4532547798666431 1648222892.4102802 
0.5172805925784095 0.4291466409669551 0.011619452869187908 0.00923419596594813 -0.007173464899035915 0.8967134879154349 -0.4424569940872672 1648222892.509682 
0.5164020306756456 0.43017901465822295 0.011954701725120663 0.01167526170720765 -0.009187026087159393 0.9007471884585269 -0.43408960975794053 1648222892.6100621 
0.516633980394842 0.4311538243855029 0.012514662730160822 0.008180713255604712 -0.010251020124580132 0.9000884902418858 -0.4355097039689446 1648222892.7111318 
0.5179574183510331 0.4312101445874153 0.01155785618728969 0.01808629107639686 -0.010390526417736924 0.8973384676188432 -0.44084985830476203 1648222892.811277 
0.5184995135398631 0.4326298135288387 0.01267169305959178 -0.008595363955404214 0.008549158339986287 -0.8520654109110953 0.5232949141154138 1648222892.9102802 
