-0.33421103465111524 -1.5095055872128003 0.00781937855086323 -0.03233706423786539 -0.014020984592780892 0.6990488662950153 0.714204738712352  738559.4461936468
-0.33414786509979605 -1.5098559287997093 0.007512154903122076 -0.03256481233020213 -0.01908597764092373 0.6995033139273982 0.7136318184189777  738559.4461947366
-0.333859751630123 -1.5095217326778536 0.008067116309574802 -0.03520757834856487 -0.018992506567554402 0.6896449596754888 0.723041866502421  738559.446196014
-0.3335296182369739 -1.5093017352430476 0.01188335568671442 -0.0340324945016841 -0.05143492580706852 0.6722814080951325 0.7377221333638027  738559.4461971093
-0.33468543817394103 -1.5088791191253286 0.015582996792347554 -0.031243602421871224 -0.009392251359215863 0.676946964325342 0.7353083913657003  738559.4461982051
-0.3370232899650593 -1.5078676534267124 0.028746822512594434 -0.03225877193698562 -0.023825622926049814 0.6661182366753197 0.7447672160439571  738559.4461994556
-0.3380571157495656 -1.5081134213450047 0.04578345259277934 -0.011094870851019286 -0.006693431404950491 0.6617490042018251 0.7496134719004984  738559.4462005006
-0.33752441808229744 -1.5091618448936528 0.07450366491976942 -0.03253870109643662 -0.0157190571357727 0.6570814076777095 0.7529529652362085  738559.4462017948
-0.3363807387669545 -1.5094262392261972 0.0974872330064387 -0.03540422184860972 -0.008248062130787078 0.6581949475473581 0.751969362121564  738559.4462028593
-0.3315782963682594 -1.5102918447619713 0.13485643084308319 -0.043463766918329684 -0.017665182989307016 0.6542963548133603 0.754781506366692  738559.4462041153
-0.3265454526224563 -1.509411978813083 0.17193481376082856 -0.04543444407877363 -0.01609576623622803 0.6544321871459292 0.7545827655253711  738559.4462052186
-0.3216678490266768 -1.5076898458865042 0.21083314176414086 -0.0471836002689132 -0.02566775034000333 0.6529498049949679 0.7554941605434022  738559.446206307
-0.3162131944319061 -1.5035564736748652 0.26213407299949604 -0.04987955881936404 -0.03579831658428067 0.6528520158810135 0.7549932155336325  738559.4462075813
-0.30439766634177867 -1.495070322272742 0.3053618884233931 -0.01847987526319395 -0.029960411481900175 0.6640927945508768 0.746821014821958  738559.4462086622
-0.30065473517515295 -1.4910640070707846 0.35451376442566257 -0.026858075535612685 -0.03234819601943663 0.6655082650558858 0.7452053321971848  738559.4462099308
-0.30016176152957014 -1.4888992675105033 0.3921746831693448 -0.025628128630422294 -0.03499870872869436 0.6692356977287773 0.741782899705637  738559.446211017
-0.31001354153547517 -1.492503497759653 0.4184572284761723 -0.0358591409067587 -0.026177607424910612 0.6697291575257447 0.741277080748348  738559.4462120788
-0.31158629221737627 -1.4918169535407217 0.44381660525373434 -0.028024346968601115 -0.018571391055085384 0.6722418543059001 0.7395678662101455  738559.4462133555
-0.31096262414662934 -1.4907303404132513 0.4603912773076531 -0.028280460004963513 -0.013284881650943473 0.6746745394712567 0.7374537228129477  738559.4462144381
-0.3084081421886917 -1.4884684783847597 0.4774199302131285 -0.030391810493872715 -0.027494469837871568 0.6725204404859728 0.7389429268298007  738559.4462157012
-0.3048233774236296 -1.4862700710217245 0.48950272453216903 -0.035623423635107926 -0.022292152512927568 0.6736421740512338 0.7378619470906339  738559.4462167845
-0.3013847062002177 -1.484787610755443 0.49755998023833364 -0.03216651291189603 -0.0347778941614732 0.6728304477997491 0.7382784041527772  738559.4462178649
-0.2975449238110686 -1.483659671821584 0.504575247424468 -0.03680868073715296 -0.03497467310095124 0.6746802849109809 0.7363616003135346  738559.4462191367
-0.29499955841032743 -1.4832427343295926 0.509652453044365 -0.038711260854620295 -0.032432713211220196 0.6759629534851094 0.7352031303745191  738559.4462202206
-0.29293652758151795 -1.483048792274523 0.5147461088152631 -0.0381890020924293 -0.036693328305691254 0.6748466292300748 0.7360551791773775  738559.4462214949
-0.29187276456266703 -1.4830914094891274 0.5195735322297829 -0.042114013096218685 -0.02919392530846728 0.6767083078844958 0.7344657859057274  738559.4462234929
-0.28968310411319603 -1.4752858037622922 0.5229422056924281 -0.10495517009675183 0.07481673600495564 0.6978853336640318 0.7045160958701865  738559.4462258542
-0.27975498735698257 -1.4175223920601565 0.5227859622222021 -0.10573863684443172 0.05254314048358508 0.7813685429353512 0.6127983021986027  738559.4462270273
-0.27416133347778704 -1.354512460156374 0.520614274144056 -0.11897484623460691 0.04610109493768018 0.8365736660151656 0.5327890542596994  738559.4462283471
-0.2790342690503524 -1.2198755290873926 0.51317813432585 -0.10971905598805522 -0.016716498284432824 0.9035009285944008 0.41396661636809806  738559.4462292739
-0.2934207582717616 -1.1442293065460323 0.5107772717256711 -0.10604259994068396 -0.03824054597566089 0.9199253155793164 0.37553966687634827  738559.4462306917
-0.32547783727169455 -1.0500986186179349 0.5104270326273094 -0.08942942688420981 -0.09909483681639182 0.929438116633544 0.343987468190609  738559.4462314215
-0.34276161349329237 -1.016379564066135 0.5137044216502347 -0.0464062351739225 -0.1490962407991683 0.9292790937849729 0.3347493661991293  738559.4462325092
-0.3932023386042407 -0.948554600431507 0.5227210977638019 -0.008889714484044598 -0.15688592939320734 0.9340709171196734 0.3206544868328434  738559.4462349094
-0.5075618530827759 -0.8847011871803789 0.540621920943321 0.0157730822541591 -0.07909318442680228 0.9324878451010246 0.3520822301569323  738559.4462362718
-0.5803914002332468 -0.856872532287645 0.5520313405768357 -0.08128904744192841 0.03388279091445699 0.9300731485240604 0.3566622851387183  738559.4462377785
-0.6377820569040454 -0.8190323607845449 0.5594732987112634 -0.05632907111561155 -0.05014223487434246 0.9320165898402568 0.3544825359472554  738559.446238878
-0.7035277945533609 -0.7684737960200148 0.5660692464861788 -0.039785730358766654 0.0010853406013391384 0.9368091879431925 0.34756936441639225  738559.4462402678
-0.7648407339232212 -0.7083724551009425 0.5683723190041549 -0.007743699615191573 0.0033254196746475852 0.9400513200449879 0.3409288670411071  738559.4462409666
-0.782983654043389 -0.6871515427059122 0.5680421975832841 0.01952667392379362 0.0005990994432823084 0.9398768028816682 0.34095446248768296  738559.4462420759
-0.8187018216169017 -0.638946561839962 0.564332344803177 0.0065872341622338106 -0.03775029120562794 0.9397160529070906 0.33980180071432864  738559.4462428441
-0.8448329941783892 -0.5963791907829658 0.5575107836241131 0.01750333088663117 -0.04345923814182729 0.9402313215271044 0.33729807299686715  738559.4462451558
-0.8903857794989278 -0.5090097587264156 0.5431484565783872 -0.12939874815141353 0.017892660605113412 0.9333563036417967 0.3343378936427034  738559.4462453766
-0.8956467107990949 -0.499318616060552 0.5413424103526101 -0.14031983718273275 0.021081259762692293 0.9320384790616305 0.3334219508795302  738559.4462457085
-0.9056151544267818 -0.4837479469382195 0.5376365071496741 -0.13865395910203135 0.0042552465732021445 0.9335431708272947 0.33053611104333824  738559.4462460646
-0.9152148192238194 -0.4682719683031004 0.535417509290433 -0.09727113551138442 -0.03182952728240555 0.9378221432493016 0.331684842916572  738559.4462471096
-0.9474295118010428 -0.42227703370083736 0.532970389039191 0.04167378688321143 -0.10528502685274878 0.9372548470117154 0.3297449171109008  738559.4462476731
-0.9782378692684588 -0.3819248044055829 0.5343896239727234 -0.021990601901958895 -0.019547773565070488 0.9416292922181871 0.3353633462579271  738559.446248303
-1.0177278809846806 -0.3343863664514805 0.536741513340349 -0.09852421552276863 -0.06244669156955568 0.9378616942947724 0.3268162052930955  738559.4462502191
-1.0533412450431798 -0.2984672148120226 0.5405006404514426 0.07196075749118946 -0.10958907436150365 0.9397249016419913 0.31579897624253467  738559.4462512627
-1.0860078302716283 -0.2680147394251122 0.5428960310476941 0.02623705521978409 -0.028953113944651943 0.9481475525642034 0.3154196453818519  738559.4462532365
-1.1375497074748215 -0.21740303656894452 0.541690158133772 -0.07045114006080636 -0.023112229112754862 0.9472633345571804 0.3117605439005771  738559.4462557784
-1.2321822187806726 -0.1178904246942115 0.544467089280177 -0.1256640826646158 0.013693670377828471 0.9428639358665875 0.30826712468541284  738559.4462567051
-1.25019834228651 -0.10148118796469532 0.5444659180656619 -0.10568538321483067 0.01787477680749156 0.9442830421961532 0.3111922691031941  738559.446259323
-1.2824923477238126 -0.0737598282244006 0.5200858223630891 0.22069450649625927 0.08316490578692774 0.8557493159526617 0.4605112827004087  738559.4462606425
-1.2320796787013444 -0.07210176950734845 0.43943380409424593 -0.1860876323492554 -0.3137459498616383 0.8237939540050747 0.43393362784733736  738559.4462610132
-1.2304239481958152 -0.07352648682574707 0.4320625406511175 -0.23506802118479148 -0.3270459016438858 0.8082181066107458 0.4296131932107594  738559.4462619479
-1.242455944725627 -0.0920331377273703 0.35934910198060865 -0.562715503786631 -0.34901799325388305 0.625523717277359 0.41262304989748816  738559.446264117
0.0 0.0 0.0 0.0 0.0 0.0 0.0  738559.4462653891
0.0 0.0 0.0 0.0 0.0 0.0 0.0  738559.4462667912
0.0 0.0 0.0 0.0 0.0 0.0 0.0  738559.4462686537
0.0 0.0 0.0 0.0 0.0 0.0 0.0  738559.4462703655
-1.7933547910170882 -0.010480816999735907 0.06358192770787145 0.46327722978466696 0.7700138540349943 0.32143335609089746 0.2985522911473995  738559.446271407
-1.8508056485941242 -0.005472696429653256 0.015895910561883272 -0.15252013277537205 -0.36794147767620095 0.6021234326413553 0.6919566821469594  738559.4462716343
-1.8483953530117796 -0.007117726942270814 0.016668878415236354 -0.09600796246912725 -0.33589266406078894 0.581813178945574 0.7344739710690353  738559.446272909
-1.8389776667121556 -0.0059153419225975445 0.006923116009386249 -0.036112215529487686 -0.17335874989587566 0.5901770886272852 0.7876126305383331  738559.446274867
-1.838782985557246 -0.006528193533540811 0.007143946353370563 -0.045392753617809735 -0.0895546392273213 0.5688263704548442 0.8163063302382418  738559.4462773829
-1.8461460646293766 -0.014100719935980086 0.0002457007908659268 -0.06310009597928927 -0.22662885001504116 0.5550482025999028 0.7978591573823552  738559.4462793363
-1.8452515458662924 -0.015015836230739626 -0.00037697430074613435 -0.05017246798434611 -0.2575481922987228 0.5583701537477829 0.7870034456746027  738559.4462800598
-1.8466818830471992 -0.013303409585340402 0.0027699794127032068 -0.05076648009885885 -0.2362297238624076 0.5604223318806031 0.7921774371892765  738559.4462801173
-1.8460189863634306 -0.014195541590815963 0.0005838816776096669 -0.06175154835584459 -0.23226463023135294 0.5554766270939269 0.7960437202638453  738559.4462812119
-1.847036662996105 -0.016093669030568372 0.0013539262624251407 -0.03651507458759381 -0.21061992981591704 0.5634031026819906 0.7980493959527237  738559.4462824549
-1.8462064123260753 -0.014527940206174109 -0.0002598366542639514 -0.03439555371228849 -0.33205543102935026 0.5380391208114684 0.773996150562236  738559.4462845988
-1.8672156798347492 -0.002308691046095194 -0.014336122838436157 -0.2762075916831466 -0.38623650101643814 0.4787864074524158 0.7384404563795137  738559.446286234
-1.8464718324713711 -0.016836126593393952 -0.0010589562558088802 -0.06381099643632407 -0.22564420238918875 0.5574093450133196 0.796434349305561  738559.446288029
-1.8477427499268981 -0.014337491000627709 0.002622236845040078 -0.08328206595496593 -0.23963402931915492 0.5566764403077651 0.7910442277703658  738559.4462889421
-1.846214345544295 -0.012901768580467604 0.0023690740879571733 -0.101367925360793 -0.2688103127962477 0.5433764963120896 0.7888013328449882  738559.4462899768
-1.8459316711184177 -0.01714887190489124 -0.0011371524162549721 -0.05736463797936571 -0.2307117222548029 0.5595101758809771 0.793996072162424  738559.4462918453
-1.8473072925483687 -0.011514018912398977 -0.00010873610692299618 -0.07290870594799401 -0.30398574759854924 0.5350069157203533 0.7848850782027488  738559.4462934365
-1.8414001281818202 -0.008786644713846933 0.0008878676073940958 -0.03563872382509622 -0.292050665204906 0.5757551966996725 0.7628513903708979  738559.446294666
-1.83779618558442 -0.005790250119826951 0.00018789120998955865 -0.08813687775666558 -0.20350551383403107 0.5647134697763424 0.7949315025029626  738559.4462959485
-1.8374296173942941 -0.003988719195715378 -0.00024616998604680873 -0.10452972831758503 -0.1669167076166612 0.5814277210433858 0.7894011361903154  738559.4462986516
-1.8543610729308797 -0.03640313175671672 0.01387676169018001 0.21966940499843093 -0.31580827311725274 0.17327684500853527 0.9066342273057102  738559.4463008543
-1.7655966711641093 -0.053582385662701515 0.24089605094958302 -0.2364738152769925 -0.32446879652830113 0.38425723866404754 0.8313522173556164  738559.4463017896
-1.7587522668374094 -0.008735044725494178 0.27719977602869855 -0.14371739381218437 -0.3132511902609758 0.09844324337509412 0.9335566026490881  738559.4463042105
-1.610570273958167 -0.1413470771154375 0.6219908111214886 -0.3419717346868749 -0.33506156967769907 0.6125981680145716 0.6288978945310255  738559.4463060171
-1.518286085035753 -0.21971729953459382 0.8759251890309382 0.5849614011506374 0.7337217024496433 0.3345853920489807 -0.08674812934991812  738559.4463064836
-1.490019977782638 -0.2371054172710826 0.9241975826127065 0.5972430751277601 0.7204611665893517 0.34915882533584025 -0.048213393769194056  738559.446308183
-1.4153988409363736 -0.2673191762903411 0.9920972335412244 -0.3630782687000324 -0.34778491729446664 0.694938221839379 0.5140823765963878  738559.4463099518
-1.342345792843396 -0.3012516071180121 1.0811672331013589 -0.3534564175649649 -0.3614194936275121 0.6559948818346322 0.5604598339889674  738559.4463123368
-1.2762106292409572 -0.35179305097551594 1.183953020728942 -0.0180844098323177 -0.1579083613314722 0.6692626534033821 0.7258273929124543  738559.446314654
-1.2658063252648886 -0.42326729347775494 1.2318601847968171 -0.03872209504301376 -0.11801764604504869 0.6291208533727466 0.767319611654109  738559.4463167929
-1.2599358329983212 -0.5422893497309818 1.2523805392133178 -0.0847277592104306 -0.10152390200644061 0.6448453375018025 0.7527872175075454  738559.446318247
-1.2388760615147727 -0.6384417836595835 1.2742051800792482 -0.11610674439620722 -0.0967224640166148 0.681081181806055 0.7164442844003545  738559.4463193846
-1.2084535604849944 -0.6725832118003052 1.2833615994084004 -0.14044584955473596 -0.10492682844422646 0.7105513071611891 0.6814559148668459  738559.4463202121
-1.18194818257481 -0.698942629759779 1.2881018413549292 -0.07851328048749034 -0.09554114768843983 0.7483865672158071 0.6516326418285141  738559.4463210881
-1.1201400228162 -0.7389530660349969 1.2863264424468548 0.1608480752058211 -0.13840440713404864 0.8008586978504456 0.5599977346969751  738559.4463232628
-0.9603431055182953 -0.8075554068199665 1.2621572968984647 0.5887066235510493 -0.19020422053683086 0.7300336105272867 0.290340822788656  738559.446325346
-0.8299439799848088 -0.8822328164769254 1.2531517833291859 0.6598172869906975 -0.21441989049530594 0.6851217744756147 0.22197615297054174  738559.4463262126
-0.7593101111922592 -0.9381757728006521 1.2589964509477922 0.6816471249016864 -0.20476005653325668 0.6747868286679827 0.19517492722675486  738559.4463266187
-0.7289249829000507 -0.9607043932010284 1.2659687219168467 0.6808544457305187 -0.20657780395972591 0.6762870052733236 0.19078448872642872  738559.4463276167
-0.6721401902557314 -0.999407060030493 1.2780155151679229 0.6720713884531386 -0.20308887213400884 0.6812275143388233 0.20737413663655077  738559.4463288153
-0.6212841783058529 -1.042952338350593 1.2912231289026217 0.6677984890526322 -0.22592847573900107 0.6786576586839403 0.2059739890833439  738559.4463307846
-0.5093267145117417 -1.139723608204176 1.2903048877653747 0.6634695222198751 -0.23918048719006782 0.6868202107045802 0.17572389080762066  738559.446332076
-0.4266041737319415 -1.2026422469680338 1.2797272707321719 0.6494591257417084 -0.22477959630571762 0.7132079308037959 0.13788192236120894  738559.4463327071
-0.4190413612062663 -1.208295793842615 1.2792811359962 0.6437824929756789 -0.22291668982597868 0.7195951294352786 0.13429482800194964  738559.4463349176
-0.2726806111459764 -1.3151975390230193 1.2877052792855639 0.4439302570010043 -0.21300990586192484 0.8702598222338703 0.014161522841435278  738559.4463372161
-0.12797674651670418 -1.4114296663427355 1.2954664560965463 0.4292408964286706 -0.20567618397899762 0.8790952632633583 0.02531952378848396  738559.4463389628
-0.029809826296581538 -1.4698461212460647 1.27318808366876 0.4502586086863356 -0.23829316454207125 0.8522878547244785 0.11869694909944703  738559.4463396508
-0.008919195725486197 -1.48231352138665 1.267978124037756 0.4436335568953399 -0.24590192860543406 0.8513716252698571 0.13374552100866471  738559.4463415531
0.12941330490305375 -1.5561342492454897 1.2299424397377559 0.38935710098101706 -0.29571965845743464 0.8408089210129513 0.23236025878474337  738559.4463424146
0.19102095792215612 -1.5865005169953563 1.2103877590301932 0.4038091179847477 -0.32823957329292175 0.8091745710042343 0.27282502157422134  738559.4463427183
0.2172130588394809 -1.5993194209235084 1.2030130117902909 0.41156753321796574 -0.3370692907053032 0.7980648139041664 0.28300002062263346  738559.4463457187
0.3851056308396364 -1.6847856439234479 1.1755394503040106 0.5782679545354924 -0.3363436566174531 0.6933921360705437 0.2677432782462844  738559.4463465249
0.4217877284087043 -1.7075231094728074 1.1720545727213822 0.5942438323264332 -0.32508334299964553 0.6894539743817542 0.25660924584935035  738559.4463467627
0.4370677430822307 -1.7173183050639105 1.1693752166078364 0.5982027351258369 -0.3369708275019799 0.6784220506623497 0.2614338736194889  738559.4463484117
0.4971246556897669 -1.7605191196681487 1.1562513384617505 -0.2615188378961149 -0.6977037852974662 -0.31089680583958984 0.5900512702518258  738559.4463493085
0.5543144100156469 -1.7972326367416027 1.1804962291002246 -0.04272469952537759 -0.5983487228853014 0.6904718683299792 -0.40423013855587625  738559.4463504459
0.5944817564113936 -1.8330345090341653 1.1781117915050903 0.00515666503693096 0.6446104297699513 -0.6405392974709908 0.4173250663845454  738559.4463519696
0.6477152251234501 -1.8843414966026646 1.180572162938989 -0.006609328492813292 0.6539229771274374 -0.6222320299900058 0.4303119305993962  738559.4463543592
0.6915058287698179 -1.9234948842960071 1.1554247442938268 0.6113004208352161 -0.30803111782206916 0.7063345011913669 0.1803335752618392  738559.4463559901
0.7158492565500483 -1.9297810771808674 1.1494698056616106 0.6136821377415378 -0.33492505229912467 0.6874930306909497 0.19639953134052537  738559.4463575229
0.7322813721315884 -1.92847004516565 1.1476782855325818 0.5925755467595849 -0.3606198007202237 0.6798914148636841 0.23781346619933683  738559.4463589808
0.7447173433833825 -1.9220812393343705 1.1486697671374844 0.5817113702297617 -0.3633799926894808 0.6869497860114226 0.24013923910362248  738559.4463608271
0.7551355448894553 -1.9102118993259838 1.152737532310663 0.5967729559632211 -0.3498545938347946 0.6803625345543683 0.24201368510554602  738559.4463612698
0.7563624776127269 -1.9075152831943532 1.1537079274952542 0.6021255191357014 -0.3496228346533049 0.675003517056384 0.24408806741842592  738559.4463618805
0.7577066476393445 -1.9046852170393005 1.153354032642557 0.5981369845259265 -0.3459857548249106 0.6847693689003408 0.2315532695003409  738559.4463631517
0.7612757603784809 -1.898261917819433 1.1577590907894952 0.595764956933156 -0.3487441988819937 0.6844884281404724 0.23434417333993332  738559.4463643839
0.7684283059751017 -1.889435895596829 1.1788953836326912 0.5637376419685017 -0.31396883807007875 0.7128351002986858 0.2747536342450827  738559.4463654772
0.7705938252770546 -1.8886659485320272 1.1904402653581443 0.4999469732225966 -0.28491858011740334 0.7605718694068487 0.3006740064196083  738559.4463663968
0.7750960847080997 -1.8887289250282147 1.2096254354256188 0.428332262893823 -0.24074353926472492 0.8106596131324765 0.3184415370243878  738559.4463674792
0.7711769113587733 -1.880117709032271 1.2585268159299003 0.2116052723032866 -0.15344757819374763 0.8814015085372218 0.3934570246268778  738559.4463695929
0.7535343185851601 -1.8576272138310042 1.3117541592366109 0.032106134278138854 -0.07818451672423396 0.8716513654767999 0.4827838797523613  738559.4463698685
0.7509766546524912 -1.8551042377582039 1.316071044552193 0.015070789538113036 -0.07484858446462919 0.868455478551267 0.48985267426097523  738559.4463701615
0.749389926722838 -1.8537092268385105 1.3184442002632553 0.006762028376483979 -0.07437041769974516 0.8671182830065521 0.49247253651261624  738559.4463715884
0.739038021133541 -1.8443428664759014 1.3300829161681804 -0.052546028665906276 -0.10450007589562334 0.8738961825370717 0.47183059582479786  738559.4463740861
0.7295762189855629 -1.8374683218615444 1.335446013634646 -0.09705639107664578 -0.13840624838102142 0.873679183833986 0.4561890519241429  738559.4463748223
0.7275615789770703 -1.8349231469104585 1.3383957901995551 -0.096677278534042 -0.13848012801486287 0.8749873516263333 0.4537332833881307  738559.4463762855
0.7244568233268833 -1.825994775581286 1.3484511127153243 -0.1317184149801438 -0.13721025398940115 0.8657427044035325 0.4629397100350546  738559.4463785907
0.7072701498229294 -1.8174568060668397 1.3774478944935595 -0.1797109269805126 -0.1134031715589449 0.8325793939762473 0.511522488391588  738559.4463796982
0.7043179747325412 -1.8154793842228616 1.3819146493301908 -0.1904152268861758 -0.10864890600896744 0.8265460755761401 0.518419754197911  738559.4463797905
0.7015603319671438 -1.813758870932716 1.385945310813895 -0.20711517743107047 -0.11374287900900203 0.822778985026614 0.5169145021674422  738559.4463818374
0.6967175123435434 -1.808348644969144 1.3921732776050537 -0.2040077437899194 -0.11253751724026993 0.8168370670166646 0.5277246949260149  738559.4463821796
0.696074342382499 -1.8073370297759155 1.3926075071767579 -0.2022433749213832 -0.11643924557233991 0.8171638945126025 0.5270509357699209  738559.4463840347
0.6902741001807043 -1.801872471260523 1.3914577901454075 -0.19336229288407267 -0.12122996751588871 0.8231772954479456 0.5198975465663562  738559.4463857757
0.6894766994077773 -1.8015572863159997 1.3908209420364532 -0.19157731039462755 -0.1224003664831169 0.8235900860885472 0.5196303056245072  738559.4463862004
0.6890033102093875 -1.8012024213299767 1.3908759902127983 -0.19162072957918808 -0.12251255871318248 0.8239445005340832 0.5190256535015672  738559.4463867528
0.6878629005527189 -1.800548447962115 1.3912218229156588 -0.19693577178113536 -0.12134708510242005 0.823194553731856 0.5184996754447636  738559.4463873967
0.6866165050629466 -1.800003663026718 1.3913848275277807 -0.19158468793556915 -0.11949237344125897 0.8248858463347059 0.51824725812558  738559.4463881603
0.6850169416495597 -1.799589630061645 1.3912949201455602 -0.19170772666547142 -0.1250028536982054 0.8239389718823391 0.5184081449182064  738559.4463899367
0.6831432579457649 -1.7987554492803006 1.3900199188139861 -0.18770745213510284 -0.1255265890811316 0.8242552330270793 0.5192420424754529  738559.4463916054
0.680717809568318 -1.797686577255816 1.3905809216170077 -0.18770539301898231 -0.12288393696883364 0.8239475177714781 0.5203620964528919  738559.4463921101
0.6788993430318366 -1.7971085183773827 1.3899111323663969 -0.1891902652727392 -0.12491787799179327 0.8209255847522146 0.5241028063112168  738559.4463932904
0.6742508491571119 -1.7936789631446701 1.3931825431319127 -0.1989095682452638 -0.12338939484516062 0.8138975703836395 0.5317713661187826  738559.4463939978
