-0.049721184306779506 0.5969565859489288 0.04168014146697074 0.05377009990492715 -0.013545826847100156 0.9959326713591437 0.07101690679466709  738500.4325997441
-0.04904448069004055 0.5962418838468061 0.04309903218683497 0.04158472299702769 -0.02188307904214871 0.9956756747205556 0.0801360869687435  738500.4326010075
-0.05104338825832752 0.5859950139168774 0.0611404590644588 0.008031874857219772 -0.1160717038741049 0.9896373772073719 0.08414695585791604  738500.4326020961
-0.057415311724116826 0.559743472126414 0.09601726885589125 0.039640410845844784 -0.104042136530944 0.9913965602178657 0.06882392056714635  738500.4326031727
-0.05795121920139527 0.4954344286013965 0.15497664115120768 0.1720908834966399 -0.1911123062699625 0.9662725624648949 0.013347255787152719  738500.4326044394
-0.025232103055389088 0.3967883499140634 0.2130276455955147 0.2925426592745164 -0.23120982088405037 0.926124699378611 -0.057042549313973026  738500.4326055413
0.05361107797034077 0.2547593385051782 0.2700836759830509 0.17008540781401588 -0.050548033021470574 0.9789459232753911 -0.10089960212454886  738500.4326067928
0.13410570967592067 0.13763794559984277 0.32523397161277806 0.02493283362077685 0.10811859675437115 0.9836835683355428 -0.14161694895088656  738500.4326079006
0.20295721081314833 0.05112580940434498 0.3900319965923065 -0.0397984430927465 0.311741739232392 0.9371798044050581 -0.15141725847159482  738500.43260898
0.2691863065492 0.004322040683495272 0.44751918852958134 0.09609883659931667 0.343367613366312 0.9267605656307423 -0.11823091679914922  738500.43261023
0.33035372250283085 0.02267507781774288 0.4799676427160807 0.21981443056411992 0.199935594228125 0.9496727103657484 -0.09914190568569645  738500.4326113085
0.4206806523203712 0.08693425558543938 0.4935091485202903 0.2512705455375877 0.1285757449241016 0.9563874790858153 -0.0751956156323931  738500.4326125894
0.5234831898932637 0.15440162590477635 0.4855903092468374 0.31856048355433675 -0.017437498712297536 0.9375636474466588 -0.13852638356213307  738500.4326136798
0.6635570266609552 0.2156515676903933 0.46255404985267307 0.36419222090367775 -0.1885791006531051 0.900697963764534 -0.143335714672007  738500.4326147472
0.8664165073876283 0.26944852782212453 0.4092392749612376 0.09504712983051972 -0.12628949327555886 0.978445448595287 -0.13289661817499576  738500.4326160046
1.0279145814017523 0.2889541371790728 0.35677691433740283 -0.17474615242852626 -0.06466840113723686 0.971068654684228 -0.14935678088236726  738500.4326170657
1.17198463037135 0.27512223364502414 0.27461979312548823 -0.38227669123240904 -0.21078920445983226 0.8720388772311694 -0.2213157003490579  738500.4326183464
1.2504141642462867 0.23279352203482426 0.15883127539964895 -0.2926640846618693 -0.14896570786087648 0.9176405280236717 -0.22381423716773519  738500.432619433
1.288445216465226 0.17402782790994273 0.046683947503825006 0.04334041480440973 0.004865897685497416 0.9709019326577739 -0.23547264946421154  738500.4326206828
1.2566295504836236 0.1982866719371035 0.11791240323177823 -0.16562022343538182 0.111087801721733 0.9645896218980012 -0.1726160572615369  738500.432621781
1.205736744096581 0.23032382946488988 0.19390883003892448 -0.04049538092901994 0.0524445745583612 0.9905117902333261 -0.12039968493138749  738500.4326228515
1.1466698982711445 0.24613935580302007 0.2740480687149943 0.2755850136162485 -0.4585385925109783 0.8443541068933995 -0.029349644298235104  738500.4326241222
1.1201486783154797 0.18238392238643647 0.27336835143525573 -0.2634380616453811 0.8094464223647699 -0.5200724361401298 -0.07015367534683964  738500.4326251968
1.091299401504614 0.026224850414182144 0.14859198354993403 -0.11555672607060993 0.8519360400743854 -0.430455356452585 -0.2748814522362236  738500.4326264545
1.022687968157845 -0.17384574116717202 0.00850113324717001 -0.043321889989527275 0.9852355397653709 0.07641789993439697 -0.14695050051153283  738500.4326275216
0.9569996652384755 -0.40047185685862474 0.08317678661538247 0.04489594631528263 0.5101423827019104 -0.5671867931745241 0.6450102673788011  738500.4326287851
0.9137249424456497 -0.5886343018187872 0.10132977926062618 0.12881097497706454 0.03554817752113468 -0.6364724206964073 0.7596360427818308  738500.4326298615
0.8890617032941855 -0.7955955246838096 0.11411166156904062 -0.03486711194567218 0.15362276612179332 -0.5567997819284297 0.8155723959760469  738500.4326309349
0.9048771096231287 -1.0251135391886508 0.12740778350966533 -0.43980968363442624 0.18523654503992448 -0.2801009990458557 0.8329455533806345  738500.4326322072
0.9601235157889796 -1.1529101257139185 0.11358619098416094 -0.5113077923657996 -0.05588233900777036 0.09025463482041861 0.852816279480209  738500.4326332932
0.9891273118788276 -1.2052718660031967 0.07312333877700487 -0.18239964031783487 -0.29656482583134064 0.4280199836839995 0.8340135303810723  738500.432634554
0.9654344126362087 -1.2464503376124245 0.04617518552201198 0.10182964832185318 -0.2603964447250559 0.5767313668618238 0.7675971240011854  738500.4326356276
0.9270641306982514 -1.3037692641335963 0.05313123942218147 0.14090704028211823 -0.014327725937679702 0.598505993676844 0.7884988889030103  738500.4326367103
0.90892342931333 -1.3818496872492 0.07189109856008023 0.037815456611996555 0.2044634834194755 0.5513517557366601 0.8079454911287657  738500.432637969
0.9373032142518096 -1.4266386813277045 0.09374581638515674 0.05446278523022672 0.23984786702388547 0.46712902842874043 0.8492922209159105  738500.4326390413
1.0267203265895521 -1.46392449552529 0.12610921142682013 0.06541557275384488 0.11821121424880744 0.3729567474037352 0.9179597900960235  738500.432640294
1.1172348099569893 -1.4870215734312675 0.16634916541306335 -0.06646819353992499 -0.12874700577203568 0.32526261777163823 0.9344572848625108  738500.4326413632
1.1643775205093154 -1.5096745785665462 0.2074328609146056 -0.18140913899011266 -0.6454840561016133 0.22334779654630274 0.7075004023937984  738500.432642617
0.0 0.0 0.0 0.0 0.0 0.0 0.0  738500.4326437021
0.0 0.0 0.0 0.0 0.0 0.0 0.0  738500.4326449629
1.0591290354178036 -1.5440052632174404 0.020141684137415312 -0.21344627443476102 0.7606157444524693 0.5849099417711544 -0.18380624918158167  738500.4326460531
0.0 0.0 0.0 0.0 0.0 0.0 0.0  738500.4326472929
0.0 0.0 0.0 0.0 0.0 0.0 0.0  738500.4326483805
1.0264375616432824 -1.558547064230775 0.0006175480442911136 0.8420491035578617 -0.528068398251185 -0.07024426754878504 -0.08463342627097206  738500.4326494489
1.0253361776100394 -1.559109085512756 -0.0022959208232512856 0.8557233662551288 -0.49019226376486574 -0.10096227759115212 -0.1313608902743667  738500.4326507029
1.0252812443442672 -1.5590054674617073 -0.002217700033398489 0.8575182988478196 -0.48690304962655395 -0.09949562807516316 -0.1329977721596569  738500.4326517987
1.0254242140708894 -1.559126170709138 -0.002312012473466478 0.8559825365600906 -0.48977257966870735 -0.10013880532075901 -0.13186711863745346  738500.4326530397
1.0232981815020568 -1.556633527321841 0.00042357475283468524 0.8549817594754915 -0.49104899334881996 -0.10405497781577523 -0.13057426502593028  738500.4326541332
1.0206750831957567 -1.5540850071374084 0.0032385700966423743 0.8448303451594215 -0.49987897209453147 -0.13251750682939784 -0.1371926074511596  738500.4326553945
1.0210194120827603 -1.5544457040128707 0.0027965290880007545 0.8446640273222288 -0.5003032622255233 -0.13143584766982133 -0.13770963910201822  738500.432656455
1.0211786187960425 -1.5546251907407238 0.0025921746762731174 0.8446391545170171 -0.5002968233355607 -0.13131761417100918 -0.13799808486192572  738500.4326577237
1.021256408710981 -1.5546398878156433 0.0024957158475222723 0.8448409323895224 -0.5000429878044114 -0.1315837287794943 -0.1374282781210777  738500.4326587876
0.0 0.0 0.0 0.0 0.0 0.0 0.0  738500.4326600346
0.0 0.0 0.0 0.0 0.0 0.0 0.0  738500.4326611321
0.0 0.0 0.0 0.0 0.0 0.0 0.0  738500.4326622065
0.0 0.0 0.0 0.0 0.0 0.0 0.0  738500.432663451
0.0 0.0 0.0 0.0 0.0 0.0 0.0  738500.4326645364
0.0 0.0 0.0 0.0 0.0 0.0 0.0  738500.432665788
1.0223830423659352 -1.540367339656128 0.06897907834920546 0.7258013452156152 -0.5861953051125134 -0.34673552584078837 -0.09675715305424477  738500.4326668531
1.0131404147317953 -1.5040627343189317 0.16297029134263472 0.6248764704311573 -0.5861062879687349 -0.4478461479479304 -0.2558175984431287  738500.4326681022
0.9960949825174927 -1.4609791014190554 0.3113569312548137 -0.43684313521304835 0.5384896305761487 0.5654485345506437 0.4466149882770694  738500.432669167
0.9747145032703964 -1.4303045098410925 0.5460463643466682 -0.27814749114030524 0.42474593619838064 0.6043403880344278 0.614001268928422  738500.4326704177
0.9429121115833857 -1.4215052856382888 0.7532667842484873 -0.2107386009996129 0.3584755564359447 0.5903567408171737 0.6917827954339355  738500.4326714958
0.926491317600671 -1.425767783846653 0.9067114255900675 -0.21157658670197219 0.29392565079090205 0.5429798516366264 0.7576383969172595  738500.4326725882
0.9100079177614022 -1.4348378293383839 1.0663759831965773 -0.1902306368196329 0.23017558096729512 0.5165076845534632 0.802528079595216  738500.4326738423
0.8930630693858372 -1.4403625791185533 1.1650708405631949 -0.2088238833876336 0.17925768534497039 0.4935354229541806 0.8250345776154534  738500.4326749402
0.8652199983258849 -1.4510459392061368 1.2519619501849573 -0.23979199934991194 0.08804971718076084 0.4944304268324813 0.8308342779245512  738500.4326761827
0.8344604560560788 -1.4656010386793918 1.3145239617950093 -0.15602889039818965 0.006984111921603931 0.5318789806896969 0.83229259124557  738500.4326772718
0.8031643252588964 -1.4766487756629103 1.3558756328585302 -0.06297644216194163 -0.0696041275365749 0.590912597513768 0.8012562232282676  738500.4326785217
0.7806624412303009 -1.4887626921540162 1.3813297798522435 0.026986251024340626 -0.12819173254032154 0.6604472242258902 0.7393565350872872  738500.4326795819
0.760680154357926 -1.4974487781882773 1.4032297380100736 0.06352657745602791 -0.1504427473915002 0.7255559235433144 0.6685057632700174  738500.4326808389
0.7481339538238292 -1.5019448552168775 1.4151053942327594 0.0900709018794588 -0.15211932499050587 0.7686367376559681 0.6147719163434879  738500.4326818985
0.7431050867887367 -1.5040660707418434 1.4212351531323233 0.13292430930781066 -0.14433368265507937 0.8135387334714926 0.5474062889553463  738500.4326831397
0.7401707338727969 -1.5014607876922632 1.4242365995640909 0.14313537585347916 -0.12991654933357447 0.8374773019377517 0.5111415881412938  738500.4326841983
0.7359306857643151 -1.4959015038852321 1.4273207226509108 0.12252728957959373 -0.13219846453619377 0.8575532397826799 0.4817811434881826  738500.4326854413
0.7307088034969893 -1.4935819510091184 1.4292732555391943 0.1039352409206611 -0.14384560252189474 0.8782697275142106 0.44401373183944604  738500.4326865362
0.7207335326187554 -1.4953792716538354 1.4303330093378595 0.060950864362191236 -0.16526954122569296 0.9026679143487046 0.39263419015912304  738500.4326877635
0.7148998281167964 -1.4978204081837077 1.428577371308978 0.04811713924298443 -0.18821734518349076 0.9102050031238657 0.3657674454779069  738500.4326888542
0.7092489228281884 -1.494970347653529 1.428706877039406 0.025323436916760984 -0.18781141842166246 0.9162905878000818 0.35284154143488655  738500.43269012
0.707063865566439 -1.4918698463733253 1.4282611178893565 0.014227130090830967 -0.18318288672668948 0.9171630766046492 0.3536290566298955  738500.4326912259
0.707003494134683 -1.4859987076642462 1.427243096506154 0.0007505952818708182 -0.1755417791518842 0.9161827613660672 0.36026888313391947  738500.432692294
0.7053590746235315 -1.4760471065791678 1.426485680143973 -0.027160343215277608 -0.17406015718294682 0.9188292024077248 0.3531547454596364  738500.4326935483
0.7083145260840572 -1.4638901117368697 1.4289834240362094 -0.021991727738051185 -0.14975557465441322 0.9245355995665728 0.34974784760609995  738500.4326946354
0.7196784972268773 -1.450445006519757 1.4351627109793814 0.030641915039403746 -0.07763976794845016 0.9370815579861922 0.3389856828212654  738500.432695869
0.7238782646337583 -1.447143656563081 1.4342302349340545 0.03521863850207023 -0.08167683444802981 0.9480678443868896 0.3053782976182264  738500.432696954
0.7276599243848315 -1.4436445967562563 1.4335397274925752 0.055126045168736044 -0.0867450829113184 0.9524579849291758 0.28681038453901386  738500.4326982154
0.7272145598830742 -1.4411126479909713 1.4355163728116873 0.045840434613146956 -0.07163388590212355 0.962810452946988 0.25644350769917207  738500.4326993037
0.7227847030375226 -1.4405725861123768 1.4356885489529467 -0.03407654566234354 -0.10484985327520156 0.9689408359102114 0.2213570730957377  738500.4327003801
0.7184614852649174 -1.4396225912392715 1.4358746991988218 -0.04494813124079279 -0.1346324332306061 0.9691848266651766 0.2013319278762277  738500.4327016325
0.7114840083889312 -1.4416099740363648 1.4344015904718197 -0.07627976209277074 -0.16976911827978464 0.9615620761698208 0.20188664652611032  738500.4327027124
0.7054384135320949 -1.4450530937541837 1.4295071309056224 -0.12720985177838257 -0.2623227351615841 0.9432672209138387 0.1589068474841496  738500.4327039603
0.7032649310535428 -1.4415927356983476 1.4287586597199993 -0.14720539061912946 -0.26615317930112414 0.9415294495990566 0.1449667329364593  738500.4327050534
0.7022329398968055 -1.4377416678280435 1.4278187476971866 -0.15737934402116305 -0.257930125778103 0.9408103079826442 0.15355701444467654  738500.4327062884
0.7033399427505779 -1.4353307707747631 1.426406087652008 -0.16919518492882193 -0.2618476027698442 0.9372078880805393 0.15636558713541443  738500.4327073735
0.7039130789272963 -1.4323057602805622 1.426437095013937 -0.1786667762563186 -0.2416004263661938 0.9393755009130936 0.16516986809379722  738500.4327086549
0.7046112305311656 -1.4294125401583777 1.4284234965792384 -0.15090444071239492 -0.21891509271388865 0.950012745567592 0.16364539472430856  738500.4327097166
0.7052071887509108 -1.4259294106981513 1.430356751442625 -0.12439706562641034 -0.19311709943232996 0.9578163080929074 0.1726820081005977  738500.432710808
0.7054014723027732 -1.423225095797529 1.432371643760185 -0.11894335026018023 -0.1818300700753095 0.9598045855280531 0.17766671788664976  738500.4327120689
0.705916362697928 -1.4213056565225013 1.4328144902828515 -0.1254240062180965 -0.18122035461114544 0.9577223763354735 0.18492120377378904  738500.4327131489
0.7081839675815131 -1.4199855967228554 1.4309984334667591 -0.1374602035708924 -0.1809350524596942 0.9540940492127542 0.19511982083444843  738500.432714403
0.7112410304378834 -1.4201893709457072 1.4301008614044768 -0.13480629414311154 -0.17964566247719885 0.95403216849223 0.1984371953403453  738500.4327154774
0.7141679605924239 -1.420584744494205 1.4297600748217068 -0.12709019048205172 -0.15969959880679568 0.9585947987208842 0.1985954014811321  738500.4327196163
0.7195628973311317 -1.4234404154601383 1.4252731331070765 -0.125101368420075 -0.12818745380749377 0.9601664001191051 0.21447169600694369  738500.4327196279
0.7198194241001042 -1.4236954466467928 1.4250175727344745 -0.12478676711320377 -0.1272876434857485 0.9604004788960121 0.21414256630943465  738500.4327196279
0.7204809597935655 -1.4243811394314896 1.4243796398798618 -0.1251275479690232 -0.1235841576854048 0.9610268761627285 0.21330118612271348  738500.4327201303
0.7214245808952168 -1.4261065003811408 1.4220090653404107 -0.12473436032559776 -0.10425407698935278 0.9637439541610242 0.21158926627628322  738500.4327212155
0.7250794631148406 -1.4283724358157774 1.4156045195124642 -0.11238306730049974 -0.09381488683349781 0.9673441235249916 0.20691582799345076  738500.4327224812
0.7286857254626745 -1.4314403141606846 1.4068174344509645 -0.11483828073643072 -0.10090420950612362 0.9658226665378903 0.20932531281019082  738500.4327235718
0.7349597501027471 -1.434825233142313 1.3953779642587119 -0.10143328766953918 -0.09005413903095622 0.9739238916704085 0.1818620175559157  738500.432724847
0.7397651586054915 -1.4379088089506178 1.3916421913727788 -0.08209486265766452 -0.05902417879950056 0.9810006369651357 0.16557273361354452  738500.4327259148
0.7468451423681076 -1.4399116525927111 1.3835876376358938 -0.07630800689153493 -0.0464859275021431 0.9840615103654505 0.153750090880543  738500.4327271433
0.7508305858619312 -1.4377176807458807 1.3701645082210656 -0.061311378683940404 -0.0691391635242264 0.9889305822997757 0.11609045741692708  738500.4327282258
0.7436033732201713 -1.4239915744781821 1.3475633591593927 -0.02368087189418365 -0.08914793767684967 0.9946011323244961 0.047544180433846214  738500.432729478
0.7283789183699048 -1.401985345898632 1.32752486363195 -0.003616840269785633 -0.08904232086143672 0.995984198159037 -0.008594217798721649  738500.432730558
0.706017054132515 -1.3755449589237534 1.3075101239701237 0.019668152035082535 -0.10106255390711429 0.9936034327708313 -0.04638687723178612  738500.4327316494
0.6705084068578374 -1.3415862594393784 1.2903384355727845 0.07875274652671804 -0.10532492160100536 0.9881666409114588 -0.07893893585553734  738500.4327329178
0.6343457361651369 -1.308722483596897 1.2854288927141544 0.10667939913652744 -0.09971729281475204 0.9796297784327737 -0.13784579979571832  738500.4327340148
0.598318452451338 -1.2758655421231724 1.2842705967519368 0.08993523798061961 -0.12736135270864382 0.9694372447373726 -0.18942588873120128  738500.4327351075
0.5513098279070111 -1.2337462395225398 1.2893749916115012 0.065454209557783 -0.1354792486843711 0.9608714922744699 -0.2325663237902631  738500.4327363572
0.4982639589596525 -1.1882558100320557 1.299172917490748 0.06244063528280104 -0.14531282141581633 0.9493432096781821 -0.2715378817689762  738500.4327374491
0.4344228603956087 -1.1392096483101977 1.312981074897645 0.058560357307085774 -0.1531696719846099 0.937726056198793 -0.30623451742423097  738500.432738713
0.38416663942689777 -1.1026618458218542 1.3179624835778898 0.05473858316659588 -0.16749515462376327 0.9306705388171478 -0.3206265878998109  738500.4327397926
0.33396873376929787 -1.0533280357158634 1.317103230411892 0.04615561893724886 -0.13728736500701383 0.9183324008405419 -0.3683577606300657  738500.4327410304
0.30399616273775876 -1.016938385418086 1.3187186576823688 0.020330205664842792 -0.11463057913598922 0.9165288917436022 -0.38265036739015085  738500.4327420945
0.28293387484767546 -0.9661496795696631 1.3114047807335563 0.021232789086927016 -0.10499952618801864 0.914062849431824 -0.39116924144985676  738500.4327433449
0.27459396885737963 -0.9162771359522534 1.2994233996848366 0.0249988880781402 -0.08520184072746091 0.9155674824312898 -0.39223957863267567  738500.4327444206
0.2668523918538102 -0.841311593736871 1.2809269543576092 0.031454294041875545 -0.058584067259494825 0.911082017494426 -0.4068268573336191  738500.4327456607
0.25910495437166564 -0.7682759916368793 1.266945491775593 0.0418762492949274 -0.045287669032891026 0.9014496256381541 -0.428467010650048  738500.4327467262
0.25195974639631885 -0.6598304854650744 1.2593445595658022 0.05836091959120241 -0.06866249261872552 0.8759398344564348 -0.473929184144938  738500.4327479984
0.24442631196778924 -0.5812795681348004 1.2655670784344761 -0.07683853213131854 0.06478692209934116 -0.8498673713211683 0.5173238307563702  738500.4327490763
0.2304538448417006 -0.4990755907260095 1.2860033989073938 -0.061184167456012434 0.03858293182631014 -0.8336458024896818 0.5475422641365097  738500.4327501643
0.20463704847737313 -0.42711496535264293 1.3002438922652504 -0.05690637664070287 0.1164540825930388 -0.84045462662896 0.5261521942584823  738500.432751429
0.17549749540610357 -0.36737222505696787 1.2947304749460302 0.029910046100865166 -0.08753860630233841 0.8665255971111352 -0.4904852404507998  738500.4327525028
0.13069368971300988 -0.2838613241318741 1.2759345902759258 -0.0340843492348185 0.009007576390706163 -0.8632586306060763 0.5035292021213131  738500.4327537612
0.09247086580850608 -0.2108128731773171 1.2534343067799354 -0.014375370060293248 -0.0010548046507067442 -0.8590866405138348 0.5116271886964489  738500.4327548341
0.04982274129564627 -0.11063091072638948 1.2198209127456399 -0.017858188065803637 0.013247091752990567 0.9065038218183511 -0.42161169422564354  738500.4327561659
0.012746890043920022 -0.005076987266337323 1.183460932168324 -0.04431204809196637 0.04329124442286402 0.9558393391394991 -0.2872863872576991  738500.4327572166
-0.01604340889094108 0.08934563631394576 1.1501402600203672 -0.017817617595362708 0.053355474333264 0.9771601468648012 -0.2049238230198189  738500.4327582786
-0.03763329426461547 0.18513161618782825 1.108024026397005 0.05348543178321739 0.03135365643198714 0.9871371762477107 -0.14736503006142224  738500.4327595502
-0.049134014218537324 0.26118031484241505 1.0726135467323108 0.11689048827051611 0.026016893907985162 0.9817954486052044 -0.14743619664575802  738500.4327606263
-0.054050905307327195 0.31980778885903194 1.031101069573625 0.1440971189846965 0.07477091302586492 0.9717717105583205 -0.17118724667493423  738500.4327617252
-0.04775374628087557 0.36960414931957286 0.9851643166449634 0.15581130852015077 0.13253041197491636 0.955439403594293 -0.21282404022661294  738500.4327629879
-0.03746997388845243 0.4038569152735821 0.9621940253573564 0.16981348763152274 0.15773878095590085 0.9330958302786162 -0.27498005003567977  738500.4327640668
-0.032660913225937234 0.4441311581312269 0.914476136487609 0.24505355687874752 0.14866898906833362 0.8853671179958649 -0.3660209725168359  738500.4327653245
-0.03088577163037432 0.4741268160267564 0.8462888713042968 0.2222132459811003 0.197929212811722 0.8677795516781552 -0.3979999368285568  738500.4327663981
-0.01753228283200324 0.5031387264688629 0.7015685681554106 0.2541863111435582 0.207330706620884 0.8762163534042178 -0.35305551878752733  738500.4327676635
-0.015557135750959867 0.5327378065527182 0.5508133251934121 0.2872913647823624 0.2378408943945892 0.8770459842471152 -0.3027965029373331  738500.4327687129
-0.022132542765793253 0.5682663422134933 0.3550651548647851 0.36451803022734275 0.29191109627078493 0.8416210538679101 -0.2712720391036182  738500.4327699658
-0.020949622311298766 0.5802606524672741 0.21164022443515934 0.4352432970494017 0.23638532273872254 0.8444967884661291 -0.20374107547981177  738500.4327710427
