-0.9905412660035607 -1.964086618442395 -0.007566555354949626 0.0074847027455388765 0.02048095774760165 0.40587264075334756 0.9136694747459039  738511.7399229374
-0.9899433216616694 -1.9642499795608128 -0.007048415136230417 0.00838405448078715 0.013754373936062214 0.4077165493544987 0.912966450758488  738511.7399240203
-0.9896095794034716 -1.9658317769795264 -0.0006916488458923822 0.014563417759358663 0.011585249245503665 0.38979283061619663 0.9207145258239924  738511.7399252644
-0.9877037567453483 -1.971710116341625 0.015276788129564473 0.0046006835402551734 0.008916991792412529 0.36725681022352097 0.9300654580795812  738511.739926347
-0.9844848132570188 -1.9847460100212027 0.042693029528087324 -0.013794339173145818 0.01775909934761319 0.3372369944408174 0.9411511781736567  738511.7399275972
-0.9813480492216257 -1.997293779663663 0.07038084170899543 -0.02965421367280894 0.028862777843091172 0.32298725198800726 0.945498177005045  738511.7399286614
-0.9752975861300168 -2.0107449093409726 0.10748397826946464 -0.044523736094975105 0.023315596147890024 0.312266665499098 0.9486640867654303  738511.7399299239
-0.9702868127308459 -2.01821780976019 0.14141031246982735 -0.04591826099045916 0.02385980141365944 0.3047453419275978 0.9510270762483812  738511.7399310011
-0.9641663133564028 -2.022347154874964 0.18637921619444817 -0.040434740570323764 0.020296959594894342 0.30387088601203555 0.9516383503308777  738511.7399322496
-0.9601136922855282 -2.022751691236076 0.23267347541784714 -0.03637075120532552 0.018923156084326556 0.30505292767890047 0.9514524654101749  738511.7399333302
-0.957005615841432 -2.021165088664277 0.276779802754246 -0.03732082911789783 0.017303468329074412 0.307862250275142 0.9505412040270865  738511.7399344121
-0.9547254847405943 -2.016866965793945 0.3344985098425623 -0.028637795819268938 0.015214195995665581 0.31063214605232053 0.9499768811554044  738511.7399356703
-0.9536629054790645 -2.0126324956029507 0.38448567587349414 -0.020624968399386087 0.01216522840912496 0.3430847169715925 0.938999198549605  738511.7399367563
-0.9525821580310947 -2.0101295516718305 0.43993109127830954 -0.002061100786205057 -0.0025179484077589914 0.44013041186690866 0.8979279661249171  738511.7399380173
-0.9520234997527899 -2.014183841157579 0.47715208988804336 -0.035697541132649044 0.02815103466919698 0.5197776794305473 0.8530910671024118  738511.7399390897
-0.948569718447474 -2.0160161417475115 0.5153021690111278 -0.05491502424560233 0.029212348064542537 0.5891651244829914 0.8056149420942998  738511.739940339
-0.9452302288893527 -2.0123278779361655 0.5434813731487623 -0.06250546664396352 0.032633246864767804 0.6283445929421413 0.7747329929459945  738511.7399414318
-0.9419243254347001 -2.003511485409118 0.5634042038638883 -0.05912880981806828 0.023131578892324135 0.6513475743427041 0.7561184109022361  738511.739942522
-0.9385579519990723 -1.9876054826230756 0.5809195499774137 -0.04880768066444372 0.010573172659580013 0.6695083634415376 0.7411238557824882  738511.7399437994
-0.9364310597338784 -1.972959769296809 0.5904713754219224 -0.04072737747411283 0.0004930881004821015 0.6778740496025707 0.7340489155796212  738511.7399448857
-0.9352914475404133 -1.9562220062983031 0.5988361089116641 -0.031318775071402724 -0.003901213179210573 0.6827175922669414 0.7300004137485043  738511.7399461383
-0.935144356285351 -1.9439803727972718 0.6048517392154363 -0.026370152513484596 -0.011355295890471077 0.6840597144596294 0.7288607407214808  738511.7399472345
-0.9355616310808004 -1.9366197228198139 0.6095350504120998 -0.02468424594244648 -0.009815858723572591 0.6837651387454821 0.7292184665490469  738511.7399483104
-0.9369398978631994 -1.932708307234356 0.6135406759780025 -0.04968262383569446 0.035277742394401665 0.6816090374200386 0.7291750392653903  738511.7399496067
-0.9360577358785432 -1.9253821724970395 0.6157195873540221 -0.0763250669758915 0.07891768685378842 0.6779239892805187 0.7268875756337843  738511.7399506603
-0.9290971099841958 -1.8993274603637307 0.6159566986617018 -0.07724581948698989 0.07060463144310779 0.678791788334836 0.7268354541983775  738511.7399519486
-0.9200150657733034 -1.8659487919435322 0.6139782319975149 -0.06982274872734938 0.05874691463248706 0.6826696981179229 0.7250073565508868  738511.7399529836
-0.9058554443237578 -1.814468352778193 0.610754318079136 -0.05436925287940815 0.036990473259283146 0.6834414380783708 0.7270374749259888  738511.7399542697
-0.8929685470741331 -1.768300411317217 0.6087746290749545 -0.04924035351486783 0.024256344866022937 0.6831522323307454 0.7282101652551898  738511.7399553427
-0.8771018420295696 -1.7101774369731484 0.6080236219934396 -0.04209098734853051 0.01214599581980024 0.6846182228404996 0.7275841618151727  738511.739956597
-0.8633276545577343 -1.6586385783113429 0.6079288854351529 -0.040474773517862564 0.003064073588652589 0.6861634719144384 0.7263140463821727  738511.7399576615
-0.8524821970330888 -1.6145382593492812 0.6079859693765941 -0.040870612042325026 0.002725167718204986 0.6879429158776131 0.7246079705785748  738511.7399587361
-0.8417384920561262 -1.5637368114219494 0.6083877959949313 -0.039589988640817794 0.007393115494000789 0.6875026545237544 0.7250641865831627  738511.7399599992
-0.8341810886920404 -1.5243314915965167 0.6094376024715916 -0.04379179119642128 0.015819884100626656 0.6869283982481673 0.7252319532198366  738511.7399611085
-0.8255216261507974 -1.4762599445975992 0.6100947737143213 -0.0492442231237807 0.025042350652238483 0.6873637172320769 0.7242092290185532  738511.7399623418
-0.8174786191097482 -1.4306827982364754 0.6101087316747181 -0.04783917889947823 0.02387600277822121 0.6886639254907135 0.7231067329110408  738511.7399634738
-0.8095335088227266 -1.383964943709844 0.6102467614552398 -0.0450774751900126 0.02041309420138408 0.6881677624179136 0.7238621813469338  738511.7399646892
-0.8016990994007919 -1.337166869053991 0.6108020616334421 -0.04583312881212812 0.023739329865696164 0.6862905509294583 0.7254936582946533  738511.7399657847
-0.7943415298146406 -1.2945545497573814 0.6109801907725829 -0.04327821156572544 0.021048863334212825 0.6853808520492605 0.7265927534735257  738511.7399668681
-0.7850423491827925 -1.2426163909559125 0.6087987884228113 -0.04225877846904557 0.0211874837641455 0.6854335255922778 0.7265990422290609  738511.7399681491
-0.7768762448576494 -1.2003064411263278 0.6060813639471696 -0.041593467384471734 0.01924222874165538 0.6854587355119167 0.7266677659112141  738511.7399692215
-0.7662075777309545 -1.1490542873855545 0.6018176321260943 -0.047292225407795103 0.02208813972522296 0.6857176881070953 0.7259936719534943  738511.7399704837
-0.7561012761942688 -1.101611273613772 0.5976817400234036 -0.04432084080165851 0.01710613442989425 0.6858476078466826 0.7261928821232577  738511.7399716304
-0.7470809724537586 -1.0593831543996333 0.5945185205344745 -0.04165773296431703 0.013118121170152552 0.6864803390207399 0.7258355821528791  738511.7399726671
-0.7366486272354971 -1.0090837909305765 0.5919224566072474 -0.0473735644955282 0.01740177627703661 0.686064750232211 0.725787904320681  738511.7399740106
-0.7274532833258067 -0.9630268196379134 0.5902941315008912 -0.04774483825264231 0.017752318953285086 0.6865622016841859 0.7252845157664495  738511.7399749854
-0.7196836433317709 -0.9226273466757697 0.5886962747134659 -0.09539610624073522 0.07266022846113812 0.6719238281519508 0.7308477565647371  738511.7399760776
-0.7090526969677182 -0.856017533941152 0.585697464967144 -0.13064590663717268 0.1169896051179353 0.6341962168875747 0.753020741984435  738511.7399773418
-0.6971808880093856 -0.779013797792008 0.5809304223139246 -0.13228357431733836 0.13460928647659984 0.5910072170889091 0.7842779260625107  738511.7399784192
-0.6746450319686274 -0.656469892152837 0.5738734279855722 -0.08722635855530055 0.11747374185073096 0.5297206890825938 0.8354564464450747  738511.7399796777
-0.6466963035620902 -0.5424085347455955 0.5696046554125951 -0.03403108885292453 0.10633741771308554 0.4670011641398393 0.8771796573551122  738511.7399807469
-0.5969789629404062 -0.40151129938722674 0.5674835502069367 0.027285201668394855 0.09700869087506328 0.38171679600250263 0.9187693504434098  738511.739982019
-0.542019894702303 -0.2960008939261099 0.566758411831386 0.06199542066638619 0.09946884619966272 0.3130720086870949 0.9424693277920154  738511.73998307
-0.4563344671451834 -0.18715350060103011 0.5645547915984899 0.07409950564753633 0.10501717438405733 0.22753629695585334 0.9652501696010195  738511.7399843218
-0.3719902519122451 -0.11573420716004411 0.5611550817911496 0.0777361680877262 0.1058245048438869 0.15814400713159246 0.9786463791145124  738511.739985398
-0.2535897120646124 -0.051254027379858264 0.5564060018277817 0.07352008932564327 0.0961932823471556 0.06858210819021705 0.990271752264506  738511.7399866476
-0.13566877807214325 -0.013417386608089842 0.552377373137291 0.07397873348573873 0.08528965163624931 -0.011473982421909579 0.9935397173958347  738511.739987749
-0.024848979344341063 0.0036961558228129905 0.5490100488136084 0.0769871675109986 0.06727209151569849 -0.08184803226484495 0.9913870794780967  738511.7399888071
0.10971500578938005 0.0034245657871085555 0.5460507127741778 0.0926270958970718 0.052864360386221054 -0.17002084624397962 0.9796522303088538  738511.7399900769
0.214847059443321 -0.015175682865441258 0.5436885729226553 0.09000717812130736 0.061836271074624596 -0.23770897972604307 0.965178441752523  738511.7399911575
0.33825413313696556 -0.05878802623572413 0.5422033734031312 0.09671462759085267 0.06398588676727074 -0.3202438765695427 0.9402105863179165  738511.7399924168
0.43439355736491897 -0.11140638663386744 0.5417884815977325 0.09872964710824861 0.06526937889719853 -0.3855920576688475 0.9150470643759034  738511.7399934961
0.5350485495506415 -0.1868730626847824 0.5429334583533333 0.10288800488060731 0.03921190754721469 -0.4583125663471592 0.8819444859436889  738511.7399945891
0.6311981049077243 -0.2867290082019868 0.5447440840077408 0.1067116139378491 0.013516201371914173 -0.5327618042855036 0.8394014555894623  738511.7399958342
0.6938474851704894 -0.377880363736169 0.5463324322168127 0.11046246194066862 -0.006285391980811207 -0.5910679467737494 0.798997634944133  738511.7399969072
0.7476294803274874 -0.49663499696257096 0.5466464803409757 0.1198345854263741 0.009846762170109559 -0.6461273552151937 0.7536989811941325  738511.7399981688
0.7746801827878393 -0.6013016183106855 0.5465080892169195 0.11495100075901062 0.003927405276084663 -0.6888566932884427 0.7157145373848515  738511.7399992393
0.7880791337597597 -0.7343961385282337 0.5465992214775929 0.11304468070730671 0.0191932394043641 -0.7387305610869901 0.6641759389205925  738511.7400005128
0.7851818290959222 -0.848438096590629 0.5476238302863167 0.10876261835882718 0.014121150079310625 -0.778898749129712 0.6174852423923504  738511.7400015901
0.7656100901590192 -0.990501025713722 0.5499743548092051 0.10111883373649241 -0.013991880332564106 -0.8282122437117843 0.5510387355843714  738511.7400028419
0.7310616234033234 -1.1155280086238477 0.552197605419645 -0.09250460749518548 0.03583773427590875 0.8655161789545677 -0.49095855055393  738511.740003916
0.6809524464970435 -1.23132895454336 0.5548652402490815 0.07292959304008971 0.08295995597467716 0.8878757649304689 -0.4466268534389992  738511.7400051669
0.6421260721125126 -1.3151253791518245 0.5518894884927451 0.1176746249467935 0.13262982339282278 0.8864848148338713 -0.4274420260800021  738511.7400062442
0.6189742773979416 -1.35604476103238 0.536368898174184 0.07878713727460518 0.11994570805974146 0.8980037939084482 -0.41592643609676117  738511.7400073261
0.5995013457275704 -1.3691081985173343 0.5068953579723975 0.08285625627706135 0.10515290673778378 0.9102156151219882 -0.3918995292016125  738511.7400085846
0.5940791504020633 -1.3517336229328865 0.4767849613634422 -0.0035603805854707575 0.027516640796037207 0.9248618340220204 -0.37928979176720984  738511.7400096771
0.5891099043300979 -1.322042987315043 0.44139147053937255 -0.026687823355763307 -0.012970028856752714 0.9316857249333073 -0.3620514443991133  738511.7400109265
0.5857089198554765 -1.2974249076105828 0.4120186663188494 -0.055007306760764096 -0.04824431975988516 0.933787247199964 -0.35026855237167176  738511.7400119908
0.5792869188242917 -1.276956822867801 0.3740301887344614 -0.04345417587020746 -0.05635076630225987 0.9378534668191149 -0.33965747527760476  738511.7400132354
0.5750167887962625 -1.267589376454142 0.3387572463600514 -0.04875000906560347 -0.04352798395172467 0.9430725642507048 -0.3261025755599031  738511.7400143078
0.5691839829374218 -1.2625547160354043 0.28955054273815295 -0.03160345460010483 -0.027273760129088758 0.9478015723154575 -0.31611634437672925  738511.7400155517
0.5659448509026671 -1.260847171120766 0.24516947595638383 -0.03386343291142651 -0.013365814985651307 0.9497333788822018 -0.3109358968311941  738511.7400166435
0.5614502097573065 -1.2591654230650833 0.18744068065954692 -0.031602506314426786 0.005527313363304999 0.9454371118649534 -0.32422121755074296  738511.7400178848
0.5551466676272067 -1.2549829525361003 0.1332090834235789 -0.02298485458961901 0.006750920525281773 0.938223783501453 -0.34519886095376134  738511.7400189623
0.5459577919741058 -1.243799069016797 0.06818706504162411 -0.025790719115815392 0.01801756933564785 0.9311057555106467 -0.36338998067870865  738511.7400204628
