0.9313135258952931 -2.0037343064991364 -0.008821338099939452 0.040659200897542 0.02266615100068889 -0.23255464626460773 0.971468687854596  738512.4271853797
0.9302809788444628 -2.0051653814540824 -0.008179492863655718 0.03161273477703323 0.030125796473485074 -0.23788345072863906 0.9703115660735939  738512.4271864507
0.9297392663739555 -2.00683298278474 -0.006667174671790208 0.03301452305997521 0.029567594563259594 -0.26224823103995665 0.9639821906732917  738512.4271877173
0.9303774157511726 -2.009256941051368 -0.0029995032557098506 0.027454019822420166 0.0024091121085360683 -0.28290869197965185 0.9587508252808971  738512.4271887965
0.9272216860996632 -2.011710702931262 0.005652605974861476 0.029549598650137218 -0.0035658105898824653 -0.30157320057396136 0.9529783370623018  738512.4271900461
0.9357558793855782 -2.0319533793466897 0.043530570807725655 -0.6086076077711952 0.7522303263142027 0.12450209115831526 0.2196486859361054  738512.427191114
0.9118157765495684 -2.0155306385146754 0.04177264966519794 0.01967190148540303 -0.0021553479816663317 -0.3264794307984087 0.9449971174731558  738512.4271923732
0.9000534928110201 -2.015122785592426 0.05730752299027576 0.02479281261079249 0.008318991001771508 -0.32834600519851964 0.9441954308837405  738512.4271934626
0.8965179532963737 -2.014932450886759 0.09980987317867819 0.07406439793774924 0.04480401368745198 -0.3422295321219113 0.9356206563876361  738512.4271945434
0.8666935912689097 -2.018269540459724 0.11107081221742891 0.07888282157413207 0.27278797983866165 -0.3363766504521819 0.8978947419083242  738512.4271958072
0.8651470304203251 -2.0413164067566694 0.1420178307840142 -0.034904449819513794 0.11791658319454787 -0.29208695596894096 0.9484527236205915  738512.4271968881
0.8632156280731815 -2.05760294943886 0.18586618759128395 -0.07898841032186595 0.11810670556237632 -0.2992291883495276 0.943543072665848  738512.4271981484
0.873230513458855 -2.06470894624637 0.2238875630740442 -0.02812375824701887 0.027690479964858836 -0.29641410589248773 0.9542436635206629  738512.427199228
0.879603203050321 -2.067535644999685 0.2648676955416159 0.01738636537780523 0.000764640018337071 -0.1846871627970858 0.9826432625945972  738512.4272003256
0.8812235119375326 -2.071211352596583 0.30351635602389077 0.0426635871659677 -0.05979319145183 0.016770249185839407 0.9971576361480574  738512.4272016106
0.8667524204334861 -2.082720155717342 0.32162921862443217 0.013507630859945668 -0.0314699109829455 0.2522554669384592 0.9670544803737465  738512.4272027079
0.84197237022734 -2.1020725726530385 0.3307486718500596 -0.014749682956291468 0.10334769499460666 0.5107987403090847 0.8533383547518787  738512.4272039612
0.8305501734281843 -2.107227347789504 0.3251995726366256 -0.016335770752002158 0.13669925518411793 0.6794481692557041 0.7206917798345681  738512.4272050628
0.8418494329296508 -2.1091080923427468 0.33936359447565717 -0.013585955862792404 0.13781382985000104 0.8075089980291924 0.5733689808554863  738512.4272061591
0.8725146317955773 -2.0839081478908823 0.360547775331744 -0.05772115112421652 0.07384373221881939 0.8991928658797907 0.4273962586122853  738512.427207439
0.8942318265497312 -2.0555325416865022 0.38603673219227025 -0.10632969484995429 0.045634298526015284 0.9273984607753764 0.35572967509418846  738512.4272085248
0.8976368698255284 -2.023399882752402 0.42499734110401094 -0.08460159117033146 0.026030659630535805 0.9436227728256384 0.3189687102765739  738512.4272096051
0.8924279704503689 -1.985981077195112 0.4694352229571846 -0.03871209215745329 0.008318074518560831 0.9556253059683728 0.2919117300657006  738512.4272108536
0.886255889740328 -1.9626301684865477 0.504018204999732 -0.07002825211544822 -0.0053318345213890705 0.9523480828205976 0.29681769589130624  738512.4272119487
0.8676605121368475 -1.941898631003914 0.5426488490665042 -0.1307803995201939 0.024669034783437183 0.9452080640344435 0.2981101164141388  738512.4272132225
0.8343431362961146 -1.918542519281856 0.5685688262968819 -0.11579056456810113 0.03648772816439436 0.9448616591477784 0.3041342399712818  738512.4272143111
0.7872881964551636 -1.8851317419650084 0.5874905743728198 -0.12325109297797049 0.023864148769851722 0.9386430201840299 0.32123037082914335  738512.4272155765
0.7376329118827945 -1.8539939580069735 0.5972993440763313 -0.06411526152516915 0.05601576612077566 0.9457256926000996 0.31361502123068613  738512.4272166477
0.6907596464144563 -1.8191641256749234 0.6071472413258614 -0.0511317523321791 0.05140966054622333 0.9447128829538448 0.31978142454964137  738512.4272177304
0.6363658059002002 -1.7725959556796147 0.6141576814820215 -0.03927939179665534 0.04726055520028473 0.9444093000689999 0.3229777751570954  738512.4272189835
0.5957565976485929 -1.7327421755529984 0.6173945093813556 -0.031034989758682057 0.042010328598208184 0.9448413230510173 0.3233370315274021  738512.4272200569
0.55220073254969 -1.6834702516478384 0.6176476119016712 -0.04640968483326863 0.042022201079225406 0.9406445824267204 0.3335686515867382  738512.4272213698
0.5144046650789351 -1.6388876574274525 0.6176990445579219 -0.040179137933830794 0.035828019177553065 0.9422724031446216 0.33049161591297127  738512.427222483
0.4826236128150993 -1.598973719457039 0.6166593059699745 -0.04515721368666901 0.039310824930562316 0.9410423039832049 0.33294874561907684  738512.4272235066
0.4454767869750039 -1.549751850357424 0.6141748030092601 -0.049996518183674385 0.03217341929602928 0.9391574929562773 0.3383022652664203  738512.4272247705
0.41562882902146786 -1.5105852957903332 0.6123102990418559 -0.05799037328797145 0.03946997118145215 0.9380179281515544 0.3394136185351473  738512.4272258622
0.37858434819752196 -1.461363431781983 0.609103758334846 -0.055892772136319754 0.0349784494607485 0.9384471619585928 0.3390714236088059  738512.4272271318
0.3439294632922387 -1.4164489776948952 0.6054737986280964 -0.04698812677741082 0.04124653532810529 0.9410811951494418 0.33235075357440613  738512.4272282139
0.3111118262545979 -1.3758105146852548 0.6025440861449304 -0.04659767372685108 0.03471384599723121 0.9379350598418116 0.34190851001234795  738512.4272293085
0.27194079042126423 -1.3260102266490585 0.601850314645927 -0.04747177420111235 0.04439514427944685 0.9399995123698144 0.33492748254378424  738512.4272305643
0.24010533349983154 -1.2840531994116264 0.6015937351256911 -0.04868403923924064 0.03472625668424753 0.9388180709623353 0.3391822239661322  738512.4272316673
0.19963109659104375 -1.2333782689537738 0.5976120483017575 -0.05736067330106656 0.04152968630888543 0.9384866427948542 0.33797612283884454  738512.42723289
0.1656968788346039 -1.1910866432461302 0.593072640104348 -0.05171053446598782 0.042907844844140015 0.9384953532182759 0.33869072834043845  738512.4272341436
0.12353819133962284 -1.139508471463255 0.586380627668392 -0.037848141064834515 0.04846577614158399 0.9380362836451094 0.34103741338187826  738512.4272352572
0.08778527966411251 -1.0912722506589647 0.5799518297068464 -0.05857587264748577 0.036819812492254425 0.9360978592572667 0.34486804207636207  738512.4272363588
0.05396843044134232 -1.047046514421925 0.5759294303631852 -0.030786799297215138 0.03779940032789559 0.9390510106475054 0.34030365517546707  738512.427237412
0.015528794571311058 -0.9948382886169743 0.5726507924917174 -0.04072691738550492 0.034495492116152375 0.9368983910204663 0.34550366731367715  738512.4272386489
-0.014442682646931127 -0.9528856457825801 0.5718060232917512 -0.04694748517281276 0.029811733248768593 0.9357980730026826 0.3481223359124187  738512.4272397239
-0.05177809026978784 -0.9022370797124513 0.5711607509556906 -0.06937151325119174 0.03563460660461418 0.9261579648791594 0.3689839997239286  738512.4272409868
-0.08932680039943837 -0.8542010942282235 0.5693135795607321 -0.0655816919939405 0.04062181949432902 0.9114398394659725 0.40413652209423556  738512.4272420817
-0.1256926397816404 -0.8084478891063269 0.5667982868091681 -0.05040012896943113 0.048361094007729095 0.8931386353200491 0.44432466697774137  738512.4272431957
-0.16839437195789242 -0.7497029773970799 0.5636228356153438 -0.038253655454064714 0.059825835110036724 0.8674978893697891 0.49234636104753493  738512.4272444571
-0.19978778717048462 -0.6986670419103033 0.5611124634001837 -0.03364028828135038 0.07008566878036432 0.8467168983019435 0.5263333774005721  738512.427245531
-0.23408838063604007 -0.62558974035807 0.5586404740719406 -0.021419712779075027 0.07125582602159754 0.8166689087324238 0.572289871194864  738512.4272467948
-0.2527135763784193 -0.5680938077801275 0.5565884125023739 -0.016227350258830077 0.068422157398432 0.7959991366379832 0.6011991815963382  738512.4272478835
-0.2653696148207861 -0.5094814349709413 0.5545285533121099 -0.010206205122627165 0.0643305676661763 0.772376076200744 0.6318169104681237  738512.4272489775
-0.27241442472922867 -0.4382712299039127 0.5521846850403834 -0.025226173121166456 0.07167601235226884 0.7414290827033648 0.6667151601430594  738512.4272502295
-0.2724935355906532 -0.3707746112125209 0.5503341295241774 -0.02423762160012199 0.06550493028269863 0.7153026039655422 0.6953156308957413  738512.4272513133
-0.2673627151011234 -0.30160424214629855 0.5486317375443436 -0.014551551773143191 0.055100255845307124 0.6881924762204397 0.7232864783889955  738512.4272525617
-0.25785459752618767 -0.23441343072498746 0.5473618152083145 -0.011137270067017929 0.056472186390988104 0.6575718971931012 0.7511897585840356  738512.427253656
-0.24516537615311723 -0.1755506448639501 0.545970284293566 -0.011453859164586392 0.06017487562633234 0.6296335793901757 0.77447359487455  738512.4272547476
-0.22416988719399242 -0.1055100694222947 0.5443180556835421 -0.0029539779549666648 0.06260985168087208 0.5929684579484824 0.802782466403533  738512.427256021
-0.19885054098406454 -0.04439727675405961 0.5425738219388683 -0.009519015964520632 0.07134827500641229 0.5614265046411644 0.8243901332955661  738512.4272571187
-0.17047851145710177 0.010766186081669429 0.5405805784468954 -0.0014790351589322476 0.05962944870006686 0.5347916046406327 0.8428760768396633  738512.4272582113
-0.13024995404207693 0.07417433698491714 0.5385427093435278 -0.007959331939919037 0.0619824166293734 0.5011224648469194 0.8631170860836908  738512.4272594918
-0.08879707690236459 0.12964485768017037 0.5368380523487777 -0.008254310150943673 0.06308713612215029 0.47354451628792565 0.8784688217082448  738512.4272605793
-0.03729041635144676 0.18854920510307313 0.535852407116272 -0.005519198063690081 0.048492634138583006 0.44707844090491183 0.8931622868018267  738512.4272618467
0.006950604940442211 0.23337234453700925 0.5353360225916938 -0.005007618966983617 0.047850909193457476 0.42719177150256044 0.902880061028122  738512.4272629216
0.05274798369740125 0.2747781706035962 0.5346141661329545 -0.014231143373820658 0.051071918993807044 0.4080195222084878 0.9114325005974503  738512.4272639947
0.11099880123800247 0.3235586933946966 0.5327189246308979 -0.01747698708669869 0.05738317465866477 0.39084200814958603 0.9185010891959048  738512.4272652711
0.16705029579703198 0.36690096839299724 0.5304975360492828 -0.01669645764495919 0.054881974659400506 0.3789569411207013 0.9236345781400979  738512.4272663536
0.22545100675727153 0.40936496270095285 0.5281440540550845 -0.00700446010203166 0.041681202299103576 0.3674198766689192 0.929094316602021  738512.4272676138
0.28331797981742873 0.4482026127344096 0.5263245343099309 -0.003621034818995756 0.04651108052664345 0.35858572348316387 0.9323303526160347  738512.42726869
0.3482615624342026 0.4860567191325868 0.5245985999780657 -0.021167490799090728 0.05087748734570642 0.3503187227667756 0.9350081342393299  738512.4272699483
0.4018530353673284 0.5169204234643879 0.5239716346835898 -0.02331776089076101 0.039705957930951885 0.35513797429988647 0.9336791408947722  738512.4272710313
0.4536617849991015 0.5464915991969357 0.5239326292136615 -0.02817568237557834 0.04908414374547331 0.36325924374036445 0.9299675260957356  738512.4272721118
0.5183920414707395 0.583991830845587 0.5229155314347533 -0.034707288055865246 0.057450526277508615 0.36800642306757014 0.9273974950188604  738512.4272733845
0.578772651556932 0.6204365087325435 0.5218875824571308 -0.0331681295533148 0.05167344246719731 0.37882807528713414 0.9234278639394466  738512.4272744792
0.6340000990793135 0.6544936053378595 0.5212982998980333 -0.030033856371499083 0.041294524853083034 0.3896679040743156 0.9195388269251845  738512.427275562
0.7005027654059847 0.6953547637037943 0.5209966720524083 -0.04277547826281257 0.03317686926799312 0.4107108246576596 0.9101572239530856  738512.4272768266
0.7524891702913175 0.729940574330847 0.5209249420638032 -0.04176327173329778 0.03829806701926144 0.4332543169752405 0.8994886236184629  738512.4272779202
0.8133701500356679 0.7740021972854614 0.5206805529882754 -0.047296047048417146 0.0479847999802055 0.4667548168170369 0.8818165817688778  738512.4272791826
0.8680372898293565 0.817736147164689 0.520801610870774 -0.05483645085257846 0.044897934459862836 0.5016147331899412 0.8621831583752462  738512.427280258
0.9156594096165713 0.8605591238675608 0.520836218970169 -0.05935772106582723 0.026124706349891873 0.5372879657882061 0.8409017793340521  738512.4272813408
0.971327074997169 0.9147749208342545 0.5291293593222669 -0.050376590422711996 0.0043414923065951795 0.5997114424523098 0.7986172652614669  738512.4272826037
1.0067621194430292 0.9672643231697576 0.5156648977301632 -0.060982705449109 0.03903059484101626 0.6369772116955392 0.7674749208169868  738512.4272836897
1.0461899277747537 1.0320169373006423 0.512138096298593 -0.010695135600337382 -0.03469968821126394 0.6685019027697031 0.7428234996995032  738512.42728495
1.0708112284021922 1.0775807388086815 0.5126939106113274 0.03762604612010564 -0.07900128989491642 0.6666072504572308 0.740255260356965  738512.4272860254
1.08601582938525 1.0971257186787975 0.5106395832537131 0.024258559001067416 -0.04913293704803098 0.6699668651469134 0.7403660421828134  738512.4272872972
1.092907391666838 1.0976845320487845 0.5015149097019868 0.003770994238364025 -0.0220249410583752 0.6798228205742894 0.7330358887532361  738512.4272883957
1.0964364902038575 1.089687113834897 0.4858699850453484 -0.012996245139193601 0.012269893907644469 0.6861644395451658 0.7272268622785091  738512.4272894649
1.1004699797357944 1.0767963753276844 0.45539960501168764 -0.02745124356181143 0.035354212039725254 0.6921531106071105 0.7203614234499662  738512.427290716
1.1047692785641323 1.0678868769064915 0.42405010468365406 -0.033338980624577456 0.05016117055805372 0.7006402479911664 0.7109680810233585  738512.4272917878
1.111944836923772 1.0614818589225983 0.37653494999350107 -0.035891056876723164 0.045201148368297056 0.7089242170481224 0.7029190157515771  738512.4272930368
1.1196160388607168 1.0594599003060077 0.3285164618177935 -0.029151606545944283 0.038716302952044625 0.7163060239064982 0.6961012224071865  738512.4272941223
1.1292029702048478 1.0600829349410186 0.2732428617807193 -0.027201367033533576 0.028389187588587855 0.7205575718157383 0.6922795138949109  738512.4272953982
1.1364370901899963 1.0600779994264053 0.2286231359196239 -0.014002073068845369 0.030246765523415754 0.7235833556917833 0.689431796837776  738512.4272964805
1.1452890499202941 1.059550176312641 0.18259188604017265 -0.018983018185623646 0.026340948537217565 0.7269571662042603 0.6859147745565737  738512.4272975719
1.156159116711001 1.0569924994739273 0.12416792535393076 -0.017874512248079306 0.030626132645794894 0.7292228960675369 0.683356795284813  738512.4272988337
1.1669714484404392 1.0533877912374932 0.0687501611895575 -0.020747645956210488 0.02899568726124992 0.7311712004642478 0.6812616684646176  738512.4272999185
1.1814683363625298 1.0466968831955152 0.003949512316360543 -0.020906261722953914 0.030050570017977247 0.726034330427707 0.6866833640789307  738512.4273014263
