-0.377271446869345 -0.33420767411461383 0.02601273594517834 -0.01415273906700672 -0.00026070542288437635 0.004736209136603219 0.9998885939606462  738545.5111777363
-0.3772573789834588 -0.3342078667977604 0.026033738242509853 -0.014037218579422165 -0.000309706684138303 0.004747362623304926 0.9998901555293193  738545.5111788039
-0.3774468438271933 -0.33413011283979016 0.026004341493313647 -0.01342143201301079 0.0002516623988983338 0.0026585720480520434 0.9999063625277231  738545.511180067
-0.3774333015165294 -0.33413408160484565 0.025990861086763704 -0.01352403762796648 0.0007463851638517665 0.0026387654753781053 0.9999047855832027  738545.5111811245
-0.37746587942106 -0.33411869469327105 0.025992663369450796 -0.013303722663250455 0.0004613429266230569 0.0025977831492934376 0.9999080205942508  738545.5111823675
-0.3774485371908657 -0.33414141712478573 0.025991658991006014 -0.013240859016516558 0.0007184583335286867 0.0027973017243248096 0.9999081650697682  738545.511183446
-0.3774594487900827 -0.334138868460863 0.025990316847999167 -0.013579545834700812 0.00046732669155696106 0.002865415875443055 0.9999035788177515  738545.5111847052
-0.37744879266067766 -0.3341357835545316 0.026000136989017084 -0.013233867996942547 0.00031380443715202405 0.002836290330036089 0.9999083566616386  738545.5111857879
-0.37743619004062334 -0.33415042323430955 0.025989694299328306 -0.0133843644473737 0.00045008522550865686 0.002804642698735789 0.9999063907141319  738545.5111870473
-0.377264491440184 -0.33420832182077703 0.026024381868661822 -0.013926981701610684 -0.00017543323639019668 0.004792422180675263 0.9998915146622182  738545.511188145
-0.3774452369169039 -0.33411633453063516 0.026049390166055175 -0.013453084320527994 0.0003410388512684192 0.003211865303119657 0.9999042864874824  738545.5111893893
-0.3772830527406794 -0.33423170208831304 0.026315751198808735 -0.014920676851231949 -0.0014811669841549116 0.004152813871613691 0.9998789595164076  738545.5111904753
-0.3775047048785816 -0.3341525679805653 0.026405105384693178 -0.014349486012306656 -0.0004762589374901462 0.0018761975728716436 0.9998951671606753  738545.5111915515
-0.37713109909059567 -0.33427849910295704 0.026640519731715658 -0.01531808691252447 -0.0020972596806346517 0.005910147212256864 0.9998630045536747  738545.5111928215
-0.37726083014448053 -0.33409827343956633 0.026585797666755336 -0.013683948674122927 -0.003222704768460368 0.004592552312456745 0.9998906301120721  738545.5111938963
-0.37786193290457437 -0.3337340632629538 0.02733418118061973 -0.020928953086066484 -0.0036059641131376535 -0.0006101008921730353 0.9997742763856436  738545.511195163
-0.37873381825041574 -0.3334831289939985 0.02967628443934603 -0.03402028355453192 -0.008428908659053925 -0.006578001691212137 0.9993639495696436  738545.5111962515
-0.3802278138325334 -0.3331538714587774 0.03599711443151436 -0.03603107453413616 -0.0013470926206554674 -0.01217102878612798 0.9992756441881661  738545.5111973288
-0.38375702153687113 -0.33186362470925496 0.05018604327113815 -0.02351416575728691 -0.002033644253863806 -0.03622797591973643 0.9990648037342456  738545.5111985664
-0.3862192850572068 -0.3324276128233599 0.06654254159547045 -0.02014964621851893 0.006071042275093045 -0.046990658874719975 0.9986736264573539  738545.5111996493
-0.38730063088344635 -0.3362756693985016 0.09222521804966965 -0.021702294184926845 0.013631964861835372 -0.04985207516359418 0.9984277392796136  738545.5112008906
-0.38712700078262613 -0.3406356443939503 0.11718813571181616 -0.03456434012157707 0.0015401648128293855 -0.05762407326868691 0.9977386433652023  738545.5112019839
-0.3835964073815586 -0.3474340654650364 0.15546826169606262 -0.0306798655551637 0.012107168995712205 -0.05806121648524654 0.9977680378969251  738545.5112032166
-0.37875502981682424 -0.353496279127529 0.1929391143593431 -0.03375251231180941 0.006802874796383103 -0.05232870144670529 0.9980361695910863  738545.5112043172
-0.37192898462568735 -0.36103682931968883 0.24428808598600477 -0.02522813394630859 -0.007599703758375038 -0.05179124741983883 0.9983102986802596  738545.5112055703
-0.36570009894361727 -0.3695308059416434 0.2925960555093938 -0.028526282548718605 -0.0001605777012078317 -0.04914702714837144 0.9983840919912687  738545.5112066582
-0.3614077167613705 -0.3781818593293647 0.3367455750597892 -0.027311300707122257 -0.012568268883736316 -0.04465617345497379 0.9985499274664791  738545.5112079113
-0.35984220706404746 -0.3833387233485462 0.3728628100738093 -0.11291265228467082 -0.046331302353147114 -0.04711220217227431 0.9914053579554536  738545.5112089867
-0.3639526090567989 -0.37793510441328404 0.39891038766522946 -0.1397239584895263 -0.052117914420703466 -0.044919738342471524 0.9877971226561137  738545.5112100639
-0.3769146535848453 -0.35120813570914944 0.4217163543324997 -0.13461577377945408 -0.03897821598411876 -0.04684246396534854 0.9890222827106118  738545.5112113286
-0.39302626000420426 -0.3147739403544065 0.43600397520741496 -0.1033746205642305 -0.02562584773082344 -0.04833640714198329 0.9931367456175824  738545.5112124223
-0.4170587489751897 -0.257786653206555 0.4506353988869829 -0.05139734558386251 -0.006359149905131095 -0.061658951858512265 0.9967527515563359  738545.5112136619
-0.43447748776079625 -0.20985889432879598 0.4630212980280098 -0.022532656329217172 0.006640035081959304 -0.058911293034285266 0.9979867979517005  738545.5112147328
-0.45481866380542046 -0.15577081648180252 0.4762017752122465 0.009085163743361064 0.014382566290829516 -0.057982357817056115 0.9981726542881353  738545.5112159781
-0.4682028540676182 -0.12015430520407794 0.48576102391248094 0.02390906165044557 0.01860095995174242 -0.05395186797101302 0.9980839428636789  738545.5112170632
-0.47976940277840213 -0.08981943422100695 0.49667898321951837 0.013901174179600677 0.02752507075524779 -0.04576856929973027 0.998476021695365  738545.5112183135
-0.4849332608979602 -0.0748009733928543 0.5045628531619875 0.011893071234497218 0.019846840973780144 -0.040852781553253475 0.9988972459664381  738545.5112193855
-0.48698303679382116 -0.06624828469312526 0.5122231230635622 -0.0025475832100860024 0.0029842618904297154 -0.04117920003886743 0.999144072436461  738545.5112206341
-0.4868975983289086 -0.06460265094014854 0.5163158827804762 -0.016370448695256456 0.002164268171025689 -0.03726769196389385 0.9991688763609905  738545.5112217049
-0.48617141931919156 -0.06606293666151992 0.5190750814979762 -0.030161075195468616 0.0008474608872551901 -0.036166376330748505 0.9988901764339264  738545.5112227771
-0.48404599740259896 -0.0684389195841987 0.5221903708293021 -0.04507721741484796 0.004382352165672438 -0.03403677658839855 0.9983938788369559  738545.5112240408
-0.48154554505943176 -0.06898343302747666 0.526402798874855 -0.04197658809177444 -0.003693957767137129 -0.03185752921394635 0.9986037345016143  738545.5112251069
-0.4781376801280735 -0.06760264754933 0.531861548963398 -0.04155244825822485 -0.005308256799840808 -0.028429588920104304 0.9987176652724875  738545.5112263658
-0.47572836319100886 -0.06471990244220224 0.5363968999554906 -0.04146461486999681 -0.002944731285409174 -0.027488857465295172 0.998757416486402  738545.5112274309
-0.4735375224675004 -0.060659498774700504 0.5420466886264311 -0.029350115403752253 -0.010267498632038605 -0.026067719319984254 0.9991764725047734  738545.5112286976
-0.4730815395727767 -0.05765175930763692 0.5452026342457991 -0.029518165331202443 -0.01181006095963166 -0.026227171057655686 0.9991503069478196  738545.51122978
-0.4738183322149053 -0.054498333389750374 0.5482769662741591 -0.031783646028860975 -0.0009630440238789213 -0.029678765972783204 0.9990535737595121  738545.5112310443
-0.47448627414313166 -0.05265156943142115 0.550627566541944 -0.02427657030938875 -0.003684496733224482 -0.030665436648958898 0.999228053856058  738545.5112321165
-0.4752464041027132 -0.051310428298295484 0.5520581150128268 -0.03107920415559775 0.0011742139556015295 -0.033411346274694255 0.9989576498684785  738545.5112333667
-0.4757009000083141 -0.050800090584636734 0.5524632834310286 -0.030822245259304062 0.0026517750524516137 -0.03198791799474632 0.999009374524888  738545.5112344528
-0.4760477143086382 -0.05080190731004027 0.5526662396056025 -0.0303101581364833 -0.0018958714387325238 -0.031193520962304933 0.9990518826543512  738545.5112355356
-0.4762850538174825 -0.050999287700893105 0.5517114576917127 -0.035852224933607665 0.001591931205193505 -0.030875166953510957 0.9988787753215806  738545.511236791
-0.4761906050090527 -0.05103722010120453 0.5514204492388951 -0.03452509001880644 0.0014582705860520487 -0.030040278583258685 0.9989511866296228  738545.5112378622
-0.47613860011733544 -0.051202006643710156 0.5515749819876946 -0.03025403431951377 -0.007155761546615416 -0.031046506005292705 0.9990343352202391  738545.511239115
-0.47632397972675133 -0.05177067756006889 0.5501641881127062 -0.0306103040725914 -0.00552013755981856 -0.03062257270421322 0.9990469435451367  738545.5112401854
-0.47720639057763825 -0.05263825220913056 0.5475828000159103 -0.03654814770780542 0.005510961943338479 -0.029473202720745138 0.9988819712653589  738545.5112414486
-0.4776288946042854 -0.052860324859207115 0.5462932136547304 -0.03183644371965064 0.001743870109509083 -0.028402345050031634 0.9990879373528567  738545.5112425337
-0.4778912677596832 -0.0526206609340808 0.5462344685711225 -0.03188425729320043 -0.0023185663323142926 -0.028317068745219047 0.999087664824615  738545.5112437726
-0.4782533571871995 -0.05232825028750408 0.5463987322304996 -0.034295633830420974 0.0024584190295662677 -0.0256125130550055 0.9990804596482967  738545.511244863
-0.4781957975656802 -0.05172195769946572 0.5471774985408652 -0.030942075184536684 -0.0018701983508310686 -0.023427080371788526 0.9992448459945424  738545.5112461027
-0.47810634114556017 -0.05131530084239127 0.5479702601637995 -0.03359389694532636 -0.0011368406001151495 -0.0238044826553907 0.9991513920757884  738545.5112471753
-0.4784231109724865 -0.05102856746091474 0.5478466105641535 -0.034024727425540614 0.0005026207088026775 -0.022069270382535436 0.9991771677739756  738545.511248247
-0.47838851293336393 -0.05066431153820342 0.5474622868204995 -0.03258472430153624 0.0007101200324549465 -0.020664953282074388 0.9992550681270433  738545.511249504
-0.478256747151381 -0.050547791403599204 0.5472109589168352 -0.03238198262803177 -0.0056338879637687815 -0.02191484009549465 0.9992193984761698  738545.5112505953
-0.47887064144699065 -0.05066786119727354 0.5462917090635724 -0.031697971040670625 -0.005949274763292522 -0.024514425442043155 0.9991791069207473  738545.5112518554
-0.4796671426837921 -0.05093209455853389 0.544939378473964 -0.03711915852530848 0.002868059328912327 -0.023224425201743188 0.9990368203325178  738545.5112529497
-0.4802107781690809 -0.05058505364794664 0.543284268181974 -0.03430342431941684 0.00092611898676698 -0.02223369920741411 0.9991636902946077  738545.5112542029
-0.48058675174452364 -0.05000037448163363 0.542320445157009 -0.0320181331222292 -0.0013205096813395573 -0.02119962163460407 0.9992615630795064  738545.5112552802
-0.4805251586818245 -0.04950323997344938 0.5415258150877951 -0.04243537628631058 0.0011992783818296014 -0.021784883395542437 0.99886096100821  738545.5112563657
-0.4804839481552484 -0.04762089998602426 0.5417799073664084 -0.03701643579637854 0.0035993555418211034 -0.022962406716744942 0.9990443213383433  738545.511257618
-0.4798756850646983 -0.046350307357064635 0.5432566131146329 -0.03191865668130852 -0.0033938199057600106 -0.0229950569126867 0.9992201502670423  738545.5112587082
-0.4795522498152187 -0.04535575524322011 0.5444514648200761 -0.027794092390831898 -0.007643507212252174 -0.023142542601810135 0.9993165103947745  738545.5112599744
-0.47995554645808347 -0.04498341530199244 0.5455838249230368 -0.02925828746841642 8.471859691715839e-05 -0.025163077617911502 0.9992551050467392  738545.5112610754
-0.48017682904615816 -0.04500686106548611 0.5467019315777732 -0.03322024176919008 0.005180687408918565 -0.024043017870118297 0.9991453894736566  738545.5112621377
-0.4799074008724578 -0.04504018597642298 0.5480832328002709 -0.02894962940319005 -0.002969532993854059 -0.02217712204097156 0.9993304138718065  738545.5112633861
-0.47977815507679417 -0.045384750500713014 0.5482496691403255 -0.025395760684310438 -0.0032791687111923228 -0.02317779824652971 0.9994033680452913  738545.511264467
-0.47990665747349104 -0.045983349548038656 0.5466220430258282 -0.03389312777602363 0.0008855781540119444 -0.02443309290004216 0.999126366188096  738545.511265755
-0.47943253988159695 -0.04675647038771057 0.544908647305708 -0.045632054332884676 -0.002911857027715499 -0.020928084074907233 0.9987348256684376  738545.5112668466
-0.4794481415201618 -0.042368116241410916 0.5441013197610464 -0.11200791671045443 -0.007034146605904424 -0.021798742189468364 0.9934432858571584  738545.511268084
-0.47880935236377503 -0.02571332335378394 0.5426048883758308 -0.15445183863137074 -0.005994797880988876 -0.027224042089598183 0.9876069782428935  738545.5112691673
-0.47870617453912456 0.013330154142006454 0.5377777635177697 -0.1785905625796432 -0.0021430036967053307 -0.023938717816670802 0.9836298878551507  738545.5112704091
-0.4773513210752427 0.0754744103508455 0.530925896230092 -0.15443615171151054 0.0022950696141799563 -0.025010186162584224 0.9876835010711267  738545.5112715078
-0.4748482999707612 0.14885417197102402 0.5257202101154609 -0.1262344601779382 0.0035282985501588517 -0.024718536450203797 0.9916861429548592  738545.5112726082
-0.4711006535004082 0.25209720905556043 0.5229734295118793 -0.07693591975764322 -0.007443051600878292 -0.023566302460197124 0.996729699879695  738545.5112738671
-0.4678776079130976 0.3509665123493254 0.5256314463117836 -0.04367498731062366 -0.014925654307317312 -0.019499538685458048 0.9987439553348845  738545.511274949
-0.4662661123039982 0.4376355178950067 0.531441253747699 -0.023686729162482142 -0.016346250668746932 -0.013453125491572137 0.9994952487956937  738545.5112760259
-0.4660821006510925 0.5375476993330857 0.5399895449582655 -0.029723027970733756 -0.011562137720798242 -0.008333955977328228 0.99945655421201  738545.5112772945
-0.4668927379628778 0.6138317479661884 0.5455450742362717 -0.01819276384765567 -0.009695179234755677 -0.0022370137875164864 0.999784988191213  738545.5112783569
-0.4676428567585911 0.6989849216674877 0.5492191765989528 -0.0032132549088771255 -0.00797521232008545 0.002150534320419626 0.9999607223203704  738545.5112796165
-0.46816826000934336 0.759872427621605 0.5496746255978231 0.00927157632700471 -0.005705353733798039 0.004793400097693835 0.999929252560744  738545.5112807032
-0.46784964567215387 0.8221745727546887 0.5478504593584651 0.007129562471961538 -0.0050947582860717735 0.005073229558005162 0.9999487362454221  738545.5112819574
-0.4670261935112277 0.8627503172563017 0.5447710405360685 0.020309583996318138 -0.012837238201448083 0.004445248099688895 0.9997014383717712  738545.5112830217
-0.4658195052208629 0.8996128397927597 0.5391963652385562 0.009317188074794277 -0.006018476587583946 0.002383917176624968 0.9999356403713384  738545.5112842566
-0.46485336241319636 0.9205258350167405 0.534683084054347 -0.0030839707756206377 -0.0058962814279795005 0.005648917294071343 0.9999619056359007  738545.5112853438
-0.4636598362194676 0.9380861277501679 0.5317728697546744 -0.015180004967527415 -0.003632245584002458 0.0023785362740986102 0.999875350634466  738545.5112865828
-0.46231835935920884 0.9471802833749418 0.530637805753577 -0.014821655643564934 -0.003111149074001265 0.0014060573123361878 0.9998843244487121  738545.5112876709
-0.4608419249067931 0.9542214281824742 0.5291989884990594 -0.026050561797376907 -0.0076409402168908245 5.1780433867383605e-05 0.999631422866163  738545.5112887594
-0.45844457473966715 0.9598355314455187 0.5277654381402326 -0.03165981937066151 -0.0037425249720557945 -0.0001933211675066318 0.9994916767893451  738545.5112900031
-0.45690196504677927 0.9634951422483972 0.5275167830453666 -0.0313442266905674 -0.006508571263765621 7.904886179923784e-05 0.9994874545008319  738545.5112910895
-0.45503551982267776 0.9664333464095157 0.5287319513789435 -0.027560133597494475 -0.012460068738014533 0.00015411364891961462 0.9995424763220998  738545.511292346
-0.45491292386165155 0.9673930088453121 0.5296899274304682 -0.025355893780996334 -0.013928414355118749 0.00028819806742919404 0.9995814098241288  738545.5112934264
-0.45634138997375273 0.9674219956064891 0.5293138198542036 -0.03352417448919108 -0.014302473706846664 -0.0022212501821657206 0.9993330951281016  738545.5112946725
-0.4573000156587876 0.966686150454297 0.5276367223756229 -0.03765045216539452 -0.0009756074278928031 -0.002000176507538549 0.9992884923463428  738545.5112957399
-0.45778113783929053 0.9665835048158489 0.5269050672330196 -0.034662507280418337 -0.0025319236385380087 9.693497268103209e-05 0.9993958627867812  738545.5112969951
-0.4580778262018113 0.9665424085958781 0.5265991696493469 -0.032591819086002886 -0.005667163175220345 -0.0008839376142371215 0.9994522876278311  738545.511298092
-0.4594738607218921 0.9660002150697583 0.5250505384951694 -0.031828662419396074 -0.011077007417009095 -0.0017546598986470743 0.9994304164492472  738545.5112993487
-0.45971802236329096 0.9653775286414441 0.5220870870742315 -0.03885936094010582 -0.0033344843101140763 -0.0023891225663782703 0.999236270045816  738545.5113004083
-0.4601827929663317 0.9654541633561824 0.5196271240541992 -0.04241739787488773 0.0022858401821752683 -0.004721225203962291 0.9990862071536963  738545.5113014927
-0.4595040594889828 0.9669412759738846 0.5184305971564463 -0.04076084847970816 -0.0009436869897118551 -0.003535009914695667 0.9991622322681051  738545.5113027521
-0.45842398401307627 0.9683922311397263 0.5185564916463021 -0.030126792369394962 -0.006768135726251145 -0.0001346820737276891 0.9995231616031024  738545.511303852
-0.45812233533099245 0.9694610715325096 0.5196857808923364 -0.02749391666109142 -0.015575845754718294 0.0006754994092273626 0.9995003858309442  738545.5113051021
-0.4586393350421489 0.9694366434246979 0.5209822661081507 -0.02574958367780035 -0.009869695632307085 0.00022451092305251144 0.9996196764987128  738545.5113061841
-0.4599406333383153 0.9684065715586165 0.5210988982966732 -0.03325717376980901 -0.005690918441194555 -0.0003435350795739712 0.9994305657842317  738545.5113074377
-0.4614405278688929 0.9675675951090555 0.5191993263455046 -0.042747428853115436 0.0030677479530332456 -0.002499538567141894 0.999078074304454  738545.5113085186
-0.46112661345809125 0.9676138058974714 0.5170228524157551 -0.042226378339220993 0.0036561272473552807 -0.005658130354223299 0.9990853573478088  738545.5113095997
-0.4598803819544919 0.9695345259543933 0.5150111049337281 -0.040902576526887016 0.0004152287275713418 -0.006032482923300562 0.9991448423368586  738545.5113108314
-0.45765127882020745 0.9718797070424722 0.5138232445118128 -0.036447661597247175 0.0013900332514909376 -0.013538412881912454 0.999242886964071  738545.5113119135
-0.4550784186158059 0.9755673091465239 0.5138667472862578 -0.028385000047550908 -0.012281370193461434 -0.013364498264111535 0.9994322637901081  738545.5113131733
-0.45334274358012144 0.9783536275557292 0.5132523136386704 -0.02722808988369627 -0.010126835620630522 -0.013081688163647465 0.9994923450214049  738545.5113142544
-0.45217158474150726 0.980685057060864 0.5118176407122947 -0.03234195444589023 -0.0036922657870499444 -0.015311320319770826 0.9993527548498794  738545.5113155077
-0.45161549794942135 0.9817869379103785 0.5110275622972468 -0.02627401085246138 -0.013173821725244738 -0.013175644253684723 0.9994811299736361  738545.5113165823
-0.4519701321963728 0.9816967822389835 0.5109622022141923 -0.024847805593240523 -0.015071394878591356 -0.014230769405057752 0.9994763252902763  738545.5113178466
-0.4542543136531629 0.9799862627656345 0.5106632046350261 -0.03111675842946531 -0.005138526113919555 -0.015361005980972764 0.9993845017757037  738545.5113189267
-0.45651150027377413 0.9781963964219874 0.5111372622579321 -0.03475570877647731 -0.00193077038125747 -0.013821078098527468 0.9992983991948421  738545.5113200364
-0.4586072658170156 0.9763737340329421 0.512086940402299 -0.03540225952917173 -0.001162789594486531 -0.011358592919329273 0.9993079156633761  738545.5113212878
-0.4594590419988254 0.9754445696518842 0.5128734865290221 -0.03684245030730666 -0.0022328283623674534 -0.00873538432977696 0.9992804117931408  738545.5113223417
-0.4602503129853808 0.9750343827796788 0.5133340087067761 -0.0358579642755649 -0.004010699565020292 -0.008312181570408772 0.9993142790556693  738545.5113236146
-0.460402899124272 0.9751955576265183 0.5129702324092484 -0.033826559473049474 -0.0031476484055459734 -0.008143897222858548 0.9993895802547448  738545.5113246822
-0.460883303330234 0.9755638693066823 0.511786899321263 -0.032699860549656456 -0.00911781557398032 -0.007573836408096098 0.9993949277243983  738545.5113259506
-0.4587354572528195 0.9756369610667929 0.509762460393856 -0.03002585625191618 0.047290521026361436 -0.005577636802644242 0.9984142149153789  738545.51132703
-0.4473630991433699 0.9756973635701032 0.5070366942377007 -0.034134474390601445 0.12832633354629894 -0.00429277400716401 0.9911350875980351  738545.5113281099
-0.4087150279969092 0.9754900855300517 0.5023036218092063 -0.029307603775221697 0.140461738111627 -0.005283016377087976 0.9896381430733027  738545.5113293743
-0.35328325735106964 0.9741636339427401 0.4974198001938416 -0.030473878402005793 0.13001550259070419 -0.008879744649018247 0.9910037648547025  738545.5113304437
-0.2587810958071974 0.9710340261252796 0.4944788184817235 -0.03349357006062694 0.09715762653537545 -0.007451952433162006 0.9946773571241784  738545.5113317035
-0.16740716444420525 0.96761724957328 0.4939804677267202 -0.027251094490883237 0.05307519242669984 -0.011054198279616232 0.998157405672228  738545.5113327696
-0.044961114227480635 0.9617294489528329 0.49912983976330777 -0.029671246399204803 0.02530238913159263 -0.0029661920721113537 0.9992350113691686  738545.5113340255
0.05589925962513091 0.9564687425532553 0.5061491036653936 -0.03363711961736089 0.007485908944310644 -0.001954058425044877 0.999404165994317  738545.5113350969
0.1737909076875239 0.9515073405086264 0.5150252332751171 -0.03951381668949692 -0.034845465776510175 0.003103515820161151 0.9986064389913581  738545.5113363515
0.25995459004203764 0.9487254026866876 0.5193450098874987 -0.04193057686678049 -0.06836729995541316 0.0035393636924355995 0.9967723972527922  738545.5113374145
0.3477033540546014 0.9465209423918081 0.5220879392221569 -0.04227555203884118 -0.08225247996373629 0.005544526599834724 0.9956990335761154  738545.5113386802
0.4043983441422794 0.94674203991136 0.5215799672933169 -0.05291416080705397 -0.0890360873069938 0.0011390963462416168 0.9946212189585846  738545.5113397549
0.4543246313153484 0.9475193404876532 0.5184259839202491 -0.043305990350240325 -0.08127356122424209 0.0027736516144753883 0.9957467079043927  738545.5113409896
0.48301896318179377 0.9494073989536388 0.5145815516677986 -0.042522897409315856 -0.06589153273683783 0.0012260430716758248 0.9969195584037328  738545.5113420746
0.49954629879826085 0.951780456952462 0.5108583654426769 -0.03983971156770087 -0.05029608320984704 0.005387140825625334 0.9979248870078727  738545.5113433197
0.5068286296903107 0.9540593733128411 0.5082572305993686 -0.032308640442288074 -0.03739877981543596 0.006351766378708875 0.9987577975089645  738545.5113443797
0.5102121175556595 0.9562984187439026 0.5057887011028821 -0.03571221803293116 -0.014753345250024807 0.006779004878709769 0.9992302144050471  738545.5113454657
0.5122943576668988 0.9584686958795857 0.5043052476141985 -0.0366700693826424 -0.0049050559115338755 0.007507070099294504 0.999287191120001  738545.5113467091
0.5142786798236083 0.9605300394891458 0.5049471141537981 -0.03350660866853454 -0.006832718073213342 0.010154962563817828 0.9993635464007046  738545.511347791
0.5174396432975398 0.9623087344688378 0.5067696104181056 -0.032228669401373644 -0.01057748790682025 0.012686350549825557 0.9993440279142739  738545.5113490376
0.5200056437060226 0.9627701610284918 0.5081860273444041 -0.028691925702631915 -0.01220763232495132 0.012264963894989517 0.9994385012461487  738545.511350123
0.5229456460052619 0.9619537085404279 0.508390727384132 -0.03429582417554043 -0.011827989345374577 0.011580174785190845 0.9992746342543228  738545.5113513655
0.5254413412212904 0.9606433825943413 0.5074462325586329 -0.048895981892845906 -0.017483343135961518 0.006789488684855532 0.9986277677447803  738545.5113524465
0.5288487778272691 0.960461491537716 0.505521737169416 -0.04306128407325246 -0.011759199248709738 0.005898907304271165 0.9989858106798152  738545.5113537
0.5320303622938479 0.9617873092415472 0.5035063114961457 -0.029639878144364733 -0.025913710502650233 0.0072179773247347985 0.9991986079028091  738545.5113548007
0.5349667736295813 0.964724005099407 0.5001408440727734 -0.032763568356426964 -0.020008748588337316 0.008180080054960955 0.9992293454751902  738545.5113560458
0.5366676563287549 0.9672661881280489 0.496983522690187 -0.03758830298337842 -0.013912401013700598 0.006018553942051877 0.9991783332245102  738545.5113571344
0.5378163676887627 0.9698183928914322 0.49550299546540555 -0.040198651552860766 -0.013834820173859825 0.004221334477588257 0.9990870064710666  738545.511358221
0.5382704601486551 0.9727703266537684 0.497690027941601 -0.02558785412392185 -0.012147338148602279 0.0059671608726797835 0.9995809606471884  738545.5113594744
0.5372493445247379 0.9741076223912124 0.49995680265637454 -0.02181395627756788 -0.020768229788713077 0.0023224170828435573 0.9995436150173023  738545.511360567
0.5349634341612365 0.9738584785744704 0.5028664930678844 -0.033752101315755595 -0.02243222049728104 0.0008539321764775293 0.9991780932046951  738545.5113618172
0.5329883707287362 0.9729214194322912 0.5054550246274851 -0.027955274963542984 -0.017591765406924476 -0.0004258989554272083 0.999454276593812  738545.5113628885
0.5312637703329559 0.9722864281493911 0.5083762958705671 -0.03871328502672968 -0.012081202503820315 0.004847392277617557 0.9991655663085112  738545.5113641476
0.5306490515014425 0.9720348053170779 0.5118502972291755 -0.04076745299888173 -0.0065893026262007345 0.006451928893734784 0.9991261023917024  738545.5113652246
0.5305662269803977 0.9722262874702742 0.5147344554019471 -0.03575519951045029 -0.012891023036926921 0.008072663298306304 0.9992448245251518  738545.5113663191
0.5310083798936833 0.9730366494196155 0.5169657687750517 -0.037016515277263275 -0.011903469903772494 0.011831949995364018 0.9991737035972701  738545.5113675658
0.5312664491730505 0.973786591686739 0.5178060469316415 -0.03241751723158808 -0.01616738447190849 0.01500572629279106 0.9992309785201333  738545.511368641
0.5315802863981499 0.9747413447962787 0.5183611625059255 -0.03320247906435891 -0.016496162532734775 0.019834465037498573 0.999115641956601  738545.5113698917
0.5315899472244762 0.9749483886199143 0.5187488235326175 -0.02216191759032444 -0.025010732695630148 0.020197337929167114 0.9992373993197625  738545.5113709563
0.5309206247010109 0.9751135890717076 0.5173851001257822 -0.028845708595258823 -0.01574503005687125 0.027406120042445255 0.9990840423649878  738545.5113722025
0.5304022421182342 0.9739803096772118 0.5161640112975059 -0.02292632984141636 -0.02049214317977767 0.02830710123759458 0.9991261999804762  738545.5113732603
0.5289861075891958 0.9713536254953448 0.5149617734668946 -0.03930227282929346 -0.013781787678991774 0.024656426977986288 0.998828040399098  738545.5113745213
0.5284595580712486 0.9687047554201211 0.5145725500795885 -0.048996106750416796 -0.01573847357765524 0.022740623713845276 0.9984160185042368  738545.5113755979
0.5282076321497804 0.9660471278672269 0.5151468348511283 -0.0271206034433055 -0.015967804817911466 0.020859018757949228 0.9992869474853675  738545.511376871
0.5284685581692967 0.9637849702432681 0.5143019618175857 -0.03739479827537193 -0.014120555363876448 0.01946456058642435 0.9990111960630559  738545.5113779731
0.5288283035503402 0.9619495154954891 0.5127533633812554 -0.0409786719954007 -0.010823719708859654 0.01522054546142979 0.9989854506092739  738545.511379042
0.5303271461130455 0.9608020785851755 0.5110258418274578 -0.04352256190048447 -0.0061832804084096865 0.012155978819907228 0.9989593514392562  738545.5113802826
0.5329757763071462 0.9610460985934142 0.5102505509644332 -0.050349844916985756 -0.01520230841683063 0.006910280661979165 0.9985920242805907  738545.5113813496
0.5372859010579969 0.9631709280664288 0.5092820618797047 -0.04481358865931063 -0.012593810097441692 0.004799495968933616 0.9989044514152232  738545.5113825994
0.5412980475382098 0.9655717090062522 0.5080614572912724 -0.03728805689980936 -0.01930762963314447 0.0008345889181529655 0.9991176706033797  738545.5113836868
0.5459222035342313 0.9687387710456086 0.5057260725986931 -0.03570459221503296 -0.023460577485168284 -0.004316254381435122 0.9990776513099147  738545.5113849435
0.5480637766033537 0.9704504408886538 0.5032386008706277 -0.028975604443608246 -0.027415696409053725 -0.007160996948584773 0.9991784195328863  738545.511386023
0.549577631544083 0.9726610598341773 0.5122526620100532 -0.06562024424665358 -0.0036488821325687468 -0.033905318891679845 0.9972618004090228  738545.5113872765
0.5535818977933867 0.9791037840202449 0.5299831906931021 -0.07738318357963826 0.028659513907841435 -0.05478201460153978 0.9950826126698441  738545.5113883485
0.5641225306943981 0.9924979539892685 0.5601149950389794 -0.04005822460516523 -0.011068124339225752 -0.06920600438633194 0.9967363564262982  738545.5113896215
0.5741992918018654 1.0047032560814677 0.5932314363979989 -0.007469711006264569 -0.03613543568561003 -0.06552146402119861 0.9971686775354573  738545.5113907102
0.5786147107320551 1.010246070252762 0.6254116438561647 0.016447651649125535 -0.05285452490289279 -0.053562812826993995 0.9970290362043519  738545.5113917887
0.5746557499042051 1.0081240234030346 0.6682157889336405 0.008181994215782326 -0.05101782227807646 -0.03611976768647636 0.998010821165247  738545.5113930491
0.5644912438897539 0.9988826754860375 0.7032540230571589 0.010459712712280796 -0.03392277416618334 -0.019849250033468133 0.9991725812270649  738545.5113941134
0.5459406258900783 0.9827342576643697 0.7376600392209804 -0.01916924695074049 -0.024300136292076537 -0.0062808980293801945 0.9995011724192586  738545.5113953673
0.5290201850105082 0.967946356924044 0.7591834298336474 -0.04465757059802809 -0.0019722281612370453 0.002686221441815595 0.9989967947489761  738545.5113964496
0.5106813432710958 0.9517419871529267 0.7784842615940787 -0.05116401654498013 0.0023320576787630247 0.004085214543428116 0.9986791856948367  738545.5113977154
0.4996004839157118 0.9416811906447431 0.7884624903838425 -0.0555875209808297 0.019347314705824115 0.00662737836195786 0.9982443522409367  738545.5113987839
0.4918357489646301 0.9357360175725368 0.7950477446096389 -0.058736050572932935 0.018231030675543006 0.007514088172520608 0.9980787766316529  738545.5114000249
0.49058849841402064 0.9363661353216373 0.7982639552974757 -0.05398984156794305 0.017142240483611012 0.008505267366821114 0.9983581025993076  738545.5114011144
0.4933689798536013 0.940852929801662 0.7997789586617414 -0.04110463570050752 0.006232087141053352 0.00558762801830689 0.999119786825846  738545.5114021926
0.5002800831813066 0.9492841965470078 0.7993546763061967 -0.032330261444349334 -0.0009132562148502086 0.0009045168731700537 0.999476413932441  738545.5114034448
0.5074048953990712 0.9571817620666511 0.7973191520978004 -0.020660842654823836 -0.003991050082781717 -0.00351876307118306 0.9997723837986716  738545.5114045519
0.5167102244457821 0.9666620392637936 0.7950477135881673 -0.024815209612160972 -0.012078523686605436 -0.00787869863482179 0.9995880355152709  738545.5114058153
0.5241536898306249 0.9736879519037174 0.7929716770174452 -0.01940949465470301 -0.024092928266188175 -0.010539083355883402 0.9994657222970816  738545.5114068884
0.5296928508866102 0.9779275703813395 0.792642735933058 -0.013279064467739327 -0.03129834192789292 -0.010343960509838638 0.9993683418641983  738545.5114081373
0.5320903690463852 0.9789803835758158 0.7938520570394777 -0.013585137789530367 -0.030457403314750883 -0.007742906772328119 0.9994137471584414  738545.5114092221
0.5321306481834555 0.9774240263838205 0.7954103816137109 -0.025243301159760877 -0.02520156546421661 -0.007472897385799976 0.99933568566792  738545.5114103067
0.5298854000980218 0.9737060275393639 0.7958676495625518 -0.019331430395985807 -0.020842755895705063 -0.00796816434246371 0.99956409683548  738545.5114115513
0.5274014044013773 0.9705736912369517 0.7944886356089822 -0.038557617044393575 -0.014988037799383415 -0.007501371293490334 0.9991158082622351  738545.5114126359
0.5247485050127624 0.9671816634489104 0.7916237740739736 -0.03578036958048634 -0.008616092081835154 -0.0056235170958474365 0.999306711758404  738545.5114138802
0.5233672905685203 0.9659032555831624 0.7885248615872016 -0.049783692672835916 0.0005782089935275082 -0.00548497813080489 0.9987447945461949  738545.5114149795
0.5229642273641728 0.9661695199707012 0.7838625466121661 -0.03493682201927186 -0.005861364014356247 -0.0066153939758591155 0.9993504387559097  738545.5114162257
0.5239632777468106 0.9676362606704751 0.78026933590127 -0.03730884885858958 -0.0020252517499369724 -0.010330210035851401 0.9992483349562368  738545.511417299
0.5257229491584907 0.9704143421671748 0.7776993824397206 -0.03062179366757735 -0.005455539212547564 -0.010944220501362577 0.9994562356011885  738545.5114183822
0.5285096454152451 0.9739044431159252 0.7746365541826498 -0.02589427054594664 -0.0026969449969179216 -0.009617599829926235 0.9996147833110954  738545.511419633
0.5303468045352253 0.976665944443197 0.7714670988361094 -0.032363294000071305 -0.013112328543201242 -0.007660143395284599 0.9993607988333362  738545.5114207093
0.5319337276270854 0.978249265466287 0.7711543426640257 -0.01921660208718615 -0.030012959644037274 -0.010624488344228713 0.9993082931233241  738545.5114219701
0.5323806132055241 0.9784297957269646 0.7702001895507762 -0.022644606709377558 -0.0034410516208305745 -0.01137076126092957 0.9996729899017315  738545.5114230474
0.5319897606634418 0.9774185950198164 0.767879933853847 -0.02591578376276425 -0.01946998367186376 -0.009729215592296267 0.9994271530490543  738545.5114242904
0.5316586174213683 0.976113789443204 0.7667866043601015 -0.027757988148636056 -0.009973976680892057 -0.008423287032193897 0.9995294203367315  738545.5114253716
0.5306850761181813 0.9749355167672067 0.7643389938530646 -0.03910386723332188 -0.009466102708096493 -0.002666064973775784 0.9991867555990093  738545.5114266223
0.530113919780594 0.9735394394450643 0.7637942038792359 -0.04179035954545322 -0.011554305894887462 -0.0028325895429337205 0.9990555741803507  738545.5114276834
0.5292230525821218 0.9719894619192592 0.7630368210087628 -0.04024186936066668 -0.009739851587871063 -0.0004896808374357107 0.9991423759675508  738545.5114289363
0.5287227274503539 0.970705845482208 0.7627378125120426 -0.036905180689182006 -0.02066622555249995 6.272198823257444e-05 0.9991050549495105  738545.5114300161
0.5283161489680719 0.970089950374623 0.761719649422612 -0.04404290975935524 -0.008611214136026765 0.0019184597855038774 0.9989906849431001  738545.51143112
0.5283564151706165 0.9699907886053721 0.7604061518990618 -0.04138473015399517 -0.008538064082745137 0.003815387526688363 0.9990995187616803  738545.5114323815
0.5286980248624138 0.970340812523557 0.7596288689919056 -0.03643558383820761 -0.00874795161521263 0.003576107006443323 0.9992913153988607  738545.5114334814
0.5296714726950047 0.9711640222603027 0.7579860934057303 -0.041352833827652286 -0.0071576382176022435 0.0033341100193434205 0.9991134045041872  738545.5114347364
0.5307434648836797 0.9721825768036291 0.7574562445239693 -0.0329645290766915 -0.010433583336705143 0.0038461158907267265 0.9993946605591122  738545.511435814
0.5316918052829654 0.9733274881220214 0.7567071768792012 -0.03497207088550798 -0.014114837373196748 0.0024530159692354404 0.999285598983875  738545.5114370795
0.5323355941162595 0.9743607702589699 0.7574721098489638 -0.03477604400774655 -0.015991316774062427 -0.0010128365128543831 0.9992666704705011  738545.511438161
0.5330720518152817 0.9757482727902864 0.7594997171396635 -0.029156547906219635 -0.0187972602984717 -0.00039208131827525025 0.9993980213066783  738545.5114392508
0.5339439264531907 0.9769617111109492 0.7607483124927341 -0.02334873309705107 -0.023944784431721582 -0.0022096185684273404 0.9994381429318491  738545.5114405013
0.534925825044143 0.9777238019337718 0.7622932510115611 -0.029279636013941075 -0.017427889475674228 -0.0029598755040892745 0.9994149342091677  738545.511441576
0.5362102611945752 0.9781146599502636 0.7646715496009188 -0.02457121843888302 -0.023042401051139156 -0.0031972196212335944 0.999427376433586  738545.5114428282
0.5367482236099989 0.9778644995502724 0.7662661782342006 -0.02003867766523867 -0.02522718399677397 -0.0005889907025331911 0.9994807120074773  738545.5114439131
0.5366871524087083 0.9767284386991781 0.7657748274913481 -0.036504073351592815 -0.009812547641735567 -0.0013394639775396564 0.9992844301667935  738545.5114451769
0.538295976748789 0.9776262965670212 0.77399014978616 -0.07779939439587706 0.0240559316869409 -0.02399631060826541 0.9963898551568556  738545.5114462497
0.5443956075617428 0.9841337468952894 0.7909166486486745 -0.07174099110706955 0.03149146197204485 -0.04492509167920411 0.9959132764229292  738545.5114473281
0.5574721407612807 0.998346681377618 0.8196396571082589 -0.034146003489682816 -0.014350753511493139 -0.058564468720366414 0.9975962656921066  738545.5114485791
0.5684432161825673 1.010417728242423 0.8508530484715849 0.0033543312400099736 -0.027718937412791557 -0.05102679051514826 0.9983069045240353  738545.5114496627
0.5750261870771641 1.0180105098482146 0.8958467568258005 0.024961718113318866 -0.05672207296288066 -0.032080131699815564 0.9975622207249768  738545.5114509176
0.5724889626971497 1.0154650936444198 0.9324966814722826 0.027686701174226048 -0.05313833689527126 -0.017546998592788736 0.9980490301435488  738545.5114519888
0.5613527855929065 1.0029308724149817 0.9713664978877502 0.007494289819115314 -0.044065730783701795 -0.0046820157033720475 0.9989895523575604  738545.511453262
0.5469929402193986 0.9873571449514401 0.9968724281864306 -0.005822518584950393 -0.017579842288891683 0.007037617842774769 0.999803740419851  738545.5114543268
0.5279181876953712 0.9661541931894075 1.0211447620558818 -0.03325766313892031 -0.003137205854595953 0.012162127449534713 0.9993678844338882  738545.5114555999
0.5134543297513252 0.9495688867927062 1.0377328600379019 -0.04789647969259091 0.020446310069610656 0.02005389795380389 0.9984416441707813  738545.5114566723
0.504004027434856 0.9388911931694162 1.0481230529174974 -0.05657039024124672 0.026987178461189972 0.02102420023873259 0.9978123401476746  738545.5114577507
0.4986394862583012 0.9330225012482599 1.0544160808264151 -0.0603086774989429 0.02513611316031383 0.02104447488885513 0.9976413029291503  738545.5114590034
0.4990839804466286 0.9340393536383298 1.0563153153171538 -0.05480359121169183 0.02239325214133183 0.0203830254325489 0.9980378955345597  738545.5114600742
0.504119502828102 0.9411613893395396 1.0550839729941275 -0.04470812194678304 0.01599133139373381 0.01703169776320895 0.9987268807955206  738545.5114613335
0.5114811936258651 0.9505759850245153 1.0533759995780538 -0.03795940804230393 0.009819980204372435 0.014434830621498643 0.9991267622252905  738545.511462399
0.5220246108160257 0.9641419037858389 1.0515392660867438 -0.024850781109234624 -0.0031184040627228976 0.00986560810585113 0.9996376263482004  738545.5114636492
0.5305917599790572 0.9747926370221891 1.0511313255897472 -0.015576054540005147 -0.010121630913348998 0.007770013353217558 0.999797262451299  738545.5114647185
0.5389472202387154 0.9852774176585206 1.0510695718139598 -0.012110413538203335 -0.012085242431142609 0.005570991800942153 0.9998381113208619  738545.511465979
0.5447228657590089 0.9917197440605875 1.0508711500219494 -0.024457046916196917 -0.017760104590845784 0.010387294358389261 0.999489137338157  738545.5114670683
0.549002443237908 0.9942212097095456 1.0507743719943592 -0.003312530066400341 -0.023105191952842625 0.02043643644925546 0.9995186488078335  738545.5114683253
0.5509840135136497 0.9972604514620419 1.0498440529130288 -0.02856473990172822 -0.003547175501984957 -0.012598507692045059 0.9995062534993157  738545.511469395
0.5546302122129669 0.9998776282860122 1.0480282124766767 -0.05297559717606228 0.007957234299421613 0.0027291245788471905 0.9985603739409936  738545.5114704773
0.5564905218625098 1.0013575823326666 1.048345233731807 -0.07193947005394391 0.06525745901496119 -0.010526695758945177 0.9952162405063871  738545.511471728
0.5462161875077501 1.0020663964911312 1.057381937789492 -0.07038022199286488 0.06724785282814087 0.09015951971515351 0.991158721722698  738545.5114727851
0.53649473327538 0.9907055874068292 1.0786667565824826 -0.03241582134595175 0.03539583351322335 0.17138206583398718 0.9840348250986072  738545.5114740658
0.5411003484748392 0.9723372777994087 1.0932479069888237 -0.05440650941844053 0.03279466617109133 0.08793356925980474 0.9940986515436278  738545.5114751536
0.5340940580011115 0.9556247454093669 1.1221161546409155 -0.0622067900285751 -0.014747583310162526 0.12590027278858215 0.9899807803046538  738545.511476421
0.5382906611583335 0.9358023080038579 1.1556720683413588 -0.07041535076037489 -0.03951051488233682 0.09131571911122456 0.9925432167085855  738545.5114775077
0.5389236712865842 0.9222677602988969 1.1863626889015182 -0.08394186086560938 -0.04357866045204068 0.08854278538535665 0.9915719033453031  738545.511478578
0.5531756263046841 0.9023353314068946 1.220821039479672 -0.06366197735888073 -0.009252426089092809 0.06484049945860494 0.9958198907835603  738545.5114798382
0.5592843903700134 0.8897886318190534 1.2457900131495037 -0.04001297943440508 -0.011701325859458298 0.06063879544617159 0.9972888132014467  738545.5114808934
0.5640834545099804 0.8788747983151856 1.2681823629983966 -0.02855476304020034 -0.005363203660284038 0.08176229431122377 0.9962282814612228  738545.5114821556
0.5650495149623075 0.8724805411202186 1.2828185024565557 -0.03233037275956469 0.012025072314572744 0.11648161475953234 0.9925936621075458  738545.5114832458
0.5636858105530775 0.8670076120635402 1.294266971670526 -0.06362663919960877 0.006432051605788682 0.1363112038612342 0.9885997851497866  738545.5114844971
0.5630558112241656 0.8595407976762478 1.305647002502383 -0.05906692765538445 -0.011641660779828544 0.15631989582315564 0.9858700015526788  738545.5114855868
0.5616498365472908 0.8536898827051356 1.3157274893089879 -0.05111723096647924 -0.013796455914784575 0.16412105958553228 0.9850182558222123  738545.511486844
0.5595876632423379 0.8497642697574491 1.3227723262035143 -0.023103189660757417 -0.011368767656099689 0.19704138501344257 0.98005698117072  738545.5114879183
0.5582019283152514 0.8463379602811166 1.3290982372061442 -0.002768647923568811 -0.010730282868510889 0.2358468174487912 0.9717270575205332  738545.5114889957
0.5578275668469304 0.8460893054856872 1.3332598830102782 -0.007752716670496041 -0.03020042763487098 0.2425655181751831 0.9696338478762501  738545.5114902547
0.5598985379904458 0.8471981219017031 1.333448980914084 -0.04353258738761883 -0.04721844447983168 0.22003305349036348 0.9733759744867094  738545.5114936536
0.5676938117783453 0.8410189724045025 1.3364084294597443 -0.03624670175274394 -0.0038005944489545138 0.2223124246499374 0.9742940613285848  738545.5114936536
0.5673068894996434 0.8399287494468475 1.3368651817954795 -0.03692480784378672 -0.003174203817663885 0.22511997818086235 0.9736259437893341  738545.5114937114
0.5475648290451766 0.8147614887654403 1.3397575989276014 0.009421427149481921 -0.026511326609194953 0.2963163857570072 0.9546753300488037  738545.511494926
0.5120253660800304 0.7716331021962586 1.3389485645985193 0.04444554845593338 -0.01130603662809577 0.40353956819769604 0.9138121161688723  738545.5114959939
0.46167283985592866 0.7002328990643216 1.33638737248739 0.06568720649972516 0.037985526790473303 0.5385715320649076 0.8391561210561304  738545.5114972381
0.41632572801256257 0.626288875824742 1.3303142751214367 0.03182563504100643 0.02205697335026887 0.6506002283702109 0.7584325690036601  738545.5114983248
0.37269900214677043 0.5281934249795536 1.324282120348553 0.06612042624454328 -0.04368487806927027 0.7509245764093561 0.6556157420362495  738545.5114994103
0.33155069433335616 0.4305296084792685 1.3264889972110812 -0.023214639784031425 -0.035103962093780174 0.8234742232478616 0.5657905937635824  738545.511500658
0.3006933223704003 0.31073988035010064 1.3262147783234115 -0.04363536879985703 -0.049333614738887144 0.8949675736040759 0.4412427803870889  738545.5115017344
0.27562749304881884 0.18457119472051592 1.3257834331124656 -0.08099013592327368 -0.048243716496399115 0.9458392110542834 0.3106466296838831  738545.511502978
0.2561583439118872 0.06005523702969859 1.324282376428135 -0.12096098798588968 -0.05526987511471997 0.9591504799288554 0.2496878794465748  738545.5115040559
0.24192972949457414 -0.05755338821421786 1.3234935478342913 -0.10482743435563205 -0.07868194873139156 0.9591907572095971 0.2505463055683045  738545.511505306
0.23629575117677457 -0.13389993483933235 1.3241744163512315 -0.01248377645657189 0.06454706161232068 0.9706579724160707 0.2313026864256451  738545.5115063819
0.22226558464410442 -0.21974049446439306 1.3143910020907268 -0.014423583590682115 0.03296564225616443 0.9800141383659435 0.19564640367228497  738545.5115076349
0.19539405909817592 -0.2898393685246612 1.3019950482468479 -0.08649594117005809 -0.027178992757836667 0.9907494495788784 0.10097169243369578  738545.5115087233
0.16244261587210912 -0.3744478376977647 1.2862860499853863 -0.11501353928864423 0.018271707200352007 0.9905643148313558 0.07225211885454165  738545.5115099885
0.13508099943138768 -0.4441539215416239 1.276858998070148 -0.08743004118205334 -0.020901734965543192 0.9888632663209042 0.1186109012506329  738545.511511063
0.0962210546861412 -0.5295654472968288 1.2834805021420297 -0.11544918543550506 0.006323813827123311 0.9907825902167061 0.07057870701871047  738545.5115123016
0.0729706133053892 -0.6012384685837717 1.3030783895640337 -0.07508218039601346 -0.03141088550682049 0.9966793796351079 0.0024973323436000153  738545.5115133723
0.06811977417293623 -0.655817954486294 1.320796070261194 -0.07152424968014244 -0.041291863758668126 0.9963549751211439 -0.021354794458691068  738545.5115144538
0.06867700700556842 -0.7151423852854206 1.3302321922287084 -0.08114678279616361 -0.06343046840615849 0.9891468740177137 -0.10478662577157812  738545.5115157103
0.08035526048713579 -0.7794364880574753 1.3339922676489449 -0.06218839822364908 -0.09306744627437907 0.9581908376916786 -0.2633274997679916  738545.5115168028
0.10742086324250234 -0.8412008452575132 1.3349614271192325 -0.019796244425970617 -0.09819060804293961 0.9367171707502848 -0.33545142006014356  738545.5115180486
0.13569144980635364 -0.8971970142064519 1.3318557908272841 0.002382229787637671 -0.09020649697764752 0.9295160925879186 -0.3575708971719435  738545.5115191179
0.18122114344794088 -0.9747868609019936 1.3278918295835183 0.03907429831497373 -0.08756275014993135 0.9412887387567155 -0.3236996668011338  738545.5115203754
0.2206531353586719 -1.0362150405817916 1.3336840785609765 0.06126298711915339 -0.06700170216021288 0.9368617761739226 -0.33770938787826965  738545.5115214535
0.26804745042619155 -1.1017073414408045 1.350113471700455 0.08024530375120772 -0.05292371864259769 0.9261916275521876 -0.3645940760395667  738545.5115227029
0.30236376863083925 -1.1468292675250769 1.3621356446592903 0.045182774592842756 -0.0347874791271196 0.9296694376709199 -0.36395478405525616  738545.5115237742
0.3470532660182081 -1.1888603235863586 1.3662671741217913 0.021262288225880433 -0.03545258592133243 0.9076341328701575 -0.4177215700678233  738545.5115250155
0.38474631495424655 -1.2235546207799812 1.3645813968306486 0.03787943018013185 0.002839451101099897 0.9070769815802738 -0.419247463646344  738545.5115260788
0.43062959704461584 -1.2668287801349827 1.3584624420017526 0.0574230321232739 0.03811549488394759 0.8956516829779149 -0.4393835081228583  738545.511527338
0.46995260391977395 -1.3066123356867243 1.3516407446179213 0.08332799027039012 0.07757441158342251 0.8792930644494262 -0.4624741760532375  738545.5115283971
0.5232706915548903 -1.3641794591673901 1.3397603301607253 0.0427135379900699 0.08107811794320333 0.8912015420437812 -0.44425409837383073  738545.5115296381
0.5683498587483978 -1.4059343011939738 1.3353783242428459 0.02701245521825848 0.1192916902262023 0.8947395326128669 -0.42951250119847045  738545.5115307434
0.6213889152386463 -1.4556912991401847 1.344190699867986 -0.02571220642757705 0.15428593431149806 0.9034069330935872 -0.39923758108761853  738545.5115319878
0.6551069625616236 -1.4886772961873187 1.3546670867744455 -0.09086107740945319 0.1699399985195959 0.8973408533103708 -0.39704414678391725  738545.5115330581
0.6974236598349394 -1.5316379069153185 1.3567105803280148 -0.13605565239459688 0.15792175486952334 0.9109390753042151 -0.356005027877855  738545.5115343035
0.7332426895171286 -1.5660134551930704 1.3574792300203362 -0.1036213627259723 0.04822192355389496 0.9404541673722313 -0.3201300022612345  738545.5115353824
0.7701770481944973 -1.6016694825191926 1.3569782383116993 0.03964898493956481 -0.06123723765070522 0.9538125622914498 -0.29140959958998  738545.5115364643
0.791515496438511 -1.6247515893613491 1.352285469045094 0.0053227611553688945 -0.013568550580044412 0.9581264489340255 -0.2859742479698376  738545.5115377122
0.8083353767902504 -1.6431639621746092 1.3467003235996458 -0.1165715855606614 0.10643473676577539 0.9451252098924992 -0.28604379013558934  738545.5115387868
0.8332466634671324 -1.6611807383812143 1.3468711132687066 -0.16704537606958494 0.17783094864737037 0.9195915752511375 -0.30793397143556417  738545.5115400329
0.8552076279160103 -1.6844888364033095 1.3476895389161947 -0.2002923948599589 0.14203763052804286 0.941074270799054 -0.23256716216024642  738545.5115411169
0.876614176379681 -1.7059378016410178 1.354660931602424 -0.14997272233050352 0.12820997056993555 0.9586664960419644 -0.20500959823836626  738545.5115423583
0.8936144409538138 -1.7276495948320656 1.3545929536564756 -0.17110900666049525 0.14362772366690668 0.9545390666057028 -0.19735236293856512  738545.5115434363
0.9142267377090825 -1.757276280113532 1.35507583549611 -0.17225009643221278 0.15894779935899275 0.9510035933146334 -0.2016374639313896  738545.5115446973
0.9161408121710027 -1.8040642094256807 1.3571166575922764 -0.186147855086261 0.11999653134776876 0.9560833515533994 -0.19197508534626886  738545.5115457718
0.9041192055753585 -1.8705698120207466 1.3642921955585765 -0.23293462939240606 0.12207144232093967 0.9472782807113593 -0.18304065202036143  738545.5115468579
0.9050377201509157 -1.9141288640505563 1.3647369838340215 -0.1690426877507609 0.1977416157816007 0.9484881144125886 -0.18081238874627195  738545.5115481134
0.9083755496321486 -1.9381335427880109 1.35662952887591 -0.08876501341399753 0.20991619726569555 0.9550725496044606 -0.18945286356019433  738545.5115491957
0.912837877570937 -1.9548247337278661 1.3365998487025805 -0.006334407901123129 0.20257678692476624 0.9556845171888986 -0.2135172692809693  738545.5115504598
0.9126901920053105 -1.9639129112614575 1.3182508538390876 0.023668584250548255 0.18590518328807948 0.9533289174152539 -0.23673410435773765  738545.5115515599
0.9214110605535665 -1.977603139494593 1.3011748468104856 0.030286710808843806 0.1542912576201028 0.9604121770892093 -0.22996820012591715  738545.5115527896
0.9309980873976527 -1.987143861149999 1.2907888571912074 0.04081336828643335 0.14382438206755893 0.9646204742512438 -0.21715468391749357  738545.5115538551
0.9418176650592189 -1.9941740925603144 1.2788641682742574 0.051265373590084186 0.13954497419183304 0.9679880459174852 -0.20223304529507127  738545.5115551163
0.954101760688457 -2.0012558337513795 1.273051660441023 0.07015849855236754 0.13827009788409397 0.9728605766736445 -0.17175990063523133  738545.5115561663
0.9730925430610888 -2.0166344688173035 1.27066740228084 0.0939926779452076 0.13017273080747227 0.9822731093320975 -0.09674696548144054  738545.5115574491
0.9948714376989946 -2.034922996192265 1.2683201544938139 0.09502802493732239 0.1054569261855238 0.9898647554780228 -0.004034483665466932  738545.511558532
1.0310385569960572 -2.0559332262834027 1.2649432825543898 0.08081658622282074 0.04329135322709812 0.9919061568579988 0.08784482975253144  738545.5115596245
1.0726769054311545 -2.0739925710062432 1.269618770487632 0.0950137041705661 0.005117881029667729 0.9843484122644238 0.14833882359673198  738545.511560886
1.0954955677602187 -2.0902113860239298 1.2664933230276254 0.12046108284702263 -0.020456923993144832 0.9781192306114413 0.16838471572011368  738545.5115619891
1.1244665069032873 -2.1042621289803622 1.2528196974909749 0.14774492387993116 -0.06799562163041903 0.9728284170349223 0.16478138218904959  738545.5115632166
1.1428711290558564 -2.1132262345925885 1.239925037122077 0.15139411056467536 -0.07577806344258502 0.9716648616862164 0.1649390946729387  738545.5115643152
1.1591667268605539 -2.11933215130872 1.237916994286376 0.14573954868657776 -0.07617787776950596 0.9737843349526532 0.1571654665885163  738545.5115653805
1.1685072701404242 -2.1223292232438635 1.2445780978711145 0.14003794313438717 -0.06452246225522697 0.9788298177650124 0.13460465891389434  738545.5115666561
1.1774287678296431 -2.1253378931196223 1.2507324210092532 0.09864183191483926 -0.02760683826790038 0.9893032204816696 0.10385946958237184  738545.5115677367
1.1829285892729215 -2.1298886665154764 1.2544783702509978 0.057520502780769 -0.01918432055847803 0.9934593409059533 0.09675686834156055  738545.5115690037
1.1819268866347348 -2.128678666408739 1.264683547000078 0.027977673875648135 -0.032323120008601804 0.9942677132254136 0.09800091894938603  738545.5115700746
1.1735439649683321 -2.1153973858246107 1.2803588500284993 0.010036604219588682 -0.012923758744463072 0.9942283844613906 0.10602906472730685  738545.5115711557
1.1464027932417344 -2.0907773461194736 1.298458958096913 0.01933904211154673 0.021625707189913877 0.9873340874109566 0.15597990279237062  738545.511572414
1.1028019332804044 -2.062879530287345 1.3063370202725753 -0.008456644979731715 0.010429980162758012 0.9734000103383247 0.2287184307021205  738545.5115735007
1.033287737974849 -2.026637517560614 1.3021904240538278 -0.0743032393362861 -0.039961476949307476 0.9426142529913761 0.32304872549148783  738545.5115747612
0.9666106179654247 -1.9855342149106705 1.2959869978355356 -0.1428595380543046 -0.07479386574323092 0.9157666065276602 0.36792465587795004  738545.5115758324
0.8870251485329587 -1.9197068652500382 1.296482219761059 -0.19991175077983 -0.06928924713523352 0.8909593405426821 0.40177822941434344  738545.5115770872
0.8194394954294513 -1.8500884015322103 1.2945611256600318 -0.22270066236961836 -0.03706653562939859 0.8760819368526023 0.4260409919680979  738545.5115781664
0.7394924274535285 -1.7594831619921365 1.3022779274356726 -0.2319929014672492 -0.016841911872433345 0.8609105270152962 0.45246956599039156  738545.5115794338
0.681073812392209 -1.6798845555769166 1.325969666461851 -0.214302597882806 -0.007590749262000572 0.8449088144380226 0.4900468062861516  738545.5115805027
0.6476611913388775 -1.6204926736952772 1.351617131824317 -0.2017970936601333 -0.01630101395338848 0.8147949909911997 0.5432507087800861  738545.511581595
0.6119338433818929 -1.5421179823951165 1.3710982974585098 -0.21788375305645424 -0.0079395560864236 0.7624148127119613 0.6092514152306663  738545.5115828359
0.5976518872872427 -1.4837281191978948 1.384588603909267 -0.18900735856428968 0.005345135345151283 0.7089023290110923 0.6794888783926791  738545.5115839146
0.5759072639923696 -1.4338235778651602 1.381056715732106 -0.19639603664210004 -0.001048420583893056 0.6544065146097505 0.73019148943402  738545.511585176
0.5527674762181941 -1.4029993652283193 1.3745615661585586 -0.17330875384266733 0.011078107988333481 0.614946393453465 0.7692088692568987  738545.511586239
0.5172455790213869 -1.3721479437233541 1.3707204530808323 -0.15084672948259686 -0.0292299046981416 0.5381693923259874 0.828712605213182  738545.5115874982
0.4791199565478465 -1.3573768979548724 1.3656103314462478 -0.11838032603886642 -0.04705697454256713 0.49216921869002855 0.8611278649119879  738545.5115885723
0.4179633555411632 -1.346312233117747 1.3612635919417062 -0.08572273899790617 -0.04194241490204449 0.41539845426706595 0.9046195719988674  738545.5115898312
0.3669263924888223 -1.3363177903043717 1.3597973415226705 -0.08617704657217005 -0.02728494241105137 0.3651677943897571 0.9265427839567063  738545.511590903
0.3109200529742736 -1.3192643531457438 1.3567024343388907 -0.07277058198580405 -0.04656800483197188 0.31755181438232677 0.9442969387358561  738545.5115921501
0.27579940155173627 -1.2944407975364476 1.3534677855771866 -0.04381445373252352 -0.061883280307740776 0.251990302273738 0.9647547050014653  738545.511593224
0.23624755546696313 -1.25060684156179 1.3375562568195118 -0.03294267064038747 -0.06272415498860284 0.23021626094071715 0.9705570225548421  738545.5115944752
0.20190561765382295 -1.204155001862091 1.3174138839302618 -0.036115390926872035 -0.05937370567705107 0.20418780334811432 0.9764618694942706  738545.5115955657
0.1495182878606823 -1.1264357393263948 1.2800704396100475 -0.0903975122752537 -0.05435333434304749 0.19867918906754864 0.974371892375647  738545.511596802
0.10021586214743698 -1.0441161376631871 1.2514741439419808 -0.14148513559798984 -0.03669966586568476 0.22501484074266348 0.9633293374416246  738545.5115978778
0.05002072665796567 -0.9527481894054414 1.2526676053411914 -0.12757826707945522 -0.03010867147982705 0.2208839426047328 0.966451001122205  738545.5115989698
0.0014000077151477845 -0.8755373461630869 1.2784736217428967 -0.09478486187432753 -0.025596728602357368 0.22654684778234238 0.9690392991020572  738545.5116002312
-0.028359289352633595 -0.8255990195349374 1.3001596500595758 -0.07729252941797173 -0.006570501570468619 0.23715780156058203 0.968369180924422  738545.5116013052
-0.05182866430309725 -0.7670201320873752 1.318635661526461 -0.00620616607452576 -0.004573283070326551 0.24496375936552503 0.9695015859616338  738545.5116025481
-0.07190986089048518 -0.7056785262178964 1.3238681712292113 -0.058934178662087805 -0.010624810960836771 0.2517086714282271 0.9659485600720715  738545.5116036318
-0.10107537360340182 -0.6340567931594351 1.3206399540454983 -0.04936022662224899 -0.007229619229856137 0.22954018395389023 0.9720198581222536  738545.5116049069
-0.14400602188255315 -0.5642165801945122 1.3088005381066794 -0.015271870403087529 0.013928824886722112 0.17999106249871188 0.9834510538060606  738545.5116059952
-0.1865273743773252 -0.494574752285317 1.30866762220723 0.016883214138709923 0.003628190059603962 0.15943313438954393 0.9870576826994274  738545.5116070743
-0.2346170896605343 -0.4184474295013474 1.320311255887139 0.030396605675875325 0.020175820068528957 -0.0292453241718126 0.9989062486850472  738545.5116083153
-0.26111795112745495 -0.35547916017778075 1.332755563392582 0.01659807964294838 0.042978300663077375 0.0007878114554603048 0.9989378102651792  738545.511609389
-0.2884511430556291 -0.28650821432842377 1.339143473222114 -0.05422899457790959 -0.09221609703283473 -0.04258378806964958 0.9933488957001659  738545.5116106215
-0.2997534645151487 -0.23205348306981016 1.336387520802339 -0.09392898272084765 -0.11458303627801562 -0.06488930071612067 0.9868320285919537  738545.5116117228
-0.3046053297990964 -0.1661962108313148 1.3240346981870277 -0.08043743142488631 0.018245783299711795 0.025739303234694894 0.996260206615992  738545.5116129745
-0.3051555987915949 -0.10635704114999348 1.3069944038838137 -0.08326858555304834 0.07205858913504841 0.0801551324010918 0.9906811076939059  738545.5116140464
-0.2992628724156386 -0.021832517090650323 1.292203960774648 -0.1282161211448819 0.0831513298062747 0.0941042219685889 0.9837636291496529  738545.5116152931
-0.2926691122767778 0.055070366253818774 1.294143979854633 -0.15618893696766933 0.09341110484658224 0.13226381793319317 0.9743642357588795  738545.5116163787
-0.2864746861542541 0.12060118127630184 1.3025601368028688 -0.1519304421990537 0.07468068689712251 0.10057318770470304 0.9804208125354584  738545.5116176256
-0.2800966728560711 0.1672731374686256 1.307151879193647 -0.1273154023340628 0.08309490945617487 0.06535961705004183 0.9862120181837462  738545.5116186889
-0.27065905028268716 0.20513230219919948 1.3092834668904119 -0.12755696419457876 0.09706747662219112 0.04021345419680859 0.9862504772973368  738545.5116197851
-0.26178431277248965 0.23974483900163523 1.3039126733956439 -0.21211916130354883 0.055995138089738924 0.034517604010592444 0.9750274565013839  738545.5116210332
-0.25377213093387485 0.25939548708513943 1.300623950262598 -0.21256185220433893 0.07176645929679416 -0.001872818086493668 0.9745068121156861  738545.5116221019
-0.24311223515758731 0.28146690934768276 1.3004743318566223 -0.13911157723426207 0.09172368509132114 -0.09344593385629998 0.9815816787809296  738545.5116233536
-0.2383282430750371 0.29495736890253976 1.3047221330556928 -0.05227270998226405 0.06148853420522095 -0.18348710941383475 0.9797036310187683  738545.5116244588
-0.24478990958985591 0.30955967060265155 1.3139751327234268 0.05878918934658659 -0.0015501443290597092 -0.2923713437453229 0.9544948536399159  738545.5116257274
-0.2526834942541575 0.3279445441760943 1.3219880054758224 0.10034535224004044 -0.02680166732573232 -0.34730597860111895 0.9319823164311124  738545.5116267912
-0.26530318908730377 0.35935647244816765 1.3223460096248252 0.10332692644096726 -0.009994327501361297 -0.38124014285210317 0.9186292033068438  738545.5116280396
-0.27407111748976726 0.3825609231282269 1.3240068362105317 0.04506105411422542 0.006684423377678753 -0.3775824999898307 0.9248547321540028  738545.5116291164
-0.2903222378750221 0.4076903021503159 1.3216701771403094 0.03739853407597588 -0.0031867108379184314 -0.38977791244906007 0.9201436700265109  738545.5116303636
-0.2926272388927551 0.42254871353775153 1.3181258624341639 -0.008189986563953658 0.024025676462691024 -0.3926837468893003 0.919323210802149  738545.5116314321
-0.2900653618989961 0.4363916001752424 1.310502306631677 -0.08127182756899393 0.053232011631052664 -0.39913814458343116 0.9117291179510519  738545.5116326737
-0.2872806845441678 0.4401432898763778 1.3061928122574862 -0.024850446674705876 0.03318285590325998 -0.47197007925939194 0.8806393118967916  738545.5116337467
-0.28020037563413586 0.4366237823596764 1.3073107186231492 -0.03190486051964947 0.03991621338939262 -0.46211097431143533 0.8853486450008325  738545.5116348261
-0.27770770179491916 0.416746973023983 1.314792726407842 0.017599297247227672 -0.007156989724629985 -0.46175601747561523 0.8868034858747144  738545.5116360842
-0.2678525362672302 0.3944514970354833 1.3224624785787915 0.033828973619917255 -0.028122405516888556 -0.45475882986041766 0.8895274799104019  738545.5116371401
-0.2559159827096499 0.36692513960946854 1.3243164041061495 0.06233930718019884 -0.02440776589200299 -0.4512351614424014 0.8898903869704987  738545.5116384155
-0.24216083916515052 0.3440272399283627 1.3240864285407274 0.08942878322353799 -0.028322002344917156 -0.45012006147312555 0.8880271883077464  738545.5116395071
-0.23503753256586388 0.3158425019083723 1.3285226523728386 0.08961009420685154 -0.08905561579892582 -0.4579792347909714 0.8799398552237475  738545.5116407555
-0.22747761001713612 0.29940259573067046 1.328286830326457 0.1066450137835211 -0.13209972701352599 -0.4731311072447476 0.8644787206839876  738545.5116418632
-0.21938054743960242 0.2820616204985164 1.3306839897311071 0.136229013808704 -0.08628070374043537 -0.45731492051992295 0.8745629533822136  738545.511642929
-0.21673297284975448 0.2699716322615137 1.3305991735102047 0.14324638909178117 -0.060681383751924306 -0.43510711145249514 0.8868371007358588  738545.5116441934
-0.21671285664497447 0.263576583096826 1.3329321057096675 0.15152028792333969 -0.07625198795696153 -0.449506346262903 0.8770241053412471  738545.511645261
-0.220885104433408 0.2602063996647548 1.336392884558771 0.13456733222600628 -0.06276788554163497 -0.4378943053652697 0.8866794251424107  738545.5116465215
-0.22502223840326008 0.2590394457123292 1.339056833476225 0.13099199742779047 -0.07596022920278044 -0.4281901536698742 0.8909120789895647  738545.5116476112
-0.2279259896940351 0.2590644070221756 1.341375456219814 0.10947201394432104 -0.10962342928119018 -0.38838812894087293 0.9083794599248786  738545.5116488823
-0.2255919766376157 0.26383380285833863 1.3416444091245503 0.036500465542758286 -0.1471629718833795 -0.3523547881505361 0.9235025062169591  738545.51164996
-0.22731388549889955 0.2677111824483188 1.3400107682773055 0.06567443069165689 -0.13372966270618264 -0.4430886629630561 0.8840111329725597  738545.5116511998
-0.22758337521043026 0.2719209036628448 1.3367602610274845 0.06773124574477976 -0.07344992007794376 -0.4540841306700045 0.8853390253818422  738545.5116522816
-0.23223546498976835 0.2736715741790553 1.334089986061151 0.09940062276784553 -0.08081840273021046 -0.46864141695378037 0.8740498408495108  738545.5116533434
-0.23733937390099943 0.2715562760529785 1.3324541770353717 0.16450374247313979 -0.0809228482734583 -0.4575778033258213 0.8700646902634067  738545.5116546205
-0.24118819802869626 0.272818766787946 1.3338530107547266 0.13697731180155548 -0.09114853236936199 -0.45850167898094374 0.8733300472731867  738545.5116556956
-0.24545012345743483 0.2735150686212253 1.3345955011756958 0.14822224561941097 -0.08547491742271261 -0.45631577636972553 0.8732125266114855  738545.5116569533
-0.24561574360984156 0.2737321691188739 1.334244207715955 0.1577093676502199 -0.0949499823172678 -0.4410888575214178 0.8783808262842312  738545.511658053
-0.24180046876151123 0.2724294060818683 1.3313187162629916 0.14774752077674963 -0.09917642812320274 -0.41645945043724486 0.8915695330991045  738545.5116592904
-0.23313683868768884 0.27463060680555224 1.3258629832548818 0.02979504009248075 -0.06926818799437376 -0.37835670199896343 0.9225835353887101  738545.5116603721
-0.22321713767174392 0.26198625853508634 1.315823647240132 0.04077328492151722 -0.08290404248882258 -0.3737215372862385 0.9229283133289016  738545.5116616166
-0.21468165944072873 0.2399429364031215 1.313986352731607 0.027216412626846022 -0.05020575230711625 -0.41924396736252034 0.9060756840072113  738545.5116627082
-0.2066387812106365 0.21271297109537896 1.334467448790749 0.14757311981880608 -0.031676793364065994 -0.339210161097318 0.928523140087228  738545.5116637909
-0.20281035965137667 0.20966037577425853 1.3552425210512418 0.12272945480922609 0.04868616320335673 -0.29081623643157173 0.9476249548542622  738545.5116650626
-0.20853815306582055 0.2228106254772466 1.371868224921256 0.05860852057066377 0.10663280985384793 -0.2953800567633255 0.9475996555749088  738545.511666165
-0.21620796659573782 0.23431577307238785 1.3843168506295669 0.06462555072835056 0.05333742170204534 -0.29683543253616546 0.9512451753519191  738545.511667235
-0.2238597216412582 0.2536521419153562 1.3950927467916727 0.05353183174081178 0.025760208562889946 -0.2571567130183304 0.9645419532580622  738545.5116684992
-0.2202990352423078 0.2793267844187276 1.4032253004826045 -0.02745458601443421 0.13378856642931936 -0.21095655395536275 0.9679071223742709  738545.511669588
-0.22676508165993237 0.310679050803582 1.4130015670749985 -0.014485184029093047 0.10386529676039154 -0.27573553249698757 0.9554957329528593  738545.5116708446
-0.23898488550037014 0.3380597310183665 1.4187762702384206 0.04011399369477156 0.06339388273827935 -0.29356191298286555 0.9529918606090304  738545.5116719333
-0.25030244320610845 0.36647499160774766 1.4183179203503151 0.051039725731434935 0.10244076731751928 -0.26081578380252857 0.9585801805316708  738545.5116731814
-0.2579405438824083 0.3869876345664079 1.4195307380084936 0.0585595897502723 0.1113375453940119 -0.22829242762757418 0.9654311435425237  738545.5116742537
-0.25435981661327695 0.4029167255604286 1.4267454046745969 -0.051465386649598224 0.2617623843486669 -0.06608736388920045 0.9614906283741328  738545.5116755023
-0.24873264237362175 0.4090134938559144 1.4388079515409318 -0.07279086179856162 0.3471812016083556 -0.010142573754228957 0.9349138098702153  738545.5116765719
-0.24783225794697475 0.4088918725190556 1.4532109046292008 -0.09361118964841354 0.3453082396026069 0.01638613292303623 0.9336651752544839  738545.5116776455
-0.24786813537522623 0.4041080492957954 1.4666430305500466 -0.10054000434760488 0.33225325733712485 0.030212624248395287 0.9373295460245982  738545.511678913
-0.24524474011624994 0.39870784080698246 1.4750940855557164 -0.08542529344820975 0.31088466665914327 0.04800627138002695 0.945382801400421  738545.5116799993
-0.24213178994748086 0.3876051191654559 1.4811180898266698 -0.07183402011898884 0.30848522595212235 0.04615530867687758 0.9473892686766908  738545.5116812646
-0.23753965471082122 0.37643597729693234 1.481429802109977 -0.06824301272572666 0.2853407869375783 0.03780226560522978 0.9552457878677464  738545.5116823456
-0.22351025871928493 0.3599122925530769 1.4788248635678645 -0.07840593336053925 0.28520483656792134 0.009751544158186637 0.9552044902525632  738545.5116836035
-0.21177366036809575 0.3414318128674855 1.4786961833928154 -0.050081788951926776 0.2778051925665982 0.0027313195336756604 0.9593271753119553  738545.5116846835
-0.20497535261692523 0.32933526730245827 1.4786417017886797 -0.055153353129878166 0.2781221617838631 0.00829854031402716 0.9589250778824475  738545.5116857516
-0.19705596793910848 0.31420006965028263 1.4811332644930428 -0.0632999697295278 0.28616105309330186 0.018218218819572557 0.9559147775967352  738545.5116870163
-0.19252144858857018 0.3019449856796069 1.483123177452208 -0.07028141974758459 0.27337114773184684 0.021655184948009183 0.9590932126706476  738545.5116881018
-0.18624991345567934 0.288475391430746 1.4839580170134425 -0.06553878425191018 0.27136212711280233 0.02548906122766299 0.959904980446153  738545.5116893714
-0.18234608121029797 0.2817109960764442 1.483294527080225 -0.07855411058039813 0.2654582518849443 0.012665728774961799 0.9608333609589704  738545.5116904376
-0.1824071088939779 0.2760510730039485 1.4815822178670008 -0.0740666921492361 0.2547221522204574 -0.032069402924690855 0.9636401318325749  738545.5116916846
-0.1793364313986548 0.2701293735844747 1.4801955248122463 -0.05292766011020523 0.21891092620887978 -0.09332126667245459 0.9698287531148361  738545.5116927462
-0.17852947751836884 0.26486438724478745 1.478586640408651 -0.051177608580204245 0.24652796888432338 -0.08653121246235698 0.9639072373457811  738545.5116940032
-0.1784876494741965 0.26109390949692474 1.4805831333720412 -0.06416294225816253 0.25141455770070115 -0.07440923606228332 0.9628795888404551  738545.5116950856
-0.18048851189657492 0.25939100218312366 1.4822751010705875 -0.0587370827252233 0.2528703012435593 -0.07067265200592641 0.9631261299125734  738545.5116961665
-0.1831441810552884 0.26069981629370603 1.482186885324174 -0.05523984946299463 0.2526186850391973 -0.07112463212656749 0.9633657901883547  738545.5116974269
-0.1872372541610379 0.26513615066842 1.4833329163516862 -0.051244150060375936 0.2542878050664958 -0.061280241816161436 0.963823884971734  738545.5116985008
-0.1938900008408244 0.27387647068168763 1.4846819052114832 -0.047651551792584075 0.273248837504037 -0.0443109904754471 0.9597400369566417  738545.5116997393
-0.20087296224864482 0.2867127531319628 1.4830520383888315 -0.04563016226505045 0.295495498547418 -0.030021243029592953 0.9537814338709033  738545.5117008255
-0.2108648948156842 0.3045713661150176 1.4793131654498697 -0.031520315606588425 0.312961203349649 0.00464013602915057 0.9492313859326564  738545.5117020782
-0.22043236831061933 0.31554829355281394 1.4802765183786477 0.032805561794190495 0.2929391371239537 0.04091586950261575 0.9546917558454593  738545.51170317
-0.24014379280390666 0.3228407311173157 1.4835050356813246 0.062015572851611835 0.16210167689948707 -0.0012765105198764741 0.9848225655371394  738545.5117044181
-0.2610100047869976 0.33249146230248033 1.4798716881101284 0.05179762693889318 -0.03604779910277542 -0.18167651980392507 0.9813313427050413  738545.5117054926
-0.28708633088596563 0.3403880575137462 1.471769035611039 0.1238764244165966 -0.224031562336833 -0.23580114535417376 0.9374765652539464  738545.5117067461
-0.29661688552537957 0.3407212578132835 1.4611811571789757 0.15442846707925162 -0.23470265863817347 -0.29047556993574214 0.914707851641294  738545.5117078199
-0.29920220168484957 0.33042509721084756 1.4540998125375186 0.12071049868950236 -0.168734728354694 -0.30006489695961003 0.9310846495167977  738545.5117089056
-0.29995103781764954 0.31497061027298073 1.4456307367447747 0.035843674946416694 -0.14990419777425745 -0.38757763736006995 0.9088605709757565  738545.5117101526
-0.2967276447373032 0.3011753743377462 1.4373050782976518 -0.024109814807416363 -0.15250845579321895 -0.4392117188097637 0.8850157929673872  738545.5117112286
-0.2895780943788058 0.2735203870053103 1.4291117827234439 -0.03323225763488907 -0.16917079721210407 -0.45452683398490157 0.8738891323335994  738545.5117124717
-0.2842918574061923 0.24366283442457112 1.4221258330611095 -0.0185461106911138 -0.15997266106998798 -0.4712582162505142 0.8671680823835731  738545.5117135638
-0.2720246563844784 0.19950393715044223 1.4151084398471658 -0.003725047294484578 -0.17122850614914314 -0.47487459866433945 0.8632271069932694  738545.5117148163
-0.25619583175766686 0.1575093759105721 1.4080542967005392 0.005052735693070744 -0.1655055984240677 -0.4658654521233311 0.8692247967414595  738545.5117158826
-0.2364640691494353 0.1003529466303081 1.4027996658870372 0.012488332077978857 -0.14031566445304322 -0.45913226901520154 0.8771277645930288  738545.5117171454
-0.22218167522917404 0.05342129030377299 1.3989068459817524 0.010673115245204891 -0.1191734936881718 -0.4896997665664511 0.863642230114925  738545.5117182373
-0.20841661795165578 0.010787557948736086 1.3950603403572863 0.030348563165318018 -0.08642030764700392 -0.49823910111949676 0.8621880846170595  738545.5117193254
-0.19767545668545208 -0.023667120275490425 1.3928092114590804 0.01483013812353336 -0.10303732557063379 -0.5073245856184105 0.8554444116186606  738545.5117205698
-0.1995005351114646 -0.041157914328570015 1.3925376038986346 0.017911741229159985 -0.1102425653093316 -0.5090315646448083 0.8534709207204518  738545.5117216615
-0.20690429157159704 -0.06109957082885865 1.3911980701191735 0.04465220435821009 -0.11532381333978005 -0.4907902826790781 0.8624566639260868  738545.511722915
-0.22191051391869604 -0.07173299955097867 1.3917181578180553 0.06637445253205551 -0.1132016820916289 -0.4895413325677389 0.8620493575953168  738545.511724
-0.2516368213575404 -0.06922955137743983 1.3944410346035798 0.04737490494655277 -0.09401746045539025 -0.5342409328989715 0.8387508337558067  738545.5117252595
-0.2832287479539508 -0.057814584199630044 1.397875129599321 0.029629630483694557 -0.11035191890812143 -0.5609483008444153 0.8199277668005022  738545.5117263275
-0.3205275849707858 -0.042786829552753945 1.3974558262650987 0.026972099279847096 -0.14644018293924604 -0.5627211474760371 0.813125260254784  738545.5117274101
-0.36581500651290527 -0.026133916955929884 1.3855241620082424 0.020971399463031965 -0.11440907994080093 -0.5637515381490162 0.8177132541828337  738545.5117286734
-0.4010721417211767 -0.02141852994454097 1.3762028440266343 0.02340366340694451 -0.0867977026496681 -0.5698088609065408 0.816845327700578  738545.5117297568
-0.43661184003146114 -0.021122777164379384 1.3692734812948322 0.03060448212974098 -0.14313562910681443 -0.5594644729148193 0.8158278377819125  738545.5117310149
-0.4448427460425852 -0.021608984555833242 1.3589169184760468 0.059633343871362016 -0.15628955581004084 -0.5131144114902344 0.8418616512019362  738545.5117320936
-0.44333347153488945 -0.0337820523097339 1.3193835545280768 0.186402093675917 -0.21018973997311582 -0.3370008873315853 0.8986127834729444  738545.5117333491
-0.45631384217170445 -0.04924200600567688 1.2810104556971162 0.3005311482868097 -0.31059912287205566 -0.23620684076607176 0.8702962381602215  738545.5117344384
-0.4541428806010961 -0.0640832759390229 1.2435444550188812 0.3486154878245398 -0.31878758513911987 -0.15452445953031524 0.86773492992785  738545.5117356905
-0.4470636923569816 -0.07463511065257258 1.2090087390419835 0.3669845577030754 -0.2951042913615045 -0.14820601160867597 0.8696382982312539  738545.5117367663
-0.44078626393905607 -0.0921575803020485 1.1534830635026099 0.397033157927384 -0.2765934745015804 -0.09749337784043603 0.8696871636666915  738545.5117378463
-0.4308144092711971 -0.12430571926349374 1.0323021880492915 0.39871167476722014 -0.17267605829806343 -0.07363575980488646 0.8976579271487104  738545.511739107
-0.42674848772447527 -0.16131768055436263 0.8684767830595455 0.29630029785958634 -0.13105197820021133 -0.07444164909482602 0.9431277502958836  738545.5117401724
-0.43329082856573825 -0.20963797206683482 0.6092892879993201 0.17812944710637152 -0.04396268998054233 -0.06176964044974629 0.9810818994772874  738545.5117414261
-0.43666418817018465 -0.24782497984459634 0.3989486669786983 0.12298823487126861 0.01251232518314186 -0.05477317794900197 0.9908164485812334  738545.5117424879
-0.424126509812675 -0.2810393640019657 0.19642713776904833 0.08604780846980145 0.028567821170449575 -0.023959782529061727 0.9955930810689062  738545.5117437341
-0.4032714521592804 -0.29166019248055836 0.09848364084285399 0.04164509004711111 0.02543024243396745 0.012956755919636812 0.998724742719813  738545.511744816
-0.3827402748052663 -0.29702981919376115 0.044055529459892134 0.0003252472304179674 -0.014463141762141722 0.06125185757676615 0.9980174956823167  738545.5117460699
-0.37763609188003056 -0.2975148915101028 0.029435822487030337 0.007807815003380715 -0.019390703514998314 0.07697686969796476 0.9968137239091208  738545.5117471649
-0.37470210727101927 -0.296768180947922 0.023893719602283585 -0.00040961655959586267 0.0217176659901038 0.07262822205214685 0.9971225183294983  738545.5117484184
-0.3760971593461324 -0.295885708115402 0.02527335744302187 -0.00011933459295635744 -0.0019866866335266726 0.07213144363576894 0.9973931490011825  738545.5117494991
-0.376512588768998 -0.29646773919995756 0.025712387110589076 -0.010205834169556357 0.0008419558286188116 0.07291190886662774 0.9972858093870136  738545.5117505707
-0.376391780287867 -0.29660573343414764 0.025516201140611136 -0.011095980625029799 -0.0008291183772949927 0.0756501197903262 0.9970723399795999  738545.5117518251
-0.3761495112324988 -0.2957590317950857 0.02564724360160029 -0.006887069828522842 0.0014870144240891716 0.07188601742993414 0.9973879674205735  738545.5117529007
-0.3762397354351815 -0.295852946909117 0.02564831120996857 -0.007049050580139535 0.000973932862023542 0.07213939520770307 0.9973691743781566  738545.5117541673
-0.3764957996245331 -0.2961702237084106 0.02568765872893211 -0.009241497604787405 -0.0004908753457730757 0.0730886915865639 0.9972825060761769  738545.5117552412
-0.376454599417343 -0.2963299608216717 0.025478608498121624 -0.010090371647526073 -0.00029950254735304423 0.07294747373355946 0.9972846939435753  738545.5117565151
-0.3763579565853343 -0.29645358803812366 0.025653769991692093 -0.012348442255392857 -0.0012039168439375925 0.07516619452106305 0.9970938319733604  738545.5117575815
-0.3763699202408411 -0.2964819249832004 0.025834272907637536 -0.012490954487924056 0.0035975433032108244 0.07589091676456632 0.9970313949373891  738545.5117588376
-0.3764724050284303 -0.2966640063858126 0.02556633095276892 -0.011311085624290276 0.0008118040556301028 0.07563908663381991 0.9970707742629792  738545.511759909
-0.3760150997671613 -0.2969689143808981 0.02612111879708541 -0.007372070801442474 0.005184060097885072 0.07258671515524041 0.9973213859513753  738545.5117611476
-0.3758705505507115 -0.29702972779679376 0.026070517999126 -0.008995007436128868 0.00016823761527710353 0.07683487444428774 0.9970032415225436  738545.5117622192
-0.3761023933392556 -0.29707803085864815 0.0260627817135034 -0.008153307128430272 0.003326191723654445 0.07499781152524602 0.9971448181171634  738545.511763468
-0.37600092499924714 -0.2970971066963795 0.02636566152052656 -0.00716359547475425 0.0035459107641513743 0.07775410747904972 0.9969405238964174  738545.5117645309
-0.3765592406108071 -0.2969236141957091 0.026021810610820796 -0.01038417809505511 0.004185241422321829 0.0760480585403542 0.9970412957304076  738545.5117656192
