-0.7895012062299305 -2.4867215655880153 0.001022981642226017 -0.02153760899415172 0.1322309312949743 0.05645795667104196 0.9893753642254337  738546.4397696469
-0.7834022218729058 -2.486040054816867 0.0010107687902627589 -0.03510309414992435 0.017385940774288896 0.10673364437320351 0.9935156923789926  738546.4397707318
-0.7825592622327457 -2.4869491086474755 0.0010406962380775013 -0.021352987576181016 0.01015322878077478 0.07461988592088475 0.9969317100443996  738546.4397719891
-0.7827221033551885 -2.4897624064216815 0.004413449963038623 -0.04443802958560894 -0.014762785971449432 0.06238174811686702 0.9969532783329385  738546.4397730771
-0.7835744163102375 -2.4926592820556595 0.013885536564225951 -0.03303605312841113 0.0013820013122253381 0.05288633117516037 0.9980529771715032  738546.4397743397
0.0 0.0 0.0 0.0 0.0 0.0 0.0  738546.4397754469
-0.7891069601419974 -2.4998172595472825 0.044185041330448004 -0.04102765180738492 -0.009016788003123126 0.033468747519494184 0.9985565944205441  738546.4397765126
-0.7956135888772439 -2.5042706909380286 0.07622314514789867 -0.04754099485011464 -0.0022639282490856225 0.001279190271693574 0.9988659029668563  738546.4397777795
-0.7941998686925898 -2.5473408870805083 0.11844649055995578 0.9406883621047792 0.2964142143615795 -0.11500532168482396 0.11839676899816795  738546.4397788296
-0.8129298635446279 -2.5087835984041185 0.14387442836439476 -0.10558310204983572 0.00772493253994043 -0.03217867455759307 0.993859681686758  738546.439780108
-0.8187414990436226 -2.4970847533175338 0.17794776057100495 -0.1499016657200557 0.013974269908384835 -0.029115317658747492 0.9881733191462471  738546.4397811921
-0.8249716825836211 -2.4751932506479886 0.2174275140229609 0.047501736125625124 -0.025369250850952794 -0.05876057986242255 0.9968185293374842  738546.4397824507
-0.8233780071574752 -2.4599347220323775 0.2588966510798294 -0.04090953641604406 0.042944009723508654 -0.048246642243455866 0.9970729578979282  738546.4397835186
-0.8261867286632765 -2.4526130876155943 0.29423196316448397 0.02116361420458961 0.009669277339148602 -0.05376577113810405 0.9982824491913413  738546.4397846092
-0.8198450974914133 -2.4527078004799456 0.34781709317582277 -0.0066252412545973844 -0.026441131657499794 -0.03794906149847881 0.9989078243093172  738546.4397858648
-0.8124077740700614 -2.4583945128520153 0.3870223144577983 -0.033465166785738056 0.050858583917124306 0.0167145132432922 0.9980050661700006  738546.4397869424
-0.803743254184646 -2.469651011283598 0.4260274419802903 -0.02683354054792532 -0.025182138070941842 0.060212681846602785 0.9975070195084738  738546.4397881972
-0.7975635720105237 -2.481618997902305 0.4505356654516681 -0.04468862041670205 -0.012519529196433428 0.13617822912676006 0.9895967251895347  738546.4397892896
-0.7903062712511744 -2.4932192146117775 0.4694344538370086 -0.05260352513786769 -0.022861940418717752 0.20333359235988557 0.9774280797283167  738546.439790552
-0.784663457543004 -2.498976779822831 0.4812497355435504 -0.040450990093181705 -0.03525898102446759 0.262015836746782 0.9635705594046973  738546.4397916399
-0.7772257657351872 -2.500566090728242 0.4897378218379823 -0.05605830236687955 -0.012646860539473182 0.3256132078492426 0.9437550331141894  738546.439792718
-0.7689436401220758 -2.498123788508028 0.4984593256683698 -0.05210899961950896 -0.024606168015618917 0.3969952294571141 0.9160098124160759  738546.4397939814
-0.7624568437829243 -2.4920416615736927 0.4980511809751306 0.8896602481819671 0.4460299830156752 -0.018581577743951763 0.09600323965566424  738546.4397950456
-0.7531476455503316 -2.4846240952572676 0.5112378370485104 -0.031147760114933472 -0.03364511005825525 0.4989072804981608 0.8654417074967672  738546.4397962921
-0.7448087359761734 -2.4752080992009047 0.5196433967692433 -0.04851235619383925 -0.012465182174207978 0.556744268613528 0.8291724729487068  738546.439797367
-0.7379378970847935 -2.4656008821043653 0.5260649140465891 -0.04446252427488245 -0.026448494103119998 0.6115905487637797 0.7894811978493228  738546.4397986192
-0.7384797133315917 -2.4555678042595193 0.5250320003364038 -0.04519500459437742 -0.025317819465635733 0.652410414003421 0.7560932953525673  738546.4397996985
-0.7462687219937737 -2.444451134328011 0.5100149219683721 -0.023031989474878868 -0.029812144004851337 0.6702566519444011 0.741172573733638  738546.4398009573
-0.7249529820035098 -2.43782084381499 0.5357424322668976 0.007635297527373555 -0.04894929326338644 0.6837591338665366 0.7280241175776851  738546.4398020479
-0.718218458753298 -2.4287185809828067 0.5437809736942367 -0.04004733563403576 -0.03514089702530946 0.6893151384461541 0.7224998049645626  738546.4398031216
-0.7107230484462479 -2.420281875954642 0.5484257207581578 -0.03936671696520888 -0.06681487707505779 0.694707940931502 0.7150992312983835  738546.4398043742
-0.7094675917839687 -2.4150865828010586 0.5471011653486552 -0.027076907679947648 -0.09222836951504189 0.6930565828600768 0.7144461784357181  738546.4398054421
-0.7098093831434484 -2.4072939714056543 0.5419146423633077 -0.028090201757033965 -0.0439627658324242 0.6993584741179623 0.7128646017758268  738546.439806701
-0.711672571103628 -2.402786020151987 0.5397220823822854 -0.027553332652349615 -0.03797103630500822 0.7009411983875774 0.711674399332068  738546.4398077985
-0.7146714961317648 -2.3991304615061164 0.5389001086711719 -0.021648059084804792 -0.03886573295544094 0.6984676568624669 0.7142574806445869  738546.4398090374
-0.7179639137918196 -2.397082444567799 0.5390622929981927 -0.020202653391654824 -0.03822739783199378 0.6975589098618202 0.7152217041752299  738546.4398101439
-0.7185434771158118 -2.393467906763128 0.54376278808179 -0.03385159108229544 0.022198362965717623 0.7034860691666458 0.7095552501048108  738546.4398114128
-0.7161671463105972 -2.3814348536642327 0.5429607702885734 -0.08780787837148259 0.04287496381642097 0.6958392602577969 0.7115189652128197  738546.439812488
-0.7106129381989624 -2.355853450793605 0.5445193516694812 -0.08065942797309034 0.039308269846188695 0.6948253860024436 0.7135591072695439  738546.4398137353
-0.7017463862253199 -2.3169313932281 0.5467823897161553 -0.06677015594628183 0.023465422914139056 0.6983728537969995 0.7122264227630176  738546.4398148417
-0.6912777149137156 -2.269429855050752 0.5525177741844304 -0.06424022921927615 -0.015524703748636246 0.6914327176164434 0.7194115467052997  738546.4398159537
-0.6784342341720242 -2.2139936238263074 0.5526947613067187 -0.0591755016170989 -0.015812837365331046 0.6943301710644821 0.7170452061985977  738546.4398172039
-0.6656653866827665 -2.1632663427698113 0.5505780478192462 -0.050927026118295755 -0.036659464755770185 0.6909641296947703 0.7201604634591624  738546.4398182682
-0.6517496185890838 -2.105168417009064 0.5458948604936413 -0.038796696564317446 -0.030903366410482875 0.6950144583925804 0.7172828597599863  738546.4398193385
-0.6375920582285721 -2.045674935908152 0.5432462541151785 -0.0019192143953026461 -0.08116176297033692 0.6910105927423743 0.7182711504477152  738546.4398205922
-0.6270293735031841 -2.0000159737996777 0.5467964272137139 -0.029820968740653046 -0.046577220454748124 0.6906770780560626 0.7210453842900726  738546.439821692
-0.6147245176803041 -1.9455746515368693 0.5474775505904919 -0.04646231742263349 -0.008579464360925531 0.6918431969583615 0.7205002683368217  738546.4398229242
-0.6031873954805824 -1.8987588986042436 0.5488197514424127 -0.0428501184612852 -0.00898594551342544 0.6927915234209664 0.7198076306952713  738546.4398240229
-0.5916675253959321 -1.8523395387179022 0.5500982600504148 -0.04127227345232527 -0.01638581154353317 0.6909645725578994 0.7215234328100617  738546.4398252988
-0.5802198100268844 -1.8112333553760982 0.5501895725227228 -0.02017403399238229 -0.04288680910612712 0.6917778518537747 0.7205533523908871  738546.4398263734
-0.5679977593001466 -1.7623974791968495 0.5487829018638822 -0.05649553799550038 -0.009187559465821832 0.6851977491462428 0.7261045981830604  738546.4398274809
-0.5529318106561967 -1.7094415438686423 0.5491128077953231 -0.04544629208094745 -0.024089455270516594 0.6838899983453745 0.7277697457603104  738546.4398287062
-0.540275152129177 -1.6644305044865557 0.5483600689635861 -0.050113778468577126 -0.011899419736312875 0.6832658652451111 0.7283507193710946  738546.4398298906
-0.5240614479696977 -1.6098728060839749 0.5482415859338072 -0.050101947731772095 -0.019149693211197503 0.6812004929061518 0.7301294217793278  738546.4398310952
-0.5089750388156521 -1.5596690516673517 0.5477542557343507 -0.040348943367205466 -0.01982166056324334 0.6783190405643397 0.7333909896839063  738546.4398321524
-0.4945500890962513 -1.5153782527657422 0.5477709721646347 -0.03564890249103294 -0.03015372112786441 0.6796436305869857 0.7320549461999891  738546.4398332613
-0.4768588020988879 -1.4627476945685889 0.5478568658329648 -0.04536508252349196 -0.020910216656717356 0.6791036793765132 0.732340743632558  738546.4398344773
-0.4602154506859159 -1.4147510249430633 0.5474814887319147 -0.06599064397516133 -0.00660174431399688 0.6779681993465535 0.7320934179150554  738546.439835574
-0.44271239607555785 -1.3639951312390357 0.5471504291039962 -0.06412376277696198 -0.008552324227444704 0.6870380680772077 0.7237359282296069  738546.4398368027
-0.42525634957373026 -1.3077677986696148 0.5461476877094568 -0.0781561013708816 0.0016563050274835186 0.6909821768121776 0.718632389890732  738546.4398378895
-0.40694150446813854 -1.2404221397536228 0.5441423222689831 -0.06494182924408953 -0.01835695567951356 0.6995353937492116 0.7114041143293643  738546.4398391612
-0.3922163454617907 -1.181454671214869 0.5432775449650815 -0.060192987923658445 -0.014336573314850628 0.7128397819010158 0.6985919497172313  738546.4398402574
-0.3789802419290038 -1.1205986425477767 0.5416761710649038 -0.06286962057083241 -0.027418044687155453 0.720851745662081 0.6896871917113897  738546.439841328
-0.36548478462071154 -1.0452561433456689 0.5410361856022152 -0.0644990795642332 -0.024551457337183984 0.7314518300591314 0.6783917120522145  738546.4398426041
-0.3563567211315335 -0.975746406011489 0.5389320154458354 -0.059801666149229916 -0.03826096686142899 0.7377365316794182 0.6713454170292873  738546.4398436928
-0.34908776324417284 -0.9005542428026644 0.5404458413816232 -0.04871027681482811 -0.03889512259832305 0.7496694810476009 0.6588703571693789  738546.4398449607
-0.3450067161226587 -0.8405773872090991 0.5410012591766463 -0.04665792376337405 -0.030902991486615725 0.7559089775089309 0.6522803545935382  738546.4398460285
-0.3429789948868657 -0.7815387109114498 0.5409570876295318 -0.0525192816950746 -0.02265724895606843 0.7575694897962857 0.6502436791309637  738546.4398471062
-0.3409403822279159 -0.7102282565046837 0.5411318999319309 -0.04925297274334357 -0.01720419251480393 0.7651631287602665 0.6417192118221621  738546.4398483521
-0.33980006451354855 -0.6446946338377129 0.5414620397937159 -0.05493836853656524 -0.018443677983572507 0.7723632784533234 0.6325318746923454  738546.4398494676
-0.34063462626734176 -0.5772004760882787 0.5387874386075326 -0.048098610186917135 -0.027386031766927818 0.7704413820746258 0.6351036181199793  738546.4398507251
-0.33967568615427657 -0.5103253774118323 0.5401410094471061 -0.05140535007156754 -0.014298382014159942 0.7815713493498133 0.6215297837845816  738546.4398518348
-0.3401816371737983 -0.44799028194043494 0.5402548055652261 -0.05630814265407199 -0.023735860672384743 0.7851807330438646 0.616244446989739  738546.439852923
-0.3418096025893396 -0.3720857455403239 0.5394955604741908 -0.049413423304720525 -0.028775130962028335 0.789617345730554 0.6109294171644228  738546.4398541965
-0.345490160401369 -0.30153482037022583 0.5367747326240598 -0.05104661439432137 -0.03520425580750978 0.7861095560176596 0.6149688361776027  738546.4398552731
-0.3477271982372557 -0.22634494765786833 0.5384998001504067 -0.03693406874095026 -0.03616299432173889 0.7963235927017714 0.6026581519522223  738546.4398565362
-0.3509810700191237 -0.16506903634238132 0.5388273551116816 -0.04142216909934117 -0.029264339639699818 0.7982791452184935 0.600148488827381  738546.4398576287
-0.35542109277442724 -0.1040330813226405 0.5364936058983709 -0.04726091272712131 -0.03964448703733314 0.7943524850665382 0.6043168459048295  738546.4398587038
-0.35967018609050794 -0.024772325812142133 0.5374016832679447 -0.05523798350334516 -0.01604731974508412 0.8062221548320863 0.5888098893237024  738546.4398600006
-0.36659208611497063 0.0371778255951572 0.5330488593565588 -0.041789374071430754 -0.031480479706473045 0.8003766942510165 0.5972099923075493  738546.4398610792
-0.3722402491088845 0.09899807593594347 0.53238221105663 -0.03781861094602859 -0.04234140427484151 0.8029726302575987 0.5933059187361449  738546.4398621685
-0.38011904462894763 0.17445979261108316 0.5317587517736788 -0.03941591915679455 -0.037574521493386734 0.8030429603996415 0.5934277920725889  738546.4398634373
-0.3875801516936546 0.2429980340670506 0.5313007273488446 -0.03722694920734903 -0.03266013984213083 0.8044187580676766 0.5919948742912076  738546.4398645448
-0.39621615237959834 0.31805172390146025 0.5301132879015631 -0.038616637893857664 -0.03499531582936285 0.8073197741111742 0.5878085279041643  738546.4398657795
-0.4025468517171258 0.37824494951505 0.5315307316044778 -0.045216676752951566 -0.025408331363458516 0.8155439450049039 0.5763661532451244  738546.4398668587
-0.4134325916520248 0.45375853307206687 0.5297256533522905 -0.05275505946225627 -0.025896481062845093 0.8177921868478263 0.5725052096709214  738546.4398681013
-0.4250551188332624 0.5173015930826094 0.524916115634028 -0.043654866243779025 -0.03072366570220757 0.8166692548059852 0.5746317405727721  738546.4398691739
-0.43592127874952047 0.579425917111119 0.5221832507305738 -0.03271156331905131 -0.03415672555414619 0.817057043813059 0.5746138345707553  738546.4398702541
-0.4512473837050982 0.6572076198449316 0.5199146787083175 -0.04390474128101281 -0.026036419800698502 0.8213746981385186 0.5681004169993776  738546.4398715195
-0.46390069200293005 0.7255480314965649 0.5210078523561232 -0.034794518565318185 -0.019017979958776958 0.8191431615096315 0.5722168634950401  738546.4398726193
-0.47369203419047773 0.785968477105398 0.5230063794375173 -0.037328337082065184 -0.03165260665851761 0.8143576002952972 0.5782961236111599  738546.4398737255
-0.4864389850627131 0.860927633729487 0.5242240029965476 -0.03927480947811864 -0.0245616441833752 0.8145481586287979 0.5782434714286895  738546.4398749642
-0.49766895228062047 0.9232195824379908 0.5230935858332 -0.037084147663127655 -0.021388692942644828 0.818604364438259 0.5727601455486744  738546.4398760302
-0.5086696467052508 0.9976659104878783 0.5233789344183238 -0.03368849201443887 -0.021235519271587868 0.8158697619721212 0.576862782407232  738546.439877296
-0.5176332267145995 1.0607061899259975 0.5237827444257596 -0.05462637737213558 -0.0177563579417723 0.819489837290448 0.5702079245551713  738546.4398783798
-0.5267131699007197 1.1357599242679493 0.5243794537171339 -0.03718283266021038 -0.028446633948636234 0.8254474484720539 0.5625342085449836  738546.439879642
-0.5350124509193822 1.2044077290912758 0.5240233894472082 -0.04691179758125637 -0.030568899800865044 0.8263320859777901 0.5603928169563329  738546.4398807136
-0.5431621373006965 1.2727905813537301 0.5240878131342064 -0.060157729932321824 -0.02945306231225932 0.8327096006279003 0.5496437807088721  738546.4398819853
-0.5528590529218294 1.3406914973347202 0.5232639058628982 -0.05951508092158812 -0.03160638340644318 0.8373264041637594 0.5425343164824235  738546.4398830541
-0.5647674845484443 1.4143382358963792 0.5204275967431203 -0.05081291752437822 -0.039256835965362176 0.8411597286766944 0.5369611336914426  738546.4398843199
-0.5755525386023526 1.4753998816560019 0.5204635651311915 -0.06095736588109792 -0.03390834545330802 0.8430393869907512 0.5333094932923241  738546.4398854045
-0.5888185358071275 1.5355332650869127 0.5175146983951406 -0.04627043277519123 -0.035487901046206485 0.8426649306776381 0.5352713989521413  738546.4398865139
-0.6072240422142214 1.6153291308569846 0.5151448056201653 -0.052447149214779484 -0.021920786234322615 0.8494548591068704 0.5245905241327171  738546.4398877864
-0.6224275520589563 1.6762998237801183 0.5155959606328833 -0.07325518954442281 -0.021507934071723925 0.8454597688890831 0.5285535594117169  738546.439888896
-0.6382570645333703 1.7362997003673843 0.5168541628567753 -0.052685360664284114 -0.03498578836021442 0.8464255744431614 0.5287381150560767  738546.4398899472
-0.6597275551096236 1.8082312333926835 0.5175900606830189 -0.0451035100892839 -0.02153490274144307 0.8417788110486524 0.5375038182292845  738546.4398912442
-0.673767199809066 1.8669400461402836 0.523972762186712 -0.055295457633275834 0.03440338644723098 0.8425146262210207 0.5347222867711265  738546.4398922884
-0.7004911244560292 1.9485217548006597 0.5193626466255846 -0.06460982275800549 -0.022119076005099193 0.8213534810914066 0.5663168515759426  738546.4398935569
-0.7142449449864509 2.009993183421013 0.5162880621608237 -0.044370216624671076 -0.0028295035291180325 0.8160355950182211 0.5762891509040549  738546.4398946336
-0.7268913274772776 2.0704478729014264 0.5127714827131445 0.021734578229056094 -0.0698441390941979 0.8150144191113492 0.5748050982585189  738546.439895713
-0.7369830586030875 2.1347026837068594 0.5111821754533574 0.04107650141003408 -0.08703293052791679 0.8136482983292785 0.5733362335152938  738546.4398969628
-0.7386881748088011 2.17449966626919 0.5038709262381865 0.05180681987186538 -0.08174362735314195 0.8138482005048286 0.5729617258918496  738546.4398980446
-0.7348796111195811 2.2045791320750014 0.49765391884023763 0.0276254725031762 -0.08782639872740819 0.8158268129047633 0.5709202819143905  738546.4398993159
-0.7275718275003623 2.2177839958018555 0.4919113498015809 -0.01796944347967983 -0.05549592239587659 0.8137515408029693 0.5782782475065571  738546.4399003934
-0.7185988687251277 2.231284125629548 0.4755188976874486 0.06261868009153838 -0.07877235749884763 0.8338295565421342 0.5427725925601025  738546.4399016631
-0.7105212995546277 2.241870050322329 0.45653326457220716 -0.04057089517748882 -0.025256943171180046 0.8263290306395479 0.5611563261769844  738546.4399027415
-0.70503488999059 2.2501683433994004 0.44344411943233536 -0.053390233711935166 -0.03474555206508529 0.8216859364990311 0.5663695360059435  738546.4399038258
-0.6981086700513872 2.2691354424659034 0.41577745308446495 -0.05036588001788968 -0.028148486906854946 0.8266215925606422 0.5597925361483359  738546.439905077
-0.6939682582437704 2.282057183278446 0.39532990664179757 -0.038487900632921214 -0.0016230619859524597 0.8209780963597239 0.5696586806783727  738546.4399061552
-0.6867525743099923 2.3037335740005447 0.3631400886804544 -0.02424815281264674 -0.04457440894111426 0.824201954836119 0.564017984462415  738546.439907419
-0.6800519253134514 2.322337027550757 0.3316917169146365 -0.027912240838728623 -0.04521744365772003 0.8188101620113379 0.571599692256205  738546.4399085045
-0.6703590844381566 2.341368376164851 0.30016825193797136 -0.03258479695322002 -0.0386613430388365 0.817609779122767 0.5735484117707684  738546.4399097605
-0.6524716234543725 2.3287947170830074 0.26700414673490036 0.03334522435609601 -0.03604667611764127 0.8422147461323372 0.5369013452681549  738546.4399108582
-0.6352232068533602 2.322801935707364 0.2338319222231001 -0.06643776193724545 -0.04870559740878894 0.824248839458747 0.5602032124334272  738546.4399119433
-0.6192867426617209 2.320718898723055 0.2011049897725097 -0.08908789456061367 -0.015360508781959948 0.8218810006090872 0.5624402391814814  738546.4399131826
-0.6143926188588525 2.3201805105735267 0.18669733394660798 -0.10456663145939882 -0.006230302283112023 0.8137629650125842 0.5716789655852514  738546.4399142758
-0.6044262759529481 2.344924711955388 0.1497821935491368 -0.07672396701294784 -0.062492104443741876 0.8264842730190738 0.5541948359738852  738546.4399155421
-0.5658014096227644 2.3502500490860885 0.11142427550824573 0.23083478886789172 0.4164320672442942 0.7881012927591079 0.3901230395277654  738546.4399166154
0.0 0.0 0.0 0.0 0.0 0.0 0.0  738546.4399178674
0.0 0.0 0.0 0.0 0.0 0.0 0.0  738546.4399189402
-0.5711981844681782 2.3302025653903717 0.02276471578286676 -0.1573983617193173 -0.09737810058434036 0.7976927013352915 0.5739595939533257  738546.4399200184
0.0 0.0 0.0 0.0 0.0 0.0 0.0  738546.4399215028
