-0.9226532799984308 -1.6413221407598264 -0.007112546682844082 0.03950218489249299 0.01644330371487144 -0.7868390105464756 0.6156732628869821  738511.6435060034
-0.9226323481294231 -1.6413991328453863 -0.006769836618704663 0.04005881959025294 0.01519970733576411 -0.7868188116291597 0.6156950686309091  738511.6435072311
-0.9226846288433299 -1.6413270258042536 -0.006132333010180757 0.036152046334995414 0.014579277987635383 -0.7879508564173877 0.6145029878448575  738511.6435083232
-0.9238481936228161 -1.6405566469782202 -0.0034001979637298323 0.02581671243356997 0.006512248706012128 -0.793528541828587 0.6079502786242555  738511.6435094007
-0.9259740679383677 -1.6360115386762824 0.005301467378293972 0.029064209655984132 0.002849970111416994 -0.8100193288468248 0.5856755384015766  738511.6435106706
-0.9290699396793768 -1.6287181612332597 0.019381510601626458 0.029623579872518686 0.01278357621003106 -0.8281471770341642 0.5595813407049628  738511.6435117335
-0.932993168142911 -1.617185809259945 0.04192203372286522 0.04507192528036426 0.02924591863871231 -0.8463361597889705 0.5299323564646314  738511.6435129847
-0.9370109678239844 -1.609349314613455 0.06286405715033827 0.04784356344921619 0.031395485228312 -0.8548941244020708 0.51563684217342  738511.6435140846
-0.9429686313912252 -1.6032912556092038 0.09022713769758849 0.04190375641742468 0.04710082214446055 -0.8623145153383429 0.502433343228954  738511.64351532
-0.9463472348031216 -1.6032561952289197 0.11677945489763926 -0.038933993344357334 -0.04144160521703066 0.8674104604346528 -0.49433372396372166  738511.6435163971
-0.9488424931536525 -1.607372107701 0.15435797799173506 -0.034141141031743205 -0.0354407224252128 0.8716212147473107 -0.4877035940870769  738511.6435176601
-0.9495099220846175 -1.6126756131002955 0.19032577975731785 -0.03314494474966661 -0.017836733109940054 0.8763123466395486 -0.480270689004226  738511.6435187481
-0.9502895643071281 -1.6178780548767602 0.23775707010392735 -0.032681565009545756 -0.009659732139283984 0.905115928288533 -0.423796839584619  738511.6435199887
-0.9504536979062984 -1.6204639118835922 0.2784903857577555 -0.029620361091064876 -0.00589586887525672 0.9819383409152413 -0.18677517923874165  738511.6435210768
-0.9479794809158553 -1.6203788136040667 0.3105169078810519 0.010114592092713849 0.007356659098444096 0.9928890374280767 0.11838468629368722  738511.643522158
-0.933363840910079 -1.622474536721594 0.34237599483937187 -0.013941355272471296 0.04710757289775708 0.86477534198631 0.499750060611612  738511.6435234027
-0.912304394983986 -1.6214172961269866 0.3684875435999032 -0.04876974562926485 0.03272377394618017 0.7071865960864585 0.7045834122697072  738511.6435244783
-0.886888121309394 -1.6166678707882034 0.39738128864586864 -0.09390444995681503 0.0021904803466420895 0.5273532082578697 0.8444381266938928  738511.6435257369
-0.8742210992558943 -1.606729326316167 0.41187918686033215 -0.0911383204847296 -0.00582103420456545 0.4248341525248859 0.9006530213952951  738511.6435268278
-0.8691919738991297 -1.5864792153393492 0.41581208884021575 -0.03527093914018608 -0.008874169299708903 0.36247036104434954 0.9312853737366373  738511.6435280826
-0.8704257761968217 -1.5702259452279514 0.4100512256444589 0.056792809679314674 -0.025068490564740063 0.35047657077766237 0.934511808852871  738511.6435291725
-0.8739814828546494 -1.5695033926351016 0.3944854238597473 0.1689383011155372 -0.07632548048623979 0.3584829820247461 0.9149449289675233  738511.6435302641
-0.8819297867007644 -1.6143900739670758 0.35997079394320447 0.2152672441587902 -0.1441296664465947 0.36967955948089726 0.8923136646629832  738511.6435315136
-0.8974163593658453 -1.69765927826257 0.31718194758702345 0.16316119587853145 -0.19320584371283753 0.36698658120068633 0.8951931497354805  738511.6435326028
-0.9466715871912132 -1.8493111408646878 0.25607971915331657 0.04001046301310423 -0.08075875900846308 0.37414182885410735 0.9229816236494602  738511.643533836
-1.0019056150263883 -1.9894965423394102 0.21579222988673707 -0.11511869502221891 0.14758329230640616 0.36795919358065904 0.9108089205469249  738511.6435349206
-1.0456106315753095 -2.1163431887989903 0.17674319677457292 -0.49694310221929217 0.3639453425719742 0.3213506668538508 0.7192531471529479  738511.6435361796
-1.0602681455304694 -2.1275120127583214 0.09292462522382201 0.7346488006583363 -0.5026751233551443 -0.22990605399876152 -0.3933853916782843  738511.6435372557
-1.09643229504434 -2.070722437808998 0.020358597950034897 0.6760290375777536 -0.4281602568554652 0.4266539558546386 -0.42146166700513404  738511.6435383799
-1.135076195350332 -2.052680594989799 0.02394506213933952 0.6602343998448399 0.05812619594600752 0.7405949877711995 0.11059361055028173  738511.6435396022
-1.1406848365526996 -2.0367032315800997 -0.03334094720842521 -0.07601976425825506 -0.009357424111669115 0.9714985365378072 -0.22433017532425858  738511.6435406817
-1.1560624103408683 -2.022036070140637 -0.03313208933118786 -0.03802783878869616 0.0018483080906399735 0.9393006454155617 -0.3409761938261562  738511.6435419413
-1.1564964278509064 -2.0215940586287844 -0.03299189108359672 -0.03816186241631555 0.003948992458971472 0.9387494288079121 -0.34245815456533674  738511.6435430067
-1.156535897400482 -2.0216016633907965 -0.03312038570622915 -0.037856862685386246 0.0029636669602547136 0.9388995929269036 -0.3420900890517923  738511.6435442822
-1.156538162885384 -2.0216330665301876 -0.033066558420866 -0.03799444317186634 0.0036371430282282104 0.9387986495490493 -0.34234527758322225  738511.6435453906
-1.1565746317518177 -2.0215680654999297 -0.03304287867932292 -0.038296488632962894 0.003536315859947083 0.9388132479054735 -0.34227263838305877  738511.6435466137
-1.1565228403553287 -2.0215382557308144 -0.033065520973770864 -0.03894297438767072 0.002289014538689115 0.9388734743440397 -0.3420450326074548  738511.6435476728
-1.156533008736463 -2.0218210561294887 -0.03325492130141602 -0.03912842702470778 0.005109626931163666 0.938880278355855 -0.3419746786322471  738511.643548921
-1.1565571154912726 -2.0215603027869546 -0.03301749411768567 -0.03758457476745368 0.0030443518485892256 0.9386635839140759 -0.3427664042682047  738511.6435499713
-1.1565655508053276 -2.0218597618942233 -0.03333111717353709 -0.03805131604213537 0.005068694005951696 0.9387721787476339 -0.3423933441204082  738511.6435512578
-1.1564804471894838 -2.0218318466735274 -0.03321186722440621 -0.03903209373840178 0.005117231746076417 0.9385847372480316 -0.34279585849700267  738511.6435523176
-1.1564410588725418 -2.021504218967363 -0.03293945636893187 -0.03779204722759935 0.0023470307493568907 0.9390528358420278 -0.3416811731864284  738511.6435534244
-1.1565304865607315 -2.021565812591449 -0.03302963362964515 -0.03823481736947673 0.0030915746332768656 0.9387096367428908 -0.3425678893198247  738511.643554683
-1.156524342613516 -2.0218504945789197 -0.03322165617168509 -0.038363120014616836 0.005993623205531678 0.9384668323367479 -0.3431797664598608  738511.643555763
-1.156439708539062 -2.021889524082459 -0.03320510420262912 -0.03898490818852646 0.006084350453664006 0.9382944910034173 -0.34357911136407476  738511.6435570577
-1.156469053414318 -2.0219066774674057 -0.03331008795658137 -0.03903555702320029 0.005656902384224656 0.9384051039788812 -0.34327843737946756  738511.6435581058
-1.1564639254562235 -2.021931134500362 -0.03322312509732039 -0.03872486274796774 0.00609711415035591 0.9382222005574248 -0.343805631986115  738511.6435591946
-1.1562901374033006 -2.021824506935972 -0.033329037351819704 -0.04148274530492967 0.005458895576194649 0.9380294292831286 -0.34402059836559584  738511.6435604544
-1.1562707209357554 -2.021877813744119 -0.033278600982133415 -0.04111121570092303 0.006067672248315784 0.9378779212606855 -0.3444677867505388  738511.6435615378
-1.1562391222598423 -2.0219148438384136 -0.033317493480844125 -0.041382769023753624 0.005720134618991706 0.9380126135637765 -0.344074240946806  738511.6435627704
-1.1564528898110324 -2.021937906577085 -0.03326550163471019 -0.038108885836230365 0.006149709001058178 0.9384005485303997 -0.34338652334849784  738511.6435639104
-1.1565450422581538 -2.0218746998100348 -0.033353490247686225 -0.03800022968160195 0.004741358301866574 0.938561749338434 -0.342980093801925  738511.6435651209
-1.156461141354625 -2.021865135933707 -0.03320748304038899 -0.039481228694935866 0.006172279476423048 0.9384019253439196 -0.3432272746412032  738511.6435661908
-1.1565302761416945 -2.021914882673522 -0.03332200244034902 -0.038240140761551945 0.005968542635902162 0.9383914283137316 -0.3434000515443392  738511.6435674394
-1.15650882985062 -2.0219092700518746 -0.03320512207174754 -0.03824065842267833 0.005617368340164038 0.9385438618950124 -0.342989090957026  738511.6435685392
-1.1564625780928743 -2.0219349636867348 -0.033277918087894355 -0.038315198310405744 0.0059298623037031045 0.9384541720097062 -0.3432208463206602  738511.6435696625
-1.1563266237097376 -2.021833812164935 -0.03339593286721076 -0.040495841085132184 0.0048864643060507525 0.938195721704726 -0.34369317289748685  738511.6435709186
-1.1561493293397413 -2.0220809084442886 -0.03348383124924977 -0.04231789737650466 0.00900175968754839 0.937536246611804 -0.3451868337193785  738511.643572001
-1.1562100875340757 -2.022046544942472 -0.03363899485694622 -0.04103631342198624 0.006660255647578287 0.9378168598974725 -0.34463197655975836  738511.643573252
-1.1561418605909002 -2.0219453761593913 -0.03352772018865007 -0.042147907339833125 0.0061709694926431625 0.937811942627372 -0.34452029447895877  738511.6435743256
-1.1561729644363476 -2.022011064036287 -0.033626507915478686 -0.041573618093488876 0.00641546727452913 0.9375457815169174 -0.34530911314081913  738511.6435753972
-1.1561429941611978 -2.0219732059716606 -0.033534111095504276 -0.041718417030801626 0.007131949341947447 0.9377300411468487 -0.34477685379061884  738511.6435766664
-1.156221948647544 -2.021921417714869 -0.033644188299125084 -0.04220484836413589 0.0061744314326475395 0.9378095120012382 -0.34451987804921114  738511.6435777626
-1.1563894472644298 -2.0217233206649876 -0.03388820656817139 -0.043349692005027154 0.0034500823576145132 0.9389440764585382 -0.34131059523287266  738511.6435789734
-1.156476465208537 -2.021854053306575 -0.03380490077859106 -0.041339655839716806 0.0027233170416569087 0.9383581096065688 -0.343172951345136  738511.6435800587
-1.1564397126648072 -2.021457442402502 -0.033552060376465964 -0.043202707535263764 -0.0009689893934180697 0.9387413348273733 -0.34190246183334144  738511.6435813153
-1.156540379057555 -2.021827143752549 -0.03440100457292943 -0.040689923885620066 0.002988726099437259 0.9405989457637589 -0.3370593728686246  738511.6435824055
-1.1486390788277416 -2.0264542147811735 -0.02734065391674291 -0.003292163774621423 0.025006948298917277 0.9446425290202789 -0.32713041216100347  738511.6435836485
-1.1399434121776608 -2.0303902164170546 -0.006483061464760689 0.061887687828613806 0.08450622744598081 0.9324162368810127 -0.3458736370681168  738511.6435847137
-1.122056316511106 -2.0223270586116517 0.03928716202257984 0.02268990718297875 0.09980151157386323 0.8875163316248719 -0.449265609076335  738511.6435858075
-1.1033800841692922 -1.9961507725931746 0.10288295079276476 0.05724656768549605 0.03178220666493729 -0.7825467890813373 0.6191391158101919  738511.6435870575
-1.0710613401052373 -1.976021661647232 0.1874920843269433 0.020031629204816992 -0.01971889548308081 -0.7519400069365032 0.6586320102763451  738511.6435883044
-1.0375555005536394 -1.9527780621340927 0.26981604059452274 0.04223012872679493 -0.04146023273186799 -0.7115934906538597 0.7000945431787002  738511.6435893707
-0.9931616212608327 -1.931977754598697 0.38445465862109995 0.10888938513247072 -0.07859488917346938 -0.665509826666012 0.7342088366481687  738511.6435904765
-0.950371328167576 -1.9144598005853346 0.5206794979468586 0.15674831188020524 -0.08954595260895731 -0.6107843005736268 0.7709435953860995  738511.6435917193
-0.9187013785285968 -1.9082157662468648 0.6306526633932268 0.1317222856050824 -0.1304587302520802 -0.6464730760697195 0.740069132644338  738511.6435927817
-0.8953141986734605 -1.9088528060002607 0.7613583471831271 0.1635931959773869 -0.09830670663282513 -0.6744386404070323 0.7132359903894543  738511.6435940393
-0.8866332620011916 -1.9147121467365087 0.8542788416778572 0.1696851699491647 -0.0369888657584164 -0.6854869838125704 0.7070688523282396  738511.6435951258
-0.8932571928296575 -1.9203239701840271 0.9536185347314542 0.17026399738695278 0.04110430720004558 -0.6832484650056271 0.7088668014450066  738511.6435964099
-0.9041334186199451 -1.929910329731342 1.0177605753541945 0.17297550641795248 0.12117926917917504 -0.6545144204996353 0.7259517423759521  738511.6435974579
-0.9126148158957108 -1.9552003244596639 1.0727597781041365 0.13368126443540915 0.10549553508261016 -0.6566680229202404 0.7347020615804796  738511.6435987072
-0.9121742217297354 -1.9757372688822574 1.0999356025239315 0.11584375681819568 -0.022601427303935922 -0.7259392039171336 0.6775556594894843  738511.6435998515
-0.9170311876756703 -1.9920041811916762 1.1282060696087148 0.13884373967764335 -0.0009489725348160984 -0.7381721567867696 0.6601692073614339  738511.643600844
-0.9206804084708555 -2.0090883059168254 1.1539867943176059 0.1655920233495376 0.07172930002354334 -0.7392345239738571 0.6488193183670502  738511.6436021093
-0.9257566108510985 -2.028802109256542 1.1778622783273065 0.23623212134853594 0.06259523292098551 -0.7402541323383364 0.6263385994929221  738511.6436031933
-0.9301344199897043 -2.0427472168781446 1.1883370822858697 0.22609944512117902 0.06397230046699313 -0.7099581814294504 0.6638870132110157  738511.6436044453
-0.9303303763129948 -2.052830883071661 1.1923875846645289 0.20650249878360516 0.07750874499022842 -0.7171071784113501 0.6611402325657387  738511.6436055312
-0.9289876850377196 -2.060341449078018 1.1982107658253598 0.21871821221447535 0.09733199257447833 -0.7098728457216995 0.6623966861135113  738511.643606793
-0.931155393609121 -2.0644596212177735 1.2054985363857533 0.2557381532729599 0.15066211991970443 -0.6566760564121059 0.6933076369959309  738511.6436078812
-0.9337005299179941 -2.070447100119928 1.2143364595718404 0.22399020470988507 0.14430718036746434 -0.6262881213820094 0.7326438527034875  738511.6436091355
-0.9381833861589799 -2.074065828026184 1.2197428887776038 0.19526798953879518 0.16276836260353963 -0.6124429915168589 0.7485255202988876  738511.6436102613
-0.941819469736444 -2.0765481393645033 1.228383237972445 0.18079149445435042 0.18193213868151697 -0.6159638675428949 0.7448514256744971  738511.6436113531
-0.9479766441172636 -2.0799766095858443 1.244243173016881 0.19992224375531628 0.2647598284148209 -0.57242987126225 0.7498382306846448  738511.6436125628
-0.9540242177682693 -2.081001043905114 1.258525776978029 0.22462759077200137 0.3982821468417473 -0.4733105509296608 0.7529215758296186  738511.6436136558
-0.9625997550603613 -2.0853013820164135 1.274538971952582 0.20229857310832766 0.5140497900074109 -0.3050641366430573 0.7757344734159348  738511.643614912
-0.9689876261853839 -2.091006335897374 1.2860867958264197 0.17410677592150817 0.5537246357023524 -0.19038551684881802 0.7917254659089371  738511.6436159897
-0.9738609612907672 -2.0945855402425617 1.292335011498052 0.18759984203059396 0.5718826090074095 -0.10970493965104863 0.7910255413076966  738511.6436170465
-0.9770473488332069 -2.094858016011431 1.2931274551454273 0.2086928186899267 0.5986152602408913 -0.07188829251912521 0.7700254223288139  738511.6436183181
-0.9822677816758025 -2.091253520845056 1.2925985912060187 0.20900502972787538 0.598303635927604 -0.03323979824549752 0.7728161311701882  738511.6436194082
-0.985670033530039 -2.0896213320945733 1.290420282265841 0.19556561285593105 0.6162397708066882 -0.010166794229990254 0.7628232247640928  738511.6436206454
-0.9876406666590863 -2.0895325651334993 1.2887051287285047 0.17906641043406704 0.6247380085980119 -0.008268801996809834 0.7599797814289446  738511.6436217475
-0.9861391969593384 -2.092925646006619 1.2892079863871226 0.15298865150312566 0.6014684169131245 0.016308071155387755 0.7839414919383116  738511.6436229722
-0.9845331991972311 -2.094812323294266 1.2912498173294173 0.14940587080215392 0.5806775999238969 0.02206259242856571 0.8000029079520923  738511.6436240571
-0.9804667287977825 -2.097191765480969 1.2903773447470375 0.16413950380297512 0.6094429996575061 0.05461182226177283 0.7737279898834103  738511.6436253095
-0.9772203432851824 -2.0991440661850356 1.289757876306047 0.16805433768244749 0.6210993667357971 0.08088783769527566 0.7612164435556344  738511.6436264106
-0.9759947238448815 -2.100271420699222 1.2891716078679498 0.1398890829193436 0.6242345868852036 0.08912914310400478 0.7634253210797964  738511.6436274863
-0.9751770256274918 -2.102088624574623 1.2871225725664934 0.14511498834071945 0.6252530625529004 0.0984348819986819 0.7604675022201786  738511.6436287097
-0.9759237077649479 -2.103299259536843 1.2868609673712723 0.1534445950160553 0.6238078181853031 0.11255601941671092 0.7580565313512679  738511.6436298022
-0.9763512732276298 -2.1050969583181236 1.2862462482565076 0.15600395558247718 0.6235462696854199 0.11892909785907774 0.7567751879431857  738511.643631071
-0.9780182663016262 -2.1048306010124103 1.287523596240966 0.13418513670024373 0.6237807535055228 0.11131580019481818 0.7619059740360398  738511.6436321735
-0.9807557273581943 -2.1056548926896204 1.2911613884454498 0.13122948895552866 0.6220715619555033 0.1076614046023807 0.7643394631927319  738511.6436334595
-0.982448923708127 -2.1061169626851584 1.2939945341234314 0.10928774287548088 0.5867490815100346 0.058119471746016 0.8002523549532846  738511.6436345218
-0.98570403607343 -2.1067217834538123 1.302678368287441 0.08047064105472641 0.42023390692961504 -0.09817175569776354 0.8984933198294419  738511.6436356956
-0.9883097410160369 -2.1042322398533666 1.3098463509923504 0.042251460054061 0.2174069901149027 -0.23079139825695616 0.9474620547879887  738511.6436368583
-0.9870797629794954 -2.106104426885847 1.3116683530231286 0.019602957206640445 0.12073462255964407 -0.29179582347471816 0.9486274676535811  738511.643637912
-0.9842401260987055 -2.1061539025683667 1.3130433292322048 0.003752744424526107 0.021347024550837687 -0.3206498299704543 0.9469497916954356  738511.6436391576
-0.9805026601226846 -2.106015545778378 1.3095946910736174 0.020370887471081314 -0.007077253477926243 -0.2746886440075991 0.9612913649253884  738511.6436402427
-0.975727828268274 -2.1088522828186576 1.3079729299653962 0.048559372859446254 0.029247423975620992 -0.2262760803817769 0.9724123152990953  738511.6436415013
-0.9709931768026943 -2.1145755846921244 1.3077796159759782 0.03593989350831957 0.04139899967382023 -0.19401807492418896 0.9794648709797251  738511.6436425768
-0.9678801645246062 -2.120547266989838 1.3116157593467812 0.010387882629249704 0.02478157102062118 -0.17843203092011045 0.9835852662448517  738511.643643818
-0.9651454949666595 -2.122452269014781 1.3117243235575644 0.05325771071190599 0.03688122594464046 -0.14702797464488299 0.9870086960581305  738511.643644925
-0.9624804803001344 -2.125325394693719 1.3111262676813786 0.06042750204421268 0.04109174930908126 -0.13880208009153905 0.9876203560567585  738511.6436461703
-0.9612020247080251 -2.126305111558706 1.3114292853367313 0.046923522022587025 0.03324145418306787 -0.13667601192786064 0.9889453253685393  738511.643647229
-0.9608827493743327 -2.1248863960528253 1.3117614618942317 0.04958076562131867 0.0327674892154806 -0.13913064879478107 0.9884891005453023  738511.6436483182
-0.9609855254570856 -2.1243962795078124 1.3095801928867536 0.02879353002274023 0.03267999691596512 -0.1402976325749267 0.9891509109960285  738511.6436495563
-0.9596567672118426 -2.1240922094701418 1.3085904879203598 0.019374078711709583 0.04327519503462161 -0.13534873861094412 0.989662882766255  738511.6436506662
-0.9568654134227863 -2.1234766493748447 1.3064547025884836 0.012101853361044359 0.05333871023557346 -0.12231637376972077 0.9909829624385372  738511.6436519133
-0.9553248900601263 -2.1237771052587644 1.3064153589698018 0.008657683148087342 0.05621660559963588 -0.12130029094921695 0.9909848521511303  738511.6436529891
-0.9521589607809681 -2.1248225689324003 1.3061388599825112 0.010834130683712955 0.05644980956564374 -0.11606809036900168 0.9915766430339231  738511.6436542458
-0.9486134291241518 -2.125759232030495 1.305282559268576 0.0013410253771079747 0.04422308809065179 -0.10376955090717901 0.9936168277737585  738511.6436553275
-0.9468501732232277 -2.1264226647640347 1.30362910518254 -0.0034920976296054576 0.06079969563769969 -0.11163859839528208 0.9918810541656925  738511.6436565534
-0.945225672151106 -2.127870166891245 1.3029031604258206 0.0007558693237258668 0.05621029249509006 -0.1015832348287045 0.9932374731557998  738511.6436576237
-0.9453524781400887 -2.127627472575237 1.3039925110815742 0.013370069220279087 0.06503536165543136 -0.129954140752982 0.9892944780420774  738511.6436588975
-0.945297581683016 -2.126339472401817 1.30237345824128 0.0023630788565992913 0.04906959789224256 -0.1366984127582617 0.9893938216758699  738511.6436599583
-0.9461895905701421 -2.1249814414270345 1.3005588113290982 0.004780625002451696 0.05350703069378563 -0.14627743715487623 0.9877839109189426  738511.6436612128
-0.945360075967042 -2.1266324555187714 1.2986728375772187 0.00395376147230492 0.04817099931616673 -0.15012364045731327 0.9874850961766185  738511.6436622898
-0.9452921611955644 -2.127003016421984 1.2970397122153081 -0.005100081803192661 0.05031835213310943 -0.1510311593479865 0.9872343397138353  738511.6436635556
-0.9454027891635333 -2.1278201605435116 1.2979033459681881 0.01085497282275147 0.055172335200533516 -0.14896235987419046 0.9872428264283563  738511.643664607
-0.9477280143560431 -2.126940452426764 1.300008411310879 0.004239947140239804 0.0657442293383848 -0.13798097788527686 0.9882413515426142  738511.6436656619
-0.9485409407223689 -2.1269126717747975 1.3009905585312127 0.00071894308231016 0.0859256029486791 -0.12497236105989996 0.9884321842442527  738511.6436669317
-0.9498027365719564 -2.124435925224019 1.3019797311765722 -0.019160277809142885 0.10762046021690048 -0.1462940087148736 0.9831829856700692  738511.6436680091
-0.950806658222199 -2.122659714344875 1.3007032477465694 -0.05254334757495251 0.07055717365147289 -0.16077447649703 0.9830627902525045  738511.6436692843
-0.9530533218411912 -2.1233659328984396 1.3004856798266802 -0.06627488563132075 0.06638447084851062 -0.1805335946207347 0.9790854726621343  738511.6436703447
-0.9568194944444597 -2.121403954157314 1.3008753118320637 -0.07859699147821496 0.06223215964436462 -0.18689661753359438 0.9772509020671575  738511.6436715861
-0.957235591515988 -2.1204567444974285 1.299936951363802 -0.05531310402103327 0.06118137453378908 -0.17281080512257466 0.9814956574364464  738511.6436726887
-0.9549157079968215 -2.123833704116797 1.297451552952708 -0.031953520105854165 0.06012048337399378 -0.16302535055073342 0.9842698995242781  738511.6436739585
-0.9530656452727025 -2.1263493546521173 1.296896944821819 -0.017505942435507387 0.06476775205107087 -0.1612727073795085 0.9846267283230632  738511.6436749889
-0.9520481738000811 -2.1294056765535148 1.2967285897944252 -0.01051087688542873 0.059238091007954206 -0.17332030020779307 0.9830261662726548  738511.643676229
-0.9515154453822189 -2.131749082526036 1.2968469724975986 -0.029599726206123677 0.04339385359248697 -0.18497609525638214 0.9813382056470736  738511.6436773338
-0.9510850372834638 -2.133238563582435 1.296631045877411 -0.023579471165983294 0.033983580683198 -0.1823042736064492 0.9823717608972207  738511.6436783962
-0.9524638453873192 -2.1330857728460972 1.2959190504195577 -0.004588133432423488 0.037736126548174605 -0.1651885562438509 0.9855291343592124  738511.6436796702
-0.9526505655253832 -2.1339156400170975 1.296964095031518 0.010748902199092383 0.04438488639041673 -0.1812738477279826 0.9823717397663251  738511.643684998
-0.9520326462208472 -2.135509726369176 1.298097238791312 0.007655846331067474 0.039746852578371045 -0.18206583964844633 0.9824528516728803  738511.6436850096
-0.9519440187223173 -2.135368212580732 1.297930146835445 0.012774536822073064 0.03837743106474339 -0.18307788974860767 0.9822659875405689  738511.6436853561
-0.9519326719786393 -2.1354412997431713 1.2978129244266434 0.01272639291122508 0.03805154047990729 -0.18372541119029662 0.9821583846170289  738511.6436855405
-0.9518641173241633 -2.1354705855943696 1.2977562656699173 0.012881822035372486 0.03828030606762206 -0.1842927139784568 0.9820411765312456  738511.6436855405
-0.9511710502588472 -2.135428360743958 1.2968236187894302 0.0018769402709470763 0.03690981791669021 -0.18672851480719466 0.9817161525586077  738511.6436868103
