0.43828451836761784 -1.710497830646951 -0.010229948016196803 0.0030617734092734635 0.03380951528217411 0.7178779081413215 0.6953408165947222  738512.6555759397
0.43870407691985436 -1.7100079934459358 -0.01096387105785751 -0.0020236964316376095 0.027327770875595653 0.718956220048208 0.6945149755374007  738512.6555771993
0.4391728821304549 -1.7091259869317077 -0.010495366703491221 0.005343590591005634 0.03135723006255664 0.7099437855631469 0.703539616157234  738512.6555782823
0.4427969967527711 -1.7081728181586064 -0.0061913387121164745 0.011825402248825393 0.007506823824686224 0.6919961693124916 0.7217652728654629  738512.6555793574
0.4486835980653234 -1.7099033435990405 0.004269119733780368 -0.0016967015408351114 0.00985817406297088 0.6747747134006732 0.7379559768462242  738512.6555806214
0.4544068358706215 -1.7123601536651265 0.02000217133643419 -0.011082564723891328 0.002799679795974787 0.6596901142215782 0.7514507913033973  738512.6555816863
0.4594046741285776 -1.715959004760227 0.04359716141256431 -0.002877059214006166 0.019531553945178352 0.6460322341063081 0.7630547774743162  738512.6555829694
0.46704096384581795 -1.7196472092085286 0.0702083948314357 -0.014450406895349877 0.017815524305140187 0.639082580081212 0.7687959733707201  738512.6555840367
0.4754415588768891 -1.7215556245419774 0.09822960111540525 -0.01684325303276289 0.016842314901643087 0.6394597068831888 0.7684555449268973  738512.6555852848
0.4832251125138551 -1.7213721198204428 0.12990063797892173 -0.01948189551744032 0.014519831544099089 0.6422888168733794 0.7660774803884873  738512.655586359
0.49021000013068045 -1.71968700779091 0.16909629098685597 -0.01871705698941614 0.007336101659679342 0.6445283788128882 0.7643160486964304  738512.6555876154
0.49523037619897503 -1.7163048663904805 0.2135300125678965 -0.014044865975858658 0.003951939070756002 0.6482006807970082 0.7613297586010915  738512.6555886946
0.4980578025374938 -1.713461636706716 0.2583325202222999 -0.015361461951205264 0.0062564304351414145 0.6631832728985382 0.748273231588913  738512.6555897556
0.5009028799110532 -1.7098339019283377 0.3103944047967095 -0.00756912150830159 -0.0008196774687105638 0.73762863713537 0.6751637062270577  738512.6555910057
0.5031798821296235 -1.7088313555274461 0.3461168377735511 -0.013538337391582233 0.010592958771848014 0.8004554906925433 0.599145650126319  738512.655592091
0.5052907332989481 -1.7071334240161582 0.38531465268019016 -0.0294330149669182 0.013119490519698069 0.851337101812688 0.5236284137397758  738512.6555933481
0.5044097482525013 -1.7033584796479195 0.41337553679727573 -0.03287099346500722 0.01682385980784639 0.8780412542192255 0.4771582666358396  738512.6555944353
0.5011271553187016 -1.6963753213656023 0.44434959870059487 -0.03624031257240461 0.02020815908476492 0.8989964155151293 0.4359859114031191  738512.6555957106
0.49524377403928416 -1.6869795744434488 0.4684421328152782 -0.027358060809580097 0.016231346660212243 0.90816175279714 0.41740904476396035  738512.6555967915
0.488975348987881 -1.6777486022029635 0.4854116482898178 -0.02325968817340229 0.012514714733834406 0.9125612909664448 0.4080860926947431  738512.6555978521
0.4810789960284561 -1.6674331696256155 0.5004145010562557 -0.011850106281561952 0.007570095690560814 0.9144170292831073 0.40452906593891164  738512.6555991204
0.475730272087908 -1.6610015629892037 0.5087012886572404 -0.011014954705684822 0.008614438054392758 0.9149920180406703 0.40322954895654733  738512.6556001916
0.4710502379609117 -1.6554599985394 0.5167672372614664 -0.005516061108063054 0.006776369651326953 0.9147655393228641 0.403890655934933  738512.6556014562
0.4695225810824126 -1.654257831667018 0.5222483546601967 -0.029583178251090695 0.02820715131877176 0.912798364400769 0.40635986283874675  738512.6556025778
0.4656949840178772 -1.6463661408492525 0.5267354634141234 -0.0791410570041001 0.05967543737463199 0.9089134881678425 0.4050330928417892  738512.6556038059
0.4554147601695126 -1.6262788196321716 0.5283078081136847 -0.06852120862496973 0.049471130539723455 0.9116777948412814 0.40212069034685777  738512.6556049207
0.4368890102704603 -1.5929168445508952 0.5295031243811756 -0.06639380591638784 0.0470864716084459 0.9112978838662283 0.4036222164206752  738512.6556060312
0.4090310033234442 -1.5443523980532554 0.530277743310985 -0.042239645047655185 0.02984321743917546 0.9129637202801966 0.4047498489329788  738512.6556073085
0.38356159462269523 -1.5009678470182666 0.5324034681916358 -0.03477661658724422 0.02562853570366244 0.9128692813663736 0.4059598997857677  738512.6556083306
0.35202084572232895 -1.4457807895938186 0.5352554299074892 -0.023453741279356944 0.010943888606063646 0.9137038432935413 0.40555571759351494  738512.6556095739
0.3259119874735024 -1.402753965621472 0.5391375914990787 -0.013613032798298104 0.02307056624635812 0.911611313201233 0.4101795313696531  738512.6556106465
0.2964869745996815 -1.3502985646568886 0.542592933983899 -0.02113358125986279 0.013344099954087854 0.9043877838523775 0.4259789233731331  738512.6556118965
0.2700932069337518 -1.3037733538030167 0.5452294603714786 -0.018633811459629657 0.012548270230734841 0.895672963773632 0.4441455436562001  738512.6556129728
0.2444248037908031 -1.2583101888960926 0.5479038375621199 -0.01349609812822223 0.017840820637462354 0.8825757025853919 0.46963782818273636  738512.6556142287
0.2210128878314464 -1.2134118936778564 0.5499478620415548 -0.016319485370418853 0.025233624441642587 0.8680229336630795 0.49561388724462085  738512.6556152998
0.2017846724954589 -1.1722888386241532 0.5515747516479008 -0.02049345851718831 0.028267769234301555 0.8534799625528608 0.5199547142793187  738512.6556163784
0.18005926340338427 -1.1203074003565272 0.5533513431893954 -0.011604393748700833 0.028245077881495162 0.8333885081401043 0.5518434090584075  738512.6556176189
0.1651907066524321 -1.077420325910936 0.5544344795621652 -0.014583945536266012 0.03805084328958063 0.8162905847439387 0.5762023282805666  738512.6556186987
0.15106135573300733 -1.0220203491355835 0.5545993581634252 -0.011554952292866159 0.034805983780345585 0.7970137466385965 0.6028466755649392  738512.6556199394
0.14301064564169644 -0.975344518935499 0.5543069383391025 -0.01115647315729398 0.036013660772777026 0.7847722165874077 0.618636498613621  738512.6556210296
0.1372659961996386 -0.916539380477748 0.5536484058044481 -0.01609602355299956 0.03330847176986516 0.7712513078521409 0.6354548637554831  738512.6556222903
0.13510857211121335 -0.8667236077843818 0.553117657377327 -0.015962098011732623 0.02857766345728959 0.7641914318389864 0.6441583532659229  738512.655623371
0.13483544740405468 -0.8054835927028401 0.5527557562265649 -0.012355265880869994 0.026740025785736022 0.7586684209490887 0.650810683287089  738512.6556246494
0.13696969737447684 -0.750124791464077 0.5528053903083447 -0.0189634444691265 0.024667641498940622 0.7604006624526394 0.6487085075581585  738512.6556257064
0.13947574783751765 -0.6994656982672663 0.5530157212637727 -0.017620253640492183 0.010195680907427548 0.7649174032265523 0.6438066021668517  738512.6556267899
0.14242565645617167 -0.6396347897438104 0.5542257038789993 -0.018947265705718436 0.011804059161597429 0.7734200860205103 0.6335006202440634  738512.6556280551
0.14419961141433119 -0.5919896227740641 0.5539383764698503 -0.025461790934481972 0.012372978653604894 0.7810704337204066 0.6238009170957207  738512.6556291422
0.14371162518498218 -0.5340100846511271 0.5527518986028962 -0.027208241166925298 0.02754705057331786 0.7894113986133855 0.6126422409176275  738512.65563038
0.1438863725758845 -0.48508682574291334 0.552691423602947 -0.03575428250373084 0.019419606170439193 0.7974876404422957 0.6019617708132372  738512.6556314612
0.14064089874586805 -0.4244541967352012 0.5522140615633374 -0.03645050064996128 0.01790904948096364 0.8035306007710652 0.5938764186036911  738512.6556327017
0.13573367727763608 -0.37426256910350664 0.5517965838985955 -0.035247378810431884 0.022520887193165955 0.8081679310333552 0.5874649156981997  738512.6556337917
0.12885300455952373 -0.3124354123020107 0.550390790707531 -0.030833866905397446 0.016709455076974963 0.8108672032154154 0.5841784363636688  738512.6556350688
0.11994041885716618 -0.25641696458969887 0.5490926265757641 -0.022014798309333568 0.025498005900157217 0.808935679240985 0.5869312286813858  738512.6556361502
0.11307721266293026 -0.2053439791194568 0.5496214291817164 -0.020332622491789822 0.01582255925137 0.8088942173613378 0.5873894587075359  738512.6556372182
0.10341043596695414 -0.14468078197317297 0.5497110903294259 -0.01813993641113394 0.015570607624654342 0.8026795146380488 0.5959312843488129  738512.6556384697
0.09547699204431424 -0.09629612720054147 0.5492267443877318 -0.013485975575606796 0.025211986544212004 0.7978980236817517 0.6021139659582923  738512.6556395536
0.08739884236642533 -0.03758340505602517 0.5485007823545195 -0.01766715914939811 0.030296453484908243 0.7904762670261183 0.6114877493967312  738512.6556408094
0.08119781550680938 0.017130619059252467 0.5473482722067103 -0.014476599208649254 0.028894349556231002 0.7837157100854161 0.6202783491339889  738512.6556419103
0.07653364221741159 0.06685707945718962 0.5466235375624187 -0.007640350740481256 0.027097524449841384 0.7755987119115143 0.6305981186861033  738512.6556429998
0.07268046077776555 0.1269065737823847 0.5452811650105669 -0.011112193125796635 0.029951980132340822 0.76799990472488 0.6396526748108399  738512.6556442408
0.0709158179641576 0.17644395764849424 0.5437725527293654 -0.008838694654118056 0.02674752942288368 0.7639584251815542 0.6446502708761573  738512.6556453431
0.07046278017911961 0.23640502979303782 0.5420019509997456 -0.01556859260766677 0.030872674455513657 0.7629780027182311 0.645499081536356  738512.655646591
0.07125982885927176 0.28641187615813224 0.5405903861109626 -0.01518231589437711 0.028086730076565668 0.7650064536464817 0.6432307196931153  738512.6556476674
0.07326205166139511 0.3472576952343374 0.5389556528083506 -0.02286939803595207 0.0278758198408368 0.7694248799459225 0.6377188121906685  738512.655648905
0.07480408244175621 0.3979993066395583 0.5379269902782946 -0.027970077576801707 0.020264631637428112 0.7766704345201485 0.6289595023586423  738512.6556500011
0.07566766617581652 0.46024981027685097 0.5368506874564309 -0.02720546398045656 0.014061481119490137 0.7901557850506822 0.6121404845534024  738512.6556512716
0.07498245167887577 0.5165863729558604 0.5357889708566745 -0.03299353734023986 0.017676704363040207 0.8058115862844404 0.5909878577656176  738512.6556523367
0.07278854751602977 0.5686055218857117 0.5346470767434143 -0.026812400083139797 0.00219293898084472 0.8239750338744031 0.5659871286275724  738512.6556534304
0.06681937230007882 0.6293226621060298 0.5335283654045835 -0.03374446918609035 0.006066809017422339 0.8458305347647525 0.5323487682781545  738512.6556546807
0.05914008624069716 0.6779908364867937 0.5331576387713858 -0.03906798361993632 0.006539393995618944 0.8597612977903066 0.5091575785589078  738512.655655751
0.04479843703504598 0.7367457538256632 0.5329357058458757 -0.0422125043839108 0.007857794668334995 0.8687182136384438 0.4934420176975404  738512.6556570096
0.02693543402179511 0.7898664723198745 0.5324008207289097 -0.03196052000812668 0.010365115842423816 0.8672907498715001 0.4966667340598867  738512.6556581006
0.005749417594564612 0.8425501952215801 0.5322248077544174 -0.029255646364137945 0.017069000954565098 0.8571352762376905 0.5139765311676864  738512.6556593435
-0.016702726447696697 0.8953775634133532 0.5317440507068365 -0.022318492870930164 0.021944223445142654 0.836117610819647 0.5476565317884972  738512.6556604266
-0.036591433558174374 0.9436605658760873 0.5309390000829753 -0.010986105143931557 0.027336962632194678 0.8062132759591416 0.5908909794835605  738512.655661513
-0.057103473033012705 1.0027869888603578 0.5311958671159654 0.0007094496080547365 0.028619757911524345 0.7588049136599669 0.6506884885594869  738512.6556627628
-0.06882686386697161 1.0500876801826466 0.5310669259264004 0.005138431293873022 0.03900895813949365 0.7246876620935278 0.687953261579685  738512.6556638511
-0.07340711177938017 1.1079497287801099 0.5301931753743142 0.006657221706217848 0.03375980551951367 0.71646046532551 0.696778557761354  738512.6556651033
-0.0702940287205234 1.1543698478817324 0.5283716897027747 0.0013542776836601962 0.032036442935496796 0.7289866253762659 0.6837765221755716  738512.6556661939
-0.059904026598035634 1.2108146988059085 0.5247832036342305 -0.022684711546139345 0.023687750855446017 0.76356085378188 0.6449024088134306  738512.6556674324
-0.049901572082002195 1.2586396970045737 0.5214543079434779 -0.03944650444439299 0.015445427462899052 0.796291502232589 0.6034279207409727  738512.6556685
-0.04042458326358655 1.3186566081370545 0.5178425428898663 -0.04791090394710745 -0.00010131857424419672 0.837486505632975 0.5443536423136953  738512.6556697519
-0.03911513500569694 1.3728943528166395 0.5159215555600153 -0.058817942045562684 0.001301047709069554 0.8723724258374221 0.4852886848123651  738512.6556708433
-0.044933280067819714 1.4226481527121269 0.5150762837188388 -0.06870543857541428 -0.011140157158988674 0.8992313632087596 0.4319009319628159  738512.6556719491
-0.06332854767569841 1.4820892522671663 0.5147096439973845 -0.06646849793282557 -0.01349734630116451 0.9166528793629908 0.3938873686486007  738512.6556732
-0.08820078047488498 1.5292638622523425 0.5147837341861822 -0.05380203053059013 -0.014498519594447543 0.9185106683959894 0.39145023500198295  738512.6556742665
-0.12627951854797906 1.5837362563450843 0.5160943567220201 -0.04299053861204667 -0.0059599928210971875 0.9093156986416525 0.4138372292088548  738512.6556755154
-0.1621704202750909 1.6260258999227157 0.5171344931795628 -0.022084173591699563 0.023067407212738054 0.8921402837440885 0.450628337016516  738512.6556765761
-0.20371210354927075 1.678172821443583 0.5205529122052464 -0.00961855522670927 0.025543195502482113 0.8621993853083886 0.5058332220531879  738512.6556778457
-0.23416176656461077 1.7207883540610325 0.5238373872894637 0.008693538723805834 0.048488424739660946 0.8324707321350988 0.5518747821645564  738512.6556789265
-0.2611041534355367 1.7746835454243113 0.5249170846712762 0.0036149564140879756 0.052071451563646474 0.7930202499881533 0.6069550058537336  738512.6556801694
-0.2769435249059506 1.8202710054571616 0.5248174244165014 0.004778675928669538 0.05475471491450508 0.7702173744442046 0.63540875155704  738512.6556812227
-0.27830852173700815 1.8844986029135462 0.5152749922968142 -0.0024568436389865314 0.03965411036956358 0.7401622440206519 0.6712535794887391  738512.6556824843
-0.27978617260786776 1.9382081795219313 0.5145816744066659 -0.00153890283964138 0.022869171686564008 0.7290322356771113 0.6840954846423513  738512.6556835778
-0.283738380772376 1.9823740823711775 0.5258920645219406 -0.012636571849054827 0.01795389464798295 0.734828936614488 0.6778970486975834  738512.655684829
-0.27891226615277825 2.0340252985331007 0.5257375362965615 -0.018679448720286682 0.027827948576078124 0.7520264890217466 0.658280216384465  738512.6556858897
-0.2728498360182453 2.0877667839985414 0.5232796746779197 0.023640104502023928 -0.03148837099906767 0.7559221892785853 0.6534762977394277  738512.6556871461
-0.26637569605974915 2.1282160530569247 0.5197909189274839 0.04641301080117904 -0.0631892598439512 0.7474604980438471 0.6596633639461777  738512.6556882573
-0.26152467484177655 2.1456676634228233 0.5151113898696527 0.036512039218435474 -0.04161046739543146 0.7467836269615901 0.6627591225304544  738512.6556893254
-0.2563935311679038 2.151679010329378 0.5013029218459808 0.021441819849603905 -0.021989622957804402 0.7483403086240016 0.6626035672498638  738512.6556905984
-0.2510199263036111 2.147322658503644 0.48087841001243764 -0.007601492335860754 0.004492486005988461 0.7483492655507784 0.6632461169380222  738512.6556916734
-0.24572859201967726 2.1417769363138754 0.45241965351016467 -0.018466949719794915 0.010951004366371428 0.7448238104309935 0.6669156908384071  738512.6556929016
-0.2401297330381125 2.1378267768032466 0.42180021014871927 -0.029703867872195297 0.018280309665078175 0.7411785734748672 0.6704012475627869  738512.6556939733
-0.23391350292098873 2.136908716197173 0.37635941065168677 -0.03393644976419344 0.012011602868446004 0.740939502070351 0.6706062130980249  738512.6556952294
-0.22992059830697656 2.139483476629796 0.3349165935673859 -0.02087941037569342 0.01167224762285471 0.7357032819454268 0.6768814444143981  738512.6556962932
-0.22434430894290514 2.1441182799985827 0.27873690314838234 -0.013746435025719577 0.005784254926390805 0.7349570422717785 0.6779496470492109  738512.6556975547
-0.21756984866275358 2.147944735935619 0.2274065464757499 -0.012242891442733347 -0.00044999518700067196 0.7321227053202813 0.6810625914466054  738512.6556986372
-0.21177961547586843 2.1507293371551612 0.17884813897041835 -0.011847951247327002 0.0012945700583958082 0.7276892872384763 0.6858033620346019  738512.6556997072
-0.2038020556346937 2.153274643454733 0.12009898058362234 -0.016708010155137034 -0.0012850389937702684 0.7290686794331134 0.6842353774404657  738512.6557009546
-0.19735955533333036 2.154484488915262 0.07283480079799172 -0.013290258005015954 0.005590698984731675 0.7350621597407321 0.6778463944318894  738512.6557020292
