-0.7884211236770696 -0.02643057879450988 0.01308721759000724 -0.014598482873779413 0.004175878399456556 0.03370739133897886 0.9993163953956213  738507.7105017924
-0.7884027638077165 -0.0264075233171921 0.013135930988917863 -0.01226791690821799 0.0023190070672632415 0.03446808145520296 0.9993278099711589  738507.7105028735
-0.7883699733704251 -0.026400083224832702 0.013131766556600023 -0.01201211798054544 0.0021062683530949176 0.03470465327798818 0.9993232008194851  738507.7105041348
-0.7883967715331703 -0.0264470132556455 0.013013578747965939 -0.009661172807075133 0.0016797990978471469 0.0344612054597085 0.9993579265374576  738507.7105052184
-0.7883807350722895 -0.026428263769052655 0.013118938123499676 -0.013364024980259629 0.004138197134080308 0.033882823446399396 0.9993278903523641  738507.7105064774
-0.7884190259994109 -0.02635915862694748 0.013138089913726047 -0.011555961450572194 0.002398071184674396 0.034093470622135795 0.999348960208837  738507.7105075716
-0.7883913846712248 -0.026347276903577625 0.013167114451272957 -0.011669476904645995 0.0025747559761012504 0.0339992889596807 0.9993504101618569  738507.7105086579
-0.7884148952652831 -0.02634785399241286 0.013149913750622149 -0.011833389061856362 0.00230016496595438 0.03395302570898979 0.9993507253160148  738507.7105099027
-0.7884178849850701 -0.02633556846206212 0.013132579590488145 -0.011389690949403754 0.002297252734624021 0.034066037377415447 0.9993520414085073  738507.7105110057
-0.7884303162229735 -0.02635958363622329 0.013136695683378732 -0.01171744341334878 0.002208091844855524 0.033866528201434695 0.9993552341974505  738507.7105122755
-0.7884196228445444 -0.026375079699994503 0.013171189748813324 -0.009620630215934522 0.0019162882080274563 0.03398903440333712 0.9993740625281812  738507.7105133763
-0.7884742865714931 -0.026524446970195674 0.01319531823943744 -0.008094057528039291 0.0033700240698819766 0.033500493639587216 0.9994002431940895  738507.7105144644
-0.7884729174104863 -0.026532736458415463 0.013464379616326703 -0.009239602523804161 0.0044018359535440196 0.03343364773842414 0.9993885354477222  738507.7105157281
-0.7885318966142234 -0.026665562834915075 0.01363802952105209 -0.005897210600776335 0.0038104582803214623 0.0335798549153565 0.9994113750897013  738507.7105167876
-0.7885691965824485 -0.02734395480254757 0.014547975661498826 9.628799640540467e-05 0.0036337977696790404 0.03320652620886971 0.9994419006923466  738507.7105180465
-0.7884299693959782 -0.028518879505331877 0.01609662072240082 0.006129200146723849 -0.003682239162821623 0.027011596559846765 0.999609547609264  738507.7105191221
-0.789002823470974 -0.03197474379333466 0.019460311798294286 0.0066173188664604265 -0.01628808630465637 0.022608818485694442 0.9995897911954846  738507.7105202143
-0.7915620304274487 -0.04033418606972631 0.029585634837475908 0.002235719584272414 -0.006413365472996225 0.02107986049710819 0.9997547248113773  738507.7105214768
-0.7955583351163121 -0.05131929467787314 0.045727956209233867 -0.02114346159954475 -0.0014494367783932447 0.02568772734334672 0.9994453430921313  738507.7105225543
-0.7998770519686919 -0.06258372576223065 0.06790900868282125 -0.01910111806479252 0.0006040609654397911 0.030070873199736448 0.9993650609181963  738507.7105238062
-0.8034139586605364 -0.0733143473465105 0.09593534213142402 -0.02643441337439196 0.004561081466712392 0.03049514533006893 0.9991748918165948  738507.7105248859
-0.8055311820661535 -0.08294882887052435 0.13431170849204654 -0.032850998038227275 0.01136797967674296 0.03212772974716736 0.998879066727927  738507.7105261337
-0.8049550932981886 -0.08837985664402946 0.17145233128797627 -0.0338976055697336 0.008683971642694344 0.033174706133973345 0.998836813421528  738507.7105272223
-0.8026538671804249 -0.0913152333537835 0.2114086628557636 -0.033808334002058384 0.007386641356831563 0.0320093554359269 0.9988882996842277  738507.7105283139
-0.7982631673701103 -0.09259138179618596 0.26375770265665077 -0.027804770340024255 0.002347896704982242 0.030018018067663584 0.9991597973891317  738507.7105295666
-0.7936694814941265 -0.09233693534784804 0.3062678171870892 -0.020203492283036948 0.0002173761137004778 0.027974827688995826 0.9994044129695273  738507.7105306463
-0.7880144789389184 -0.09109076169621662 0.3535123868807869 -0.022675429392434644 -0.004808613296876302 0.023840926447251658 0.9994470032803974  738507.7105319066
-0.7818707455590315 -0.08924451474524932 0.3946706704985146 -0.03073960667206439 0.048318388028948424 0.02565790992301305 0.9980290985829589  738507.7105329724
-0.7593607732366686 -0.08456175205711401 0.4563069814157447 -0.02113200385852684 0.13086237850603727 0.03190223860416853 0.9906617603787423  738507.710534236
-0.7153519478557511 -0.07885770514635869 0.5233137809329633 -0.020574746254532685 0.14024825020290926 0.03343799312989558 0.9893376616439045  738507.7105353096
-0.6296715033065534 -0.07161022048289876 0.617138297777376 -0.014171594185092352 0.1156315075488489 0.03360674139861949 0.9926223387133699  738507.7105365694
-0.5393739678065816 -0.06626319307093147 0.7017017651876127 -0.013242627496401073 0.08022187417097176 0.03173022357505665 0.9961838568423829  738507.7105376716
-0.4278061663950781 -0.061679844602315834 0.7954871262127586 -0.009014725680509756 0.031605458890458404 0.02694526773405487 0.9990964829464514  738507.7105387587
-0.3037922247372371 -0.0589026940559767 0.8868659456955034 -0.011143552524743281 -0.030697577066985372 0.020525030770269976 0.9992558246571417  738507.7105400334
-0.20968850709323375 -0.0584121181966477 0.9470413071862699 -0.012908756257594318 -0.0735900120106544 0.014816216236383637 0.9970949573037619  738507.710541101
-0.11171760851907206 -0.05939903736692247 1.0001436897173555 -0.015217421256031574 -0.1078239045651274 0.008854035937270863 0.9940141054040774  738507.7105423564
-0.04959141170116569 -0.06106414656391936 1.0280999725508857 -0.02178594480541498 -0.11737628835608761 0.005791643459881433 0.9928316254062003  738507.7105434559
-0.005217003907647855 -0.06281038862741342 1.0452406567129753 -0.020747583673644716 -0.1048630561314421 0.0046253094993490215 0.9942594650002153  738507.7105445229
0.026097798541452617 -0.0647212759412842 1.0579561991352167 -0.025582701223802656 -0.0903971587706621 0.0033749022741690576 0.9955714384808984  738507.7105457796
0.03623410661349047 -0.06561362593948958 1.0668644273765553 -0.02528886914582411 -0.0614294783740296 0.0055341552872134004 0.9977756588578802  738507.7105468698
0.03369178786197692 -0.06546272656496424 1.07616596606455 -0.026713355170963318 -0.031316845026156954 0.0074041678319924685 0.9991250323016801  738507.710548127
0.026108789237932976 -0.06425006377266176 1.083335432784099 -0.023884306783511302 -0.009578606551183814 0.008797207582250584 0.9996301312609397  738507.7105492069
0.015651883423608782 -0.062047672654667284 1.0914713308087791 -0.020465028359108097 0.006668910796498241 0.010859342526160979 0.9997093492225372  738507.7105504648
0.008535094935197276 -0.060139022283824846 1.0968581493867304 -0.019276060413400794 0.014814471445667098 0.01135561186849928 0.9996399426842729  738507.7105515453
0.004126377548449943 -0.058452860314869876 1.1010823557884775 -0.017424014990132523 0.016805377153720318 0.011534835426227652 0.999640400630164  738507.7105526227
0.002538680169152376 -0.05691671317477022 1.1047205521704748 -0.0176944906675351 0.01180048076521408 0.011556877555054471 0.9997070031938877  738507.710553887
0.003877277404778541 -0.05605250195748702 1.1067830328813866 -0.017892923594272886 0.006878201464937981 0.011228633190242287 0.9997531952569776  738507.710554978
0.006905936218577897 -0.05592267138954127 1.1077723381308382 -0.015092340066606976 0.0018292394353693056 0.010624391117114058 0.9998279839391337  738507.7105562199
0.010470733165553164 -0.05672080812147227 1.1081227629074752 -0.019577299413648983 -0.003075735991967636 0.009178887003487353 0.9997614801687217  738507.7105573015
0.014058162363298519 -0.05799370666320504 1.1075323529065573 -0.020924752498634982 -0.00734664864104364 0.00808690383295782 0.9997213529144071  738507.7105585642
0.016029469823830005 -0.05928787734472642 1.106679454506189 -0.02041591449631156 -0.008853224546123318 0.00790892799421058 0.9997210909590722  738507.7105596516
0.0169322406989613 -0.06042373629579894 1.1055603270474452 -0.022083728266355403 -0.008635131401141933 0.007062476545243987 0.9996938855852779  738507.7105607248
0.01658558489767925 -0.06140864204539502 1.1038401333391876 -0.022058730546603435 -0.007087688878393392 0.00751846541048243 0.9997032808543278  738507.7105619855
0.015279193184733081 -0.06221439425321489 1.1026295947236722 -0.022970489175629348 -0.004773271798863175 0.0072616608419564825 0.9996983749037421  738507.710563069
0.01338324641305142 -0.06256939773881005 1.101182227257608 -0.022698485643834945 -0.0021882714063268397 0.0077501587689157905 0.9997099205553507  738507.7105643597
0.011718623836443402 -0.06275455313702331 1.0999984457885494 -0.021233396768867496 -0.0019244217872467077 0.00763881410744595 0.9997435110974577  738507.7105654426
0.010217151487458302 -0.06276908332712527 1.0988572081814612 -0.019901803407545555 -0.00024303765217483322 0.007536554898637391 0.9997735040968464  738507.7105665131
0.008730729403856418 -0.06269805845509352 1.0972844097536123 -0.021064277183951773 -0.0007091789397940878 0.00716637311167003 0.9997521874886663  738507.7105677716
0.007760607605012741 -0.06276903875264053 1.0955391663063099 -0.019274804971719548 -0.00010465845799838204 0.006928059048460347 0.9997902144638797  738507.710568872
0.0071275880148259614 -0.06297869485099121 1.0936684410370183 -0.021508284201080096 -0.0007733129241415007 0.00604573822632342 0.9997500911463553  738507.710570115
0.0068827010733406285 -0.06310701631665727 1.0920742709657159 -0.020123246648836485 -0.0013090554209258716 0.005737920202341061 0.9997801846355862  738507.7105711956
0.00677694531708109 -0.06306452316177699 1.090415534679238 -0.022527965202929955 -0.0024438175494022486 0.0057170494917815 0.9997268796449905  738507.7105724667
0.006716300822709501 -0.06286976587073424 1.0890529154522675 -0.020918405256581826 -0.001545599469069053 0.005603461080400907 0.9997642885539186  738507.7105735514
0.006685401142531132 -0.06275378129319047 1.087796637822203 -0.01898382743644203 -0.0016113890539304308 0.005111865387535922 0.9998054243468776  738507.7105746166
0.00669320828035144 -0.06276085916562654 1.0857040662013235 -0.02087333785020923 -0.0024894252903752308 0.00442944776814577 0.9997692166301101  738507.7105758991
0.006730096557426316 -0.06278421180951267 1.084064224637752 -0.02369516886884578 -0.001699814691879785 0.004225047440952962 0.9997088569060554  738507.7105769807
0.0067372814061553874 -0.06246080434968262 1.0823406460062976 -0.02242167183642102 -0.0013906914541718567 0.003920676187075477 0.9997399476401727  738507.7105780839
0.006802434398001818 -0.061993520990295474 1.0801771066317334 -0.022026216604027274 -0.0011720267997919968 0.003098073693111035 0.9997519062620912  738507.7105793497
0.007189446320876585 -0.061342110693125 1.0782987136169349 -0.02060409088543528 -0.0018566502837221754 0.004262823604120014 0.9997769014252275  738507.7105804383
0.007395022467596845 -0.060926703041039046 1.0764022280675862 -0.020405546677894668 -0.0023565885280927915 0.003157190425704339 0.9997840228288815  738507.7105817104
0.007608349149586069 -0.060625692643844833 1.0747208659450007 -0.019591758979166925 -0.0018270249366248489 0.0030666681838546076 0.9998016905898056  738507.7105827987
0.007832166616232261 -0.06041358387342586 1.0727250264460668 -0.02103359446519148 -0.003000385361824039 0.0031215417700040647 0.9997693941947476  738507.7105838859
0.008064180292411032 -0.059965409070206095 1.0706634050083588 -0.022150129494427493 -0.0025381949991401575 0.0031579576863878444 0.9997464461716168  738507.7105851286
0.00804811694333835 -0.05975708565176497 1.0686330573160583 -0.01642469456875337 -0.0027733224230094174 0.00289644028836515 0.9998570641470296  738507.7105861973
0.008041797503381309 -0.05981484380743927 1.0666250093878507 -0.02066013022349871 -0.002942766794673191 0.0022450826838288644 0.9997797051083219  738507.7105874537
0.008040669774479947 -0.05995392114634439 1.065116772240951 -0.020924768336506888 -0.0016018028759237826 0.00232312664577307 0.9997770708413941  738507.7105885312
0.008107744639039807 -0.05997805306575358 1.0635726138094446 -0.021106903841884784 -0.0021398607175263287 0.002111341247437065 0.9997727050907401  738507.7105898032
0.008101237522809872 -0.059967002331406116 1.062487348885351 -0.020086023200094 -0.002698087124908947 0.002198382110694573 0.9997921979661409  738507.7105908808
0.008072080551173203 -0.05998083597692022 1.06053542373095 -0.012972225031709025 -0.0012308266423106556 0.0019326852940185363 0.9999132318211704  738507.7105919716
0.008657380350216803 -0.06146289114173214 1.03411882273607 0.001730037547168892 0.0038467421762546526 0.0013280657971059399 0.9999902228451804  738507.7105932342
0.010120524737400256 -0.06484450005426541 0.9692642410852794 -0.00526867982359647 0.0022931669208713207 -0.0014801131585616323 0.9999823956767576  738507.7105943197
0.01209878405929227 -0.070412463684197 0.8731238523999832 -0.005408475889841911 -0.0027832272561482095 -0.005406682494371392 0.9999668843611746  738507.71059556
0.013617758908859518 -0.07806424269693946 0.7724861640773356 -0.007971401750841977 -0.0049339969221023185 -0.006183884916444856 0.9999369340092602  738507.710596641
0.013793377899988931 -0.08876023229771457 0.6763537224234966 -0.01455203062945566 -0.007437949066150957 -0.005447871891487695 0.9998516069948093  738507.7105978972
0.012123415005390737 -0.09826253771828167 0.6197481984946587 -0.018246934586859193 -0.006439428380732712 -0.00446155197813538 0.9998028194070362  738507.7105989816
0.008710107010123508 -0.10981462208530134 0.5749375459478603 -0.020775546511474806 0.0008293155886323539 -0.006457020370263839 0.999762969803714  738507.7106002318
0.006126205592159304 -0.11908125787652676 0.5511092202320325 -0.019212373024620723 0.004910326466270062 -0.009396471384558371 0.9997592108814386  738507.7106012902
0.004233282110993314 -0.12997230476976074 0.531389360884866 -0.019650033968712927 0.00640422208298581 -0.012349249034396208 0.9997101370661532  738507.7106025512
0.0038138248026029584 -0.138512987291921 0.5198518471840404 -0.017802773667276027 0.004089276255796801 -0.014096471633221244 0.9997337788416221  738507.71060363
0.004178134242291285 -0.14694219876382555 0.5111067082082471 -0.018349685897700772 0.002426612356651425 -0.016347390166672842 0.9996950352055696  738507.7106047048
0.005164510035690156 -0.1570617786845612 0.5031092436622951 -0.016836421640268207 0.0010029794695174074 -0.017796282279606352 0.9996993654472126  738507.7106059704
0.006195265015889781 -0.16639094652226194 0.4970618805626729 -0.016409403665616634 -0.00047051031908505655 -0.017830492747891634 0.9997062486649495  738507.7106070576
0.007080474535655723 -0.17666030179710654 0.49199422923951824 -0.01850546652027275 -0.002856929858873635 -0.017035793718418953 0.9996795323467577  738507.710608334
0.00736404475034386 -0.18490668642921174 0.48945246130421904 -0.017554655264992638 -0.002976310018698759 -0.0164308889317378 0.9997064576895124  738507.7106093906
0.007073640353509493 -0.1947848392529226 0.4876359412272055 -0.017544545007526956 -0.0018645008994694395 -0.01586432210712933 0.9997184783032451  738507.71061065
0.006445661093778457 -0.20280328749700516 0.486855033507259 -0.017847641720292084 -0.0016953054661425955 -0.014473894727167598 0.9997345117559099  738507.710611729
0.005683410982086279 -0.21163316528620746 0.48639220469456507 -0.0181264719998942 -0.0007385722024332828 -0.012575769650040149 0.9997563380852597  738507.71061282
0.004817798147896643 -0.22046512253279768 0.4862824798464163 -0.017179183588034407 0.0005447268546571961 -0.011501313447096645 0.999786126485507  738507.7106140794
0.004027682547899528 -0.2293647575200778 0.4863927494886307 -0.01735505469219967 -0.00034634765816006773 -0.010326442676134914 0.9997960025433124  738507.7106151694
0.0034696326336947185 -0.23753696120956863 0.4867407928563959 -0.017775735714136594 0.0005898790667056072 -0.009475435511255343 0.9997969250724769  738507.7106162639
0.0029697996971048894 -0.24743189739359855 0.4871042344845108 -0.01686593316779358 0.0005943012882592046 -0.009032469815759727 0.9998167840126438  738507.7106175177
0.0028028077956178967 -0.2563763255262124 0.4873390602129373 -0.01845502163941558 0.0006887927707675647 -0.007866236003548745 0.9997985097368091  738507.7106186075
0.002896897101743237 -0.265284921931874 0.48709499501125636 -0.015358453515185413 0.0002425338131271598 -0.008603055730174317 0.9998450112467806  738507.7106198674
0.00331234919672172 -0.2740998422132396 0.48731006498051066 -0.016869434205789815 0.00047232526666875544 -0.008075227573742752 0.9998249795829525  738507.7106209496
0.004057703938805715 -0.2838613226229587 0.4875265211750439 -0.019448849099777888 -0.0003524802701743216 -0.007269316601952049 0.9997843642818655  738507.7106222168
0.004733872683261305 -0.29176838321445714 0.48746399336067486 -0.014802094754544524 -0.0007193072598287296 -0.007105663560080511 0.9998649359455078  738507.7106232898
0.005525579867344523 -0.2994743203641837 0.48792788528372605 -0.01798713020530629 -0.0010723677310474473 -0.006427465743802561 0.9998169836817832  738507.7106243711
0.006492856343462165 -0.3086972083576169 0.48833898804398573 -0.018555356320814013 -0.0009811114328421235 -0.005940729539227921 0.9998097038460397  738507.7106256355
0.007414023634308959 -0.3169750889585491 0.48855891962253667 -0.018530311462189437 -0.0005181693542087215 -0.006458530976804213 0.9998073046518795  738507.7106267206
0.008257390212958467 -0.32515813408160166 0.4889632538312546 -0.01780975372538315 -0.0019178470916012605 -0.005962364049100217 0.999821776493051  738507.7106279692
0.009137914668143463 -0.33330969523821347 0.48960665390388564 -0.017045162987692365 -0.0016852108676153553 -0.005082981745040378 0.999840380150569  738507.7106290635
0.010010557895964858 -0.34230310991423674 0.4901103851176848 -0.017429367912827728 -0.0014828195782419019 -0.005305950937016331 0.9998329186743712  738507.7106303282
0.0108562949864794 -0.34969569529779443 0.4902138036077255 -0.017307314258187725 -0.0012395228537453171 -0.004232663163009106 0.999840489787652  738507.7106313972
0.01168279221961221 -0.35729650871538554 0.49049183641071853 -0.018995487486266373 -0.001071402929737605 -0.0038946529649151506 0.9998114098314763  738507.7106324831
0.012684727178577845 -0.36652669481689193 0.4905517795479368 -0.01771260000234873 -0.0012269584198669277 -0.00278646113084129 0.9998384839605641  738507.7106337465
0.013443243796099371 -0.3749537092554135 0.49072969598016924 -0.017107102237858912 -0.0016587029507250238 -0.002021826325539973 0.9998502427743138  738507.7106348375
0.01447244847844449 -0.3843531099327934 0.490864667709543 -0.01684812741623751 -0.0014220804176367416 -0.000392580995125289 0.9998569718564823  738507.7106361064
0.015241080696040663 -0.392102107780592 0.4909419510710472 -0.01801414294444306 -0.0025882962380178605 0.0005844192827170008 0.999834211172364  738507.7106372054
0.015867007130464367 -0.40074367074829553 0.49130190124777845 -0.01852737184225787 -0.002468418144690458 0.0006183460769072925 0.9998251152339648  738507.710638288
0.016440407865605525 -0.4092808761621354 0.4916829882269533 -0.018506607875657558 -0.002040161990193505 0.0018548740539506732 0.9998249359994151  738507.7106395363
0.01693399978632859 -0.41769462572720245 0.4922171939214173 -0.017947758905817 -0.0017329200401091252 0.00253216395627032 0.9998342178001771  738507.7106406034
0.017537286099928547 -0.4260349610801505 0.49263575717898633 -0.019836793569884843 -0.0014347661265604386 0.0026516705406338446 0.9997986855914404  738507.7106418575
0.018313340857567542 -0.43434126367023573 0.49273752709314805 -0.016399556806688215 -0.0015838898210447914 0.0025766212427734917 0.999860943757956  738507.7106429428
0.01932146628841668 -0.44366918436212094 0.49273622665233524 -0.01765248458336299 -0.00113580077584216 0.002719951474137267 0.9998398379783685  738507.7106441926
0.02031068066342861 -0.4514414156079417 0.4926820151115304 -0.018455794156429808 -0.0010687083268145052 0.0020133358913806696 0.9998270790507507  738507.710645271
0.021743132813142003 -0.46100158714695516 0.49307371277882245 -0.01669844914869367 -0.0012104205662642035 0.0021432941209102194 0.9998575413369609  738507.710646525
0.023091504329386097 -0.4689612560687169 0.493512704463231 -0.01709763845716601 -0.0014075364132503207 0.002032361278058454 0.9998507684190021  738507.7106476069
0.02446988307855792 -0.4771385041284458 0.4942166010253778 -0.017785644588881516 -0.002016143114424547 0.0014732185835312336 0.9998387048121838  738507.7106486849
0.02619574534881942 -0.48710331866955786 0.4953987324133512 -0.018881256744560985 -0.002489315654768222 8.815293244294675e-05 0.9998186303927215  738507.7106499479
0.027766054009843485 -0.49613887371815785 0.49636584436072856 -0.017863714483019613 -0.002278848158955842 -0.0012808384556302593 0.9998370137221307  738507.7106510341
0.029590493072319552 -0.5060788107932831 0.49720760931436164 -0.018838627225221498 -0.002788708199796674 -0.002423339560965264 0.9998157113469551  738507.7106522971
0.03111080707718855 -0.514104614592965 0.49753097494979037 -0.018602321210845044 -0.0041256443575151455 -0.0028027200678367465 0.9998145215310814  738507.7106533734
0.033002059032154925 -0.5237641629323482 0.4980615328674033 -0.01771343813083631 -0.0009049287211776649 -0.005416787774373728 0.9998280220236889  738507.7106546317
0.03461619541230962 -0.5316699836354345 0.49831338069833997 -0.01741738705822723 -0.0020240009136054493 -0.006838604469054679 0.9998228700811367  738507.7106557196
0.03661792978170334 -0.5403850452528369 0.49867934266817665 -0.018310973063881162 -0.001944787903227204 -0.0077735012660610295 0.9998002294176231  738507.7106568036
0.038755858162896104 -0.5497935609101717 0.4991346606281241 -0.020612777538621178 -0.003034338725500649 -0.009304053883561208 0.9997396364914087  738507.7106580795
0.040596907019143175 -0.5572016567042843 0.49931102680617756 -0.016942588333050977 -0.0033293092046964992 -0.009045508331247858 0.9998100035405856  738507.7106591591
0.042661764533093935 -0.5660279838540582 0.498808811417325 -0.019489659704274295 -0.00301474890473807 -0.00983318725608067 0.9997571569546476  738507.7106604062
0.04417153128453031 -0.5733273119032095 0.4979735705255142 -0.01741134328888668 -0.003670645288527472 -0.011233925015659604 0.9997785606907087  738507.7106614932
0.0458297398862016 -0.5814197084483028 0.49678781614295825 -0.01790562142765717 -0.0036572159303053073 -0.011834255905305723 0.9997629538446082  738507.7106625913
0.04727648422599045 -0.5894488885626202 0.4957837812711784 -0.02320006154686175 -0.007376783252999599 -0.012127365061830878 0.9996300651889765  738507.7106638424
0.043313679544840805 -0.5926032514867747 0.4949308296931478 -0.12098151851150693 -0.12015853553498325 -0.014606321532582832 0.9852472044558284  738507.7106649324
0.017358832773013477 -0.5765373897004274 0.4889120607604959 -0.1412508285604283 -0.13966051071977836 -0.023337576776321003 0.9797951330184758  738507.7106662091
-0.02719900352764469 -0.5413798073263135 0.47978992596460973 -0.15843766487021557 -0.1542949100781292 -0.027726324324109985 0.9748445199178839  738507.7106673036
-0.10135932786406886 -0.47801648714154316 0.46949804769715664 -0.11959447483089215 -0.11476913918906638 -0.023050630177452357 0.9858974970696225  738507.7106683815
-0.19577163835959985 -0.39597507636434337 0.4648264489874683 -0.061193098781176805 -0.07243248831251392 -0.011729349123773337 0.9954252165117917  738507.7106696236
-0.29990772726849824 -0.30875546300269796 0.46603308439780644 0.0009760754279600437 -0.024024132487404825 -0.0009016234116358303 0.9997104957987638  738507.7106707032
-0.4047513683946991 -0.22819742549434188 0.4645722865628877 0.045826563412452885 0.008783503339522289 0.006372122987596781 0.9988904705739864  738507.7106719513
-0.501708499614383 -0.16244932502502155 0.4566121516059675 0.07948502140293962 0.06950999269085667 0.011874329289727892 0.9943387212578069  738507.7106730328
-0.5910040735345036 -0.11150191420944404 0.44157658919615594 0.06939538527945985 0.07517443361301213 0.009108398077624067 0.9947110746932185  738507.7106742864
-0.6471506450585228 -0.08671845404750772 0.42732780838378615 0.06355789501731572 0.09702978163033293 0.007993936090357425 0.9932178574932697  738507.7106753578
-0.6946882766403014 -0.07298938463100085 0.40812660075508034 0.02392933090499938 0.05622636407592712 0.0055211139818854916 0.9981159754285267  738507.7106766003
-0.7216170533778558 -0.06980007807682097 0.388717065826514 0.005789273441109032 0.04900346953551806 0.006078457062043259 0.9987633336512962  738507.7106776669
-0.7433075547826727 -0.07103750445949002 0.36272533254437217 -0.01225822747537663 0.028760256682718227 0.00707834210305347 0.9994861082415194  738507.7106789153
-0.7546345130083503 -0.07347050711209718 0.3428095837317357 -0.023464293380297204 0.013485334895390982 0.009787946477647807 0.9995857986099409  738507.7106799857
-0.7624405869055403 -0.07516073971987512 0.32668110850331455 -0.025687560925532874 0.007912894722984398 0.009221774943269992 0.9995961655477155  738507.7106810829
-0.7694193386976065 -0.07615816299959308 0.3103476203359036 -0.02117064199556755 -0.0004978048544589834 0.009291232236545852 0.999732578798625  738507.7106823302
-0.7741662588703304 -0.07592712895978052 0.29328976201636175 -0.024693720562826087 0.0004750449558325859 0.0073186114031051 0.9996681611535827  738507.7106834122
-0.7792623194660366 -0.07399068117920983 0.2671409857386355 -0.02669959475653512 -0.00023342871032212703 0.005505547174422813 0.9996283139753417  738507.7106846867
-0.7832823103907046 -0.07139694869789723 0.24283641497458347 -0.022014501048843386 0.0041184028358575275 0.003662281214652291 0.9997424609357937  738507.7106857762
-0.7862895350309106 -0.06815221573143022 0.2243843457512702 -0.01880352914421545 0.0007148022679600383 0.0059054307793541035 0.9998055022036789  738507.7106868768
-0.7891846583821162 -0.06477989955643808 0.2065477698189245 -0.01631234967002644 0.0005669419218444367 0.007301604561995578 0.9998401234176993  738507.7106881284
-0.7909510625527321 -0.06264248206491248 0.1855764558021924 -0.012415923498468656 0.003555173734088217 0.006057432687563064 0.9998982513699263  738507.7106892221
-0.7919652571757413 -0.06131604640478558 0.15787482359887467 -0.011046200541103026 0.0021111441195052713 0.00657565603582471 0.9999151390352138  738507.7106904873
-0.7921235939034917 -0.061045771267008525 0.13683235576049033 -0.011927895471977177 -7.72934748071915e-05 0.008028648124430922 0.9998966247290879  738507.710691568
-0.7920458486715186 -0.061471709628928825 0.11916837979858866 -0.015612021625391695 -0.0009400673574428813 0.008565942993232304 0.9998409901953252  738507.7106926695
-0.7915123775240863 -0.061851485341555844 0.10063172715642837 -0.020757099021191557 -0.0009164087492301415 0.006781966385075354 0.9997611254530656  738507.7106939256
-0.790734631487902 -0.06210241410948854 0.07879187921276126 -0.017061365832435487 0.007175067083030968 0.0025072613292959466 0.999825555709051  738507.7106950013
-0.7895679234680855 -0.06212044940549607 0.054714502638658596 -0.019006215603448208 0.0027260248844737244 0.00660826372773948 0.9997938104465686  738507.7106962543
-0.7887970798470476 -0.06158717275939511 0.0362668493780568 -0.01434777828202409 -0.01083083892373071 0.012773044502879133 0.9997568121901974  738507.7106973237
-0.7896092810966944 -0.06078697004309364 0.02654723548170156 -0.013575413275144993 0.0007655544044137527 0.010289347201167141 0.9998546151391395  738507.7106986027
-0.790610267502355 -0.06009005516127045 0.025000822360960916 -0.011300517102620214 -0.0014455073235671127 0.009899317719027195 0.9998860996786028  738507.7106996889
-0.7916707459834729 -0.05974732116372921 0.0188948379042644 -0.01725115642857999 -0.006699462127450881 0.00600268624557716 0.9998107233706371  738507.7107007708
-0.7915003098318801 -0.059400261863671124 0.01645710550829167 -0.014286654392011312 0.004942823343649611 -0.00012788197134964456 0.9998857152944421  738507.7107020384
-0.7903862396850205 -0.05961721696418285 0.01374757499171199 -0.01318734962816041 0.004534840194737966 -0.0042729192815710425 0.9998936299402083  738507.7107031266
-0.7909251846045103 -0.05976690421650585 0.013895341884115323 -0.010303259506283212 -0.00042142977294447364 -0.0027525162875959223 0.9999430428252297  738507.710704406
-0.7908074286680034 -0.05958273662587838 0.014238699711534884 -0.01665894018840193 -0.00017916916172369668 -0.002332839205200429 0.9998584927235721  738507.7107054583
-0.7908489058302008 -0.059756249508465066 0.014011769317671284 -0.01631288128564306 0.004298817281892261 -0.004217230649962625 0.9998488010893359  738507.710706552
-0.7908140162879871 -0.05972933548252332 0.013979800823292254 -0.016512059334733202 0.004545324994369768 -0.004055108679683073 0.9998451120102643  738507.7107078376
-0.7908410940295981 -0.05974927628774608 0.01394538285487193 -0.015990762678790762 0.004349380740957672 -0.003892645479780482 0.9998551023559812  738507.7107089167
-0.7907948957042619 -0.05982473225418733 0.013798572551715653 -0.01633935080032899 0.0023945283851158844 -0.003056374111058901 0.9998589652678671  738507.7107101711
-0.7908455947203252 -0.05975275365055468 0.013876071991898534 -0.015874189937618955 0.003971776060025333 -0.0038467470860241676 0.9998587088312076  738507.7107112661
-0.790791167233869 -0.05970006450568807 0.013973460509535834 -0.017062798497222576 0.003300482261950113 -0.0031347621589757394 0.999844058336343  738507.7107123621
-0.7908079061723712 -0.05981913603262016 0.013777330261285027 -0.014151427403326406 0.0038644204777832313 -0.003997354288467199 0.9998844055767205  738507.710713623
-0.7907785269082263 -0.05977491196661143 0.013808960150830071 -0.015281550149043973 0.004111874841384182 -0.0037281395233143633 0.9998678251079118  738507.710714702
-0.790780059734261 -0.05985677786235901 0.013630695956305323 -0.013483211117270483 0.0005981067030567621 -0.002559187478423838 0.9999056434713174  738507.710715953
-0.7908145854164657 -0.05976888405318416 0.013761174004443244 -0.01505721785327383 0.004538672336182962 -0.004109572980083855 0.9998678873000499  738507.7107170165
-0.7908195229091594 -0.059853725207673354 0.013613814765150624 -0.013287946112295375 0.003634541839853723 -0.003876338076604662 0.9998975920547298  738507.710718283
-0.7907924364540154 -0.05978816019680036 0.013691650499090111 -0.015133858064745126 0.004959961575946144 -0.003863237669885441 0.9998657112412384  738507.7107193803
-0.790813623128863 -0.059846585872170455 0.013651305662826135 -0.013435710134010249 0.004117040889616434 -0.0040864794450676326 0.9998929104425399  738507.7107204638
-0.7908298178161954 -0.05983845184513098 0.01359150094433655 -0.013644085506339049 0.003595494004747664 -0.0036850761323447053 0.9998936601296442  738507.7107217369
-0.7908008740095014 -0.059809284004111805 0.013666322337121154 -0.01471538036869214 0.004096469302334485 -0.003523589896387302 0.9998771228676562  738507.7107228227
