-0.4111286046219399 -1.8241723044781772 -0.027571973666299564 -0.03710762230807702 0.02987676780278379 0.6743450924851225 0.7368779406072157  738532.5146105837
-0.41063990670852274 -1.8239365856985668 -0.027250675941744434 -0.036332311003048276 0.025827049891290404 0.6655996547129764 0.7449765273597935  738532.5146116873
-0.4106684231726013 -1.823112107827248 -0.02681490980499337 -0.03559616962697746 0.02358566617679194 0.6483743477200256 0.7601232362436475  738532.514612931
-0.41090600478442846 -1.820245609967352 -0.0222535430474445 -0.03931362277437197 0.011104074160176558 0.6325775188152971 0.7734189170759157  738532.5146140351
-0.4135113503338214 -1.8165035061274684 -0.010244811568247086 -0.024189290247472864 0.011216141926830082 0.6143826736480029 0.7885575481337633  738532.5146152811
-0.41536247948174226 -1.814710212112313 0.006239302776054066 -0.031953002356230165 0.009712889376715633 0.6010139418409105 0.7985404855943304  738532.514616378
-0.4171662662017804 -1.8132117989829903 0.025145855111857674 -0.015312287387927 0.024940281753591996 0.5946900864563779 0.8034221911744204  738532.5146174397
-0.41403687779278736 -1.8125686287960703 0.053062803075092535 -0.022849233822555794 0.022466129441229176 0.5887315634335363 0.8076932163629679  738532.5146187325
-0.40783386051018916 -1.8123637419207328 0.08142488302958227 -0.023811014960109754 0.022804308674312008 0.5853937319963828 0.8100785008946992  738532.5146198175
-0.3981398720714711 -1.8123165657499918 0.12036367524052485 -0.036618324100863714 0.017771890671148347 0.5838529152895546 0.8108384743892615  738532.5146210873
-0.39019845980888 -1.8112784640078832 0.15596047637846566 -0.028001243754319578 0.011767682487070243 0.5857389599170251 0.8099304432063389  738532.5146221783
-0.3813728636941799 -1.8105525110983212 0.2019141706542815 -0.03676653537375113 0.007437358264129481 0.5859877072816154 0.8094512428142275  738532.5146232548
-0.37336435591624195 -1.8097947612601843 0.2587943046912467 -0.03395340265165728 0.00215207515583862 0.5978988273510255 0.8008492537757445  738532.5146245371
-0.36896076460597504 -1.810140157920999 0.30481370031084165 -0.03224283922159915 0.007735208080067485 0.6132805189213704 0.7891689115686342  738532.5146255951
-0.36399810588486425 -1.8111878477516834 0.35720518848807326 -0.03439452148870107 0.005846409217382911 0.6306138616235364 0.7753121912617379  738532.5146268719
-0.36080673704460403 -1.812375156132034 0.39447703587197946 -0.030015614792753997 0.013673270341077954 0.643747241253486 0.7645270393683398  738532.5146279456
-0.3564040236289705 -1.814041290226196 0.4318077441094928 -0.03303915056998234 0.010461422281598364 0.6539403972506685 0.755751897130995  738532.5146291876
-0.35261326300418583 -1.815556787770524 0.45626227594565394 -0.037497558571379964 0.011524659149305776 0.6579928003791966 0.7520017220604093  738532.5146302696
-0.34921782864441026 -1.8160499973711655 0.4748478490524501 -0.03569736075535358 0.009302487647817029 0.6629725020797794 0.7477343269134707  738532.514631337
-0.345696490763487 -1.8162206496895512 0.4916698410113758 -0.0406413553772317 0.009717493074087955 0.665201131904815 0.7454940004279107  738532.5146326033
-0.3432628057941063 -1.8152605230904821 0.5025632867426951 -0.041026048875270664 0.005085998754298886 0.6666288405827845 0.7442425577952444  738532.5146336742
-0.34175328777732844 -1.813772676858402 0.5103394427567982 -0.038556690266117015 0.005307631021030525 0.6667493618493316 0.7442650731843974  738532.5146349302
-0.3408802585218405 -1.8121052406511382 0.5161686146792855 -0.03865807076204594 0.004556969993472919 0.6649344162551692 0.7458867271032731  738532.5146360386
-0.34118409237705405 -1.8107332154161282 0.521259578554581 -0.045601647036531516 0.028848149639314053 0.6620132189316631 0.7475471704245034  738532.5146372991
-0.33889622228957855 -1.805351358247333 0.5257058379349023 -0.058971893439914505 0.0629079560412136 0.6589511514510175 0.7472270637846345  738532.5146384233
-0.33221197656993023 -1.791270594327989 0.5287629605252976 -0.05933406656179821 0.05417957918076919 0.6594666390222083 0.7474274505005737  738532.5146394687
-0.3202421744185248 -1.7646720543733783 0.5325515430935355 -0.049176236359967214 0.049647779591941235 0.6630361556139333 0.7453186245544619  738532.5146407083
-0.3067172691347596 -1.7369116690687432 0.5346395880853101 -0.04562818442516717 0.026415634782365652 0.6658799567146821 0.744193634930292  738532.5146417673
-0.28983813591663926 -1.7006909968275845 0.5373226441953048 -0.038156229055618135 0.012832923914029841 0.6702658317966795 0.7410284292616427  738532.5146430739
-0.2749800720266998 -1.6683383234391194 0.5398631822619715 -0.03835849629346746 0.012271623405455607 0.6734537298065008 0.7381314969778836  738532.5146441523
-0.260573833461769 -1.636689947442558 0.5426653040513224 -0.037450957090691676 0.00635982005261219 0.6770256995296589 0.7349783538841573  738532.514645415
-0.24777567667954917 -1.6065942298927725 0.5454697480273668 -0.03757917239335353 0.007109818559302793 0.6783084293661213 0.7337812555068097  738532.514646492
-0.23744899248145646 -1.5805727749507557 0.5479479859671222 -0.04117620602309914 0.015032473994231183 0.6794028553976019 0.7324549848698835  738532.5146475593
-0.22541212917965578 -1.5485371183162993 0.5502700512940235 -0.03821169803231377 0.012009785933681932 0.679228026721147 0.7328334864700242  738532.5146488451
-0.21517158275595297 -1.519995086854341 0.5518290074059438 -0.04108875391451769 0.01946427968525711 0.6792059571127237 0.7325381382158033  738532.5146498911
-0.20473519249026603 -1.490269077431444 0.5527145307032412 -0.03940263120708878 0.016720368358647104 0.6789761851321556 0.73291145574298  738532.5146511613
-0.19416906150038765 -1.4604282275524196 0.5531587187288164 -0.03901649051106591 0.020418845234337905 0.6786301317235407 0.7331588699213738  738532.5146522557
-0.1829182002453449 -1.4294800113140924 0.5532657085676835 -0.03732039343125165 0.016109671076113566 0.6778642884606207 0.7340624450016038  738532.5146534955
-0.17151046876896742 -1.3986435433388618 0.5533460275682063 -0.03604845767290966 0.015008097601437304 0.6779623896746191 0.7340587605174875  738532.514654617
-0.1610269174704099 -1.371319796338608 0.5534062543722771 -0.03772816914587186 0.016473717243361934 0.6787135857199675 0.7332483006814476  738532.5146557066
-0.14826238464948258 -1.3381769231697567 0.5538707416074656 -0.03498292725806592 0.011402835192558011 0.6782930298241562 0.7338696994984836  738532.5146569177
-0.1380808998230887 -1.3122177040240732 0.5545369205117674 -0.038827581125319914 0.0203286548792574 0.6779079016292587 0.7338392478216003  738532.5146579759
-0.12519366848375701 -1.2800104763319267 0.5553276739673833 -0.03476656849993344 0.012985438051416652 0.6780761682025234 0.7340540676470199  738532.5146592583
-0.11383003291027848 -1.2520425853144719 0.5556045252086381 -0.040021800972027254 0.024165799647331666 0.678499735565565 0.7331114365577848  738532.5146603419
-0.1006217416179958 -1.2204292011958953 0.5556436162447789 -0.03777223301248381 0.015853700532353982 0.6817767325129668 0.7304124900332851  738532.5146615994
-0.09028042566708662 -1.1948454871677214 0.5554735714252663 -0.0382409595398891 0.016395985158745078 0.6840380465502903 0.7282587119669806  738532.514662664
-0.07883378644775403 -1.1668023575783901 0.5553227562094076 -0.040742741916809516 0.014832571796863515 0.6867387346420601 0.7256100427483162  738532.5146639481
-0.06829395300211125 -1.1387032956098122 0.5547198168968686 -0.041601770587945605 0.02084954726351853 0.6877305049443965 0.7244731476264527  738532.5146650107
-0.056321562873123676 -1.1065661291287197 0.5534298145761083 -0.04236832028572412 0.01163872111654789 0.6875654148148663 0.7247918776844828  738532.5146663735
-0.047340994021997755 -1.0806985261500572 0.5522418321201655 -0.03574424004815559 0.014516943596397153 0.6862412101482972 0.7263501973195847  738532.5146673619
-0.03694905037713845 -1.0528688271292619 0.5506583630321833 -0.03989640434093742 0.017549088785281674 0.6844641471095018 0.7277424941042905  738532.5146684329
-0.026565847812273186 -1.0253146074900263 0.5496299558288672 -0.03514837692559315 0.012285271906235962 0.6844145224987616 0.7281417616690301  738532.5146696946
-0.016113424946348046 -0.9993253341929809 0.5496465596498581 -0.04087577579331872 0.0175153621820091 0.6826798588302898 0.7293631423292399  738532.5146708124
-0.004567301592919266 -0.9741276235222154 0.5492780832014662 -0.08860011752264539 0.017112311023034198 0.6783431646509256 0.7291829255802631  738532.5146719635
0.0011610638465111122 -0.9423375483055709 0.5451799321130334 -0.21640124155811022 0.025312688531984227 0.6658499675081065 0.7135640063938516  738532.5146730335
-0.01794192469105555 -0.8768203638261538 0.5325154582154312 -0.21767552050956104 -0.004153278862174187 0.6777674981931883 0.7023043047273249  738532.5146742977
-0.057693282596240965 -0.8036108434446205 0.5205329143774123 -0.20134877107770846 -0.004506459020836738 0.6800272027036205 0.7049832393721706  738532.5146753856
-0.1320454948034612 -0.6939535804364421 0.509240272094143 -0.11535598326205049 -0.007468940773685869 0.6842968361237248 0.719982674875184  738532.5146766411
-0.20308555561516223 -0.5997295193157678 0.506441362874188 -0.04677001519561292 0.025580563916901194 0.6776416256597032 0.7334575840507549  738532.5146777302
-0.27631096086914647 -0.4974658845436315 0.5091768446974304 -0.0034595068471085333 0.04757389445157426 0.6682379834460827 0.7424168329577382  738532.5146788183
-0.3355484971596885 -0.40016524005363757 0.5139560447161124 -0.00245908009655045 0.07098572573254676 0.6653115786762295 0.7431793073993959  738532.5146800616
-0.3778929190389775 -0.3044307569101718 0.5200617346652255 0.008818118188394095 0.07280025900831216 0.6647652943862892 0.743444326402084  738532.5146811374
-0.40514728763107255 -0.20184076133371795 0.5257558596922841 -0.030905487938835165 0.06985434580390727 0.6701120776608972 0.7383190533641716  738532.5146824076
-0.41788057540226037 -0.11496249014558434 0.5301461177273346 -0.023467267388383693 0.051853834105307105 0.6752762364321064 0.7353655361519136  738532.5146834928
-0.42455209981235587 -0.009459556350568884 0.5361216333329519 -0.06477347846566153 0.04444870262898694 0.6804910043673145 0.7285332540778231  738532.5146847357
-0.4284249336020624 0.08124419668259798 0.5418741588185021 -0.054180645560885185 0.02143333757825277 0.6862393049191354 0.7250384031697662  738532.5146858082
-0.43384685425128255 0.1912227825771822 0.5493851717750046 -0.03583927990374513 -0.004520962884505273 0.6907560160407147 0.7221850408407378  738532.5146870554
-0.4397378074470642 0.2757823975796498 0.5548499251350513 -0.009030678919504763 -0.02737063511399019 0.6927246968359082 0.7206259706430991  738532.5146881456
-0.4469918140913282 0.35666185312564896 0.5586371096552544 0.00844069554318631 -0.033917454001410836 0.6939443368443923 0.7191798233643699  738532.5146892415
-0.4533814805403388 0.422205284146183 0.5595183949864275 0.022187717979179313 -0.04156214557613839 0.6949228784276256 0.7175391879638685  738532.5146904903
-0.4586951644780045 0.4699878620640573 0.5581015340514037 0.032741361109038275 -0.04444871668046456 0.6944260238332222 0.7174432467320105  738532.5146915707
-0.4619133949111299 0.5009322559081848 0.5538562597388458 0.01271383698810291 -0.027351290815899536 0.6955195528774953 0.7178738167706308  738532.5146928193
-0.4629824957361104 0.5148855740634253 0.5506705587748363 0.00738949929218999 -0.02369777347324258 0.6952997513581968 0.7182910737255833  738532.514693903
-0.4626501728237749 0.51941801597455 0.5481397608515018 -0.019553256302720794 -0.00041617354237650876 0.6940899973456078 0.7196225208762694  738532.5146949951
-0.46078368835262723 0.5214050224727366 0.5464752572722489 -0.029372904692970096 0.001863839849538461 0.6946438782440263 0.7187514459039449  738532.5146962476
-0.45935937478595207 0.5211906984781149 0.545698806082737 -0.037861907485779604 0.020093127811012038 0.6944095664593747 0.7183022317840952  738532.514697322
-0.45564537827213347 0.5234392084851057 0.5447179309640444 -0.03762650007671078 0.02074843817451927 0.694032705070339 0.718660109577569  738532.5146985792
-0.4502414716762245 0.5275819412250936 0.5437096144269238 -0.03599229879762186 0.02151894733662532 0.6935899996727537 0.7191483864173901  738532.5146996678
-0.44213730045065897 0.5341926601481829 0.5424995965536112 -0.03473274768588374 0.013331944581696002 0.6927333374809821 0.7202335861609893  738532.5147009238
-0.4347402795247015 0.5399205730152165 0.5412027989110316 -0.03298235549185819 0.011899077722339972 0.6918392951550882 0.7211996712803446  738532.5147019989
-0.42670172654390814 0.5452923989774945 0.5395732901943696 -0.0340061656285852 0.009111480554863565 0.6898019397073692 0.7231416497459474  738532.5147030986
-0.41671676264372015 0.5515311288793521 0.5375472136622489 -0.030981866716884125 0.0064943802590772745 0.6866375143564996 0.7263104507289674  738532.5147043554
-0.40733045390812384 0.5561648284683035 0.5352928286970258 -0.03169089678242416 0.004946738017176856 0.6821585886911322 0.7305004289656769  738532.5147054392
-0.39818449763678193 0.5597291691257908 0.5333094181954928 -0.033698884880723465 0.007292096942638054 0.6742130560949815 0.7377316351296318  738532.5147066925
-0.38938056310654756 0.5625846881261809 0.5316635215470683 -0.033492382037054375 0.011650430697211563 0.6665025271424185 0.7446589213343402  738532.5147077747
-0.3791553914008388 0.565651946368449 0.5303111144176487 -0.03371054943661878 0.008433932436638118 0.6540246723344665 0.755674662548725  738532.5147090256
-0.3713073971804873 0.5674104622462999 0.529284288484117 -0.03333243465127042 0.010217593100288727 0.6418173382552688 0.7660646538683126  738532.5147101043
-0.36357796735436393 0.5692218776648222 0.5285685654382832 -0.0315443087639129 0.008103129589059128 0.6293438485506568 0.7764442131711189  738532.5147112055
-0.35467347655620735 0.570338783168501 0.527806037488396 -0.031788447726878215 0.009358618988796518 0.6096998335694924 0.7919394066385832  738532.5147124729
-0.3469925500842955 0.5709254088606485 0.5271634446704935 -0.028425701973993276 0.010089967295765747 0.5901858921732182 0.8067036535847341  738532.514713556
-0.33970961272429184 0.5708000088309869 0.5266515128099155 -0.028487952892044296 0.011236108707788265 0.5701821477858021 0.8209473215423126  738532.5147147989
-0.33296284582830077 0.5701854798899131 0.5257658148003039 -0.02626986088920799 0.009431518503009335 0.5497849632025315 0.8348397661252009  738532.5147158788
-0.3257599982975981 0.5684537013684029 0.5247025125710608 -0.029364617694825984 0.01034397257269699 0.5279281792334303 0.8487181858722761  738532.5147171293
-0.3202689332576279 0.5666289282569064 0.5239459964577994 -0.028360573489452267 0.011528070937553833 0.5130849222296422 0.8577917253228841  738532.5147181909
-0.313563988598068 0.5640440660293964 0.5228660669950359 -0.027668125824924568 0.015136385139822003 0.498297786930223 0.8664321555659609  738532.5147194536
-0.3078656485166108 0.5616411316859153 0.521696479802888 -0.028041570143526866 0.014737803874864496 0.4924933760452433 0.8697394679054127  738532.5147205341
-0.3022724987304171 0.5591106088918751 0.5206147319390095 -0.02824501353228948 0.013371578451079363 0.49164317829403276 0.8702358331723817  738532.5147216197
-0.29531214383555077 0.5559666859332167 0.519434613815772 -0.030384188933466862 0.014832511095129425 0.49649004260686913 0.8673836724712413  738532.5147228705
-0.2891726652433206 0.553205409129452 0.5185979928543234 -0.02981004067578774 0.01604331796402734 0.5071613556797879 0.8611860035605855  738532.5147239807
-0.2822095508799967 0.5503675183373095 0.5178398272429591 -0.031392218313723366 0.014128673974464247 0.5252458774026729 0.8502538900073101  738532.5147252361
-0.2766573921640304 0.5481455235158815 0.5171866000618891 -0.030956779780356342 0.014767970146917353 0.5428060880717757 0.83915739619906  738532.5147263069
-0.2697661870668331 0.5456161307336981 0.5166214108120742 -0.03383920111644123 0.016510450754002717 0.5643407924028865 0.8246828381346267  738532.5147275676
-0.2638723805408948 0.5440805308252301 0.5161230796575397 -0.03205542979730357 0.014170522799286033 0.5811818152631932 0.8130186611090084  738532.5147286385
-0.25669367530065573 0.5425315052927674 0.5158649287675046 -0.03209688724210145 0.011474124343160738 0.5960669903229222 0.8022108683801902  738532.5147298815
-0.25097327769236516 0.5414002769435317 0.5156874438221294 -0.03217895376545167 0.012862995284510589 0.6003764953307694 0.7989662834821094  738532.5147309279
-0.24367868177020613 0.5402815204557724 0.5156083943454728 -0.032815432242558056 0.01248560991668676 0.5978385856750917 0.8008472278966497  738532.5147321956
-0.23780568475248526 0.5396652048714667 0.5157289719316368 -0.032447394936846216 0.012077348885802192 0.5879835430502177 0.8081315841543478  738532.5147332989
-0.23135331109113808 0.5392098387519296 0.51581413427006 -0.030528728035615658 0.011469716310465781 0.5722399737120855 0.8194375234624521  738532.5147343676
-0.22427490010254542 0.5386672812792214 0.5158577839176247 -0.029814319484531573 0.01225270350244985 0.5522903145879474 0.8330284425053573  738532.514735657
-0.21858739170498356 0.5380442249930184 0.5156029227477271 -0.0299283771793418 0.012052167248047757 0.5387464053816688 0.8418499558664637  738532.5147367378
-0.21299962449397652 0.5371911236346992 0.5151801695781619 -0.03005714835693116 0.012312258968834196 0.5297871685211313 0.8475084260242468  738532.5147378161
-0.20656360787684072 0.5360457607017491 0.514222134216834 -0.02897150319116121 0.012066212654337808 0.5292602292980306 0.8478789230771224  738532.5147390547
-0.20004061748636556 0.5342567330804745 0.5126526141098385 -0.030132639702824936 0.012701767389890786 0.5400513703815546 0.8409965555688785  738532.514740298
-0.19477241236033527 0.5327585714404357 0.5111823655255276 -0.02920228583791238 0.013060809331199994 0.5544905156627392 0.8315749574160616  738532.5147413992
-0.18920720415155798 0.5309324175626307 0.5097252938375904 -0.033688884600816434 0.01480853194832717 0.56757420630155 0.8224994144539276  738532.5147424648
-0.18236562038667725 0.5294380558797153 0.5081543207992099 -0.0313738443210465 0.014946671319794751 0.5812967020078567 0.8129492131392747  738532.5147437219
-0.17584876413276002 0.527869246465312 0.507174380530961 -0.03407113317545088 0.014372963194279807 0.5860449403639579 0.8094343109153217  738532.5147447953
-0.1689755254706972 0.5272258750583346 0.507548698483265 -0.03192279181300462 0.01102201115277577 0.5810294779818278 0.8131815273044368  738532.5147460646
-0.16384211021956502 0.5264442831309494 0.5084989723464891 -0.03250478388630756 0.013803670254337758 0.568782710520831 0.8217293507746882  738532.5147471459
-0.15881447509045665 0.5258253536695413 0.5093667587936801 -0.031672825559763695 0.014735479059084962 0.5569774727601178 0.8297926202465965  738532.5147482463
-0.15294600057190066 0.5250876567559981 0.5102820918833291 -0.02976590642062229 0.014252253229237788 0.5465331657184389 0.8367869279945941  738532.5147494797
-0.14781137975353584 0.5243773780333437 0.510222076954324 -0.025107684384318613 0.0159585360935492 0.545760821458531 0.8374127148972111  738532.5147505664
-0.14210108528273127 0.5230363105109458 0.5094130872981528 -0.02962676922843744 0.013553933268856845 0.5545716544540052 0.8314979407756676  738532.5147518372
-0.13637609452865354 0.5219474977016355 0.5081743651425624 -0.029337538604694194 0.012863735610264337 0.5662424064560689 0.8236160332737625  738532.5147529048
-0.1301510445420545 0.5206087082053819 0.5073185694478662 -0.03203777116748795 0.01511023106492113 0.5768321512596536 0.8160943152656711  738532.5147541651
-0.12474136285231055 0.5199009530884023 0.5067843812265447 -0.03202923026280702 0.013553934182044727 0.5789358067319256 0.8146310520478675  738532.5147552337
-0.11851337806230547 0.5191257751373379 0.5067018997307201 -0.03165939947126729 0.01605445847984359 0.570901481761902 0.8202508365799467  738532.5147565048
-0.1133435364657775 0.5189259964481283 0.5070476117528722 -0.0302921709270165 0.01514168550446915 0.5610069093392992 0.8271181060853279  738532.5147575904
-0.10802487201916257 0.5185551586024947 0.5071738443984223 -0.030430211214613968 0.012871856872183755 0.5525862769948012 0.8328005307533857  738532.5147586582
-0.10155417995086449 0.5181378063853547 0.5073461235608658 -0.02979997284044725 0.012317279912407613 0.5498601226784344 0.8346341064935731  738532.5147599546
-0.09662834442784014 0.5173548604227778 0.5067974723771791 -0.0302629381557322 0.01377760534530944 0.5566858230547479 0.8300573634243535  738532.5147610626
-0.09183248249428258 0.51661038374627 0.5060961594120327 -0.03183754185525499 0.015436569121726496 0.5667651431128178 0.8231192840741082  738532.5147621335
-0.085627488742308 0.5159992664661205 0.5051765996342322 -0.030761680991956045 0.012965718858277258 0.5762942787782847 0.8165601713067163  738532.5147634035
-0.07997318136848569 0.5154343369991748 0.5046485607626877 -0.03065696910159169 0.013310697011845935 0.5753105250401355 0.8172519656560066  738532.5147645046
-0.07384653615003914 0.5149338660748028 0.5046981519488745 -0.02926911642546252 0.01217229635563101 0.5651045750834566 0.8244100758996397  738532.5147657599
-0.0689034821192745 0.5144036585030114 0.5052386317520959 -0.030800686915251462 0.012551880074192731 0.5565261492985412 0.8301640880808382  738532.514766843
-0.06364225827764766 0.513996834239967 0.5057856715674395 -0.029173997595669236 0.012264785857749984 0.5542576835568929 0.8317432735587938  738532.5147679363
-0.058461692346329086 0.5135791431409343 0.5058368166421698 -0.031582157029629056 0.012004006292616172 0.5603775067465709 0.8275478965732315  738532.5147691737
-0.053779093083622956 0.5136096507425137 0.505341651608996 -0.02814785442952309 0.014699021459022238 0.5696847594672473 0.8212496038902584  738532.51477026
-0.048555091796133765 0.5135942080921102 0.5044595176861162 -0.028552505807358682 0.01191270454499648 0.5738102527934423 0.8184037119122017  738532.5147715096
-0.043417880460209266 0.5133895177748896 0.5038723836066967 -0.03021137251307193 0.014356781270809358 0.5678346410565784 0.8224627506571743  738532.5147725986
-0.037765408288054886 0.5134684041720685 0.5033223293250246 -0.029964186973590524 0.012280211603211567 0.5576078217589875 0.8294726403053867  738532.5147738698
-0.033356875601521285 0.5132946212431768 0.5034081727231373 -0.030195920514792956 0.0137014538689837 0.5525129828416767 0.8328444514658986  738532.5147749373
-0.028809716392086973 0.5130716107744717 0.5037606114034442 -0.03338735809734735 0.014446539463938387 0.5546359184386598 0.8312975278409654  738532.5147760132
-0.02349919070475909 0.513446189880759 0.5038530439433373 -0.03176846721355266 0.013743231784688694 0.5630201198113987 0.8257180104361126  738532.514777271
-0.01874173066947409 0.5140181500475082 0.5033414476270711 -0.02599930220613763 0.012169636065735389 0.5667319736820691 0.8234019712444512  738532.5147783604
-0.013706059616780068 0.5139005087219994 0.5030707282897944 -0.02788761462476506 0.01184003041882088 0.5602075447920553 0.8277980438417812  738532.5147796113
-0.008826403754545685 0.5135739808188585 0.5032575959648237 -0.028736257927335918 0.012122023704892725 0.550449060688726 0.8342859914972388  738532.5147806985
-0.0035393405071550586 0.512980932290798 0.503243305518015 -0.02798195729620896 0.012345834807915549 0.548253625199967 0.8357526864353251  738532.514781944
0.0009785574248541646 0.5120993892003042 0.5030348668030307 -0.02951528711185766 0.012474710469610916 0.5540421016185855 0.8318717323358602  738532.5147829946
0.006683185781680665 0.5111473002799888 0.5024160235091809 -0.030570759744318443 0.013883209211826916 0.5592910203861973 0.8282911563369503  738532.5147842704
0.011385381689333255 0.5106437567918074 0.5016434613142848 -0.028378451416757294 0.012869679208691098 0.5590327538240593 0.8285598439486077  738532.514785356
0.016041075432843607 0.5099566786878422 0.5011523580148062 -0.02730413228637205 0.013369779095015513 0.5522029742652269 0.833155212778313  738532.5147864466
0.0221158033731494 0.5089233755607706 0.5011410024883973 -0.029575898764884687 0.01260891745753882 0.5474350984299226 0.836230287911063  738532.5147877127
0.027412128115598556 0.5079520429365916 0.5009428777404635 -0.030110400804578687 0.013777018760471259 0.5507186057860535 0.834033917031272  738532.5147887819
0.03332523401560342 0.5067499612420902 0.5003664559749721 -0.03149036920862084 0.013815408368097448 0.5577873914418674 0.8292711963448414  738532.5147900619
0.03815448796472487 0.5059361058340323 0.5001854038351513 -0.030699413220658604 0.012438407631217044 0.5583478152676667 0.8289454440609048  738532.5147911495
0.043415796096745396 0.5050378355549988 0.5000301995256536 -0.029267635458825256 0.01242627244785419 0.5515847377947827 0.833512609562424  738532.5147922534
0.04847503972660517 0.5040161123171603 0.49995519490277757 -0.02807567448667707 0.012147232066811143 0.5471822854038978 0.8364542711920363  738532.5147935002
0.05332749713440359 0.5026734355376512 0.500197813054501 -0.03106296917209099 0.013911299061679164 0.5500848810160954 0.834414879650488  738532.5147945932
0.058796571499247344 0.5016227458737269 0.5003403649523539 -0.030376675001683624 0.011954098948211946 0.5560528602938797 0.8305056132821581  738532.5147958469
0.06303363850307932 0.5006495840399232 0.5004036284638173 -0.0304662694514697 0.015022684422090768 0.5539336352257915 0.8318675694748562  738532.5147969323
0.06745448548494347 0.5000702597615244 0.50083262782613 -0.028859233570993594 0.011732316216094437 0.5495582754688109 0.834874361360826  738532.5147980001
0.07296109951409888 0.49889268699420647 0.5014096057998194 -0.030551509110109207 0.012833351941653836 0.5459602650417326 0.837155480997764  738532.5147992645
0.07760068518822581 0.4980628777748651 0.5017003605660969 -0.027808885886761458 0.014237983568254946 0.5520220345978041 0.8332440332868565  738532.5148003442
0.0825900948094185 0.497145106125189 0.5014087737471564 -0.028483398309749816 0.014793201253135064 0.5550819736215958 0.8311761905743971  738532.5148015899
0.08744877400529107 0.49626216127119965 0.501584213646822 -0.028035583565373154 0.01636665203551931 0.5500232559417932 0.8345181583875128  738532.5148026795
0.0933191043273013 0.4952372965118804 0.5017098179428673 -0.031058353266422457 0.011397508312723813 0.5470118125193014 0.836470891580208  738532.5148039256
0.09767058452512958 0.4945654574872103 0.501799766423869 -0.02890568858056862 0.012435703888213549 0.5506147672213026 0.8341661660330744  738532.5148050003
0.10319408109089667 0.4933524551560299 0.5016678647945259 -0.03153927379082413 0.015573342188859803 0.5560429710990469 0.8304089110270679  738532.5148062622
0.1079212114814547 0.49280838485999595 0.5014320897180915 -0.02827974734133483 0.0121404382035189 0.5552406583102109 0.8311201339215533  738532.5148073584
0.1124899621158185 0.4921612214347591 0.5014252693641541 -0.02677225185893668 0.013449564708816024 0.5495496163944468 0.8349236940345277  738532.5148084458
0.11845544372911725 0.4908001973207274 0.5014734604874973 -0.031546370549712696 0.013413555801677742 0.5488006507557897 0.8352501114970996  738532.5148096848
0.12388834346425534 0.49015100374871695 0.5015448538354658 -0.02872550574697406 0.012023070237174076 0.5546546356396262 0.8314977608298931  738532.5148107718
0.12932196396912404 0.4892766953576267 0.5015328358405896 -0.029468075399775025 0.010869993126717133 0.5542600571721751 0.8317507227560164  738532.5148120128
0.13462712992285694 0.48833823961772704 0.5017444710291211 -0.030454324013077568 0.0120507080198988 0.5487752961612513 0.8353280726207258  738532.5148131017
0.13916461327266466 0.4876158796806655 0.5017787663408145 -0.029109135412436146 0.011076583078442576 0.5490062924852771 0.8352377256532522  738532.5148141994
0.14457009217732023 0.48680239101637124 0.5019629622937474 -0.028824601286567768 0.012180443965988054 0.5552053529108301 0.8311244162245642  738532.5148154486
0.14958854336098826 0.48590598616394226 0.5020775680215405 -0.03115531279444241 0.010514736684908377 0.555576660039735 0.8308148780662393  738532.5148165404
0.15477875773893768 0.4849569547334323 0.5017712313979961 -0.028600799880632997 0.01224913340419342 0.5493532813142056 0.8350107336354124  738532.5148178159
0.15903807470776044 0.48386859160423107 0.501782515291331 -0.033052321956082154 0.01273035141498999 0.5497184347849098 0.8345987806268298  738532.5148189222
0.16421854801326388 0.48317274587071013 0.5015849915569162 -0.03145265550620336 0.013206834257851097 0.5545330955790696 0.8314621794754036  738532.5148201629
0.16831704759052268 0.48282419911171937 0.5011120549301652 -0.030586566177801228 0.015353393711474806 0.5533672902674915 0.8322339679038613  738532.5148212551
0.17320757279739524 0.4825004599883498 0.5009879782654899 -0.030502363519919872 0.010454985490789718 0.5493447729324229 0.8349734244572763  738532.5148223309
0.1779132845849211 0.48197204136525146 0.5011371691509546 -0.030961111397579892 0.013609783683992824 0.5510227246622785 0.8338046175662859  738532.5148235951
0.18258932115546392 0.4816232263059968 0.5008002884049294 -0.028872515490528095 0.013895288783386613 0.5548760725077768 0.8313157300070894  738532.5148246589
0.18758557518732724 0.4810829988998644 0.5001343171179827 -0.028602013604543716 0.010919865908718778 0.5525438048066519 0.8329213799129482  738532.5148258937
0.19257707190210463 0.4804278450302545 0.4999806927344811 -0.030054576915791657 0.009386305471066739 0.5501006189104699 0.8345046007963854  738532.5148270003
0.19772035284765296 0.4795923771111086 0.49959060420676976 -0.0304548659579466 0.011238763557949345 0.5557277143910028 0.8307303405985147  738532.5148282442
0.20191796861011477 0.4789264771133233 0.49938528580416824 -0.02778256427040744 0.012086757159033979 0.5559167646287125 0.8306856145550396  738532.5148293292
0.20623987380103742 0.4780577753151063 0.4997118454543978 -0.02963217982872929 0.012358410302732306 0.5514777427979027 0.833571534309994  738532.5148304143
0.2113844402531907 0.47703916689450493 0.5001845805274103 -0.028814004011848474 0.01245319413506977 0.5545558629657734 0.8315542471654666  738532.5148316862
0.21639165491611442 0.4760580799958763 0.5010292849611137 -0.029839546440151746 0.014088509736379137 0.5584353940557331 0.8288914440549331  738532.514832772
0.2222479199906438 0.4751518881802846 0.501860884052521 -0.032396027418126604 0.00944811715678937 0.5552157292713789 0.8310214945832427  738532.5148340251
0.22666805752062372 0.47453920458715465 0.5022164635759685 -0.031069143743653008 0.011079305325570908 0.554115834292937 0.8317857894232034  738532.51483512
0.23234217899513826 0.4736346770446896 0.5023610625681955 -0.032918943691979785 0.011091399367277478 0.5596766696036368 0.8279826987973006  738532.514836359
0.23688816551360023 0.4731855417035992 0.502470356812339 -0.03145183347559355 0.010508272075475734 0.5593657880461484 0.828257371565459  738532.5148374463
0.2418435902771866 0.4726997584340507 0.5027190108114292 -0.03035700304198985 0.008179296066818944 0.5562410186824783 0.8304260837770204  738532.5148385285
0.24674861969561981 0.471913934578872 0.5031353588195905 -0.032592623927599575 0.010493896429856726 0.5580150269742498 0.8291241334529835  738532.5148397788
0.2518243683030112 0.4715556749958521 0.5032474131583078 -0.032748278960639886 0.010434669691304816 0.5587345790325028 0.8286340193878847  738532.5148408614
0.25705378505497517 0.4714089666284655 0.5028441626328943 -0.030129811707769183 0.011311127515049159 0.5561222897584731 0.8304771229086239  738532.514842123
0.26174790266974846 0.4712399477542641 0.5025972598617535 -0.03271350507330711 0.010750100606200965 0.5562359385365542 0.8303106904063887  738532.5148431927
0.26743734947720715 0.4712893343474194 0.5020388778986623 -0.03099105099977611 0.009160264949528549 0.5588192681669787 0.8286595620816224  738532.5148444315
0.27184166725331477 0.4712171918392408 0.5017068582721779 -0.02931775024644959 0.010628397416221454 0.5546013497196991 0.8315316287297422  738532.5148455228
0.2776805472828361 0.4709283559531741 0.501466309147364 -0.03269711485396264 0.008879028651950654 0.556261566748422 0.8303162836467893  738532.5148467788
0.2820919250940251 0.4708190607239182 0.5012272742019476 -0.030985326980527486 0.009511070205741904 0.5593934764861018 0.8282683064806019  738532.5148478738
0.28727417093690644 0.4705555748078865 0.5009253527825375 -0.03165883394362547 0.010395275694441949 0.5568918578908918 0.8299163301751552  738532.5148489574
0.2923986042996844 0.4701987376445988 0.5009527074118856 -0.034217839675351275 0.012357413897891517 0.5546531581680136 0.8312859363082937  738532.5148502075
0.2973939078374897 0.4701791886951473 0.5010382054605521 -0.031669534436130214 0.012222549477072344 0.5588822926138037 0.8285518890664713  738532.5148512971
0.3029395050293476 0.47003223551996487 0.5015231792088461 -0.030283030765287388 0.014076028955761124 0.5556709112034066 0.8307313897397166  738532.5148525686
0.30778450916937583 0.4700356423235518 0.5017638393109348 -0.02787841838957034 0.012660087462681621 0.5557633594025263 0.830776506841131  738532.5148536562
0.312706686218347 0.46955470280244044 0.5018824939836777 -0.030227942702647063 0.014321093853001978 0.5582350031092079 0.8290083588568222  738532.5148547177
0.3187382096917662 0.4692600621089398 0.5021054234616714 -0.030733806416097104 0.011607276381751182 0.5557581092608233 0.8306946660891777  738532.5148559444
0.32394482332379754 0.46896553917262546 0.502020511188317 -0.030290772799438464 0.013182002324642478 0.5558530261662934 0.8306239324746788  738532.5148572084
0.3290634547576016 0.46879545304515013 0.5019327226700657 -0.027216942126160538 0.015246320161577405 0.5599336737000276 0.8279499192823339  738532.5148582866
0.33410454724181105 0.4685576731774888 0.5015979716282885 -0.02864797915493136 0.009675660573998783 0.5579801974361744 0.8293031859048193  738532.5148593605
0.33990085123247726 0.46811640203223115 0.5013228348495337 -0.030821394170519757 0.011545131072159988 0.557471108332114 0.8295436787685604  738532.5148606128
0.34478342535763185 0.467876221489789 0.5013088063713529 -0.03067972192905002 0.012971865850282815 0.5588035423689977 0.8286308504965154  738532.5148617146
0.35009108897855346 0.4677939073791172 0.5013681964766489 -0.02860441723666329 0.012027410866266668 0.5557087151124024 0.8307977808411189  738532.5148629795
0.35449436229357345 0.46742051005305507 0.501520286945283 -0.031277847740317714 0.01294188075581423 0.558144140029339 0.8290532690449665  738532.5148640629
0.3593000505157231 0.46718612145259136 0.5013609374517758 -0.029848206731620086 0.013656686892173215 0.5590619486329915 0.8284759001013354  738532.5148651624
0.36440021537573886 0.4670150342033643 0.5015223320115655 -0.03122153829591469 0.012917090116020722 0.5550545178251486 0.8311274550700772  738532.5148664124
0.36957750365754216 0.4669096432651185 0.5014844234742553 -0.03241359282045984 0.012808228784024534 0.5572561168555082 0.8296089009304358  738532.5148675068
0.3751029631641715 0.4670344772047877 0.5011094729360922 -0.029931627074369072 0.01121482111691223 0.5577320530805153 0.8294053788435362  738532.5148687523
0.3796448248115538 0.4667872444868168 0.500500723508226 -0.030910369228342713 0.011818734106391383 0.5561625449983981 0.8304144086774956  738532.5148698346
0.38514402202615705 0.4665939672816174 0.49975617917349435 -0.029232653116981346 0.012843046204459847 0.5592430693838651 0.8283886150244014  738532.5148710834
0.3899692020469599 0.4662251582800789 0.49928034088842765 -0.03161167343307938 0.01451930200181425 0.555233326434387 0.8309668135303273  738532.5148721521
0.3946853071677353 0.4661619521352845 0.49909502914146203 -0.03220183006339246 0.012520289258027298 0.5564051971068814 0.8301924723399485  738532.5148732357
0.4002868142121569 0.4660473291716114 0.499198778030793 -0.03304006218591804 0.01352149886147537 0.5576820426808896 0.8292865986078397  738532.5148744832
0.40492013679144656 0.4661487800026512 0.4992629164465826 -0.03218297494539424 0.012797804571344105 0.5547807551053918 0.8312753972580381  738532.5148755648
0.4105491559995751 0.4662765990638038 0.49902310152896856 -0.03130509056053971 0.013019930333535608 0.5586750819399171 0.8286933241788141  738532.514876812
0.4154964108222228 0.46652283608866696 0.4988134763729282 -0.028232196917516564 0.01202434850559717 0.5588328242124443 0.8287123944306432  738532.5148779132
0.42027687962814664 0.46645125603915794 0.49886930975432087 -0.027405216289794834 0.013053993563028578 0.557796524415473 0.829422440450091  738532.5148791528
0.42578157871511896 0.46609613681051537 0.4990230408378934 -0.03190342536698225 0.015048817283688004 0.5581690718097094 0.8289770755716368  738532.5148802226
0.4305522992253888 0.46616115822994714 0.49910726840267 -0.02982985881012781 0.01333432113918195 0.5563588657977027 0.8302994567331831  738532.514881333
0.4361227836194616 0.4660235448360941 0.49963637136126876 -0.02966296855495736 0.01339845888537326 0.5596050499465469 0.828120026125638  738532.5148825842
0.44063058660507964 0.4657729293661224 0.500011720562058 -0.026598922698354316 0.014462197879212128 0.5586122569464711 0.8288761599496991  738532.5148836545
0.4465250593743614 0.4651915308565549 0.5005940024052749 -0.029524784360254134 0.011942778140483187 0.5577411929455109 0.8294036525422867  738532.5148849254
0.4516032225310316 0.4649238210828409 0.5012995682870515 -0.029365615766946098 0.011334156870917083 0.5611597553136218 0.8271087755035668  738532.5148859967
0.4565448811418552 0.46442943149632127 0.5016410108788907 -0.027348261811741697 0.010721978544979256 0.5601250592624929 0.8278870875536992  738532.5148872524
0.4616393515092635 0.4638747200746315 0.5018671948166805 -0.0304080880015013 0.010334590637275603 0.562511979641433 0.8261651270662113  738532.5148883442
0.4669414576315241 0.4632761289313484 0.5015975970932877 -0.025045962853743966 0.01066192522257534 0.5612629930239894 0.8271897459211098  738532.5148895812
0.47130446065154286 0.4621866400291381 0.5015354321475971 -0.029199854008821358 0.014095485133229868 0.5620111449282775 0.8264938951989478  738532.5148906643
0.4757014168675827 0.46175165480718156 0.5014865288049805 -0.027030891588846147 0.01146344432638061 0.5641987639928038 0.8251167644964442  738532.5148917465
0.48075203939448474 0.4607709165133176 0.5015263897624738 -0.027554886054140644 0.015502045119558041 0.5602068917888032 0.8277491487425298  738532.5148929971
0.4851442260409345 0.46014959460881877 0.5014234600882127 -0.026712629570701706 0.013830166071838755 0.56221294866074 0.8264452566782872  738532.5148940718
0.49100468340798364 0.45917201073558706 0.5012058512614702 -0.029035994869910493 0.014045161596649118 0.5602733688202519 0.8276795253166799  738532.5148953301
0.4962364584062669 0.45836552958866256 0.5010211584993792 -0.03017313958844159 0.011765798712910048 0.5619493277113441 0.8265374164021809  738532.5148964103
0.5012557401655424 0.45760138750435203 0.5009445123779417 -0.03077467416622406 0.010659993946494167 0.5624580812549053 0.8261841143413943  738532.514897665
0.5061080958016906 0.4566312167499555 0.5006324773184728 -0.030942052234466427 0.01201158052093268 0.5609649599595333 0.8271738783560008  738532.5148987251
0.5113760497561481 0.4558082998590178 0.5004276431740381 -0.03296266629138138 0.010963866503300364 0.5624600048016045 0.8260944251481425  738532.5148999987
0.5155353715500423 0.4553194881609149 0.5003366459088333 -0.03062583479051131 0.01080133732463757 0.5613545260657187 0.8269380178833938  738532.5149010757
0.5203672671373796 0.45480226889704145 0.5003226233529586 -0.02803863954646673 0.012903437938973809 0.5619146017297012 0.8266192087924703  738532.5149023292
0.524799260245829 0.45414324703525494 0.5003001813511625 -0.03018381970150843 0.013078320914337471 0.5587884815685414 0.8286575453205095  738532.5149033904
0.5299378955463718 0.4535168724615505 0.5003427213501175 -0.028991730358489856 0.013988845590051351 0.5596251738358231 0.828120436035184  738532.5149046647
0.5343142468480262 0.4528514494536375 0.500581745552727 -0.030685693681549747 0.014108063922409505 0.5566782530572825 0.8300413684321617  738532.5149057455
0.5387469539682352 0.45215331044386814 0.5005845787412416 -0.030023648328758513 0.013257259214632588 0.5569348010806656 0.8299074966310321  738532.514906806
0.5443603105677498 0.4511653845154477 0.500364028692685 -0.030266720865778685 0.014792787992915791 0.5571731213130994 0.8297127285498566  738532.5149080585
0.549655064317689 0.45040945917812414 0.500284397075125 -0.030060647562746387 0.011561622197518233 0.5590241009138488 0.8285256429089768  738532.5149091565
0.5551886541074696 0.4494716832541743 0.5003254538940366 -0.03092273913930182 0.011382216286973857 0.5603462592678818 0.8276027423111955  738532.5149104327
0.5595826587337535 0.44886856790612617 0.5004075141972842 -0.030336737405537433 0.010855355125409288 0.5583192510391675 0.8290002759636164  738532.51491151
0.5641193000672251 0.4481984973283815 0.5004605996030845 -0.029021119572851986 0.011928888479918092 0.559726768572616 0.8280829794058256  738532.5149126255
0.5692897645019562 0.44744361136323735 0.5008926781677864 -0.030827094349804567 0.010940802711863647 0.5569756402534989 0.8298844047541641  738532.5149138899
0.5734787237219642 0.44688116582014764 0.5012586832608662 -0.030904994732278635 0.011814097914934424 0.5593583136249123 0.8282654075655632  738532.5149149563
0.5788817587620975 0.4460502105225919 0.5013081336430921 -0.031324681210480196 0.01353322617748723 0.555741283112308 0.8306547070720639  738532.514916223
0.5832186695417589 0.44551991729261287 0.5010725441979887 -0.02936018671483158 0.012052744034673102 0.5578952940069094 0.8293042576293993  738532.5149173044
0.5882244379555893 0.4446682324842991 0.5004386867352898 -0.029254180890485836 0.012233723067683284 0.5572971481738348 0.8297074288914381  738532.5149183895
0.5934437098124514 0.4435932691827779 0.500011605608732 -0.03210475199901181 0.011640615014118734 0.5577032392084059 0.8293376139773395  738532.5149196509
0.5981175269778141 0.44274954114559545 0.4999260742992423 -0.02720444605585383 0.013285120206764103 0.5569149481402965 0.8300175686295905  738532.5149207336
0.6036733772041537 0.4415411152597111 0.500198092404451 -0.030442029564592632 0.010864546425098612 0.5576841860265477 0.8294236511716268  738532.5149220212
0.6075232130757783 0.44050032629961006 0.5002160556555008 -0.02827828888208917 0.015034581913652945 0.5565377405072462 0.8302048199785832  738532.5149231122
0.6126795924489906 0.43923181695729663 0.5004119853669796 -0.03228911567943065 0.01211681662188137 0.557267563485887 0.8296164526153607  738532.5149242049
0.6179964576809509 0.43776220201930044 0.5003642980439963 -0.03193158178241087 0.014314990415042854 0.5522867894626329 0.8329194182628641  738532.5149254579
0.6221289126449222 0.43669689506624587 0.5005694036294674 -0.03281016725272839 0.012976981464147464 0.5550661000817074 0.8310575885081679  738532.5149265518
0.6259203047856714 0.43585626889760676 0.5005030901767702 -0.02940028381105924 0.012716997757710801 0.5568050749784403 0.8300253066974002  738532.5149276278
0.6312816394760394 0.43441672750388155 0.5002188919995156 -0.031367649467099766 0.013422613434419767 0.5568805403660917 0.8298915397671367  738532.5149288604
0.6354298709198359 0.4335280723541422 0.5000935752330361 -0.030000080774671745 0.014649174904224365 0.5559562351781612 0.8305408246405854  738532.5149299457
0.6410826676545343 0.43220603211843334 0.4999480670054538 -0.032327701234641994 0.012778263649302344 0.5570412352829375 0.8297570113626349  738532.5149312093
0.6457222401460939 0.4312120094847408 0.4999615683345326 -0.025840630773821194 0.014257853729892331 0.5563916864679227 0.8303958493619829  738532.5149323018
0.6509986537071533 0.4297627813182553 0.5001879616441552 -0.030975226834530335 0.013123476243335165 0.5569665824868857 0.8298533217904952  738532.5149335485
0.6563020281489899 0.4281481666936042 0.4999266673602752 -0.029453996411533047 0.012471930931428088 0.557325108325056 0.8296780319284679  738532.5149346517
0.6608562133599883 0.4266904564829355 0.5002155480750117 -0.0306218226474332 0.012260888449504768 0.5578110947268187 0.8293122193672574  738532.5149357545
0.6665198820253173 0.42474416217658945 0.5004149954317596 -0.02988702546045323 0.012901961788352317 0.5583280438936775 0.8289813631759148  738532.514937013
0.6713005732041871 0.4229718425999408 0.5009364929844242 -0.033425882986615064 0.01534913129949952 0.557787264821045 0.8291685484377548  738532.5149381012
0.6764903491977085 0.4215759211803665 0.501344199928451 -0.031623989211126934 0.014027463230596358 0.5582008070006839 0.8289843259347395  738532.5149393615
0.6806213962991917 0.42042295719781286 0.5017075094352891 -0.030879266591050607 0.014539041725021074 0.558696502350239 0.8286695996729495  738532.5149404457
0.6861964659123032 0.4187848097095415 0.5013039738405264 -0.029681367031862433 0.011055304680897894 0.5584929917918501 0.8289043218664751  738532.5149416944
0.6903599005752825 0.4174247561365916 0.5009464098151138 -0.03185131900185779 0.013128649547438403 0.5594589574546168 0.8281417795055964  738532.5149427616
0.6942699627808282 0.4163028734526378 0.5009471710278137 -0.032976544171856935 0.011652501813543971 0.559723079750522 0.8279413268647469  738532.5149438329
0.699164523388415 0.41477213116805517 0.5007005254050232 -0.031424748291943916 0.014166501821468194 0.5588269373217104 0.8285675890019881  738532.5149450885
0.7034583489838051 0.41353617170114354 0.5009201611247578 -0.0314536282475576 0.014411725139921297 0.5563191297458329 0.8302481540644309  738532.5149461792
0.7083048257926076 0.412421600843459 0.500918920448423 -0.03131543603837995 0.011652649804639677 0.5594466335994277 0.8281926245581546  738532.5149474347
0.7129057840412043 0.4112364152541802 0.500890512181552 -0.02959667951802321 0.012626144160516016 0.5584126823057822 0.8289390166261973  738532.514948537
0.7183483753862383 0.40937941327827826 0.5004920853189041 -0.03492743889905854 0.012572460846119205 0.5581851887090881 0.8288855785607717  738532.5149497929
0.7223457178478707 0.4084779058243627 0.5001718946015662 -0.03364436045530065 0.01240941175896392 0.5579767173067571 0.8290814474181204  738532.5149508867
0.7265918961744858 0.40764185257888463 0.4999763828690639 -0.030055225217092137 0.01331735424181384 0.5607566688517992 0.827327800724345  738532.5149519664
0.7311395681746213 0.40669052126803173 0.4999732968449513 -0.02955514979259643 0.012764838437927074 0.5610853392616073 0.8271316667170214  738532.5149532193
0.7358430496586782 0.40541537253037674 0.4997219011370027 -0.030348483722943728 0.01409829634810103 0.5590716291439419 0.8284437947514232  738532.514954298
0.7410976517753742 0.40414630213433417 0.4998520489942664 -0.033691718043133104 0.013255648986952084 0.559332989545237 0.8281520166682108  738532.5149555557
0.7453731662511226 0.4031035167036903 0.5002138820526123 -0.03203533933045494 0.0141109651373722 0.5581499723573654 0.8290013426131146  738532.5149566353
0.7508190324648882 0.40201809690970614 0.5005410972317406 -0.033669401651893235 0.011588359747804195 0.5611840240818566 0.8269247682988177  738532.5149578864
0.7551545141467854 0.40069901596464563 0.5008284068760308 -0.031355623784447825 0.014185067560992654 0.5582168364098381 0.8289810445745851  738532.5149589605
0.760330782164345 0.39970225270569765 0.5008559759654159 -0.030347150437977442 0.010412369685992363 0.5634806520753454 0.8255060192115867  738532.5149600577
0.765450166421848 0.3983478248401912 0.5007443030705477 -0.028569894689313525 0.010204146224782853 0.5633419442777602 0.8256666944564361  738532.5149613026
0.7707870207022789 0.39701166064919735 0.5004399986997501 -0.031890003186865815 0.01037657332840962 0.5641639698550833 0.8249814358760168  738532.5149623827
0.7754232603393906 0.39605253938909085 0.5004244314260268 -0.029744779206015756 0.011789843915332688 0.566309758723104 0.8235711899194976  738532.5149636256
0.7802590936308994 0.39527882259011965 0.5003786199598343 -0.03070097675860196 0.011237727493993894 0.5671274430808639 0.8229809395188931  738532.5149647334
0.7848343242538156 0.39454070590219453 0.5006813466357923 -0.028740030459490792 0.010702753512358106 0.5704568455465076 0.8207548044852185  738532.5149659786
0.7880202785421685 0.3939669011883346 0.5012901802224246 -0.025559500260775574 0.013470383949544739 0.570865486802181 0.8205351038686768  738532.5149670519
0.7917270271616788 0.3929531732691883 0.5016365828319345 -0.027166135459728312 0.00970082707650159 0.5745681896137103 0.8179482199517516  738532.5149681399
0.7953247520983038 0.3916949958023563 0.5023140500157706 -0.029233007423064745 0.011377392810324521 0.5721607420226702 0.8195413787588215  738532.5149693958
0.7990925316449429 0.3903690731991957 0.5027940944189159 -0.03215407480926129 0.01091657759360385 0.5705889841660146 0.8205334575477097  738532.5149704869
0.802766240567938 0.3896425880499325 0.5029591984314096 -0.033354823276108066 0.010365697218804183 0.5705449030700832 0.820523321829512  738532.514971752
0.8051344212332201 0.38976841743925356 0.5027377536265172 -0.021854971948541326 0.011932442279681859 0.5715541650203325 0.8201864504308036  738532.5149728219
0.8099243906551393 0.3883953516896712 0.5027655501805849 -0.030528049257092526 0.01049966286776947 0.5719200402336427 0.819673875921008  738532.5149740602
0.8129621119197813 0.3879947392316286 0.5028437344002201 -0.029465215260295295 0.012763808274367777 0.5707952611843955 0.8204642930057575  738532.5149751429
0.8171358034131744 0.38753151084739085 0.5018482429439773 -0.02803978064042302 0.012770863922818374 0.5714334728240389 0.8200697908547542  738532.5149762443
0.8221649963762013 0.38705557455118184 0.5010997380492551 -0.034334953810080074 0.010104985468590169 0.5725468939089967 0.8190903823697966  738532.5149775026
0.8261949536318409 0.3875874172801574 0.5003514589763248 -0.02987452295825862 0.009408040104347828 0.5734994767645234 0.8186069580758701  738532.5149785794
0.8298126268514027 0.38783675431372777 0.5000054630176806 -0.03243504164001075 0.00869744075969706 0.5721896998486757 0.8194335055299635  738532.5149798518
0.8330059679260741 0.3879443504095568 0.5001081319455968 -0.026235382825755653 0.008714836353445585 0.5725665852234406 0.8193920074060322  738532.5149809226
0.8370556749840241 0.38661406735823023 0.500336508744667 -0.03238716668408159 0.013025915578953835 0.566271395068402 0.8234792675500661  738532.5149821857
0.8399761836462657 0.38564679758403647 0.5006232369558576 -0.032452102839791164 0.013820571018559677 0.566954287990757 0.8229937351929785  738532.5149832411
0.8435529524665036 0.3848972174595256 0.500558428218411 -0.027072735608157504 0.014593545024764032 0.5682959325614294 0.822249249597977  738532.5149845058
0.8465360007820475 0.3840974575429627 0.5006853404950984 -0.03174800515882098 0.015708019063998532 0.5660016971700161 0.8236427630387958  738532.5149855831
0.8500188795790108 0.3835667644326879 0.5006067149557075 -0.033866155689374754 0.013344840230807994 0.5664316558397782 0.8233044260786191  738532.5149866745
0.8536000895753646 0.3834229011313969 0.5008090892683394 -0.030370242847441827 0.013702478812371346 0.5703082301392793 0.8207547825381141  738532.5149879261
0.8571619796729953 0.38316419675384883 0.5010045068725048 -0.02928559641471042 0.013532436410115025 0.569052531957232 0.82166808559205  738532.5149889913
0.8602294527746982 0.38310278990611446 0.5008152604374642 -0.032246518850929835 0.010995186554473192 0.5671787416611849 0.822889751365433  738532.5149902347
0.8622581428361465 0.38339361346982376 0.5005171253599211 -0.03273749638615126 0.010873119687677103 0.5662306556869748 0.8235246663937413  738532.5149913203
0.8648181857956722 0.383295907464444 0.49926208142890344 -0.03397978538732277 0.00987453144456056 0.5640126570312204 0.8250076305843268  738532.5149925872
0.8659885146009454 0.3833344029492815 0.4986316939388997 -0.030687703208323144 0.016950946110990017 0.5568223294230065 0.8298914529947137  738532.5149936514
0.8680367502834758 0.38354331033927364 0.49828753552198274 -0.028068056717011434 0.011960296606129874 0.5610218213776825 0.8272385698426372  738532.5149949259
0.8697071438937742 0.3831339721703332 0.4978668099655642 -0.02842757773391822 0.013716918039798246 0.5615171312551231 0.8268628848186913  738532.5149959901
0.871256232407336 0.38286139112185213 0.4974610666805425 -0.028242413267069947 0.015673653110875204 0.5618494666738851 0.8266086616345626  738532.5149970757
0.8740100075817834 0.38241729074846725 0.4968252954097526 -0.025892518765151508 0.016924728360568544 0.5620310154092457 0.8265375180595068  738532.5149983315
0.8769301863218117 0.38183372774704133 0.4968096562183528 -0.025876679987735476 0.015831822048063972 0.5600243177191584 0.8279205966798036  738532.5149994091
0.881670460565186 0.38072319806410226 0.49770861765300933 -0.03147543015270983 0.011437885141426959 0.5594635129252089 0.8281781509950489  738532.5150006805
0.8853397347940807 0.37943743445650174 0.4984196794724556 -0.03283705249948659 0.01338035462169816 0.5580148413524432 0.8290730552392541  738532.5150017627
0.8891530098314457 0.37858731677344165 0.49971773198495173 -0.02964834630446947 0.011068262277810556 0.5577763466628997 0.8293877357635262  738532.5150030212
0.892262268379228 0.37751802655233985 0.5002843317665618 -0.028862941689548165 0.010868147083576824 0.5580041709573857 0.8292648305397716  738532.5150040844
0.8958757949089905 0.375994848619725 0.5005106764143659 -0.028388578228409463 0.009758933897342427 0.5609715825650583 0.8272905991184784  738532.5150053615
0.8986441255058403 0.37472599806342666 0.5002761854725649 -0.029107181552122073 0.010759771950965962 0.5607044920557107 0.8274342704276892  738532.5150064266
0.9014749210996746 0.3733793342545953 0.4996375343237899 -0.032097969740362 0.01645951001089582 0.5587075194693094 0.828579937336887  738532.5150075142
0.9049008433407513 0.37298477363911164 0.4990613092536879 -0.035718376162143795 0.010775211785147388 0.5607912801779926 0.8271162146226207  738532.5150087863
0.9077906653162943 0.3729981487033455 0.498278206514984 -0.032083050738378124 0.012622907411069632 0.5582874570473866 0.8289309110941472  738532.5150098648
0.9106688057641905 0.373472111844572 0.49817426575651885 -0.027825736036424086 0.014425841234282265 0.5577979381569705 0.8293847621620181  738532.5150111142
0.9135473071234906 0.3736911656195976 0.4983175654981265 -0.029310205913410187 0.01270469096723524 0.5594702486552838 0.8282345944998527  738532.5150121829
0.9162779625376348 0.37395371089855894 0.49885899974501585 -0.026701774698267056 0.01312331075834942 0.5576272357228457 0.8295581112392312  738532.5150134601
0.9194975445954786 0.37401428426848843 0.4993905671280182 -0.026858254734836957 0.01177340785408485 0.5594718745246435 0.8283303946107384  738532.5150145111
0.9230697781885429 0.3733920912234759 0.4997535489304062 -0.031923050683640285 0.012195448947379556 0.5599538596393426 0.8278187391784659  738532.5150156225
0.9269923955335833 0.3731537388769375 0.499603134226283 -0.033351344067901495 0.007381786549306722 0.560858565003894 0.8272066653128333  738532.515016872
0.9302618644622324 0.37269731264209616 0.4989102188482091 -0.030072129253809362 0.008863346238941418 0.5590865162301396 0.8285163700888696  738532.5150179486
0.9335807315909989 0.3721457622705404 0.49846857976490727 -0.030590220339724594 0.009656095020416304 0.5604357959003919 0.8275764115306926  738532.5150192026
0.9363099892034377 0.3716977384845177 0.4984145041059238 -0.028330342670200594 0.010948478435491193 0.5636553611326462 0.8254514863821877  738532.5150202684
0.9401018517305536 0.3706459137207908 0.4990623288756361 -0.027128986289624523 0.01035953758017011 0.5657638132094914 0.824055826838618  738532.5150215327
0.9432461995496846 0.3692831259057838 0.4999283222352716 -0.03109896313672279 0.015188533834093135 0.5674960064617204 0.8226484337685148  738532.5150226164
0.9471073150801005 0.3682519452575223 0.5011616587501072 -0.031946041130477096 0.01285722536561336 0.569533215702189 0.8212466489574929  738532.5150237117
0.9515746016071205 0.3670723933102422 0.5019261534303318 -0.03327336036351066 0.012711982750703758 0.5702740261902357 0.8206819262280877  738532.5150249638
0.9555558904133497 0.36642228507283336 0.5015772729414252 -0.033096427574926396 0.010372389357333223 0.5724522596209379 0.8192041567739266  738532.5150260356
0.9584610739863476 0.3659519166029548 0.5011515390134098 -0.033433957873011344 0.009658009556279362 0.5739832981592277 0.8181271702777092  738532.5150272857
0.961357283878145 0.3653789049034021 0.5009889744119214 -0.03479567400993515 0.012537939809275714 0.5700704100135183 0.8207629309140079  738532.5150283524
0.9649935558147623 0.3651450964881564 0.5007513073632628 -0.032191636787790856 0.010342867661861481 0.5701950355152304 0.820813221800939  738532.5150296187
0.9667329261726805 0.3650729553492105 0.5013967489500941 -0.030333058178070887 0.012845772377858052 0.5689416218472132 0.8217179094089678  738532.5150307077
0.9693119217052245 0.36483520326826296 0.5013332859524975 -0.027758912069869603 0.011790261731185341 0.5677127442502437 0.8226740986228173  738532.515031795
0.9719554298860368 0.3638771611321702 0.5016418208900257 -0.02891248024309797 0.015831344320971212 0.5640291259929332 0.8250967107284037  738532.5150330523
0.9747688859108221 0.36325752629959934 0.5021206406767232 -0.026203565476550058 0.013655030080797754 0.5642643405211654 0.8250652503444943  738532.5150341308
0.97825651276978 0.36168433480667744 0.5017536680791188 -0.027605383960438518 0.014234211836559048 0.5583892201172816 0.8289974721593563  738532.5150354266
0.9812380056314637 0.35991350140704603 0.5014132017945471 -0.03439055270944367 0.015272889979528812 0.5593738025161652 0.828060974671925  738532.5150365056
0.9853265488707198 0.3585515217053725 0.5007249450792636 -0.031240975704432072 0.007511529992533947 0.5655827150646415 0.8240653922925746  738532.5150377518
0.9877946306519226 0.35682221747588333 0.49970765859755334 -0.02847977349834784 0.013561408946987959 0.5595633767717885 0.8281870670715699  738532.5150388274
0.9914113604287059 0.3549073280675084 0.49907108637545955 -0.032082276785852556 0.0114714091072792 0.5606186381171945 0.8273728765707464  738532.5150399224
0.9945438231566847 0.35302939686722545 0.499227204955083 -0.032229550031183 0.014387088164296681 0.557751604123987 0.829257147027422  738532.5150411911
0.997375003417671 0.3517836338732651 0.49956180238384934 -0.030634365318105865 0.009434101012188452 0.561022105397114 0.8271799868562092  738532.5150422651
1.0000380048298827 0.3500541604207028 0.4999282420433559 -0.027360632192589898 0.011411849136111513 0.5615066985322854 0.8269409852031097  738532.5150435424
1.002683830198487 0.3479043079503536 0.499926661234495 -0.033062588816746376 0.01675074688338904 0.5597301261870706 0.8278456761608346  738532.5150446052
1.0054258344589397 0.34658700251634716 0.49924747678601145 -0.03169911287544888 0.012709658764329758 0.561715725180988 0.8266251114631109  738532.5150456877
1.008379833360576 0.3449826851219154 0.49892720105489935 -0.03305488717635975 0.010331621694185885 0.5599811632986232 0.8277812082776747  738532.5150469426
1.010989096716675 0.3431395664526135 0.4985661860173325 -0.032375876447348496 0.01303508202352529 0.560381577949833 0.8274988678876614  738532.5150480301
1.0138919119338545 0.3414143998788174 0.49801322106223533 -0.03184338430162812 0.009675061622165089 0.5625043446620863 0.8261242365982874  738532.5150493007
1.0163854845103193 0.33973609515349046 0.49788873240320536 -0.029920486358229144 0.009841022718160224 0.5637129084979213 0.8253700234202608  738532.5150503572
1.019080542039489 0.3374038295040278 0.4978427508211279 -0.03349975259758631 0.014245584439570722 0.5599539747892334 0.8277236108856714  738532.5150516153
1.0217175192702928 0.3358393624272196 0.49804857112150036 -0.031212885999282965 0.0123765106924481 0.5604063756630975 0.8275368703851369  738532.5150526827
1.025190568783966 0.3340123241975634 0.49824168905906674 -0.02994574118166919 0.00919032644847228 0.564622292085131 0.8247547864458769  738532.515053964
1.0277498480262974 0.3323360575422109 0.49880369155282794 -0.028896365299061165 0.012987313642707344 0.562895565712119 0.8259206450128745  738532.5150550224
1.0316475041510287 0.3301754152401355 0.49973784247883896 -0.03359535382436757 0.012488328024526145 0.564799706205075 0.8244493227210684  738532.5150562584
1.03431864749299 0.328696106003444 0.500371697747557 -0.031822599755023086 0.012850313200325975 0.5619433723775161 0.8264634522085471  738532.5150573455
1.03736294139639 0.32751668201720335 0.5010154007701403 -0.033600415952083684 0.007717930852182725 0.5662570359435439 0.823507386023732  738532.5150584301
1.0400967703660666 0.3258218833707245 0.5015920929705069 -0.03221480513623547 0.012356720241874978 0.5657369100316163 0.8238636212521933  738532.5150597079
1.0422337108610567 0.3248197475037527 0.5023965089982446 -0.031076744423186517 0.010649938407752533 0.5662298814520142 0.8235924575412313  738532.5150607777
1.0448387582194782 0.3232496591754136 0.50294351534773 -0.032590848273867636 0.015389070743857041 0.5679361297751049 0.8222831419933804  738532.5150620347
1.0475144643384424 0.3220234158432169 0.5023895903480818 -0.031184713453471312 0.011954035145241118 0.5678310375887916 0.8224673412612853  738532.5150631119
1.0495856653178712 0.32109720569278166 0.5020719005132653 -0.03021583766882564 0.01093616544239744 0.5674160957594582 0.8228039728346487  738532.5150643727
1.051818134468231 0.31973072232506233 0.5014757497840121 -0.029936255059145416 0.01053590510027803 0.5641631343847077 0.8250531941262781  738532.515065459
1.054100714212118 0.31842235270669245 0.5010075762525493 -0.030078559320891256 0.008385003265345003 0.5611240551895316 0.8271425310531888  738532.5150665344
1.0559483915767034 0.3165144515458161 0.5006711480138537 -0.032246698548119915 0.011489990122872848 0.5623563263885359 0.8261861126468499  738532.5150678047
1.0574676897205197 0.315162092981975 0.500757300822292 -0.02946336854875328 0.007618599816671192 0.5640596977960297 0.8251730268088296  738532.5150688929
1.0594285074091618 0.3125044907054696 0.5009020839315079 -0.029660183011094784 0.015236742192691749 0.5620189457159128 0.8264519465083712  738532.5150701421
1.061525097861347 0.310795211920293 0.5011359584837408 -0.029633783959739368 0.011570391466725966 0.5605736617762453 0.8274932837264034  738532.5150712213
1.0633274944530644 0.3088148296512799 0.500952549459551 -0.02865838121651864 0.015437426373587082 0.5660031827215287 0.8237601472528934  738532.5150724691
1.0654412034594556 0.3070415059829921 0.5006347014526247 -0.03100885284694392 0.012567840734525909 0.5688028412755474 0.8217930567857413  738532.5150735539
1.0677792368828358 0.30547136263768027 0.5005287676860904 -0.03332703292391222 0.011363020397953233 0.5669727192486579 0.8229836731501463  738532.5150746276
1.0702622239707404 0.3038690449615559 0.5002234348340932 -0.03169498705403567 0.012142893941103164 0.5704854253860268 0.8206060914619777  738532.515075898
1.0721358552648308 0.3023368431914037 0.5002815013007951 -0.03164802716217362 0.014453182862128239 0.568008904264931 0.8222866851394643  738532.5150769553
1.0740811575983553 0.30124376464830727 0.500413067848972 -0.02712016341125616 0.009716515060315558 0.5672846790890064 0.8230177269916563  738532.5150782263
1.076239338200587 0.29940947105721777 0.49994790952760526 -0.027052287467431824 0.011538478176556288 0.5666406948741576 0.8234399554167143  738532.5150792841
1.0790581575603075 0.29705552833997445 0.4991929290293874 -0.03427852242929223 0.012721665810860584 0.5677338922098508 0.822399762740308  738532.5150805652
1.0808388013265966 0.29624535676118624 0.49896121865654264 -0.03202828769944938 0.01004359773768669 0.5659077531126206 0.8237850022296777  738532.5150816501
1.0821414349976624 0.2955326623455384 0.49804543862973455 -0.026401008978956465 0.011760004423219731 0.5682795622789945 0.8223278106186447  738532.5150827289
1.084633466919454 0.29412317446888214 0.49711084152215057 -0.02687722596040206 0.012390308436341795 0.5627887915643629 0.8260707421710625  738532.5150840145
1.087636965979265 0.2922590780168771 0.4963112289378076 -0.03126792667969372 0.014650089949648839 0.5623103068955251 0.8262050655767494  738532.5150850824
1.0909126022704263 0.2908983586537445 0.49653507794722873 -0.03573839003188672 0.012519237452374557 0.5586215522592063 0.8285577816441378  738532.5150863467
1.093924511316809 0.2902952666969327 0.4965236083369278 -0.03177796534277162 0.004487530843739829 0.5605879950539472 0.8274727323525506  738532.5150874135
1.0966833144827708 0.2893841194441896 0.4963275546310951 -0.028903657049852257 0.00565121474175359 0.5612553573575103 0.8271185321455328  738532.5150886755
1.0987207507830334 0.28828688822103377 0.496201975156511 -0.02621270607142866 0.005557767567255593 0.5574793817405519 0.829758244426805  738532.5150897503
1.0995504974754056 0.2864146050265777 0.49563682151885285 -0.028506876646056313 0.016369914363286112 0.5557655163232255 0.830688915752223  738532.5150908208
1.1019104618493616 0.2845269021774165 0.49546334137050546 -0.023814291828902465 0.010133888666668856 0.5558010551234112 0.8309123725934537  738532.5150920947
1.1039685275989897 0.28189326559083855 0.4955902647533627 -0.026022728767978964 0.01393434834048104 0.5605712898298375 0.82757989375184  738532.5150931684
1.1067114960531539 0.2788691651731093 0.49542470292922786 -0.03439269261493777 0.013439222974981279 0.557984527557455 0.8290294307122076  738532.5150944171
1.108950147028357 0.27676270279984716 0.49511237707493017 -0.032805638068822855 0.013014607886137593 0.5628608717069433 0.8257978258591914  738532.5150955071
1.1111762031499737 0.2747459884360565 0.4940029258697348 -0.02700885254356774 0.011641975903844247 0.5619610714531518 0.8266406356165656  738532.5150967957
1.11329449728981 0.27281595692765886 0.4939320385345976 -0.029504587027445985 0.015894212994818857 0.5608068093564955 0.8272681402767802  738532.5150978595
1.1164699100884226 0.27077036129255055 0.49517669053633895 -0.03138004168125579 0.013094897673839182 0.5629687647669069 0.8257784124907949  738532.515098947
1.1195435595915657 0.26836133221323694 0.4970460395439916 -0.03190336909317558 0.014373258313069234 0.5635158068357087 0.8253638712303021  738532.515100237
1.1227236514176806 0.26668380234269917 0.4988461835562233 -0.03298082245453793 0.011465329175289902 0.5665660487727671 0.8232762136459058  738532.5151013198
1.1246845035118265 0.2659629295322152 0.5006737047272595 -0.025012602857994795 0.012378616617754261 0.5697781824546198 0.8213245170744685  738532.515102402
1.1284906828417602 0.26395313432662715 0.5019638582447501 -0.027147700355050958 0.007693112531558954 0.5728818253551261 0.8191521425002732  738532.5151036785
1.1316824638934404 0.26184838635523605 0.5029233206127648 -0.02796950488727827 0.010544263675577951 0.5718149145954429 0.819837928340783  738532.5151047605
1.1353063375267076 0.25934737793760987 0.5036449231422699 -0.034138287257009056 0.012470761803566993 0.5715779376441225 0.8197424709271127  738532.5151060122
1.1380639244038557 0.2578939194998837 0.5041667833708342 -0.034917705327782905 0.013479682653234643 0.5696734376891077 0.8210184080772396  738532.5151070742
1.1416567746609843 0.25678395684379285 0.5040533830070536 -0.03306914086406858 0.0068389775271153145 0.5693745961653515 0.8213843372931086  738532.5151083474
1.1435366027740224 0.25587667504215544 0.5034828962326715 -0.028221146422493994 0.008272695734541766 0.5694053270970996 0.8215307072004849  738532.5151094294
1.1449646499261381 0.2549194766344938 0.5033665858976106 -0.022599257659953364 0.01093973549980594 0.5700358836174421 0.8212360727153281  738532.5151104997
1.14817394399748 0.25250931994068054 0.5028939867509967 -0.029354206653314216 0.009768662553575433 0.5683103714701889 0.8222324643694658  738532.5151117784
1.1512331100448505 0.250400723575675 0.5022516644888166 -0.03078805731134081 0.010831834111869238 0.5651001262508153 0.8243765002764691  738532.5151128537
1.1543552316611925 0.24870185225206914 0.5016350750190488 -0.024978466840954686 0.006917951157138065 0.5645319445290462 0.8250041828695881  738532.5151141157
1.1572140081995024 0.24626983423206747 0.501375884814618 -0.03165512014304668 0.010206800050670968 0.5682149420814483 0.8222077317787954  738532.5151152003
1.1594073937267209 0.24437340658584708 0.501527718299116 -0.02940670313667614 0.010299949169070736 0.5669317631583083 0.8231752746408008  738532.5151162811
1.1631311655028198 0.24144056721176566 0.5014486312710592 -0.02947592049924461 0.006585075743605338 0.5668956633984638 0.8232357582783858  738532.5151175379
1.1656703853894386 0.23845825892660366 0.5014969316457721 -0.03280524553463332 0.016457088755237693 0.564678629433585 0.8244944060186962  738532.5151186059
1.1696694622249821 0.23562729132793536 0.5016351742640038 -0.031215559148868043 0.013841313919213111 0.5619645155128885 0.8264562240072839  738532.5151198825
1.1738367987704263 0.23301260496017487 0.5019066787055848 -0.030871032281814148 0.011061209009905055 0.5624343170956899 0.8261914233240377  738532.5151209589
1.1779903896522868 0.23045402668685278 0.5029166591404597 -0.03158399775228458 0.010989897403891027 0.5621800878047646 0.8263384428409845  738532.5151222205
1.182334382984527 0.22809599872246006 0.5035737100980536 -0.034083659984090825 0.00903224599714053 0.5648395211422463 0.82444711049899  738532.5151232899
1.185859124507732 0.22575769069970775 0.5043695047984581 -0.034540007567768115 0.010240692681621113 0.5605482553869189 0.8273377602124181  738532.5151245442
1.188801870577899 0.22385987258071785 0.5043743648065391 -0.03205185125993458 0.009041705587479331 0.5639352620553155 0.8251472272276524  738532.5151256425
1.1921436327875592 0.22183119022887315 0.5049007645593747 -0.04019282955443218 0.00017816135581525744 0.5638337010606418 0.8249097297639291  738532.5151267193
1.1944759314666504 0.21907931002050743 0.5042180820323656 -0.03825067350615429 0.011292955481820608 0.561645299897351 0.8264163068551018  738532.5151279912
1.1970090272881457 0.21700014738882586 0.5033740045473334 -0.03892877789626105 0.010993075700277976 0.5596507836561463 0.8277407220206174  738532.5151290824
1.1996403963359628 0.21508977349940067 0.5020081427205977 -0.033105420276171825 0.009054786107761736 0.5640328272551696 0.8250387941032961  738532.515130322
1.202008327588906 0.2130484079418469 0.5009403473840093 -0.03874288117361171 0.007265847060534602 0.5607043000020329 0.8270773147560575  738532.515131391
1.204019117217491 0.21163529538915432 0.49993358368605995 -0.03184620515142994 0.008997718809306473 0.5617869547782579 0.8266197902994178  738532.5151324938
1.2058937460806545 0.20962519694434634 0.4993282063660982 -0.03278585738742855 0.011355477156340874 0.5589605709995317 0.8284679962206147  738532.5151337648
1.2079446596266583 0.20795538905461966 0.4985779375748746 -0.029119263834040312 0.00873712848925558 0.558956665010743 0.8286393532168225  738532.515134844
1.2097143388923766 0.20552290388352354 0.4986609157416 -0.02994061354791127 0.011677688221180975 0.5575733367457651 0.8295053739478588  738532.5151361101
1.2116075436574452 0.20317843676695818 0.4985294801212228 -0.02817217706819728 0.010417558091569199 0.5548862621418896 0.8313838096865065  738532.5151371785
1.214215309878532 0.20000963953316403 0.4992017337846346 -0.03749768728860552 0.012145201537835394 0.5525596681646707 0.8325408282152655  738532.5151384547
1.2162295251347854 0.1977365888744225 0.4989401239445559 -0.033680277795771 0.011300829847904795 0.5518595394278278 0.8331800398922518  738532.5151395265
1.218174687919545 0.1952637285669889 0.4987376317136845 -0.03970724336638325 0.01229641752291328 0.5524608516444814 0.8325017359384901  738532.5151406063
1.2197479801842388 0.19325942005445929 0.49776328540375003 -0.027862387738964423 0.0147381451670457 0.5551021662989373 0.8311847324131656  738532.515141888
1.2224093059234535 0.19104266258019845 0.496377340623161 -0.025702526259678827 0.011471561763636924 0.5559271093824608 0.830754375533608  738532.515142942
1.2251744993402056 0.18833571431089863 0.49597185779365616 -0.030205067786065812 0.012790030559276775 0.5560457029587323 0.8305042114399307  738532.5151441982
1.2282277559614232 0.18552210012936954 0.4958527784911009 -0.029862898296594206 0.015548686475333265 0.551809367074588 0.8332903863977802  738532.5151452535
1.2330892461920542 0.1820674824111591 0.4959744016289418 -0.028890563818923957 0.010213560259930587 0.5507247999976765 0.834124219272262  738532.515146531
1.2367438165204694 0.17886167775915124 0.496992885060328 -0.0336159454781675 0.008464941119255732 0.5411467533199106 0.8402133683492403  738532.5151475962
1.2402985598678136 0.17488142498314235 0.4976586134136389 -0.035819179993234376 0.005718368556143511 0.5380668498982574 0.8421213402154316  738532.5151488603
1.2431759445838897 0.17196728215752174 0.4960819482408073 -0.0291317786933936 0.009611829377210196 0.5324410777871157 0.8459110183057538  738532.5151499431
1.2465878864257356 0.16775442195199705 0.48762064840375346 -0.03464091009473053 0.01249195093596035 0.5251866869151485 0.85018992136858  738532.515151037
1.2510811232082069 0.16356903614027668 0.46846081425680847 -0.03458143886719846 0.015226521297935973 0.5204920236177422 0.8530300876788259  738532.5151523082
1.2547444372823167 0.16036393988664416 0.4428142379218 -0.033194389777502546 0.012862944702767626 0.5196537786775958 0.8536349497571952  738532.5151533661
1.2588686364532498 0.15707650028101405 0.4023633490150339 -0.02642095163754514 0.01805368266145309 0.5132144120604224 0.857663666661006  738532.5151546173
1.263251760868802 0.15334610781114782 0.36106561362318906 -0.03396718305241443 0.01420346292603889 0.5142463911851156 0.8568518782552078  738532.5151556972
1.2670415562182469 0.1494867032873532 0.3061096439432103 -0.03662870905980113 0.008660391134835844 0.5084083339508049 0.860293148448464  738532.5151569602
1.2692700981210676 0.14593979710712532 0.2576506217695966 -0.04263412459809891 0.011936478735877705 0.508387864626383 0.8599893202800651  738532.515158048
1.270176817884333 0.14303159340645005 0.2035370187890957 -0.03706664476972543 0.01800766164276158 0.5048767669378418 0.8622071898181244  738532.5151591351
1.2711907099462543 0.140797744919774 0.14258536931533417 -0.030308911292902568 0.016497660393402988 0.5027366086297714 0.8637506002552005  738532.5151604044
1.2724107082848897 0.13940047302535394 0.09481009929753688 -0.0396982228720742 0.01273979226992088 0.5004676309671611 0.8647507728518292  738532.5151614768
