-1.7699047349294685 0.18133350721104957 -0.05258247151541853 0.010997185407216547 0.0055386947794684 0.028001095501318716 0.9995320522244323  738512.6220100356
-1.7732608764291486 0.18000524073078888 -0.05254739191051061 0.012082073854332607 0.0159369428813466 0.03213248750692599 0.9992835136184287  738512.6220112799
-1.7722084028848313 0.1790842615456299 -0.05158559090435299 0.007937248139254933 0.02100520191123507 0.021962274610858732 0.9995065983166702  738512.6220123692
-1.7681135332615292 0.1766794354878282 -0.04410808774156593 -0.008527266181280574 0.00034673702429616004 0.011848813373263474 0.9998933798793526  738512.6220134496
-1.7629739807277796 0.1774496537457188 -0.025568101320971332 -0.0009330228942400478 0.010783812478620364 -0.0070482381016135675 0.9999165771184954  738512.6220147035
-1.7440686255807771 0.16973691134903965 0.007986073751607193 0.009214292274546555 0.012206014602285755 -0.032640749615501084 0.9993501345824427  738512.6220157691
-1.7548675441686534 0.1695098774689248 0.0215442178907231 -3.14544166086811e-05 -0.006423322013496233 -0.058239628983224406 0.9982819669616531  738512.6220170148
-1.7551447713433255 0.16752827918947855 0.04229809515191117 0.006215277137847661 -0.04283437525854799 -0.045277609815457316 0.998036334346455  738512.6220180951
-1.7649154297185592 0.16334661702872888 0.07360735584037185 -0.0014985916878433611 0.01155606605025971 -0.07507764188103745 0.9971096024259208  738512.6220193477
-1.7552768985598652 0.15145157675945928 0.12442269412774823 -0.016525834887232034 0.02383698684208361 -0.07249372760029386 0.9969470167958701  738512.6220204338
-1.7576433968309984 0.14699816115656253 0.1719942260473992 -0.012602451017447296 0.020857955609788585 -0.06461528270373894 0.9976126448463095  738512.6220216943
-1.7590961923500092 0.14514240553237448 0.2144522944460081 -0.014958925260422008 -0.021772857744759063 -0.057560378753231146 0.9979924729267572  738512.6220227693
-1.781960869437411 0.15167457517870514 0.2574173154681604 -0.0012513426023377985 0.017698117314493143 -0.04069971665712001 0.9990138857139295  738512.6220240074
-1.787577246922191 0.15468384652326256 0.30584850467799635 0.000908167280117065 0.03292244854319389 -0.03379883162286924 0.9988858426241916  738512.6220250641
-1.7881988649374723 0.15452425268914444 0.35461263130955856 0.0047325485604894435 0.05055333653113377 -0.036505711563196486 0.9980427326387169  738512.6220261581
-1.7655780513196455 0.1462439118638881 0.4210376555529403 -0.0008053265844676977 0.019989554429466448 -0.04915763524593245 0.9985906549031147  738512.6220273908
-1.7581275412641535 0.14406149669345916 0.45739591373308247 0.002719745812021089 0.020140303730108673 -0.05309133414000043 0.9983828330793814  738512.6220284717
-1.7494187097860638 0.1391714472976103 0.4835202393303692 -0.03021970313317739 -0.04527522388752339 -0.04936612978650467 0.9972962994388275  738512.6220297364
-1.749574591523305 0.14272726851182235 0.49574667019867624 0.029561808222177726 0.0023014286855048407 -0.06171236402197894 0.9976534403526405  738512.6220307967
-1.7501971008179429 0.14163970809889345 0.5099387495927732 0.006115232292044554 -0.002890465639812034 -0.058321052659882695 0.998274964105102  738512.6220320666
-1.7531817290998228 0.14236317808165821 0.5190091647405296 0.008077552973506564 0.01069918895769935 -0.0593831897164894 0.9981452385663637  738512.6220331533
-1.7533217327397252 0.142719319454505 0.5278339593129379 -0.002455367733940445 -0.0007971354867285834 -0.05910017395544073 0.9982487190989747  738512.6220344249
-1.758365448629324 0.14422811271584576 0.5263977505535534 0.013784495129980812 0.016979976425410687 -0.053876518762214116 0.9983080630850724  738512.622035499
-1.7571090478227327 0.14519421587381837 0.5327488450929908 0.01615588296622924 0.003061641102198152 -0.06224089671965841 0.9979256909083339  738512.6220367426
-1.7567869557183553 0.14516354614314964 0.5372222815222435 0.00955042142853512 0.001619001148276095 -0.06068528521986664 0.9981099460698719  738512.6220378183
-1.7702426838162608 0.1507143508127659 0.5314554303912593 0.0006086800781847821 0.016715505092292585 -0.05869982402422244 0.9981355379193736  738512.6220389833
-1.7520745650865626 0.1452376041077085 0.5448346092598977 0.021037114167294285 0.06543307132092767 -0.05907977374842715 0.9958842971645137  738512.6220401728
-1.7419315457112536 0.14369820592769686 0.546800575658642 0.04875252341541842 0.0457486076315365 -0.06925429386904262 0.9953562674445292  738512.6220412533
-1.721596927769574 0.13789346081051318 0.5533231795677371 0.08591327400571688 0.011500776285390741 -0.07122348530378679 0.9936870013417873  738512.622042517
-1.719312527148255 0.1304205147614458 0.5445826516232561 0.012932676464617654 0.025460253145823022 -0.049655636281161604 0.998358071622965  738512.6220436017
-1.684546693399739 0.11133011489188048 0.5510038909768955 -0.028208569492549056 0.03593187158511903 -0.05607809863576618 0.9973807818807078  738512.6220448689
-1.6727367256582468 0.10510997486768747 0.5497752372059339 -0.0024410483789639352 0.026259227453888277 -0.054355806283080635 0.9981733018768097  738512.6220459334
-1.633798786223044 0.08768727952026285 0.5623308340304187 -0.009068439089917765 -0.024472192236217827 -0.06517277454405175 0.9975326484270358  738512.6220470298
-1.6108761527807736 0.07388971772630103 0.5638045375488748 -0.018717169919046112 0.015107982056663378 -0.06479187853266195 0.9976088556666917  738512.622048272
-1.599422730036893 0.06298970151501553 0.5628524309557702 -0.010283126118542435 0.006882928256063926 -0.03870238567057591 0.9991741629762342  738512.6220493751
-1.582645907606994 0.04967798887284711 0.5622628135171411 0.0010288195308325555 0.04228810102603392 -0.05097529358558396 0.9978036768251801  738512.6220506197
-1.5640113296548104 0.03839212399105013 0.5606663199340961 -0.012303478974516599 0.02239224290305303 -0.048803705289676466 0.9984815522646839  738512.622051765
-1.5447966506256627 0.029700636603109534 0.5577469079035353 -0.0049002802224477355 0.021890417750078422 -0.04795946449216488 0.9985973596150219  738512.622052988
-1.5244929175324438 0.021174982513885672 0.5538338172669187 -0.0034236401183778196 0.018489946502769444 -0.04498894833693763 0.9988104900801759  738512.6220540578
-1.5037245230142084 0.012497288600032911 0.5502787421929273 -0.002992270055811791 0.01852576865029272 -0.041819602618124785 0.9989489291513811  738512.6220552861
-1.4846370068216317 0.004754919103554044 0.5475128386012359 -0.002400907264616736 0.012927705333343071 -0.04317729605727465 0.9989808963059822  738512.6220563625
-1.4642998305598538 -0.004342293003785242 0.5455942185837966 0.0006608110066834526 0.01671453320846477 -0.04140896927592761 0.9990022447281798  738512.6220574445
-1.441712364757831 -0.015433960543935428 0.5439132710132502 -0.003253043151623732 0.012020427272339748 -0.03689868725503325 0.9992414192362621  738512.6220587017
-1.4240505158601164 -0.02455684020316052 0.5427942700195444 -0.0030051731756211616 0.013928714405761166 -0.03488232387675731 0.9992898395011051  738512.6220597606
-1.4028542757216909 -0.03580624123087737 0.5416490023180165 -0.007767122191229549 0.01813739534225821 -0.03148987171628865 0.9993093088140212  738512.6220610121
-1.385147378007783 -0.04443198315189178 0.5408357854285623 -0.007404990326088225 0.02031516284225342 -0.029937508342763337 0.9993178702851212  738512.6220620848
-1.3627278121219255 -0.05444648539156502 0.540206341841876 -0.008315887875340357 0.01893481472933317 -0.026635384422007833 0.9994312758247575  738512.6220633301
-1.3419505957216062 -0.06298402258676399 0.540601896441118 -0.006052082156513574 0.018107626672623757 -0.0244282614928357 0.9995192575424915  738512.6220644419
-1.3204995118993872 -0.07103170434814078 0.5412124801005114 -0.00673007351851062 0.01816436742492323 -0.023426786384038473 0.9995378669896426  738512.6220656767
-1.3011290184715187 -0.07802966844244912 0.5417943755402754 -0.007945143432515653 0.016735597374299197 -0.023343648620570614 0.9995558356317277  738512.6220667317
-1.2744802434621785 -0.08108419835564076 0.5362966300018915 0.007027161357866699 0.014816270286234601 -0.023273905649808645 0.999594629064132  738512.6220679792
-1.257127831074601 -0.08891206885050233 0.5402584187044768 0.008026743486888057 0.015393394269785853 -0.020727726788303952 0.9996344212481082  738512.6220690499
-1.2361314898033648 -0.10031190440118648 0.5450470629217611 -0.003118836554918027 0.018761566503490965 -0.025083613170322334 0.9995044216166332  738512.6220703177
-1.2156048050409443 -0.10803898081016397 0.545735925039419 -0.009699650031359251 0.020594577238651525 -0.02584589793190137 0.9994067088716806  738512.6220713933
-1.1964873940463103 -0.11422909775273211 0.5445339111325622 -0.009931116921984857 0.016487648180589492 -0.02845847407766073 0.9994096485562495  738512.6220724899
-1.1730735548872582 -0.12046349075491618 0.5420362231146689 -0.006305543156176271 0.01843533213936379 -0.024229450334463463 0.9995165393283428  738512.622073729
-1.1537914054185858 -0.12523101141094883 0.5404717097017028 -0.004981198996189626 0.016868940266890557 -0.023549336508894216 0.9995679342900228  738512.6220748299
-1.1306416308392877 -0.13159316970982798 0.5398997371485531 -0.008484208300861776 0.015102045953743638 -0.022809797263096544 0.9995897456288431  738512.6220760839
-1.1118882973697493 -0.1358288533470927 0.5393977667209231 -0.0014867586929444077 0.015745064742759596 -0.02113115455497909 0.9996516177108948  738512.6220771422
-1.0894280664726925 -0.1419517577152201 0.539469354821005 -0.0015208605564892275 0.015461700623362436 -0.023103052355440412 0.9996123607523384  738512.6220784173
-1.069265159252653 -0.1475094080099319 0.5396587812619846 -0.0026474839744513837 0.017882386794740933 -0.01999704111012333 0.999636598678724  738512.6220795013
-1.0490471099013488 -0.15331408804062932 0.5396882377784589 -0.004344477039818032 0.01878444751027029 -0.019503613528251106 0.9996238688178294  738512.6220807626
-1.0286029488135164 -0.1590696241069462 0.5397057428281176 -0.004147567761308083 0.017743544005926204 -0.018187264344848467 0.9996685389384953  738512.6220819233
-1.0103468209784943 -0.16388743031426603 0.5397744417062093 -0.0030636756410027796 0.016065387582362454 -0.0198237393695996 0.9996697137408943  738512.622082924
-0.9881787125473543 -0.16971057717005447 0.5400360119801055 -0.0018178694185213475 0.01692151091843407 -0.020036322789926175 0.9996543920716162  738512.6220841442
-0.9687149120575517 -0.17515004018074604 0.5398707603393197 0.0001948475663666196 0.04859858182829753 -0.013546330377722283 0.9987265075144455  738512.6220852246
-0.9395269944752445 -0.18196645160663322 0.5393537968415277 -0.002758146754228614 0.07908631227365631 0.010056330516865544 0.9968132312795469  738512.6220865012
-0.9042173993012244 -0.18809402483560003 0.5383760441861581 -0.008512806075118149 0.06755840694021081 0.0388112384696977 0.9969238093018326  738512.6220875691
-0.8508769754592811 -0.1940310981101254 0.5360992019476991 -0.013701423280001353 0.06203515077531383 0.08897946330572198 0.9940053149647702  738512.6220888317
-0.7999583809728033 -0.1971370344028478 0.5341648883880674 -0.02114175752153758 0.043219454499914954 0.13609470361605577 0.989526824542563  738512.6220899033
-0.7464719555286117 -0.19733693519840115 0.5327976924299637 -0.03176350103302094 0.03563803205872612 0.1862154617865487 0.9813484663791598  738512.622090975
-0.6803453066504459 -0.19235726000460612 0.5326145388543257 -0.04785622996171895 0.029088554872139797 0.24913989546908705 0.9668469112092948  738512.6220922379
-0.626917429434142 -0.18137364826704297 0.5322408119201039 -0.04777534937815963 0.032682140241276886 0.302353335164266 0.9514367316937524  738512.6220933265
-0.5628071258040808 -0.16075001948438322 0.5325114692697251 -0.051840432849027666 0.020630873357911497 0.3647411581194723 0.9294357558003573  738512.6220945851
-0.5083638684043654 -0.1346865757803694 0.5333761741620558 -0.049421877419183524 0.027147094083165808 0.42114783067169687 0.9052375478490311  738512.6220956641
-0.4522710852346131 -0.09956993608009992 0.5330472540550046 -0.05991121735091566 0.014943681972816479 0.4887117785469692 0.8702575078182807  738512.6220969253
-0.41213532245529655 -0.0649576476243863 0.5324869928990061 -0.049835022966121856 0.01598761652178595 0.5340510639652255 0.8438307458735602  738512.6220979957
-0.36813105376703764 -0.01817288332675207 0.5322316306439815 -0.055370755751013946 0.019540623306963194 0.5903175134565346 0.8050325935978189  738512.6220992432
-0.33618704696823276 0.02468929741111279 0.5324306872918332 -0.05349861125875317 0.01630198753810017 0.6313551245582837 0.7734745312482414  738512.6221003124
-0.3032234647175759 0.08140276905389918 0.5323864239843416 -0.05597027021984813 0.01485714417912967 0.6781360208498758 0.7326514391880047  738512.622101559
-0.2815341170896268 0.13103657960902934 0.5321107895146382 -0.05723836245321464 0.011454259032740525 0.711956767485891 0.6997929201161771  738512.622102652
-0.26517892956134 0.18285090479196844 0.5317451941703424 -0.055988198287675595 0.011613136223689853 0.742143232120207 0.6677977835675427  738512.6221037256
-0.2520485134064813 0.24840935470779504 0.5313680327165841 -0.053019293095392016 0.016599545303721177 0.7728870713650461 0.6321067825709016  738512.6221049688
-0.24589368796505 0.30399857055571206 0.53117275794516 -0.04365919061570666 0.010830926950241303 0.7944696579288122 0.6056356402381353  738512.6221060333
-0.24264431629488584 0.37120421480825583 0.5321209600159581 -0.047399900970629356 -0.0017256389561532716 0.8135556968945971 0.5795493073143252  738512.6221073061
-0.24566741445237103 0.4299524520178122 0.5341086853328623 -0.04694312610798389 0.013154629269290959 0.8240652426935944 0.564393279924863  738512.6221083826
-0.2531884832468434 0.49499130237559325 0.5350419535357985 -0.03337913644948149 0.005475861098095365 0.8321086186809719 0.5535802515552432  738512.6221096562
-0.26094557954997366 0.5461917483884886 0.5339868544265114 -0.028408060482804087 0.012579108934912148 0.8336623578242337 0.5513998741974362  738512.6221107249
-0.27059671786911493 0.6076013728402696 0.5311653202141422 -0.030969324979746783 0.01869168767170589 0.8322358074195981 0.5532405286771134  738512.6221119706
-0.27859281390263174 0.6578147748689279 0.5282411806075596 -0.030187422577994377 0.020395319735373105 0.8277186997194736 0.5599593776209961  738512.62211307
-0.28637442111200406 0.7078009031703053 0.5253563684294371 -0.02565006887614501 0.026638317797138347 0.8209210510982095 0.5698430501948749  738512.6221141366
-0.2943513495392179 0.769704098121331 0.521695832060445 -0.017249584107332256 0.026635692295301928 0.805505652015365 0.5917378104493374  738512.6221154099
-0.30000300462568136 0.8264861203327604 0.5198750412639079 -0.016830438823711994 0.028696378140912932 0.7893008131204555 0.6131047876325733  738512.6221164968
-0.30352456241081277 0.8893983400952562 0.5190348916843076 -0.01439552092258105 0.031625152472958315 0.7751676522845956 0.6307992783445602  738512.6221177551
-0.3033512309033149 0.9406852029592611 0.5190983571811217 -0.02067681992429492 0.03084329059436093 0.7731849895041526 0.633092514999659  738512.6221188218
-0.30098494244287466 0.9984785064801668 0.5203394958593831 -0.007868343359253833 0.01586813343074802 0.7802325394779861 0.6252387350875966  738512.6221200608
-0.2969642062945625 1.0526865204468656 0.5217286110066043 0.059119773807794325 -0.04326793889961743 0.7796891436875086 0.6218662050828409  738512.6221211255
-0.2877526187477298 1.088735396914589 0.5213843113491703 0.06290230119654587 -0.05649698334960605 0.7794970086614132 0.6206736701878711  738512.6221223908
-0.2774142886812736 1.0999158769250565 0.5151066966804886 0.05391598798218602 -0.06666511119364844 0.7789116970184281 0.6212450381591115  738512.622123468
-0.2642661615816657 1.0928777285781128 0.4969037595750878 0.02054341067928173 -0.03399496696077375 0.7837826684502572 0.6197636962068627  738512.6221247062
-0.2532503582740385 1.0782204675149878 0.47361869660420425 -0.0007109130502677488 -0.023495297867783167 0.7857000481665054 0.6181609012966529  738512.6221257916
-0.24372788454689234 1.0589938938456926 0.4430696706943088 -0.025717283285439308 -0.0039055484079938553 0.7878489220977927 0.6153189774266641  738512.6221268554
-0.23542049005267643 1.036106696499594 0.39943229627780596 -0.03593459485575372 0.006880284771764511 0.7914748332818449 0.6101056915449062  738512.6221281115
-0.2308185803378632 1.0193657046913158 0.36067052578326586 -0.0516720337329027 0.019959909304653616 0.7911046814650363 0.6091674530985378  738512.6221291877
-0.22875594745255917 1.0059028812062043 0.3077464015911719 -0.053469217996237786 0.02044707931257241 0.7916668966878739 0.6082651431432244  738512.6221304316
-0.2296461321062764 1.0004223761848852 0.260744757720002 -0.04472569134189283 0.017288538084050918 0.790911338037118 0.610049157321967  738512.6221315104
-0.2332387773740387 0.9992215802264264 0.20162232950676826 -0.03459182671566314 0.009355335279495572 0.786560353566324 0.6164727840090763  738512.622132752
-0.23819704371702138 1.0010045579472326 0.14592376228416876 -0.023061271443704158 0.008106851881993386 0.7820698262502268 0.6227112039950007  738512.6221338495
-0.23731944729267765 1.0100594501862448 0.07928929137371686 -0.01190591466287401 0.009360874783341347 0.775673002529795 0.6309532600484314  738512.6221351112
-0.2399879542570846 1.0126396961445472 0.012627802665647959 0.006514953853648175 -0.01454989594743405 0.7605924348273428 0.6490339004918141  738512.6221367815
