0.872420181336021 -1.9854653747103623 -0.010659087153936389 -0.024029559618532016 0.02167549388607567 0.891511217347061 0.4518412360262126  738511.6362164791
0.8726077034536521 -1.985387598326566 -0.01063579048433998 -0.02324047014129166 0.021075567148005632 0.8908487473893328 0.45321541268127497  738511.6362175717
0.8741165084692949 -1.9851415387347644 -0.010272041303620152 -0.020427303637877155 0.019239674342197643 0.8892695388139831 0.45652190257955616  738511.6362188227
0.877965450666652 -1.9846286091602972 -0.004317586539635809 -0.01624194560718157 0.01742305481767112 0.8853864312815565 0.4642450900830548  738511.6362199156
0.8887484929622815 -1.9863133108118145 0.01134355268576579 -0.015861169563924474 0.014665041100799813 0.8766930617800514 0.48056491267704443  738511.6362211659
0.9013450986378047 -1.989127381154462 0.03239971868861725 -0.017976128791885697 0.012638191130912276 0.864810272095341 0.5016177112074277  738511.6362222602
0.9141662327446549 -1.991545265797331 0.053325723270920236 -0.025512119116590803 0.014109823487629644 0.8556368315718078 0.5167549294560106  738511.6362233257
0.9285490135151053 -1.9905429216592034 0.08145003336916057 -0.03482095810624637 0.011480882233818995 0.8447834600522178 0.5338507243058673  738511.6362246062
0.9383343345232661 -1.9885023148604573 0.10727735992565615 -0.04104091201640419 0.009118887851000769 0.8386939774793799 0.5429778094591345  738511.6362256758
0.9458798572379106 -1.9838761076447173 0.14488032541343848 -0.045948422665537995 0.004204987928561882 0.8317502419222284 0.5532292432557995  738511.6362269362
0.9490953539029092 -1.979542749441882 0.18438841016170376 -0.04761537932359549 0.0019288139506230245 0.827915642850043 0.558824430078727  738511.6362280227
0.9494657727971266 -1.975617316630835 0.22588156174736942 -0.04625012784699795 -0.00025456062347490005 0.8254928040787923 0.56251443651444  738511.6362290963
0.9481812688182871 -1.972106052174427 0.2824568316362771 -0.04499681374720272 -0.0015501131472916954 0.820776789245634 0.5694719888962567  738511.6362303701
0.9449528768443529 -1.9696055781442383 0.3298615897430679 -0.043963383227705585 -0.0015654732897966241 0.8054675833594511 0.5910048581743118  738511.636231448
0.9394761063336836 -1.9675096094142197 0.38254808889404496 -0.0394338556752846 -0.00013261484120851875 0.7707173035445632 0.6359558093585453  738511.6362326853
0.9352583709510438 -1.966744720131176 0.41801605881195714 -0.03374032007250993 0.003247251679125505 0.7412712508309983 0.6703491469744585  738511.6362337645
0.9319702186307207 -1.9670827499278205 0.4513185517582166 -0.027686633021070425 0.00534640394318888 0.7072177349440746 0.7064332535331315  738511.6362350455
0.9307105964777487 -1.968842374749751 0.4708624590383621 -0.02519076671583453 0.0068077673204516844 0.684252866461103 0.7287778086057114  738511.6362361255
0.9305193191241448 -1.971830787499443 0.48663945726022595 -0.02415409202019961 0.00841266587972551 0.6641908930287129 0.7471253338692222  738511.6362373664
0.9313148304166098 -1.975105631290061 0.495980446204435 -0.025591066847708673 0.009637141780154923 0.6523865267009592 0.7573929248249973  738511.6362384656
0.9326497667883393 -1.9781235201069025 0.5025308767534935 -0.02703611573671 0.00995969474535083 0.6456286560854817 0.7631077848952306  738511.6362395253
0.9340770399194656 -1.981769214281227 0.5096941630640208 -0.02846633406735252 0.009862150092973592 0.6410325236229627 0.7669222317014194  738511.6362407776
0.9353220927058182 -1.9841750028286906 0.514536049696321 -0.028731277303090247 0.010037103602568482 0.6399300150920443 0.7678302846593773  738511.636241854
0.9358646560245165 -1.9881256299702237 0.5199380536931311 -0.03333895711364278 0.017595309334222407 0.6393158805012 0.7680196117072682  738511.6362431337
0.9396577602906816 -1.9844848213417385 0.5236639028005721 -0.05106527172499018 0.05315461077563855 0.636777210141917 0.7675165861535634  738511.6362442386
0.9569288088415242 -1.9499762975630368 0.5265143626660258 -0.07588054168664297 0.08106542822876588 0.6334148562367488 0.7658042567379783  738511.6362455182
0.9793763313897048 -1.8951810429136913 0.5267854012356827 -0.08299847696083465 0.09238305052410187 0.6331400004093752 0.764009400910525  738511.6362465871
1.0043989184783286 -1.8313381797505193 0.5271483014223869 -0.08158084680873497 0.08386314666991225 0.6353997826770161 0.7632684024893152  738511.6362476614
1.0358439022499035 -1.746885648381557 0.5297026809233258 -0.07034361641745401 0.061002144277812274 0.6399357631760897 0.7627664996780199  738511.6362489072
1.0603666243416936 -1.6775445772020636 0.5335160674987219 -0.059820430485238704 0.0440522691789445 0.6434898112445159 0.761841044116976  738511.6362500109
1.0881793432242695 -1.5970995141696849 0.540112635209627 -0.05041160095265625 0.026233192353994354 0.6482432364141967 0.7593096842208431  738511.6362512602
1.1088625035988156 -1.5348401593190788 0.5454608546283244 -0.04640021014444825 0.01936841178996619 0.6511153793643101 0.7573114602847074  738511.6362523608
1.1318759153557472 -1.4621147650724735 0.5505064471741304 -0.04638893111739908 0.01695765508963618 0.6546069614832771 0.7543541813904644  738511.6362536099
1.1519124883355902 -1.3961626863777212 0.5538225815826271 -0.04907437517780992 0.02119291888793295 0.6584949527463615 0.7506843298600845  738511.6362546835
1.150972075382164 -1.3540401193229623 0.5493507624711137 0.013444107904362162 0.1488132922060299 0.6195231880960709 0.7706262903877205  738511.6362558109
1.2002009779414688 -1.3322437921457668 0.4391614904682589 0.15344005317816017 0.35841608223276733 0.4533803956153801 0.8015237232604154  738511.6362570523
1.1959336800877676 -1.2630209524370812 0.3426386650279992 0.1156002639404005 0.3695873731271242 0.5862758377708556 0.7115633454921515  738511.6362581445
1.2246079436369397 -1.154494742651066 0.23310722487104135 0.1650598961055232 0.39365170249820935 0.781011135258075 0.45586749656099423  738511.636259217
1.2771110712113618 -0.9514849448306673 0.09616875217590783 0.15232506076041286 0.27742081580889044 0.948059957237073 -0.031891759184865406  738511.6362604874
1.2962337051582258 -0.8382632327682169 0.02126588289801157 0.02456704655439273 0.13736968904645308 0.9251931297360789 -0.3529074970074087  738511.6362615878
1.1899408526781188 -0.8058006485687677 0.00776343141753751 0.016707150200413072 0.1043419507948377 0.8865442890961217 -0.4504140893750558  738511.6362628218
1.1883662352984559 -0.7582002546509616 0.03605005508529887 0.0858259062415633 -0.1157526027912409 -0.8538067618933619 0.5002492000093951  738511.6362639152
1.1445407443489157 -0.7314874950287578 0.058000686995406045 0.281754040467416 -0.07354890758167032 -0.7434930862843323 0.6020159877621416  738511.6362651612
1.0800412016679213 -0.764675907595011 0.06590588800396321 0.4954167154772497 -0.12805818487787682 -0.5499804003298614 0.6600643442608628  738511.6362662115
1.0072213856374088 -0.8034487274825695 0.06452596696928223 0.810662783221469 -0.2756262738097222 -0.3143755578211405 0.40990732822192455  738511.636267479
0.9981245855632432 -0.7722555343175607 0.06965803504975435 0.8319466469727692 -0.3432761650476995 -0.1003796384605107 0.4242053503710772  738511.6362685435
0.9915653187435127 -0.7765438341691699 0.06696010061402455 0.8173866743542654 -0.40077589032904454 0.09883139318393198 0.40185826610928244  738511.6362696042
0.9949729502781615 -0.8183599742170772 0.0482008394897596 0.8207232729330475 -0.45536993329461734 0.21098738444142917 0.2730125578135314  738511.6362708819
1.0099767966259217 -0.8472081671615581 0.05571809227186573 0.8340492576440508 -0.5278514854859435 0.1305592042946782 0.09321447992469221  738511.6362719383
1.0249237439591774 -0.8341662192611249 0.04867635343782577 0.8149187343249572 -0.5783054913744524 0.025116046164144912 0.02897238888051101  738511.6362731927
1.0333680161635619 -0.8326359369226752 0.04907970070560828 0.7954811656780377 -0.6027416820164554 -0.03394455261558848 0.052535199240243524  738511.6362742584
1.0298090864857 -0.837802768518316 0.048678732262896575 0.7774654709889613 -0.6206286412186443 -0.08469488723141821 0.05651820234109892  738511.636275522
1.0231689398915684 -0.838881976444333 0.04873570497458905 0.7745023927748723 -0.6242228709476924 -0.09691518302648511 0.033155667249522826  738511.6362766121
1.0147625210093805 -0.8315635210407449 0.01891846103411048 0.7774732591478918 -0.6157558505287833 -0.12005977182528119 0.044336385044240874  738511.6362778596
1.0031873515090008 -0.8376221140583369 0.04523041547967581 0.7860683820518369 -0.6150805870097433 -0.05116594298651781 -0.03397670526194932  738511.6362789478
1.0042389668345726 -0.8407564231310674 0.04511610565182472 0.787384507702796 -0.6104645392798398 -0.003935039501727261 -0.08569246627095399  738511.6362801761
1.0048361753057466 -0.8414626285208812 0.04518525116282969 0.7848625662541889 -0.6088008271302945 0.007921735575732546 -0.11528031524864245  738511.636281252
1.0046397820570827 -0.8415322863942278 0.044931929804289866 0.782922514528842 -0.6066606694699261 0.018280734060453326 -0.13660520899419384  738511.6362824965
1.00467483786402 -0.8415069981536796 0.044945305549690756 0.7818639531114374 -0.6055277086439423 0.02314795206656647 -0.14659169555093102  738511.6362835661
1.0046804890666858 -0.8415544014560116 0.044902942057362505 0.7810301652497754 -0.6045595574215212 0.02682530840593948 -0.1542077343362814  738511.636284814
1.0046970175242285 -0.8415696801212833 0.044882693046488654 0.7805628815047438 -0.6040371799341071 0.028696067121397485 -0.15823150446743076  738511.6362858916
1.0046926018401345 -0.8415686353832176 0.04487708325485925 0.7802886336831585 -0.6037306699305541 0.029854568268749496 -0.16052299238290002  738511.6362869763
1.0047412824380304 -0.8416075711508118 0.04480244259466691 0.7801003421516072 -0.6034829223521169 0.030546820661439086 -0.16223042363185844  738511.6362882209
1.017486750044502 -0.8316208689329133 0.00409298738188319 0.7864711523983435 -0.6139915369398494 -0.06621841563588642 -0.009624990500567135  738511.6362892996
1.0020038984930022 -0.8298414455106267 0.04281710635675782 0.7699624046353348 -0.6033136998789285 -0.13777027451560483 0.1555307893841792  738511.636290564
1.0005431001831722 -0.8295984402910453 0.044642865435478046 0.7948323755288603 -0.6008577714789346 -0.040621414466585376 0.07457435183259116  738511.6362916379
1.0018898279810793 -0.8311810790025895 0.04485689529350899 0.8081504406648922 -0.5879491100005171 0.03419154945279094 0.0062966061301200724  738511.6362929298
1.0061407741835449 -0.8332160734692257 0.044677331961111 0.810646243443148 -0.5814138108586124 0.06270336499904827 -0.029646864120413924  738511.636294006
1.0054701235121275 -0.8376822095549866 0.044037480370216785 0.8065516148650288 -0.5843891789339279 0.06125796821329808 -0.06489407857364506  738511.6362950915
1.007318678199225 -0.8409436894636267 0.0430711562227942 0.8029083087821128 -0.5856715640170265 0.0472757376440591 -0.10045930231047595  738511.6362963368
0.0 0.0 0.0 0.0 0.0 0.0 0.0  738511.636297422
0.9896493454613536 -0.8562251034348819 0.07805529755583321 0.7841920414142002 -0.580793608571609 0.07635975302850845 -0.20467245672640766  738511.6362986705
0.0 0.0 0.0 0.0 0.0 0.0 0.0  738511.63629976
0.9220681699908033 -0.9689395016412545 0.2820930005197622 0.834836471084334 -0.5434099971735652 -0.0861191905546889 -0.01836100589529404  738511.6363010068
0.9121233880077879 -1.0490854548392443 0.4199868078775797 0.8362664306139814 -0.48748843488435795 -0.1993431953521556 0.15256399755165892  738511.6363020842
0.9306426560374601 -1.138861764598009 0.5664271852892491 0.7992287579017043 -0.39988243200751816 -0.296881707321451 0.33643526119084477  738511.6363031864
0.97334514227341 -1.2252108766039478 0.6823245179001437 0.7247450121637894 -0.29331860118667874 -0.35334687757690403 0.5136680344816595  738511.6363044232
1.0310725240727423 -1.2972060638083065 0.7824684187434674 0.6219643971761128 -0.1713732493833458 -0.3632865081217857 0.6721714149365681  738511.6363059325
