-0.8555547183523959 -2.4221341827869027 -0.03282764600315863 0.002541458760677937 0.013468682296069096 0.5556285884400964 0.8313176332140689  738511.5976404283
-0.8557793124575054 -2.4221988969683963 -0.03277489148047831 0.002297307751520082 0.013265922849892746 0.5560520026538348 0.8310384515849403  738511.5976416733
-0.8571702166291221 -2.423487131727654 -0.03260112361740187 0.0032371025151871225 0.013744385965920489 0.5568049239145031 0.8305232626039384  738511.5976427682
-0.8577067987398181 -2.426106034261369 -0.027996238658183417 0.004776836598312395 0.011742296375771687 0.5579312388416853 0.8297903548683361  738511.5976438274
-0.8582006438928181 -2.4327057617632217 -0.012119153260586019 0.00278781458334938 0.011442232464846823 0.5595567083402836 0.82870838873361  738511.5976451006
-0.8593277248252509 -2.437745369159067 0.008467977177741419 0.002640258454801137 0.010145945500327238 0.560715740802707 0.827941994853062  738511.5976461737
-0.8642559498736858 -2.4281413077515936 0.04801772010535459 0.0006795650474337744 0.012547734420723612 0.5618083347836704 0.8271719818271486  738511.5976474342
-0.8601171292227489 -2.4477755883278483 0.06389927705334296 -0.05810012106495673 -0.0257039502805084 0.5625044409887718 0.824349705367888  738511.5976485134
-0.8569385588974685 -2.4543298879534166 0.0969794288852933 -0.03194132260126212 -0.01293082791589661 0.5621108014764912 0.8263437495760154  738511.5976497716
-0.8530319170551394 -2.4602074402997203 0.137092377824965 -0.030990625697654314 -5.687404240276708e-05 0.560202039530579 0.8277760885589719  738511.5976508663
-0.8501687459522583 -2.459744779010788 0.18024201167154555 -0.025479862758089382 0.00530599362210344 0.5599781365068057 0.8280984903137285  738511.5976519422
-0.8482757779532377 -2.4566685658271554 0.23667789682951304 -0.02422083670644359 0.009345498235290973 0.5606632211300308 0.8276368558758559  738511.5976531815
-0.846536969781692 -2.4516955673488225 0.28456845959322735 -0.022531408398146806 0.011471751472414301 0.5627807597813811 0.8262194327015328  738511.5976542492
-0.8451311613185266 -2.4441199384737313 0.3391261692481329 -0.01954515163714267 0.011437388914956617 0.5789728345197107 0.8150322877472406  738511.597655498
-0.8437704938986571 -2.4381506190784057 0.37825816932152273 -0.015865450036093635 0.010254802573841993 0.603527300799593 0.7971185129633368  738511.5976565972
-0.8423105943948375 -2.4310798457213245 0.4189881615278299 -0.011813965342712496 0.009587552840996987 0.6364395365356033 0.771176520251848  738511.5976578463
-0.8407109321599963 -2.425965462997223 0.4460599140788804 -0.010654200207998234 0.009442045749860137 0.6604057185865861 0.7507740156985458  738511.5976589315
-0.8381128347235932 -2.4203990633837367 0.4677300820699243 -0.009426328319610136 0.008342817196101767 0.6816915096074743 0.7315314261634467  738511.5976600132
-0.8342669718760564 -2.415782558689374 0.4844707513848637 -0.009135517616154148 0.0054022221536968425 0.6978667958302761 0.7161489325491387  738511.5976612718
-0.8314987907110635 -2.4132474693158397 0.4935489473625348 -0.00943166258453506 0.0039515902656453335 0.7069787415912289 0.707160864028367  738511.5976623434
-0.829037230422761 -2.4111067165324163 0.5004037502470388 -0.010724927699843718 0.002926101372909146 0.7147300061768281 0.699312113528044  738511.5976636027
-0.8275589642569137 -2.4101763695424325 0.5058901128002358 -0.011030403865508118 0.0013778615232702249 0.7184068464632 0.6955343518784581  738511.5976646877
-0.8271659877872163 -2.4111625320694956 0.5135953505083413 -0.011697955342845363 -0.0001827504634415221 0.7206600745428383 0.6931898595644456  738511.5976659309
-0.8279839598139954 -2.4133462339295635 0.5196967684280236 -0.012801578686869158 0.0005149477900088478 0.7207252348013639 0.6931024385561031  738511.5976670509
-0.8298949703933008 -2.4129926583145993 0.5264656396371505 -0.03534697182547512 0.026583872809838375 0.7191476512546553 0.6934483001522984  738511.5976682677
-0.8304894862241889 -2.3909558771368546 0.528892484279915 -0.05751148098311327 0.05132341644978229 0.7171276865917213 0.6926660216891378  738511.5976693663
-0.8301568359314854 -2.333015149952454 0.5261481220400325 -0.08109416903213856 0.07590747497190788 0.7155719811585414 0.6896510210049837  738511.5976706102
-0.8300594091750038 -2.253836575677277 0.522837970925938 -0.0845354487892761 0.0786839922760119 0.7162475740635447 0.6882238007404214  738511.5976717111
-0.8298825206214342 -2.1690482791940857 0.5235788549508518 -0.07541700263124779 0.06866975004752807 0.7182553481521217 0.6882630282046268  738511.5976727927
-0.8311490749059351 -2.061760065879385 0.5293581819147603 -0.05533941130064649 0.047382508953080396 0.720868429852132 0.6892322933849887  738511.5976740381
-0.8330269705940196 -1.9747053146204858 0.5358465730158768 -0.04481165997438798 0.03622129106945428 0.7214760010502655 0.6900379070109982  738511.5976751263
-0.8357024900839595 -1.8736739777492268 0.5440040091603333 -0.027597631825622387 0.022370385533732065 0.7215969352231277 0.6914013303756936  738511.5976763677
-0.8372848075484626 -1.794573931752873 0.5497013135720608 -0.026181936515747364 0.021753415005345268 0.7208072930397618 0.6922991704722616  738511.597677456
-0.8384182450055807 -1.700795761002462 0.554638327291335 -0.019673685594485332 0.017995861544623522 0.7203714764693286 0.6930757757646674  738511.5976786916
-0.8389187162898629 -1.6254991985169138 0.5571692041158823 -0.025130903082822134 0.02335287312849516 0.7198317659201748 0.6933003027542459  738511.5976797863
-0.8389373026400784 -1.531128941047719 0.5589340842362402 -0.026665655612649344 0.024889793888679037 0.7203320504537829 0.6926696023790676  738511.597681071
-0.8392150807860715 -1.4522225795988573 0.5599015546986157 -0.02942168838758681 0.025289433895618604 0.7202855943326033 0.6925918505025824  738511.5976821167
-0.8403919866911448 -1.363995458866438 0.5603719533613527 -0.029413709130324987 0.02415942804074509 0.7200380140774497 0.6928899003704291  738511.5976832003
-0.8423492648900175 -1.2664580408223964 0.5603712677389654 -0.028000213033712307 0.021990942107220985 0.7196203297715914 0.6934543730590569  738511.5976844418
-0.8443625182207544 -1.1891416302292261 0.5595545490622039 -0.024290405083890652 0.019319127665207873 0.7190802178121413 0.6942336695078679  738511.597685572
-0.8465949533710107 -1.0966289636487452 0.5575695875754111 -0.024546693347941774 0.02137395393715242 0.718277115820521 0.6949953948245473  738511.597686778
-0.8477826148328726 -1.0189429424287844 0.5557291431206633 -0.026628425858637898 0.02407097201514685 0.7177126067768049 0.6954136390064408  738511.5976878912
-0.848940631124719 -0.9237037851834846 0.5548143347962896 -0.024682691619575786 0.023221135796370286 0.717313389080886 0.6959260344548356  738511.5976891159
-0.8494140657922487 -0.8449065111214548 0.5549081011107391 -0.026930340131457956 0.025516877283885905 0.7167285051829732 0.6963647719494892  738511.5976901798
-0.8494119035919382 -0.7483619578444612 0.5560726326526685 -0.023994003384115364 0.022906850855699365 0.7150285667932981 0.6983077492445575  738511.5976914195
-0.8492394425913902 -0.6693227727497655 0.5570032295452543 -0.02647878723317474 0.025616260239555298 0.7118848294157747 0.7013292170483654  738511.5976924922
-0.8481574853771489 -0.5720275020559882 0.5565466341198813 -0.02242902896216452 0.024472310559696005 0.7062715073688336 0.7071623594017429  738511.5976937488
-0.845754545081412 -0.49289667103138673 0.555777688649967 -0.021714848356925588 0.02561817242231874 0.6986313045687985 0.7146932732851728  738511.5976948214
-0.8415339231717277 -0.40585610871971095 0.5551944887694574 -0.019265870090644673 0.026778148101854173 0.6862118973959735 0.7266532797050487  738511.5976959021
-0.8338332901377872 -0.30861201852622694 0.5540502999162781 -0.017397484578034247 0.0317878376130897 0.6673779943650759 0.7438369939358285  738511.5976971638
-0.8236388016345702 -0.23058609802653918 0.5527242109413468 -0.008658129763137788 0.03127714913498487 0.6474408307649706 0.7614244200111772  738511.5976982401
-0.8044963698680226 -0.1383617298823242 0.5514353750787302 -0.0045224155194905375 0.03692894769634582 0.6155249821090587 0.7872387166416249  738511.5976994985
-0.7823980529780565 -0.06471574163122558 0.5501706795447214 0.0008954273379610582 0.0404173981914792 0.5828977562389034 0.8115391782933008  738511.5977005657
-0.7468317635122897 0.022415202726712772 0.5488366182036946 0.006227625761761971 0.044889743783863276 0.5350164546081362 0.8436252253690205  738511.5977018334
-0.7105086426274421 0.09015210232702801 0.5479966824194603 0.012098521028019919 0.046919720447933654 0.4903366063023759 0.8701851401523076  738511.5977029066
-0.6561267636692345 0.16663687544434236 0.5474128092139521 0.019359542292845575 0.05042276349341798 0.43181896933967534 0.9003416744560472  738511.5977041752
-0.6036614140082721 0.22340874961711651 0.5464730703046523 0.02548011844546283 0.05244007763036364 0.3837279708877509 0.9216038444909483  738511.5977052265
-0.5297160867255464 0.2835580794287012 0.545416712698925 0.029698508075108692 0.05197240822491796 0.32788900934836623 0.942817938389996  738511.5977064834
-0.45619773515572665 0.329592483778443 0.5444136414511594 0.032668339429333115 0.04892814457627399 0.2796964264820325 0.958284261208768  738511.5977075807
-0.38578830825542804 0.3641389769647038 0.543624396951094 0.03303537099375959 0.04377825549606697 0.23696295473096773 0.9699694256491774  738511.5977086594
-0.2968531331043582 0.3978102370554884 0.5432178864943406 0.033807994314953516 0.039115431559839486 0.1821888360367444 0.9819033712936645  738511.5977099057
-0.22251333351760821 0.4182396629454243 0.5427146745820437 0.03719080432834402 0.03527321026521921 0.1333219584694718 0.9897463817063747  738511.5977109945
-0.13076230275589115 0.4327658737401227 0.5417698092904684 0.04172588274854184 0.032742707877438396 0.06920614660790224 0.9961914349468145  738511.5977122448
-0.05534823895156002 0.43586989367297296 0.5401761850926733 0.04620606912279173 0.031124429921710134 0.01467909518185285 0.9983390171694736  738511.5977133259
0.036309610054084694 0.4277126562303911 0.5374820806611934 0.05183941509902239 0.029693509341507232 -0.05114033459506661 0.9969030227272269  738511.5977145763
0.11803539904319679 0.40862890068848834 0.5355318858182314 0.05501318182924003 0.027171976344900615 -0.10843597927729093 0.9922080789454952  738511.5977156764
0.18899930808441365 0.3826007115510208 0.5341035689319322 0.05684986485588736 0.025415811542421618 -0.1553167051418427 0.9859000205362557  738511.5977167373
0.27251795632878706 0.340481820902826 0.5328430027706179 0.056076947148722606 0.022380376847980495 -0.20587533176495137 0.9767137976404823  738511.597717993
0.33759087033383683 0.29949786170387854 0.5323443833055599 0.05381262440815485 0.01952554155011578 -0.2425491787575691 0.9684486824636143  738511.5977190734
0.4126808079164527 0.24323356783044583 0.532277793333027 0.04982438562085435 0.017331144141540262 -0.28140548012131067 0.9581378386213251  738511.5977203359
0.4708179212214957 0.19310838070623426 0.5323412297181143 0.046428287658210325 0.016140748957720545 -0.3081301100709321 0.9500735369411599  738511.5977214306
0.5324982377075993 0.13478312809806045 0.5323860510550458 0.042280218796330676 0.014687380422501837 -0.3331971880886869 0.9417941907893951  738511.5977225191
0.5915855289936625 0.07405248677616182 0.5319718164939694 0.03871412615197792 0.01441366025996993 -0.35380639736827885 0.9344059588933916  738511.5977237518
0.6533461095320974 0.005214142166891639 0.5312324879611581 0.03557132837406341 0.014216903952243691 -0.37214875904449946 0.9273822628136449  738511.5977249935
0.7073208824726334 -0.05924479891199161 0.5302143830445232 0.0340161529904427 0.014298908935077759 -0.3850221378803638 0.9221693965216106  738511.597726082
0.7544910134704134 -0.11880590802463808 0.5292305910653029 0.03231527501090417 0.0141636610949297 -0.39363955660621003 0.9185875098107006  738511.597727164
0.8088736378213038 -0.19130177022880035 0.5276092313400689 0.02830132354776105 0.01211777140150453 -0.40124651356815305 0.9154525820877386  738511.5977284025
0.8577629888228891 -0.25842134383504445 0.5257384829955343 0.027761111227364337 0.016380070473352562 -0.4057773143449177 0.9134034076779743  738511.5977296251
0.905806207607712 -0.32551959337177055 0.5243422714446037 0.024278135932761558 0.014751346624651225 -0.40878105561355055 0.912190231508681  738511.5977307138
0.9488268585035202 -0.3861378463815743 0.5237259238999823 0.02425779445335389 0.020754069421464936 -0.4103969098724895 0.9113480149634494  738511.5977317811
1.0035059924467808 -0.4619277182198786 0.5229645768262755 0.022773212120848832 0.022744997166790154 -0.4118759467273421 0.910671318545301  738511.5977330292
1.0491695048729188 -0.5247736502856426 0.5225120556314021 0.021457348245368716 0.022201879914889817 -0.4100667611585171 0.9115327257578224  738511.5977341031
1.1021172082601967 -0.5973655361362658 0.5219644694586587 0.001669007488600385 -0.00879894745070944 -0.37773085636558446 0.9258721256669762  738511.5977353617
1.127573505739156 -0.6361447540319345 0.5186231284478604 -0.026778928086144876 -0.043353738545856196 -0.3224385549778068 0.9452178164997095  738511.5977364425
1.137363992591709 -0.6558518557266855 0.5100127718943895 -0.05271665267560824 -0.06248815678084941 -0.2397791807845497 0.9673789998005443  738511.5977377045
1.1319947297761408 -0.6543704440460265 0.5022295824379357 -0.05611680898362503 -0.05947540877658342 -0.17400065203730966 0.9813446655436329  738511.5977387753
1.1180942394195694 -0.6427767148217111 0.4920687205181084 -0.039446757285032226 -0.040805272751686474 -0.1078301168468677 0.9925480083885853  738511.5977400265
1.104803828911872 -0.6318853668956596 0.4800056369408213 -0.019411527717001286 -0.022400379503879905 -0.06814477593965253 0.9972350300214633  738511.5977410912
1.0922696208095972 -0.6244351405475884 0.4629496699151906 0.0022182876625323495 -0.004563845574067569 -0.03496886213856877 0.9993755196091988  738511.5977423519
1.0856783822114164 -0.624412010302082 0.4494906724020801 0.014441648706323756 0.005991451227491172 -0.01738156491732916 0.9997266738943482  738511.5977434106
1.0819773151710383 -0.630932534033178 0.43040628012860155 0.01893306616242339 0.010196979292436712 -0.0038043972126658144 0.9997615151529124  738511.5977446658
1.0802911064514282 -0.6393843619399256 0.4093769951329876 0.01700866965094654 0.010315256051249362 0.002820111052129834 0.9997981534404611  738511.5977457477
1.078631573205296 -0.6491328992318294 0.38355139488028916 0.011809266527542252 0.007443780413540339 0.007417282783648023 0.9998750498303995  738511.5977468321
1.0753669348173605 -0.6583398430683653 0.3581347616805601 0.004867041473410798 0.004504992006486912 0.010460788953056355 0.9999232914823003  738511.5977480798
1.071278362327018 -0.6635737422991966 0.33846700329692053 0.0012341493229245624 0.003037849579042762 0.012057654341601559 0.9999219276109322  738511.5977491532
1.065149244707784 -0.6680005715328492 0.30986018837132956 -0.0005481456773607609 0.002484648069650865 0.013636759049302394 0.9999037778021032  738511.5977504253
1.0593668914541805 -0.6708161972012773 0.2832719096605556 -8.648535781234428e-05 0.002574026430997167 0.014868355478161156 0.9998861429750842  738511.5977514803
1.0521472512435672 -0.6737750009107618 0.2542904737480557 8.908579829182174e-05 0.003395595617640803 0.016484742598409777 0.9998583475950912  738511.5977527439
1.0456873693706439 -0.6758316846526787 0.2306391043207066 0.0015884583380629345 0.003537392097063998 0.01769800660623812 0.9998358586385194  738511.5977538133
1.0384871479691768 -0.6795877079703982 0.1969205987435444 0.0025392763894332257 0.0053974457637048 0.0187313856649322 0.9998067587517687  738511.5977550524
1.033135393765903 -0.6834026510913693 0.16739681516125318 0.003411367978715398 0.005423770242162486 0.019583027995920425 0.9997877026146026  738511.5977561517
1.0278236475598868 -0.6889410666439855 0.13653286207868326 0.0039937520621785546 0.006121697649867761 0.02009590776038477 0.9997713384837733  738511.5977574021
1.023410442257759 -0.6942924848427845 0.1132464946410033 0.004624728978287481 0.005262008111676275 0.019777919018579514 0.9997798543038385  738511.5977584696
1.0181187026264369 -0.7013984929903107 0.08096651727581616 0.004093143312336907 0.006471556710749262 0.019724431538717023 0.9997761309073341  738511.5977597218
1.0143895626265211 -0.7078645120869124 0.052673467184746886 0.003907786903516622 0.0062547427182253115 0.02005001052127615 0.9997717761935182  738511.5977608196
1.0111422541658166 -0.714004867215234 0.0334051648315283 0.0016866272687450828 0.004402790849973006 0.02041019924454615 0.999780573169926  738511.5977618868
1.0053843214902276 -0.7182035712916861 0.02013241601584869 0.00037914791260567347 0.0036999262584521994 0.019914199921448703 0.999794774658295  738511.5977631568
1.0003896122819733 -0.7196012444165726 0.012582747135800933 9.645574270493821e-05 0.002368116191170566 0.01678552788119385 0.9998563040636113  738511.5977642296
1.0005192278138122 -0.7200280891888405 0.014750887730089044 0.0005602183935174514 0.001627195422980025 0.010292365313923885 0.9999455513209966  738511.5977654625
1.0001759851951082 -0.7188322162960616 0.01295355155356358 0.00278034884763131 0.0010027782998324423 0.002685863130787091 0.9999920250858052  738511.5977669375
