-0.041973325556406704 -1.5174339225947366 0.008858687943251281 -0.017175351558026266 0.01261317017511366 -0.02508750962702502 0.9994581192314692  738510.6366305295
-0.042235493055418766 -1.517281283038399 0.008963650773219615 -0.014390104909852474 0.012211475657725346 -0.02290579924807549 0.9995594675174415  738510.6366317875
-0.04318350123061724 -1.5176333759927194 0.008974641365433777 -0.01978675907591824 0.009984186814966203 -0.013075144813039539 0.9996688655585076  738510.6366328383
-0.045854381391197914 -1.5194194147415556 0.014091679425462258 -0.01706055758801509 0.004671307080216321 0.0016897204875902985 0.9998421180914626  738510.6366340803
-0.049151091730542926 -1.5216948448783585 0.022726641723811187 -0.017161573387919814 0.008087396756498035 0.012541871365792781 0.9997413544888488  738510.6366351519
-0.05397331417883449 -1.5253681485004102 0.037608465403127116 -0.02165139124744207 0.015329061764538049 0.0218230421402384 0.9994098218219664  738510.6366364068
-0.05761730762409741 -1.5282263887472676 0.05294777763945267 -0.026704890952390356 0.020676536670484403 0.024932533020226345 0.9991184606580595  738510.6366374639
-0.05967811991324398 -1.5310899035099366 0.0765450181881096 -0.027756575817803816 0.02595143970361056 0.02626976504066062 0.9989324275049284  738510.6366387326
-0.05990295620283486 -1.5326307933243037 0.09970146822437806 -0.024554811077915666 0.0144053377775296 0.029084767760685033 0.999171468658283  738510.6366397833
-0.05833700459990643 -1.5344763170917977 0.13411996858335373 -0.02910667944417433 0.020836688107696826 0.035367609096002756 0.9987330803909867  738510.6366410285
-0.05639903590731448 -1.535992920950393 0.16831911106856132 -0.025412500734101014 0.012696588841409276 0.03824265811736442 0.9988646057090771  738510.6366420981
-0.05337661901545749 -1.5377534109704358 0.21570285205099063 -0.0254067394556455 0.015340324601754992 0.040927697031431266 0.9987212301974205  738510.6366433463
-0.05042740667298885 -1.5388940011289056 0.2644905270487753 -0.02841098470836828 0.008985543228109205 0.06028391539488618 0.9977364008120877  738510.6366444473
-0.04867336903881922 -1.5401131799755472 0.30634911237691764 -0.019675170445979766 -0.010624601705390794 0.19388266306187127 0.9807698600948953  738510.636645514
-0.048815024850526995 -1.5434268896465626 0.3486734871580639 -0.02554053823199956 -0.003696721359889961 0.4227756488124593 0.9058668588314792  738510.6366467621
-0.049789209109777646 -1.5466461968635923 0.37656665828711067 -0.0503065708935644 0.01689308742768159 0.5812222830905508 0.8120126416264092  738510.6366478332
-0.04954126161169926 -1.5471427608365864 0.40545442215628574 -0.04133065200756259 0.0197874139823352 0.7032418614856636 0.7094724234998145  738510.6366490739
-0.04739468809169277 -1.5439053087118173 0.42701984431831225 -0.04263727997787329 0.016425256046917712 0.7536677764411626 0.6556654299824839  738510.6366501364
-0.04255628155809277 -1.5360731797777674 0.4497168348230709 -0.03592794377637329 0.006541688075966191 0.7773540927184281 0.6280023914819337  738510.6366514056
-0.03754610306625278 -1.5275034820987454 0.4661118894616878 -0.03577357180206052 -0.0035051269238933007 0.7806797135178389 0.6238967467037116  738510.6366524929
-0.030662652504639884 -1.5168862229246816 0.48368970124504995 -0.032268052254099996 -0.013604050471587156 0.774877866208527 0.6311402340800445  738510.636653759
-0.02543928436077887 -1.509067585839896 0.49562496401248607 -0.027208830270817077 -0.01884003320365618 0.7700534489469876 0.6371204112795541  738510.636654843
-0.01978542207470644 -1.5021823414033826 0.5078509116240169 -0.028133888600895773 -0.021279683770175636 0.7634336427097107 0.6449222686105789  738510.6366560762
-0.015582129581630624 -1.4988587492588832 0.5151615412966136 -0.02899818666283594 -0.020053223147564768 0.7595809236465343 0.649456537301719  738510.636657159
-0.011452565083390643 -1.4970699507857455 0.5213726808383692 -0.028950986375708924 -0.018895718207960727 0.7555848393827723 0.6541378621637712  738510.6366583996
-0.008828797263737623 -1.497751519106368 0.5255216084523116 -0.03279170949627039 -0.016566245644988535 0.7523909363686395 0.6576915250813743  738510.6366594733
-0.006358359429395268 -1.4995042116865407 0.5293622956371566 -0.033109046016683616 -0.01397657300340527 0.7502826408757659 0.6601396861872738  738510.6366605618
-0.0042788863573690146 -1.5021472816509214 0.5330435724644739 -0.03389603897669558 -0.0101156994424426 0.7486901022340576 0.661975726128411  738510.6366618111
-0.003070418043531168 -1.5045045346910237 0.5360519101594158 -0.03651264720177554 -0.009103258136246727 0.7470038613239032 0.6637538613468116  738510.6366628748
-0.002039725932162772 -1.506904560908251 0.5391064476947482 -0.04020354787665445 -0.00808913549114915 0.7452864759422647 0.6654820128318237  738510.6366641385
-0.0015579651235688558 -1.5082127869069244 0.5410955143965739 -0.03759428784765189 -0.0075728758668212465 0.7449806731745579 0.6659828208510459  738510.6366652179
-0.001200107560208235 -1.5091036025428866 0.5438056674319418 -0.03678428363774359 -0.00786414883576964 0.7431531914894068 0.6680631748715506  738510.6366664665
-0.00099821576786522 -1.5091182708403923 0.5455762767754466 -0.03573003741732117 -0.006255309062238552 0.7423562437188855 0.6690227521888021  738510.6366675388
-0.0007116237168121642 -1.5087651343188897 0.5472821350419703 -0.037227187360160195 -0.007926378509134455 0.7415197722997057 0.6698505328307011  738510.6366688234
-0.00048124239917810496 -1.508067470276104 0.5461936451010743 -0.03624581826619411 -0.002343778975965915 0.7416201711903813 0.6698360016017918  738510.6366699134
0.0009282099801619242 -1.5060701452382745 0.5197168778104585 -0.041153568254419806 0.013712281024969946 0.7401758737518976 0.6710126921934011  738510.6366709858
0.004129766614660024 -1.5020729972282998 0.44530781749137893 -0.03554111794464625 0.010273914902857185 0.7347887318310368 0.677286346519661  738510.6366722503
0.008533394326515276 -1.4973129665521978 0.35802656383615117 -0.03756602062421516 0.009906467076669964 0.7318938396186668 0.6803102700479872  738510.6366733076
0.014916884696941819 -1.4906067645777559 0.25605315946716345 -0.03194765813061311 0.003450302776921971 0.7313257416970212 0.6812709461602036  738510.6366745499
0.022848407860573707 -1.4830189829365257 0.1674835698522678 -0.0345286683912563 -0.0011232832210332502 0.7320885890850424 0.6803328648723389  738510.6366756561
0.03225923242242464 -1.474288806676353 0.0924952531743259 -0.03529152698926697 -0.006348908858708341 0.7357519122010052 0.6763012074302649  738510.6366768854
0.03986788627317351 -1.4671701320009631 0.05570688559540821 -0.039927607298400704 -0.0026600977331897174 0.7379668004052042 0.6736495465412117  738510.6366779716
0.04883629455369531 -1.457931963152098 0.038048807109414905 -0.03155446486963852 -0.0060495882277393775 0.7326612544827925 0.6798346890301835  738510.6366792355
0.055545344809204276 -1.4496235457970583 0.038584827208753204 -0.039782498122260763 -0.007175819014700015 0.7274583763348359 0.6849599777833044  738510.6366802938
0.0633514324227113 -1.4394521753433327 0.044446498099200454 -0.04280909171065514 -0.011770580300906046 0.7204942906617583 0.6920381580737426  738510.6366815552
0.06891752362428902 -1.4306365389355578 0.047481213836330034 -0.03403131444563814 -0.000887387626041116 0.7183179765111768 0.6948815487557515  738510.6366826182
0.07505218044898271 -1.419649678915309 0.04753804943681722 -0.035956274893901914 -0.007192176731685884 0.7155762682768996 0.6975715183180295  738510.6366838854
0.07992380002857737 -1.4110104570697897 0.043672637139506344 -0.030755365109542826 -0.003778794572708188 0.7121801028328263 0.7013125760725962  738510.636684958
0.08588558710613085 -1.4003775176942066 0.037842957174203905 -0.03320728074174983 -0.005231495195466604 0.7113085855537493 0.7020754974226653  738510.6366862053
0.09166035191438072 -1.3912928858267326 0.03335998751397581 -0.032387468772634806 -0.004137214351762968 0.7109226040056126 0.7025119119543726  738510.6366872947
0.096965122137692 -1.3830089583176348 0.03195179675158433 -0.03320796344565158 -0.0007423807085730091 0.7128983893879679 0.7004802398659917  738510.6366884015
0.10345181905095366 -1.372235067422002 0.03302340061192561 -0.040568876199953044 -0.00017583081325278177 0.7155321446565563 0.697400806803797  738510.6366896
0.10884969499312279 -1.3631539649299016 0.034902897389283136 -0.033168921657404024 -0.0043929007664769894 0.7186700147785373 0.6945458479590515  738510.6366907118
0.11554197370493605 -1.3515756328553974 0.036072320144974815 -0.03220666910947012 -0.0018551962479946206 0.7204113147368701 0.6927963815659323  738510.6366919274
0.12110184723010783 -1.341607095770117 0.03511088557113075 -0.03423898050652964 -0.0032127986155214036 0.7161075567305901 0.6971422647726031  738510.636693025
0.12762394810815827 -1.3298505322195995 0.03225602662631179 -0.035194557794001186 -0.0003342955924687738 0.7110364560994062 0.7022737282895744  738510.6366942736
0.1332384983610543 -1.3201055655439176 0.029580387060774004 -0.028156123396824325 0.002164838823755566 0.7083685310217053 0.7052776548610352  738510.6366953508
0.14029116596565427 -1.307830313746539 0.027529836299731124 -0.03362661168357866 -0.006261484090545959 0.7085138184514888 0.7048675151168171  738510.6366966165
0.14638510461149418 -1.2977195184666925 0.026301973661683537 -0.029901281731715093 -0.0023509736063104447 0.7072094962941775 0.7063675492441869  738510.6366976977
0.15485236886408885 -1.2861593913847622 0.025908766247594462 -0.03084249647786077 -0.006082849929123339 0.7086332804195266 0.7048763105890378  738510.636699046
0.16184680449639532 -1.2766453924797239 0.02521115507677954 -0.03694573703356402 -0.0022451547324338437 0.7082255210458566 0.7050153070214853  738510.6367000082
0.16996155804817034 -1.2667321921738262 0.023458708740525497 -0.03357284823421353 -0.013249218269563592 0.7074137617451355 0.7058775331247517  738510.6367011007
0.17834206498837823 -1.256376014865383 0.02142943995097093 -0.039711139550773114 -0.005259422172436978 0.7034143820556481 0.7096503159946185  738510.6367023281
0.1844347614841489 -1.248264097533282 0.020129871285026843 -0.032569693742138334 -0.00548405464951089 0.7041661484082049 0.709266646353893  738510.6367034158
0.19241493820250152 -1.2387345075307263 0.020456175615508495 -0.033588177636697227 -0.0029934960801396176 0.7048536735821292 0.7085507548101556  738510.6367046533
0.19896763857108432 -1.230665106330871 0.02135114299087812 -0.0341164226786262 -0.004325166959349425 0.7039167317010853 0.7094495031118491  738510.636705729
0.20732976923166274 -1.2205014469275435 0.021342754864232108 -0.03667913900551959 0.0025148841591939785 0.7035757728768298 0.709668547943511  738510.6367069482
0.21404040536569913 -1.2114859456389346 0.020545559840231886 -0.03542300176904033 -0.007650027963651461 0.7049469006407286 0.7083336468747313  738510.6367080301
0.2222306725917423 -1.1999558948706583 0.018303143289673977 -0.033365597877570555 -0.00522195410208295 0.7007969155244602 0.7125609807343022  738510.6367093256
0.22809608388870922 -1.1902928875768723 0.017307167532906294 -0.03408664333209677 -0.005983729070955817 0.6994682937001181 0.7138251899737086  738510.6367103654
0.2352723842147596 -1.1790732273590672 0.01744235690725225 -0.03545595679790779 -0.0006654743635552048 0.6985325800607627 0.7146990043823137  738510.636711622
0.2407885434739782 -1.1697131109110948 0.01865459865546235 -0.023783286171280473 -0.005288358931557569 0.6984704694812999 0.7152240151318178  738510.6367126944
0.2478668144206148 -1.1586581432401342 0.02003212876719263 -0.03555303362997039 -0.0029994975121666947 0.6983601728336919 0.7148566666221116  738510.6367139549
0.25353641458885756 -1.1492494653665897 0.019017263548543387 -0.036637342547182206 -0.006470216761340541 0.6971448326923063 0.7159643312879198  738510.6367150423
0.26134900842745196 -1.1378493029141334 0.016681079761106863 -0.030014887008932376 -0.004623745289664814 0.6956165837938812 0.7177710609158519  738510.6367162978
0.2674265415546233 -1.1282139964940145 0.01496839422162579 -0.03948163365956141 3.380737324422266e-05 0.6947331359482536 0.718183172509729  738510.6367173684
0.2740813924680692 -1.1173458008258195 0.015193034626290267 -0.03663391045275531 -0.009144914870947011 0.6954712735375099 0.7175611714836978  738510.6367184536
0.28119341128919517 -1.104999420423293 0.016358051791893445 -0.032992494934466314 -0.006269160766018326 0.6947427254873005 0.7184738953391185  738510.6367197534
0.28656244843484396 -1.0950066585467852 0.01579200004095655 -0.0360916270818315 -0.005950910389385938 0.6935689665826797 0.7194609577409725  738510.6367208129
0.29281979256005103 -1.0828647843901256 0.01396236280404473 -0.03014130831820319 -0.001836011394725768 0.6936555779123725 0.7196735856109199  738510.6367220181
0.29749522059749006 -1.0725506474505988 0.013162738458528639 -0.038752995274337614 -0.007086349626424114 0.6948139883175214 0.7181096787013378  738510.6367230908
0.3038818617157604 -1.0605556435910606 0.014255496919676222 -0.023615876844071834 -0.006478905548580144 0.6942368243985488 0.7193299283310801  738510.6367244198
0.30924988081603444 -1.0507952029134167 0.014923998325358278 -0.03987886314264142 -0.0006305186968604168 0.6928979336640486 0.7199317552690082  738510.636725431
0.3157727311008181 -1.0384717435781363 0.0145493286642142 -0.029627709900516695 -0.00018564816610744633 0.691332766625483 0.7219287846669952  738510.6367266567
0.3212921592072115 -1.0282837415478132 0.013845269038075418 -0.032021978519511114 -0.0038687475872639454 0.6917134758390485 0.7214513795305019  738510.6367277718
0.3283908237428403 -1.0158164021872056 0.012871248769067202 -0.03227830552179199 0.00013259622599868113 0.6903253105338975 0.7227787068302172  738510.6367290666
0.33446095708048407 -1.0056019159588674 0.012072402362077626 -0.031394233628700446 -0.0006075273930164301 0.6885451812965444 0.7245133306700727  738510.6367300762
0.34261710342496476 -0.9921822599252107 0.01147117509700632 -0.03234990359898647 0.0017673887652597422 0.6895818370980411 0.7234827226814609  738510.6367313095
0.349489870461024 -0.980553945534554 0.01178654224855096 -0.038767055838827474 0.0012413558616322742 0.6892498886793298 0.7234847374843132  738510.6367323893
0.3581372704699389 -0.9648631413548853 0.011564225363263628 -0.04108815135591975 0.004530191093276076 0.6888002245904075 0.723771712483305  738510.6367336261
0.3659953183123166 -0.9484335673711208 0.01205853418039104 -0.04031601619370705 0.005640319406976622 0.68901073918611 0.7236069422839077  738510.636734715
0.372988035156664 -0.9322472161070611 0.011526610539388348 -0.04324978749074628 -0.0003243773677500322 0.68870481043193 0.7237506716744712  738510.6367357849
0.3814377691840826 -0.9110923759128603 0.010593786196204451 -0.033816334578203426 -0.0018116493553145692 0.6905996340876601 0.722443990106014  738510.6367370291
0.3883391902284234 -0.893785863379156 0.0104461127502654 -0.030630685832464907 0.0023833902922505918 0.6932118612198689 0.7200787429165182  738510.6367381087
0.39678616924037063 -0.8724245407875141 0.010458838663476331 -0.04139873008181413 -0.0015088664851314654 0.6943490640456754 0.7184450192801378  738510.6367393502
0.4033522866256123 -0.8541599157205797 0.010397993295244875 -0.03653327589269775 -0.0019192969007448665 0.6939515219713456 0.7190917335122188  738510.6367404311
0.4114746014539663 -0.8316358613074262 0.009787597334388361 -0.03605948293206202 -0.0048137785640123 0.6952226360166048 0.7178732670860034  738510.6367416957
0.418421371554064 -0.8133464788171451 0.009689533777766095 -0.030214010358758068 -0.002717977845509262 0.6951748371178467 0.7182003007606218  738510.6367427829
0.42757057598371395 -0.7916239856436657 0.009992291464291965 -0.034070517946808064 -0.006159358686697875 0.6941062225495374 0.7190395079030198  738510.6367440382
0.43569556607225574 -0.774483687895488 0.00956610690349461 -0.03016005896216648 0.0025631031052178992 0.6926593622963403 0.7206294534426815  738510.6367451188
0.44520802083009636 -0.7559289319342285 0.00978679404788656 -0.025758798957007365 -0.0025305515393783478 0.6978414238269589 0.7157844841684973  738510.6367462188
0.45605873713728184 -0.736326937883869 0.01068376637448081 -0.039697141626160115 -0.006024686205845105 0.7024068468218688 0.7106422881032295  738510.6367474493
0.46497500068080116 -0.7205700606476135 0.010414864937107377 -0.03697998682347251 -0.003229983546937201 0.7044166208702614 0.7088154005257962  738510.6367485262
0.47574208716704974 -0.7016429813304103 0.010347229461437369 -0.037192454879184586 -0.008294392002386294 0.7089487911010883 0.704229746572577  738510.6367497734
0.4841076696582594 -0.6868601786330802 0.0109705033999311 -0.03758914400225453 -0.0063030506181781356 0.7148433188258029 0.6982451985772576  738510.6367508615
0.4934836882954317 -0.6689273269736143 0.011392203094078918 -0.04048713446915265 -0.005006479694819796 0.7168680408514492 0.6960143239254112  738510.6367521312
0.5010333051088577 -0.6541089248663557 0.010604618290557716 -0.034773080913613544 0.005167705147055004 0.7140356394057826 0.6992261675063823  738510.6367532032
0.5109719712952515 -0.6366516523169763 0.010647505666473968 -0.03437518060956042 0.0021344554349921963 0.714204734805932 0.6990889699021465  738510.6367544484
0.5189130013766295 -0.6228706826132224 0.010900345025606759 -0.0356354639209546 0.0002107153023248794 0.7161191125917514 0.6970677771142505  738510.6367555034
0.5283470298045935 -0.6065356887867367 0.010740037577887225 -0.03747658387955141 0.009381556354011628 0.7184393186730947 0.6945159734992673  738510.6367567762
0.5363460963652767 -0.592659508693325 0.009898247396917696 -0.0305476059771666 0.009437128873225627 0.7190486092467658 0.6942239421886759  738510.6367578387
0.5435439374309732 -0.5761160587174833 0.010983419868236123 -0.042353265489517636 -0.0027198520406990292 0.722970552171261 0.6895740598372544  738510.6367589282
0.5521880387970803 -0.5593381032145914 0.010451589794679627 -0.039472015515124186 0.006585375614120551 0.7261238358599711 0.6863984031269278  738510.636760174
0.5578340246140344 -0.5457169041169996 0.010093098000739733 -0.036147850474980696 0.006812615213315236 0.7310399808514847 0.6813424011293108  738510.6367612554
0.5622080457249555 -0.5478729094226619 0.009915118168921986 -0.033983704794322625 -0.0020717883471850856 0.7455744368257814 0.6655520826001642  738510.6367625368
0.5644197506915929 -0.5523631684635553 0.010425407193680156 -0.040314954585013496 0.014567849120343266 0.7325436204171216 0.6793690649381905  738510.6367636041
0.5652908094847965 -0.5517453370913321 0.012211777279092355 -0.055319508457374655 0.014377347055129826 0.7214009058900432 0.6901548933802585  738510.6367648632
0.5660197535795778 -0.5483393665995518 0.012798742216188938 -0.05151824016755427 0.030512387882712426 0.714298776613374 0.697274782882882  738510.6367659415
0.5646883971203176 -0.5447903082837784 0.010227282345603673 -0.02824289456639881 -0.002100985152897497 0.7481273480234066 0.66295052297088  738510.6367671802
0.5631066793166201 -0.5426024988086677 0.010488177816583672 -0.03739494542468737 -0.0007516371868571064 0.7447202902429358 0.666327804011435  738510.6367682567
0.5612419647743504 -0.535569059025953 0.01402221210715227 -0.06485262302810675 0.03128521837629847 0.7404274012373744 0.6682683861252078  738510.636769339
0.5610756236192518 -0.5278035578007131 0.012102454758268861 -0.05081870450845282 0.039751047066897235 0.7484808184838835 0.6600104377135744  738510.636770616
0.5613291593343979 -0.5208765850495019 0.012168297611734474 -0.053147875990779594 0.016915951904070903 0.7561796543218382 0.651982733083134  738510.6367716726
0.5609928502552657 -0.511595015268589 0.011669585147165734 -0.042961350708047547 0.008066323823930313 0.7675114305277683 0.6395431656851056  738510.6367729238
0.5606247908192289 -0.5046547126266647 0.011549878060575666 -0.0413209963527005 0.023418317720699463 0.7641778925003696 0.6432544646321906  738510.6367740037
0.5599858606034047 -0.49622641479174207 0.011637356145945285 -0.04393747686697285 0.019657393760917526 0.7595831130923575 0.6486266871645164  738510.6367752613
0.5584768487748455 -0.4892649312930494 0.011991648022135946 -0.05295409617971986 0.01729569877077879 0.7590688085299341 0.6486225916654197  738510.6367763256
0.556718409339239 -0.4816801467300105 0.011713335161065444 -0.05219124208251656 0.024196628901558846 0.7587256092293199 0.6488651996364745  738510.6367775792
0.5464331903468168 -0.48961390570317176 -0.006090181635229117 -0.051339599877931325 0.02269474135638553 0.7545466242785279 0.6538414073680398  738510.6367786533
0.5523301718190113 -0.4656281431404381 0.013241787292686826 -0.05519913265552375 0.03173505133799345 0.7467713910800563 0.6620260053313696  738510.6367799222
0.5489151837928299 -0.45389829627637984 0.01626744759246554 -0.09026077189701295 0.04683385015632955 0.7351967288207141 0.6701830745903774  738510.6367809917
0.5460527278577344 -0.43614948602891834 0.009980340220746318 -0.023840280921348697 -0.0005364763949058673 0.7273669414530658 0.6858342989963985  738510.6367822306
0.5433359808704974 -0.42304368215438937 0.012008325171880595 -0.0436225692734222 0.017574813988649993 0.7024313311341158 0.7101960450498187  738510.6367833031
0.5417010514570226 -0.4107924526881358 0.00955319325734683 -0.03524151186430179 0.0042163507117087265 0.6824136360826889 0.7301040251338144  738510.6367843866
0.5406782067536957 -0.40068897049036156 0.01014955922664869 -0.03866142375216546 0.0095818025848888 0.6735647052581665 0.7380542467889194  738510.6367856312
0.5400615538526514 -0.39237781695317425 0.010359188067561162 -0.0420054576743408 0.013599653468861444 0.66565633162842 0.7449511655901285  738510.636786717
0.539774346315441 -0.38525511845258315 0.010669618163824378 -0.04162070091610858 0.010920938653612619 0.6647731393571127 0.7458050171080005  738510.636787971
0.5407025981277394 -0.3805271231579678 0.01098429276812593 -0.041964018232850266 0.013323393252148406 0.6639962874937728 0.7464385028657677  738510.6367890527
0.5420798078237674 -0.3748488031136465 0.010571947341823127 -0.04043439619092931 0.011235375635359677 0.665303968795154 0.7453921484993146  738510.6367902955
0.543210432702612 -0.3703014583537106 0.01096578768475765 -0.04524503839364547 0.012343624690257949 0.663684846364307 0.7465406527019475  738510.6367913976
0.5446322294135542 -0.36549980859123676 0.010985252906946281 -0.04876655499272873 0.020574113203864805 0.6627418401560319 0.7469750881298602  738510.6367926698
0.5455068877320229 -0.3616182064628884 0.010196684814444272 -0.044197709155565486 0.021249859778235566 0.6563334014664779 0.7528754691741846  738510.6367937563
0.5460161600731757 -0.35874252269171986 0.009865918515520801 -0.0405096224923926 0.015817312028367756 0.6609321594097602 0.7491845325309863  738510.6367948197
0.5464166937459793 -0.35415696882527653 0.011017316144906926 -0.048475935544106404 0.02650591941837737 0.6537230709152952 0.7547142945923219  738510.636796081
0.5467755836960803 -0.35052439220119436 0.010431784389233499 -0.04048076290560544 0.028548552974188537 0.6482753082772529 0.7597930064403678  738510.6367971593
0.547103878813678 -0.34665726450035167 0.009152318848825768 -0.0391995199401796 0.01744833402023318 0.646218770303072 0.7619450466958648  738510.6367984175
0.5467984901770582 -0.34335432184575965 0.01028418845283892 -0.04236366878047221 0.019114610547248154 0.6460093029649974 0.7619133360912931  738510.6367995089
0.5465029613992236 -0.33958528048543174 0.010734858588311594 -0.04180391261337139 0.013814979404591454 0.6447965325120635 0.763085192422631  738510.6368005953
0.5467486585243789 -0.33606262838362183 0.009516841750178359 -0.03744729951466231 0.023081362409565345 0.6323860639371618 0.7734033983675282  738510.6368018434
0.5469028588279461 -0.333162146647929 0.009163516900863766 -0.032922145956758825 0.012447861741397549 0.6313424349101807 0.7747050489866147  738510.6368029348
0.5463922808366706 -0.3298625296680701 0.009780422488917664 -0.03435107459948703 0.005999404320966738 0.6346898451607776 0.7719797997819905  738510.6368041874
0.5472072270825133 -0.32797224238390266 0.009731281960012805 -0.03602958495361141 0.01750112696591844 0.6309512792756612 0.7747877533514581  738510.6368052708
0.5467591567632365 -0.32508492997638677 0.010482608744264377 -0.038974292819864365 0.01230296807729892 0.6330245993891879 0.7730520668388636  738510.6368065224
0.5471985354745567 -0.32321802282569834 0.010134479911111738 -0.038747952189189694 0.0179015884685242 0.627801447108384 0.7772023368081614  738510.6368075975
0.5470049001030888 -0.3214981044351275 0.009560771827343249 -0.03575717604572222 0.010619574663325086 0.6240629691745785 0.7804832217928931  738510.6368088429
0.5469113782118976 -0.31994703450213396 0.009754842909643516 -0.03681509679510148 0.0196785362951729 0.6213142376077652 0.7824487344249005  738510.6368099123
0.5473595364124663 -0.3177538657722766 0.009765626173251203 -0.034524095387440515 0.024909789600033146 0.6198819618232213 0.7835393689062187  738510.6368111733
0.5477016519575735 -0.3165244495501157 0.008883316409355399 -0.026439559190864718 0.013864850528201656 0.6197869522544176 0.7842020463151087  738510.6368122271
0.5478470266849272 -0.31543533837461024 0.009126724219343215 -0.030850181578042122 0.010379602057724754 0.6257632788956948 0.7793335928493228  738510.6368133298
0.547918325245905 -0.3135798257086485 0.009990860191275179 -0.030053466066068332 0.018508951308990648 0.624855940800627 0.7799418318983926  738510.6368145804
0.5483987919967933 -0.3132788392462457 0.008682293942207259 -0.031890571250315435 0.01693668080860903 0.6226815467650609 0.7816417540195681  738510.6368156408
0.5481599926692794 -0.31199620129949013 0.00931630898664784 -0.03784659699427446 0.014408762705923265 0.6235445465559498 0.7807382539068853  738510.6368168973
0.5483594717807916 -0.31106460062894575 0.009640431389638729 -0.03583264772216523 0.013219657331894922 0.6285283263483274 0.7768483796694288  738510.6368179638
0.5478261111265358 -0.31059760750260873 0.009195990261005827 -0.03146855881837282 0.010251917778010631 0.6271067581389412 0.7782298772754971  738510.636819212
0.5474877779036166 -0.31075336858409097 0.008589895010060314 -0.026678405364055743 0.004591602534203912 0.628371975030336 0.777441856906273  738510.6368202823
0.5477366560442337 -0.3102069124950012 0.008938546718107645 -0.030829913853467096 0.004129174434907085 0.634376704477931 0.772397995301641  738510.6368215324
0.5482807306989635 -0.3095987167511566 0.008390931006555661 -0.03188124517123389 0.006021747690405657 0.6354786567615963 0.7714364533528099  738510.6368225947
0.5483426503667097 -0.3089817102943301 0.008835029173899141 -0.025367963512090832 -0.0032664905626986498 0.6415901802394857 0.7666210518156396  738510.6368238592
0.5488204646571951 -0.3086806882431303 0.009031665169525237 -0.02700668568831894 -1.5465507644288885e-05 0.642610999630254 0.7657164892067796  738510.6368249231
0.5489597856362003 -0.30796705515666756 0.009632636502428382 -0.03547536677149706 0.007968787563733046 0.6396517244037064 0.7678044466168171  738510.6368261662
0.5494261598271445 -0.307931456435108 0.008559932284796158 -0.035729060306313405 0.00876457778951236 0.6333904227386529 0.7729574301400758  738510.6368272385
0.5493178952988469 -0.3079224118693053 0.008397753375036798 -0.021223562787155044 -0.008900303252881952 0.6422958898133658 0.7661111766013359  738510.6368284868
0.5496906727046116 -0.30783655312444597 0.008364638324585668 -0.02348643694576067 -0.007184135960202627 0.6445769034649443 0.7641448756548997  738510.6368295761
0.549641294925679 -0.30773984067151816 0.008580815108811434 -0.025349209199428513 -0.005048080605571053 0.647615258363724 0.7615289959086591  738510.6368308376
0.5499195494646755 -0.30792192812445013 0.008219660925743898 -0.020338824218707075 -0.007625466301111074 0.649652625192103 0.7599208189503036  738510.6368319415
0.5491214628734019 -0.3075541940985037 0.009446578362986818 -0.03352514901922937 0.0005501191614184359 0.6486579033443705 0.7603411643341639  738510.6368330139
0.5491691991882452 -0.30814267475007284 0.008772714274475483 -0.0281918965130381 -0.0037463346984400194 0.6507213763149057 0.7587838113416498  738510.636834259
0.5485845805730479 -0.3078696867405575 0.010363705463200349 -0.02816728500714006 0.0001802073772766309 0.6557809002097468 0.7544255977236735  738510.6368353388
0.5505907612542112 -0.3093946746546625 0.007458071057562147 -0.020661314370953927 -0.007073614875685519 0.6620836484462552 0.7491116849450092  738510.6368365692
0.5503816526054027 -0.30985142326584225 0.008002051556398002 -0.03267253515594684 0.001212581257575723 0.6607020119518711 0.7499359215932564  738510.6368376417
0.5500818199067735 -0.3097367359838785 0.008257222954855533 -0.03193644485976496 -0.0011313699542662415 0.6626151806430045 0.7482779603016411  738510.6368388925
0.5501191231965693 -0.30985420834235283 0.008099330699040135 -0.030187136886849326 -0.0025477884394526254 0.6633686378202316 0.7476792734168662  738510.6368399659
0.5495470118417168 -0.3096771674277326 0.008834747949663683 -0.030343446441612285 0.002971505409247673 0.6630772107908484 0.7479298482768799  738510.6368412294
0.5497238543922599 -0.30965899917582396 0.008291128933863808 -0.03331535255143233 -0.0004326915777125497 0.6646750296620815 0.7463893119586343  738510.636842308
0.5497557161587122 -0.3097632076010563 0.007891938748474285 -0.029662559549649945 -0.004586270384116368 0.6672807652651688 0.7442012355485969  738510.6368435653
0.5492353202473287 -0.3095846300242204 0.008806022456777236 -0.03605068016144033 -0.0018876945020825748 0.6674151212530653 0.7438103528401042  738510.6368446341
0.5496644558073039 -0.3102000549701476 0.00866556775754914 -0.028011149097377938 -0.0007896031465734248 0.6726111637369808 0.7394653301335363  738510.6368458864
0.5499303292949494 -0.3104221677533893 0.00853863994168487 -0.027683122354641154 -0.00015502560240908568 0.673135014091532 0.7390012675954986  738510.6368469554
0.5501262548751927 -0.31076858481634556 0.008516227515252807 -0.02775580063747492 0.0007896291852662235 0.6759927679081927 0.7363849331379227  738510.6368482186
0.5502956426064741 -0.31077031115450865 0.008331267806856097 -0.027908297406081282 0.0003932475827465749 0.6749133400138059 0.7373689414151109  738510.63684931
0.5502735149233614 -0.31088711893354953 0.008531226666576018 -0.027781542510465607 0.0005642148456511526 0.6753849415875461 0.7369416857758382  738510.6368503849
0.5502547097398327 -0.31086569070937004 0.008413533629935212 -0.027921010590815972 0.000858989107054586 0.6751796273715323 0.7371242433184112  738510.6368516467
0.5501242260344439 -0.31030198395102354 0.008974824227124945 -0.02477931937395028 -0.0061024941336225965 0.6803070342576018 0.7324828216663781  738510.636852717
0.5504053753777888 -0.31058968647393975 0.008549315420403287 -0.02497568427215213 0.0016673315231292328 0.6774843826402802 0.735111111655407  738510.6368539776
0.5504217688417357 -0.3098924001147408 0.008756648178526411 -0.025719621115877177 -0.008471000156569044 0.6852665417196554 0.7277887812034389  738510.6368550536
0.5505591708715435 -0.3107256667067197 0.008296161005496707 -0.017641232139117828 0.004935660605037845 0.6790229037439359 0.7338884945100034  738510.6368563115
0.550882153834875 -0.3107897938157357 0.008444375753201911 -0.02041142851800466 -0.0007079719824921057 0.6849341231277849 0.7283186935241321  738510.6368573713
0.5507098504803911 -0.31051889886124634 0.008669208009685668 -0.019632339165436347 0.015887038132865072 0.6780549567310374 0.734577190587027  738510.6368586269
0.5511510869359832 -0.3097855468682071 0.009080814404725203 -0.021590446845872562 0.01722017844475941 0.681695479227409 0.7311146227919665  738510.6368597145
0.5511731135729838 -0.30922917822317764 0.00910558579469074 -0.017020661563416903 0.014701683560019087 0.6816296260443907 0.7313516325810921  738510.6368608023
0.5503711055589753 -0.3093087321028943 0.008009933655936361 -0.02722707848201 -0.0029350606882112174 0.6785582337145237 0.734035963066059  738510.6368620563
0.5507474374838088 -0.30796918528603245 0.008181896690145548 -0.023007211133706858 0.0028570295873946556 0.6730380152785774 0.7392444356284728  738510.6368631279
0.5520526936256864 -0.2991546987861064 0.008046434065837915 -0.031693867044194725 -0.004569110978509224 0.6610141897006299 0.7496898445564477  738510.6368644008
0.5549559251219848 -0.2926168441276208 0.008709783251175473 -0.028686697852576767 0.0071536993133299 0.669741410306743 0.742005620782474  738510.636865467
0.5596203135353663 -0.28745616025020304 0.009005561607568104 -0.022403932028718362 0.009358060221829386 0.691273527787593 0.7221851565344121  738510.6368667178
0.5617698056851893 -0.28539832059669973 0.008205307268984805 -0.027452345164156976 0.016382642507657613 0.708878712308753 0.7046055272313286  738510.6368677903
0.0 0.0 0.0 0.0 0.0 0.0 0.0  738510.6368690282
0.5672923168628918 -0.24901845075276657 0.009925439028652921 -0.038261308386058755 0.010482646832574535 0.7291962750066932 0.683153700796778  738510.6368701084
0.5698132074904193 -0.22096378485486987 0.009162451795626378 -0.03629726570934709 0.024281151659989397 0.7318642338232705 0.680049760992802  738510.6368713593
0.5721671500755392 -0.19666814481921122 0.009590791415503253 -0.0297636747740262 0.021117803966529444 0.7270731809524865 0.6855893461535194  738510.6368724369
0.5795341480977284 -0.16081657344962635 0.013824325842834103 -0.02455874790787737 0.06268442705699302 0.7178821651999803 0.6929016722403852  738510.6368736795
0.6001099491658102 -0.12749469536201008 0.020342903236590305 0.09798313766712233 0.09875063696341399 0.6475221651173173 0.7492413910843471  738510.6368747499
0.6282492171306205 -0.10126006186513428 0.026537102275501268 0.0737926024644648 0.07609136825357934 0.6266947937586506 0.7720222736259764  738510.6368758262
0.6126973869026838 -0.0909665820235511 0.04397523358245825 -0.01079188793941665 0.1708468774395171 0.48066969788840025 0.8600299536386763  738510.6368770626
0.6120993421483758 -0.06554502369699315 0.03547863356031225 -0.14093010242867515 0.2930854599698445 0.34512344885652374 0.8804143481526674  738510.6368783036
0.619230908895105 -0.03954856489367552 0.023106152559263106 -0.00024556400793776094 0.1731102698375864 0.16965042546777936 0.9701811724176457  738510.6368793765
0.602869324554416 -0.023599792835504556 0.018640939182665395 0.03142263113042733 0.07919806405183485 -0.027767715482694303 0.9959765252656083  738510.636880479
0.5985222560112761 -0.01476350257072688 0.011127285921440697 -0.030421305137170115 0.015934005160038314 -0.17005293186419637 0.9848363579994913  738510.6368817359
0.5958727397184836 -0.008946828018792588 0.011340739893784287 -0.018637765333962324 0.024669438840891997 -0.20311461355483262 0.9786666982436374  738510.6368828185
0.5923530518591048 -0.003125322245652002 0.009908312006496379 -0.007005957706496648 0.009270284360186455 -0.19589588414704084 0.9805558530541467  738510.6368840539
0.5904618887932941 0.003935434460696197 0.010427769037777293 -0.03858175648043801 0.01859216017893048 -0.1757947238665361 0.9834947863143217  738510.6368851328
0.5889655977484594 0.011472071691447993 0.010112041798719254 -0.02528466835824806 0.01757591706877518 -0.16572059433624317 0.9856918673186096  738510.6368863827
0.5886576048224144 0.016767792902862764 0.008949317032116315 -0.018626080696010783 0.019773123211365474 -0.14920279617918558 0.9884334162343391  738510.6368874651
0.5889807535179697 0.01941309436932573 0.008007134777347677 -0.015927797812652477 0.019876835432971116 -0.1421820801104251 0.9895127451253383  738510.6368887207
0.5889862464720469 0.025945128379703076 0.017963907975421106 -0.10957739089217898 -0.004660535135990614 -0.12114183793887229 0.9865575147543608  738510.6368897803
0.585335941643522 0.04653311967704919 0.05158199142038012 -0.07054076124526977 -0.0066279358036938595 -0.09299099255408849 0.9931428632244836  738510.6368910233
0.5815182772773387 0.07291608606863029 0.08972266838790122 -0.04384104603590772 0.030300697304355688 -0.07524524156247454 0.9957399178739156  738510.6368921129
0.5790747957522008 0.10783408563433972 0.1351226498407136 0.0008670786216829731 0.032106845275029036 -0.07345458323790306 0.9967812311949373  738510.6368933357
0.5799513995914104 0.13314007919820017 0.16285855960541035 0.0005546823129075463 0.03661677847348533 -0.06736200779278613 0.9970562991967304  738510.6368944146
0.5837226094717826 0.15733196575273978 0.17827159062673817 0.022452753308613817 0.030147650945031742 -0.06824850121084683 0.9969599465845316  738510.636895656
0.5888015150991605 0.17136516538233787 0.17586597006999913 0.0018063042156244145 0.02761627007311892 -0.07031952225706642 0.9971405335667922  738510.6368967313
0.5961511909592999 0.18168026771987103 0.1585028374891639 -0.0030493109263894334 0.018844585827134927 -0.06789491811390613 0.9975098312208176  738510.6368979668
0.602419155113968 0.1870190631419028 0.1356712407731188 -0.01847924711787379 0.008933029158142265 -0.06401056966039921 0.997738124653843  738510.6368990572
0.607037948565897 0.19033408537401858 0.11076006539278292 -0.01857433417539337 0.006287620411199693 -0.06452793847709323 0.9977232106628582  738510.636900143
0.6122486779417788 0.1926268359165913 0.07774078646583625 -0.03350129625175767 0.016884991993739388 -0.07301407535082141 0.9966250573788962  738510.6369013956
0.6166950683813361 0.1942294574504025 0.04764418508623509 -0.036127505441642074 0.02457005039547145 -0.0782047378066487 0.9959794852097715  738510.636902468
0.6212644541228687 0.19793281422692313 0.016304040159126378 -0.023430319115640617 0.01242965074336313 -0.07678142099533052 0.9966951075020261  738510.6369037227
