-0.7903751762683201 0.5360481353157743 0.026109765825166484 -0.0005495128253589405 -1.2502799649699565e-05 -0.08528153940448698 0.996356741792886  738503.5879106782
-0.7905287604048129 0.5361550590603451 0.026145635538585774 0.004258529188046256 -0.0015077307057534133 -0.08530755117883625 0.9963444250805762  738503.5879117751
-0.7906319160590843 0.5362666087823624 0.026287956091921975 0.005106104180708678 0.001100580194428758 -0.08649020008427746 0.996239008327175  738503.5879130375
-0.7905438740047457 0.536115960824337 0.026186654019176966 0.003087718276991701 -0.0019593611407569024 -0.08638114009933547 0.9962554519473914  738503.5879141111
-0.7904601767497038 0.5361047982537057 0.026234679100910846 0.005163046205331786 -0.0021981340519387047 -0.08587953897702134 0.9962897249021821  738503.5879153644
-0.790441843677787 0.5361032068388027 0.026148745260321904 0.0034219106861259614 -0.0010037733987682726 -0.08475117575982274 0.9963957653330066  738503.5879164506
-0.7904729265111723 0.5361057298022075 0.026186976914202218 0.0041763797369637565 -0.002017631491860343 -0.0853766864856944 0.9963379489009636  738503.5879177051
-0.7906495480909889 0.5361928207215955 0.0261669830125399 0.004992740770031401 0.0017842747996052 -0.0850303047323476 0.996364258782985  738503.5879187895
-0.790443849528692 0.5361045520788882 0.026223136688293545 0.0010546430455459692 -0.0014852103702147894 -0.08527522179737433 0.996355769003026  738503.5879198895
-0.7905683901086523 0.5361626082602038 0.026198055775125618 0.0045894021656181444 -0.0010218069884775289 -0.08595636981322533 0.9962878077075784  738503.5879211474
-0.7905879690967451 0.5360968174610851 0.026178676128192312 0.0026800472422444798 -0.0019763644524709977 -0.08643787572529225 0.9962516775245246  738503.5879222136
-0.7909266762583884 0.5358932980019542 0.026164111941714245 -0.0006399896501409956 -0.0018835908518618385 -0.08567243750792687 0.9963213718224662  738503.5879234768
-0.7926511936870441 0.5353817117915207 0.026628117219096043 0.0015884201379287566 -0.002493174387978233 -0.08340384214102778 0.996511445051712  738503.5879245596
-0.7964397494308819 0.5332137870548707 0.027134559327376906 -0.007257874752609133 -0.0018676120186043807 -0.07409516211457673 0.9972230152932884  738503.5879258335
-0.800076239786487 0.5309104781480781 0.028833547527035035 -0.014145213203150087 0.006847557328006725 -0.06679945591486441 0.9976426497456669  738503.5879269248
-0.8046895517818932 0.5286240754624679 0.03217823726752183 -0.019320946059721143 0.01287536430961138 -0.05862606103399369 0.998009975403498  738503.5879280163
-0.8083490813997254 0.5274586910387569 0.03743711139375772 -0.015950170571618214 0.015152998272344242 -0.05103304049372245 0.9984546096243238  738503.5879292787
-0.8109407220738893 0.5272580979429496 0.047170648507496506 -0.011988887932448112 0.022634346562004946 -0.041934005510125986 0.9987920164397246  738503.5879303424
-0.8101953303927962 0.5266613768287075 0.06382575303829777 -0.00490572239788143 0.026479935551189344 -0.02725036402693623 0.9992658127652319  738503.5879316002
-0.8070152448946877 0.5254274041214676 0.08727508431430256 -0.004942096810782601 0.019635536498965725 -0.014168588584550317 0.9996945896037612  738503.5879326847
-0.8022094616817155 0.5231455681280073 0.11458596824698195 -0.01256411756871586 0.006034969633369101 -0.0022399618812409686 0.9999003473656835  738503.5879337792
-0.7982782872025557 0.5203920726537428 0.15694096213965267 -0.013167471487972565 -0.006515067458576095 0.012345593555047503 0.9998158620017974  738503.5879350412
-0.7975028818706693 0.5186682362975429 0.20178909399753725 -0.016074001342103995 -0.00728356578729149 0.018569846512405966 0.99967181462257  738503.5879361194
-0.8001566390945207 0.5183399456850087 0.24999471819182947 -0.0191210978708715 0.0007657566955431641 0.0248117151334811 0.9995089674560358  738503.5879373671
-0.8034540292933529 0.518984425014859 0.29512425230693135 -0.010665077046913522 0.008201475933997178 0.029167637201354717 0.9994839872975343  738503.587938446
-0.805747128275335 0.5194011993120528 0.33305780344507485 -0.008523885816024732 0.016812928194775346 0.02969485379404012 0.9993812508118528  738503.5879395376
-0.8067079605697449 0.5196558778520284 0.37274404769978736 -0.007340681894062964 0.017777702860679048 0.03036845100145486 0.9993537035775171  738503.5879408062
-0.8056283468916503 0.5194554175562609 0.39981875066808936 -0.009886944224040767 0.013021345198487239 0.0288608318638343 0.9994497212402733  738503.5879419007
-0.8021063187491064 0.5190458662105505 0.4307910653356594 -0.01329694903585324 0.006855026111673263 0.025085760646201268 0.9995733611777315  738503.5879431756
-0.7994958083259908 0.5189093709696038 0.4490311976697299 -0.010269939954617231 -0.0009120333087556528 0.021369262164442945 0.9997184859564815  738503.5879442665
-0.7975586770983385 0.5184407589406351 0.4627794250078321 -0.01374435175007701 -0.008710028973702448 0.017514038015394622 0.9997142024912133  738503.587945364
-0.7972857058468201 0.5179767412640385 0.4757880025043822 -0.012260211735920495 -0.005438489442310763 0.014685561226799612 0.9998022026042103  738503.5879466287
-0.7979387078226201 0.5176006662322704 0.48600788353756663 -0.013336752684632509 -0.0022194409565917755 0.01228491148948703 0.9998331291067348  738503.5879477087
-0.7991750246425043 0.5174803219753745 0.49486970468383695 -0.014353186447467163 0.0040126986478947035 0.010503252062196178 0.9998337691758983  738503.5879489684
-0.7998551265297048 0.5175516174753384 0.5004676368178257 -0.010974100132191168 0.007227239064340131 0.008196186521714569 0.999880072142803  738503.5879500648
-0.7992014532856393 0.5173947217436576 0.5052813668107689 -0.013593218661609646 0.007450647873942501 0.0070454496860439106 0.9998550264370318  738503.5879511565
-0.7973986376129761 0.5170845631698948 0.5120471582216874 -0.013263757783606977 0.007176717271954042 0.00991449081442483 0.9998371219006359  738503.5879524173
-0.7958236081715568 0.5162128996054387 0.5176142788391982 0.0035998932033055263 0.0009530613546404286 0.013338828929688825 0.9999040994444235  738503.5879534957
-0.7953306249427652 0.5126643437762728 0.5230717952598664 -0.003975519802366737 -0.001297845833476535 0.012078014936415981 0.9999183128604503  738503.5879547559
-0.7959919807056975 0.5086562367213364 0.5263044878807802 -0.02100967910362426 0.008867080910881345 0.01111243951478593 0.9996781891929587  738503.5879558693
-0.7967980701971139 0.5061278186283895 0.5291542956751901 -0.03444005246607594 0.018240490531474945 0.0100026084358915 0.9991902296939174  738503.5879569576
-0.7945651429905111 0.507829232986692 0.5324002468727553 -0.034108185800815746 0.0198516202965635 0.007670699251803322 0.9991915257877073  738503.5879581947
-0.7898071264098971 0.5126500998872807 0.5339357942734684 -0.024139868602445047 0.018655866759793215 0.006698867762821501 0.9995120562304358  738503.5879592567
-0.7812404897970546 0.5204987305529906 0.5349826796549545 -0.004358565853570932 0.007642011067746677 0.006719784692170632 0.999938721654598  738503.5879605188
-0.7720940546150445 0.5264625063245637 0.5359050541460558 0.0035756585988734615 -0.002330076376218441 0.00722190040866053 0.9999648141630548  738503.5879615888
-0.7636097682117821 0.5305673536739985 0.5375656009739421 -0.005648850789002843 -0.0055430759915361776 0.0066014335723781035 0.9999468915237975  738503.5879628424
-0.7569809997463764 0.5342628893617687 0.5394265660370136 -0.02279096399072982 0.0007380099662605522 0.009938499090506574 0.9996905788980364  738503.5879639242
-0.7501956291245993 0.5396531740523745 0.5417559168649451 -0.037647877615067646 0.020329486801416767 0.01154398676251509 0.9990175602295982  738503.5879650302
-0.7392752311693735 0.5504645226728594 0.5440937448063832 -0.029308201265408514 0.023451114957099766 0.010145124387578657 0.9992437895714017  738503.5879662791
-0.7275159167692918 0.5618312288464052 0.5458339981336127 -0.019702603578576283 0.02251907713160611 0.011532177795192238 0.9994857214851377  738503.5879673529
-0.7114822529067361 0.5763951486754992 0.5476392949491098 -0.007642706257186229 0.011665947980127572 0.010981656745317118 0.9998424365438383  738503.5879686088
-0.6965931091676024 0.5879770531616845 0.5485321744158604 -0.004588956010168676 0.001209077992538183 0.011602555727589945 0.9999214270700137  738503.5879696838
-0.6838224725090656 0.5978201449967042 0.5478977943568399 -0.012161121937325206 -0.0013012224150143162 0.010881063621920423 0.9998659992158488  738503.5879709391
-0.6723837510986318 0.607318103434687 0.5461008034990358 -0.02451871805429207 0.006218607383263747 0.011271892149590363 0.9996164793732419  738503.5879720137
-0.6613156268560987 0.6192368674848229 0.543773896814078 -0.03881630298627605 0.020587151364369293 0.008486186518915253 0.998998222450643  738503.5879732626
-0.6475893099915719 0.634749659210648 0.5417710768582957 -0.032980939339705466 0.030636364076991524 0.008034751204081212 0.9989540097569564  738503.5879743238
-0.6302749236328934 0.653110760875233 0.5411480387273147 -0.0196200316718027 0.033954071403103844 0.009372563775402168 0.9991868346013304  738503.5879755663
-0.6101616341391108 0.6708940396107551 0.5419826156620368 0.002084102641659416 0.007163556614248243 0.009070427931966262 0.9999310312766299  738503.587976669
-0.5921633874659497 0.6847580001051004 0.5438164190584217 -0.01050775728286117 0.007146341810259923 0.010285447568928786 0.9998663542713707  738503.5879777477
-0.5729700281272458 0.6999651904777077 0.5462297211706133 -0.016365479954440394 -0.010631620729192269 0.00940130232288036 0.9997653500802902  738503.58797902
-0.5571658757004834 0.7151630455205978 0.5471578302029575 -0.045740335532403815 0.017123242377111946 0.007333737498300376 0.9987796716844931  738503.587980107
-0.5426950674947981 0.7320240234053774 0.5463195590977771 -0.03811632439999909 0.02560818354675603 0.006956979453308022 0.9989209013663475  738503.5879812012
-0.5222047719415962 0.7557214299816196 0.5437025413490096 -0.008252311550548874 0.020108118740877173 0.0030477560235017257 0.9997591080345288  738503.5879824625
-0.5034077492721036 0.7742134313285174 0.5428115407450177 -0.0004484465885257954 0.017916438801331855 0.003268003654294071 0.9998340463639208  738503.5879835334
-0.47890026609245734 0.7940788113529368 0.5428385589330501 -0.008499783030479612 0.01137992719680238 0.0031823377570839965 0.9998940562238733  738503.5879847788
-0.458629661691622 0.8097941581449172 0.5431379618342086 -0.02443598093252568 0.007857108507199272 0.0024546444997592663 0.999667506425087  738503.5879858615
-0.4340584096900535 0.8309988927080606 0.5430592645443698 -0.03391632509057786 0.003927241807286321 0.0033733025579214784 0.9994112669436892  738503.5879871243
-0.4136943631324137 0.851627984309407 0.5424084765519436 -0.040118726295873375 0.017577486068355276 0.0028745206733630482 0.9990361639674572  738503.5879881885
-0.3876730652631238 0.8797443963998293 0.5414822746185026 -0.012918442079483491 0.005347765081990111 0.0032083868870609513 0.9998971054645822  738503.5879894494
-0.36366403942214454 0.9038815700468474 0.541008618936782 0.010572363439549669 0.0010472721463167212 0.003154484780580405 0.9999385869032771  738503.5879905432
-0.34278269240792203 0.9224187251477977 0.5409559000559057 0.00935945244797711 -0.0005022154689587092 0.0022554200145773074 0.9999535296752818  738503.5879916322
-0.3184109416063909 0.9408516741693406 0.5414601396000988 -0.010964124379544655 -0.004590232577370776 0.003569983505896754 0.999922983513852  738503.5879929047
-0.2973245521445491 0.957611973895009 0.5412403098971099 -0.03843180165307081 0.010935470862009303 0.004071408412872788 0.9991930923161252  738503.5879939967
-0.27567224864943135 0.9787141430040728 0.540398842629106 -0.04394874892381078 0.016376168270605465 0.004760658712236002 0.9988882143210172  738503.5879952568
-0.252110842224863 1.003702748060524 0.5386015407778747 -0.02226341553320974 0.015268514668117733 0.007206067185513962 0.999609566473002  738503.5879963329
-0.2293429184721237 1.0268466057503474 0.5371600199241728 -0.0037142901288685828 0.012087274115505363 0.007393304946343799 0.9998927146925642  738503.5879974437
-0.20171941387445116 1.0509609250483238 0.5357699861393513 0.015074508998170557 -0.006494975581889531 0.005874845521790275 0.9998480187812295  738503.5879986944
-0.18124322796043285 1.0660801740541568 0.5346545145295503 0.0014521628175276323 -0.010667870546925 0.003518296159990887 0.9999358526191948  738503.5879997542
-0.1588918579057873 1.0822093814864364 0.5329914216966561 -0.027057058403536893 -0.002880258018441343 0.0003881873751010995 0.999629665933768  738503.5880010208
-0.13978064009656746 1.0993856439136656 0.5311324897088765 -0.04564254406709401 0.012252855352063536 -0.0018628082727104622 0.9988809516915136  738503.5880020903
-0.11650336268146147 1.123681685647689 0.5286279478537539 -0.034194812384542646 0.02087618479475044 -0.003092204012507598 0.9991923428393287  738503.5880033696
-0.09542999588655823 1.1451423996883798 0.527152368812757 -0.0035013339699131426 0.014818452382735577 -0.0032707544915837545 0.9998787207929107  738503.588004466
-0.07386441353725692 1.164196605504915 0.5266418499135298 0.01463385744489489 -0.00014762530344442524 -0.0033955275722106788 0.9998871430394326  738503.5880055402
-0.04915542231077092 1.18148221534915 0.5274097668414206 0.008157914822740748 -0.013471055728337672 -0.003980335554493671 0.9998680593019175  738503.588006789
-0.03183386557807137 1.1924219453832365 0.5278418616686473 -0.013581999172442707 -0.012306605886524952 -0.0028843513959492142 0.9998278638180966  738503.5880078682
-0.013707552752527897 1.206676970311375 0.5272916369455769 -0.03892053885541671 0.00644989038923735 -0.0013221514718550096 0.9992206175238061  738503.5880091138
0.0027264739988255796 1.2235991527554875 0.5264389736769319 -0.0332113769215245 0.021100842852119175 -0.0007224813742409445 0.9992253183814802  738503.5880102093
0.018414121963696215 1.2407083932266958 0.5254407011053778 -0.006990125979770847 0.012471505447780286 0.0015282999795198802 0.9998966266518883  738503.5880113028
0.038322333194050436 1.2595105257198629 0.5250958784657259 0.011647709970642918 0.0015335778245310651 0.0009919604238183405 0.9999304950875404  738503.5880125652
0.0548981485261391 1.2716483186733982 0.5251789084501309 0.008522878971052396 -0.008155960119667979 0.0008384773555578799 0.9999300664567975  738503.5880136658
0.06907140683098646 1.2806266850388417 0.5249348010712954 -0.013170962567272852 -0.009243126811389736 0.0017814547528584954 0.9998689497983042  738503.5880149226
0.08179766667663572 1.2901615508475435 0.5246106606663306 -0.033784882524800365 0.00014251353666476648 0.003843606998690714 0.9994217268440371  738503.5880160055
0.09522865052187225 1.3043871050502744 0.5238358286444895 -0.03002074347925815 0.007268033548073072 0.004840419516900187 0.9995111309976479  738503.5880172641
0.1066825349404121 1.3175407094569496 0.5232451929224844 -0.00969085551716748 0.006954415048533676 0.006281660990374326 0.9999091279540757  738503.5880183451
0.11851001528167843 1.3293848402495463 0.5224653335524942 0.00819944387142175 0.0019465169886671298 0.006928531876829261 0.9999404860479668  738503.5880194141
0.13242469297674955 1.3388028490303876 0.5212713770638264 0.009970528992101765 -0.006846155167726312 0.005499424717283887 0.9999117336239315  738503.5880206833
0.14297437092129472 1.3429675302626534 0.5201678795082534 -0.004902345668867643 -0.011352274634695155 0.005254196473226366 0.9999097390699734  738503.5880217777
0.15147178902678599 1.3462765685660403 0.519075258045634 -0.024700629626960586 -0.00951178888249045 0.0046831432135189905 0.9996386711897096  738503.5880230396
0.1567347386021601 1.3501944217016024 0.5180589177895916 -0.024698417904796998 -0.0014124553040438697 0.004409081101258139 0.999684226707042  738503.5880241229
0.16131101676491297 1.355511620023974 0.517559802737994 -0.016145366803580134 0.003336876445365532 0.004702701094201722 0.9998530276939631  738503.5880252213
0.1677479968846992 1.3619597196603712 0.5170312975681283 -0.001802044324830003 0.008532602690410633 0.005799997423420463 0.9999451521745917  738503.5880264691
0.17357530606947974 1.3650011691059611 0.5166528954911791 0.007282333158139751 0.0031507875833457107 0.005761672916341171 0.9999519204874721  738503.5880275462
0.1806314253437513 1.3646539184404427 0.516254020171644 0.0019310890795177138 -0.00908387925403827 0.0074284004389348355 0.999929283949412  738503.5880288208
0.18440440698041663 1.361834828617786 0.5156698938568696 -0.010526723807090394 -0.017913637062577783 0.0082388910905645 0.9997501739768178  738503.5880299133
0.18496962210901724 1.3593963112563578 0.5150423123509101 -0.02178719798248078 -0.01519975842306235 0.0091739500203299 0.9996049839756589  738503.5880309907
0.18294603847442387 1.3577897241693266 0.5139457979857442 -0.02014672027548329 -0.001498860335281547 0.009008023913074006 0.9997553293606483  738503.5880322548
0.18099025721640175 1.3570484272853525 0.5130117468737401 -0.005799845281576223 0.008308164904769644 0.009719892173437609 0.9999014250848739  738503.5880333302
0.17936589566741482 1.3545531689902437 0.512311273057861 0.005577109681510586 0.006982750361732784 0.011016752347434617 0.9998993790440623  738503.5880345808
0.1790605321354637 1.3487696053363243 0.5121991557828806 0.006774918952062704 -0.003838587185228759 0.009349613492849733 0.9999259724845379  738503.5880356609
0.17740318930783303 1.3398024154194765 0.512333035756981 -0.003574243376588109 -0.014072369446873137 0.008044736113682765 0.9998622282211169  738503.5880369182
0.17267288929056537 1.3296173926217862 0.5123161399950268 -0.01556482036345789 -0.0196425757314372 0.006960691100558402 0.9996616699489336  738503.5880379889
0.16558310166780377 1.3208995310192395 0.5123555749077499 -0.01868361212691934 -0.010647975321753713 0.006914508599604276 0.9997448338602527  738503.5880390768
0.15549871358541137 1.3115374445629804 0.5129779825601296 -0.011091811748814134 0.004477792475964896 0.006951623431410541 0.9999042934292957  738503.5880403299
0.147574621422741 1.303542399942562 0.5136242238381985 0.003006845647409383 0.009777885827100263 0.006866028511556572 0.9999241018599779  738503.5880414125
0.13938877189660293 1.2906335943448055 0.5141367486830382 0.007847620727687852 -0.0001585810522983241 0.0048681154443708415 0.9999573446667536  738503.5880426675
0.13288879340870255 1.277298297727243 0.5143139983544581 0.0016273954999347846 -0.010250669241827286 0.0030769202442056413 0.9999414022460478  738503.5880437454
0.12207900504226209 1.2596456130359794 0.5139841570248773 -0.011799477975264228 -0.022083384900205907 0.0022809631528119176 0.99968389685838  738503.5880449958
0.10841960728847061 1.2437819724127492 0.5131084035146002 -0.016015131806307613 -0.018922233810771315 -9.599952009946487e-05 0.999692680479821  738503.5880460782
0.09265506046377181 1.2295807983428344 0.5126140365599184 -0.014472027389910753 -8.668842234864059e-05 -0.0011999768686653907 0.9998945509221749  738503.5880473263
0.07804814045428694 1.2160774185529815 0.5129452409261954 -0.004907586736931883 0.018515461082677976 -0.0012338814974741498 0.9998157684442497  738503.5880483944
0.06604856065156604 1.2027058394540175 0.5129317152422519 0.013090606228518481 0.002619763273992073 -0.0020757034235798725 0.9999087279968385  738503.5880494969
0.05176766203608446 1.1830399321080707 0.5128787568494207 0.0039042625989649297 -0.00626495448026316 -0.0027613876158582105 0.9999689404263282  738503.5880507666
0.036726787932058344 1.1619619658967701 0.5135274380858442 0.004873186525305875 -0.02523677293477912 -0.00505242408491969 0.9996568563040991  738503.588051854
0.01565598725811167 1.1374247684392336 0.5142287274936702 -0.020502456750181797 -0.015388547794177126 -0.008083874154829137 0.9996386811456638  738503.5880531329
-0.0035618761542798474 1.119032651649777 0.5150248857775489 -0.02734041218438876 0.0005226412904280729 -0.010707293687751192 0.9995686982741875  738503.5880542179
-0.02195806638575066 1.1026333517551645 0.5153334503621274 -0.010992354308449807 0.007121527576071308 -0.01223169198259178 0.9998394059562684  738503.5880553263
-0.04346375495220483 1.0812460044687509 0.5151483345662824 0.012031170498897518 -0.001089617910365728 -0.014485698440537957 0.999822098280452  738503.5880565945
-0.06257751058491978 1.0585217481478413 0.5144428603083513 0.007873992047291375 -0.008259607863621354 -0.016963400456696615 0.9997909892433139  738503.5880576815
-0.08089525768679144 1.0363852264331361 0.5138790446129715 -0.011568601834291859 -0.01069424909545262 -0.019513100611024712 0.9996854702317265  738503.588058771
-0.10508285235767159 1.0109740247307526 0.5124567462187006 -0.020221219272469088 -0.010718165211190494 -0.02014235151157932 0.9995351464061804  738503.5880600299
-0.12693851116042337 0.9911335420091116 0.5111456792868487 0.005861820693967298 -0.02153666548721644 -0.017814260163354613 0.9995921484448924  738503.5880611115
-0.15556826760095452 0.9660414978609847 0.5094201477755382 -0.002173870208377448 0.0020565853734770484 -0.01618948089191774 0.9998644635416187  738503.5880623724
-0.18108912511458825 0.9426454355032342 0.5080435562002903 -0.00675582322371391 0.013368552183808308 -0.013664096255442888 0.9997944454429625  738503.5880634459
-0.20242941279464066 0.921735407101704 0.5075996199472843 -0.010296068079885977 0.011744030473418505 -0.011322879666466683 0.9998139132490568  738503.5880645451
-0.22550433750442317 0.896865320694751 0.5071501985786199 -0.005005331389165384 0.00528772775138567 -0.009904090157990413 0.9999244449412437  738503.5880657937
-0.244871270685456 0.8758178358927019 0.5065340258291793 0.014293746325947135 -0.01741438451343654 -0.007846788140308827 0.9997153874697882  738503.5880668813
-0.2716334764829241 0.847071356259856 0.5061960471148982 0.008464859898510115 -0.019711620944209682 -0.008571801521973121 0.9997331255716789  738503.5880681553
-0.2997445437694627 0.8188529283010458 0.5060563990206062 -0.0003386948121034129 -0.009810463637812454 -0.006203546145464493 0.9999325757791155  738503.5880692356
-0.3316048895966955 0.7886268569877505 0.5062145243814381 -0.02794434224357919 0.012708851491067588 -0.005778497834160619 0.9995119848171569  738503.5880704981
-0.354739979691667 0.7680276609660887 0.5060164474475619 -0.03412493959176534 0.029601101952344448 -0.006182240159610085 0.9989599807638313  738503.588071578
-0.3741007362175836 0.7493620574797787 0.506209123196389 0.011251825144865772 0.004002147898915753 -0.0016895266394597406 0.9999272597258458  738503.5880726639
-0.397577587336318 0.7228660749941274 0.5068295710907389 0.03987585117885555 -0.02710497256832665 -0.0022358730017533173 0.9988344396479089  738503.5880739094
-0.41993016154926804 0.6961529551684587 0.5070551904505464 0.0118491732786501 -0.017410460180772885 -0.00019623200611155686 0.9997781926316988  738503.5880749882
-0.4505612552837556 0.6616350823290672 0.5071599691755158 -0.023358921802813893 -0.002459347234706277 -0.000637191033073597 0.9997239150740451  738503.5880762493
-0.47890947620173524 0.6345826642000512 0.5067660541966684 -0.03647667047104653 0.014324880703712734 -0.0005745450580044496 0.9992316649316851  738503.588077344
-0.5011581609285968 0.6150491627391765 0.5061238545186739 -0.03081571004251889 0.025099131449941706 -0.0005323270998225111 0.9992097588809333  738503.5880784487
-0.5235874944434675 0.5957800705575024 0.505749898799266 0.00022740023144147926 0.025223267782634184 -0.0002713239547772177 0.999681780085449  738503.5880797135
-0.5418158565338932 0.5760033427607704 0.5050557192760845 0.041914858290127234 -0.012529474210608701 -0.001664283201368771 0.9990412339297863  738503.5880808029
-0.5633975578064837 0.5490040065243275 0.5041106645073872 0.02176180231106642 -0.025025857884181914 -0.0028518796034571812 0.9994458450461747  738503.5880820667
-0.5896805115181213 0.5186245684349698 0.5033622095485928 -0.018888441312275118 -0.012475079422557612 -0.006376325778523556 0.9997234325791108  738503.5880831466
-0.6149808188664018 0.49466703412959667 0.5033392073636043 -0.04556372511725875 0.0107618784588218 -0.007165012930840752 0.9988777660530729  738503.5880842453
-0.6420177726711886 0.4740100260679278 0.5025272448140597 -0.044316666317462394 0.036436578088616556 -0.0065277981428158195 0.9983315064221431  738503.5880854917
-0.6600732240019391 0.46121523273553533 0.5020325022413881 0.022306657731660823 0.007347635154603675 -0.004735447198159098 0.9997129592129487  738503.5880865675
-0.6801955594906861 0.44138919234630064 0.5016561148781388 0.02972127567876109 0.0035803763719162965 -0.0030476380514583854 0.9995471667607136  738503.5880878371
-0.6989097842788868 0.4173066418397394 0.5020345086110843 0.012391684817438445 -0.006526389438112264 -0.0018923958496643255 0.9999001306261719  738503.5880889206
-0.7168039941385924 0.3938524142525739 0.5022774918300109 -0.021187539054186723 -0.00844451097824802 -0.0011865095218575024 0.9997391512881348  738503.5880900249
-0.7417746885109958 0.3678937472966449 0.5022227975214489 -0.04431578480458354 0.007833695197163242 0.0004024880919623267 0.9989867779105226  738503.5880913177
-0.7599990617006805 0.35326623276780256 0.5020331196078924 -0.014622459665510651 0.004595242433785907 0.0029459714689921666 0.999878186916991  738503.5880923911
-0.7765126116581428 0.34048596995993563 0.5021793889422763 -0.012676092390434436 0.023561074291082996 0.003446239323647001 0.9996360917326282  738503.5880934885
-0.7928350724959662 0.32402061023531553 0.5022850040334911 0.01068211311557606 0.016357563616977287 0.0026380818366172347 0.999805662664563  738503.5880947406
-0.8041817452155687 0.30757927306753313 0.5022999850790283 0.0127156841844101 9.608434915971164e-05 0.001426600019290481 0.9999181301266145  738503.5880958192
-0.818902309206441 0.2850645262155849 0.5019161282258985 -0.014831185586276992 -0.010023911106615317 0.002341252151512253 0.9998370245588004  738503.5880970818
-0.8348381822375921 0.2663945418529462 0.5019321658261219 -0.039023812295922694 -0.002047770875271056 0.0025339750851910564 0.999232969671539  738503.5880981617
-0.8514148389779469 0.2535012574490606 0.5019936328561234 -0.04370551231868513 0.018257505766003112 0.002675466616875184 0.9988740328762921  738503.5880994103
-0.8642123555893724 0.24615446414413428 0.5019461450827102 -0.023643409609547965 0.037332821709660874 0.002438697674491005 0.9990201711471507  738503.5881004696
-0.872945450332118 0.23966429159916022 0.5019884723022423 0.019506528690428862 0.020104107462343285 0.00295836305740375 0.9996032054218377  738503.5881017308
-0.8787282091677846 0.22931519497809377 0.5024453480397374 0.01364499826106877 0.01147101647479255 0.003846995207984954 0.9998337013880659  738503.5881028059
-0.8856614593621553 0.21401577283501882 0.5032982326150018 -0.010623371829126023 -0.01181003142096567 0.002468002823553725 0.9998707796964961  738503.5881040575
-0.893829374923401 0.2021439936258494 0.5040090774891625 -0.03757644189534623 -0.00795101461379783 0.0019648159548924125 0.9992601922819503  738503.5881051328
-0.9032898539121516 0.19449099952998133 0.504314989372501 -0.03987820255012293 0.007310269203750543 0.001495135461636899 0.999176687826278  738503.588106219
-0.9137240692890594 0.19024019409300869 0.5040819623739932 -0.021288360547047313 0.0248142466603518 -0.0003105582181179734 0.9994653382791678  738503.5881074786
-0.9191581245334471 0.18824474872399158 0.5035745958459498 -0.0018543534953385015 0.027594358513792484 -0.000553986040378404 0.9996173297071204  738503.5881085766
-0.9204303083207195 0.18453051619340183 0.5027985940173032 0.0043115736019214345 0.01754562397428005 -0.001322943604857407 0.9998358921506303  738503.58810982
-0.9199101506221612 0.17872794699989195 0.5028211482336696 -0.007658562477313154 -0.0019853969559743526 -0.0004202055129724744 0.9999686135309624  738503.5881108996
-0.9202777256531538 0.17313774238848367 0.5026518857651419 -0.022151976405941524 -0.011111910932803814 0.00012123475129148314 0.999692853169846  738503.5881119986
-0.9237532257157505 0.16849381276386047 0.5019672397861513 -0.023813639701385073 -0.012729222029364457 -0.0007037162654684967 0.9996351245600154  738503.5881132432
-0.9289648736346786 0.16688199103300833 0.500637810835164 -0.017261575603776905 -0.0036677361285073614 -0.0002590917209447778 0.9998442471659508  738503.588114332
-0.9359766816554784 0.1659858178314572 0.5000420825565495 -0.012623480545500158 0.008637049892833417 -0.0016972074746587256 0.9998815772854573  738503.5881155803
-0.9408447405663157 0.1651470305392692 0.500284886167163 -0.003345077679824048 0.010615073265318943 -0.0031505865050583176 0.9999331000019761  738503.5881166573
-0.9458717728070585 0.16295113088964347 0.5014807548220597 -0.0012215795096503393 0.0008244256539105577 -0.006385152854388352 0.9999785287139265  738503.5881179225
-0.9505598072959995 0.15937244522213587 0.5020778207628178 -0.0006036750881922898 -0.0014897788431232199 -0.006534567551786036 0.999977357524808  738503.5881189986
-0.9552169536793886 0.15409375527020108 0.5024119105246847 -0.00181091834258678 -0.0006471595564807944 -0.006315547903186233 0.9999782075695188  738503.5881202482
-0.9603294435073733 0.14735862683779527 0.502039066895908 -0.002793499367962841 -0.0007418990916405508 -0.006424955073439141 0.999975182641711  738503.5881213273
-0.9662118554471696 0.13828344734685058 0.5017297601103158 -0.00046811940535944314 -0.00026807710682126963 -0.006129662002190199 0.9999810679421016  738503.5881225738
-0.9714479482134135 0.12942310760789616 0.50120445534833 0.0007072574010907006 -0.0013551717272666478 -0.007929379259720466 0.9999673935889679  738503.5881236496
-0.9767663710828629 0.11919019439157696 0.5010945700967084 0.0014313404802434 -0.0019802898670332955 -0.007870360681714554 0.9999660429930668  738503.5881247239
-0.9836840816437165 0.10532438402029969 0.5009431421073549 0.00033797261628868927 0.003925414453551961 -0.005138722592267786 0.9999790349932334  738503.588125991
-0.9890663768397439 0.0926660580705617 0.5015535306999903 0.0002324874513982011 0.0042274429418130526 -0.005933569776445006 0.9999734333598402  738503.5881270784
-0.9957225827345988 0.07553729814788554 0.5024899293969411 0.0006870560356411565 0.007350357337052372 -0.003937247131462037 0.9999649985304723  738503.5881283245
-1.0020603952381248 0.058643222506715297 0.5028632343091025 0.0002678487573993776 0.006626128416840058 -0.005074339882063573 0.9999651362692642  738503.5881294091
