-1.2441039613282445 1.911279322668822 3.6339083950456468 1.9284045602779902 -0.7300288518098453 0.1074938564383339 3.361146413292476 1.9667400176844128 36.30359796594577 -73.26487484441171 738567.5924111168 0.147922428089825 -0.3618204085578109 -17.209110490445386 -0.011914640172511343  738567.5924111285
-1.2339328524551354 1.894663156220998 3.59109093776252 1.9323151792377766 -0.8267197468095707 0.09881752561469014 3.8034051142822825 1.8623942582045996 25.164546899514022 -20.91096063842945 738567.5924116132 0.2897500105098425 -0.5874359424546902 -20.609452400122333 -0.06324742923085161  738567.5924116132
-1.2297780942972012 1.8878511171653647 3.567269567679761 1.9338878381714253 -0.9694698349724704 0.09338160327281632 3.6893733757894434 1.92242576882799 12.046194164635113 -3.336340682468361 738567.5924118556 0.643283613062495 -1.1301024059771057 -17.01767239170824 -0.19996982341516828  738567.5924118556
-1.2252916477208644 1.8806912783625516 3.543635597498653 1.9354825414834673 -1.066839329008341 0.08898603796695426 3.607319770336491 1.933616591712591 5.204450861714235 -0.47540544084404823 738567.592412098 0.8407518336664268 -1.4080462642668985 -9.635759394505985 -0.28327201782102707  738567.592412098
-1.2209373289873438 1.8738288734388806 3.5205015346856308 1.9371075937499056 -1.124829342816919 0.08582475714291436 3.5518340652858607 1.9368049995749343 1.8386668561139174 -0.011505680142388175 738567.5924123403 0.9111684604448693 -1.4787788319451856 -3.8493259587525372 -0.3210569586542058  738567.5924123403
-1.216836511986078 1.8669203521043656 3.4977838596957325 1.9388066527036483 -1.1524949124632586 0.08610874121913754 3.5125932333535683 1.9387561936643074 0.24767846608445243 0.06585888925457305 738567.5924125828 0.8826311180192569 -1.4261283024010087 -0.5498898636106584 -0.3104710727084161  738567.5924125828
-1.21225503460863 1.8597928351575241 3.483876748716482 1.939953616301696 -1.079123876567637 0.07885474588992131 3.489301796569643 1.9399577257091805 -0.3348291262638323 0.05956165223713777 738567.5924128253 0.8319431427824182 -1.317323112088527 12.09192568151958 -0.3005673904324547  738567.5924128253
-1.2078898380556682 1.853099916613131 3.463399160473959 1.9415145140194856 -1.0817696343444094 0.07800983707820493 3.466422188741522 1.9415075382986298 -0.6597741579076005 0.07026278128591264 738567.5924130676 0.749028502478171 -1.1506929426054449 2.0224738709795975 -0.2812663415021548  738567.5924130676
-1.2040168712701487 1.8465334665210231 3.4433046614240728 1.9431611861171945 -1.07383458113382 0.07908054599133943 3.4447925740282312 1.9431570891078298 -0.8196223549542144 0.07654437858644728 738567.59241331 0.6224003218992213 -0.9613449675677814 -0.6806061417869733 -0.2299911628819155  738567.59241331
-1.1993298433274426 1.8402059908836845 3.4233228048082625 1.9446929685913688 -1.0632865013482369 0.07811267466877589 3.424011208716546 1.9446944843331204 -0.8935725017799887 0.07422060536812462 738567.5924135525 0.5413895385133176 -0.764364055213088 -1.0182906909036524 -0.22480495132708944  738567.5924135525
-1.1949576865216438 1.8342301369330396 3.4161479683742995 1.9441404792486163 -1.044094536599613 0.07690909415727117 3.4144101728588194 1.9441879377975972 -0.7069768022241907 0.0014945170161271837 738567.592413795 0.4594468462050538 -0.5649750345636837 13.194173138575774 -0.22173280667732093  738567.592413795
-1.1901538212946998 1.8287418011073624 3.3860439569166405 1.947755015686291 -0.9456985807106624 0.06684479525821328 3.387760890284623 1.9476755952428302 -0.8618428595081272 0.10373147615975471 738567.5924140837 0.380161808755243 -0.3575403167776763 -3.233002359596707 -0.2218614603649837  738567.5924140837
-1.1851793978408176 1.8230998218119445 3.368529488984496 1.9489260255912229 -0.9281103012357154 0.0631450544580777 3.368721681748987 1.9489467185163418 -0.882513178515822 0.07196969516186116 738567.5924143258 0.3381109210762359 -0.17353506386601236 -0.42213963209817296 -0.2501594797831506  738567.5924143258
-1.180385741020147 1.817913613158549 3.3509289269777334 1.9500270440246485 -0.9148118163006072 0.05920512650353469 3.350818414046985 1.9500366518917485 -0.870640914988139 0.05723910203654897 738567.5924145682 0.3088132609378231 -0.03437952840584052 0.7144973321598458 -0.2741444810678875  738567.5924145682
-1.1751918291474976 1.812297866470186 3.3328314820421117 1.9510444124916386 -0.9122852254833449 0.054918628504408 3.332791622849921 1.9510487132275252 -0.8663591851379715 0.05064574858303145 738567.5924148107 0.30646288386608245 0.0339823221989837 -0.33470264630066393 -0.2971856005186039  738567.5924148107
-1.1699448006259738 1.8073049847716804 3.3147654174480397 1.9519569324766937 -0.9094349945048451 0.05014536672682867 3.31474648874938 1.9519603631661286 -0.8643256296795809 0.04538570329085653 738567.592415053 0.30888988059475014 0.10069569912550076 -0.7607940469212995 -0.32418054246747213  738567.592415053
-1.1595376987097326 1.7974116730888539 3.282125603648515 1.9547298951761356 -1.079798426366173 0.061908315188764114 3.2844484731761794 1.9546889688726743 -1.1138628660487913 0.10813167936107217 738567.5924152954 0.6216695207483841 -0.15189244854237627 -18.07827770237553 -0.5195165545606502  738567.5924152954
-1.1538270599392464 1.7922401714971428 3.259591178803994 1.9557135144875262 -1.1009011586121005 0.055359491169303075 3.259836065690074 1.9557414138315714 -1.140173148649923 0.06535305727109247 738567.5924155378 0.667551318474921 -0.16476418120906244 -5.311659517878303 -0.556840227282743  738567.5924155378
-1.1482204593326446 1.7874573144596984 3.2311831016802315 1.9579213574774668 -1.1004877092646648 0.052143875885943325 3.2319468319702698 1.9579031055438088 -1.2222206558895652 0.09333688201685816 738567.5924157803 0.5875003907978953 -0.06422248342384987 -5.846075382693146 -0.5197785726832653  738567.5924157803
-1.1423196270084335 1.7824391507712178 3.210016117796614 1.9590028541379498 -1.090832989246997 0.050233374585870044 3.209429345208449 1.9590220936150242 -1.1591837057993892 0.0638389578662503 738567.5924160227 0.48379639166074884 0.04075247896359241 3.8579288281811204 -0.46322282149009203  738567.5924160227
-1.1361433288314102 1.7775232883494057 3.200994876577985 1.9585036290525233 -0.9619841317474472 0.03176131695416449 3.198459677518554 1.958545379858189 -0.8868459976289791 -0.00016891414786268655 738567.592416265 0.3982545711459363 0.12978218408857925 19.53034355106008 -0.41776177953215904  738567.592416265
-1.1293108285883675 1.7732487282709686 3.1824028389159564 1.9589551972959656 -0.9504616028799484 0.025324991185133344 3.182000229018362 1.9589458968085929 -0.8435916666921797 0.014091222072441808 738567.5924165074 0.36708898673702467 0.2300669053401568 4.094667779249587 -0.42685715589251094  738567.5924165074
-1.1221016986629742 1.7687002821810118 3.1635449988580597 1.9591999304674153 -0.9446925525807491 0.01707289025708552 3.163670813729086 1.9592008553219253 -0.8571073366236841 0.012673301725851283 738567.5924167499 0.37454573717997786 0.2894884576274731 -2.4129044955838532 -0.45628020962351734  738567.5924167499
-1.1149046832653413 1.7642454288834952 3.1445507163856887 1.9593056689335833 -0.9418208831142487 0.00893152556027321 3.1447378455247916 1.9593092825558769 -0.8772112973426706 0.007132714715761949 738567.5924169923 0.3828155549002353 0.31999187659538425 -3.310342192630924 -0.47550202416994736  738567.5924169923
-1.1069003940230913 1.7600678951121451 3.1251723183763875 1.959082247407837 -0.9358203842404534 0.00036187126224694664 3.1250831644688724 1.9590910371600723 -0.868466695881986 -0.005171363610043428 738567.5924172578 0.3850993852128399 0.3596883710478847 -1.1333028914333498 -0.4926112587263228  738567.5924172578
-1.0991066358823682 1.7554002765744472 3.101679935078323 1.9599831972443043 -0.9157966152632563 -0.005281681416380788 3.10237555537189 1.959960570605399 -0.9397988343642717 0.027942195491812243 738567.5924175117 0.3824399735598493 0.3503826401611793 -4.60763073090583 -0.48678817192868723  738567.5924175117
-1.090937224768117 1.750801040181942 3.082406573757291 1.959671927399238 -0.9297489213611332 -0.012317523863864227 3.0824525046140523 1.9596915885267192 -0.9447334649031277 -0.002203918009567242 738567.5924177541 0.4127541772209532 0.30508451191033137 -1.9706436090163488 -0.49760852822079055  738567.5924177541
-1.0823078912232946 1.746132552864613 3.0625826216463103 1.9591662474790033 -0.9501554738080257 -0.02010993136575464 3.0625959453788103 1.9591770290723778 -0.9461648165317816 -0.018734045205445048 738567.5924179965 0.4650470971271066 0.2450612932464195 -1.8486990285250435 -0.5232137770794583  738567.5924179965
-1.073550492759686 1.7412847666636762 3.048559343333673 1.9578198303728875 -0.9689357769266042 -0.026592362725244692 3.0476345455748564 1.957841539062214 -0.8468149700647799 -0.052017381290647556 738567.592418239 0.5089111997944682 0.17529746714378802 5.639380183640828 -0.5374335721157666  738567.592418239
-1.064469050542692 1.7364469718815223 3.0279219766533765 1.9570676798149549 -0.9930311370147669 -0.03398557897191143 3.028238228484521 1.9570605785595248 -0.880789115122083 -0.041129999881239415 738567.5924184814 0.5466073506321232 0.11314789830250802 -3.160063850843578 -0.5489604523008282  738567.5924184814
-1.055339773267893 1.7309702396239157 3.0104764818225664 1.9564399665442007 -0.9822837426902629 -0.03812001518837085 3.010366785032413 1.9564345481037388 -0.8690045285400537 -0.03282255339107131 738567.5924187237 0.5622385340976178 0.02464696776995405 0.7828314322334853 -0.530216871810129  738567.5924187237
-1.0460223973607787 1.7259512794195542 2.989781283773091 1.9555504756198463 -1.0048579582497885 -0.044198112098897284 2.990162812263188 1.955554899511013 -0.9099907156164287 -0.03960502201920145 738567.5924189662 0.563308765756142 -0.02625576782672215 -3.853780401088102 -0.5122710659589114  738567.5924189662
-1.0367948472935533 1.7203457999164025 2.9686118144216245 1.9546377645666075 -1.027933836483973 -0.04860021113378844 2.9690107498155727 1.954639737801431 -0.9528507647603432 -0.04263055354126739 738567.5924192086 0.5384658418301437 -0.08869811649730233 -4.5183180947617405 -0.46606712860940336  738567.5924192086
-1.027103647074951 1.7142004141178298 2.9467093909049193 1.9536333786980853 -1.05586004621724 -0.05280324723576533 2.947084512889496 1.9536359322135082 -0.993149183498552 -0.0465455086668192 738567.592419451 0.5240581651961872 -0.17241101225208494 -4.30282213983233 -0.4217160882371279  738567.592419451
-1.0176576839251494 1.7087411413521492 2.9248759334767342 1.9525479101252474 -1.0743345323788704 -0.056586671353408564 2.9251012047128353 1.9525504563926275 -1.0173497857456009 -0.05044939580148223 738567.5924196935 0.48710273134003446 -0.19846009371148501 -2.802786091347934 -0.37810229713684845  738567.5924196935
-0.9983440974822425 1.6969052312271267 2.893265719413536 1.9510376662914934 -1.1693196416196336 -0.08138664273023992 2.8949502755641157 1.9510479307022444 -1.1983236297344055 -0.06618694705556273 738567.5924199359 1.0446520939934247 -0.5862629424737893 -17.3266743129493 -0.7524495982419783  738567.5924199359
-0.9890696200579389 1.691121378878434 2.868671294742067 1.949248958015464 -1.204967848611363 -0.08887328388772556 2.8688602785372406 1.9492582447875155 -1.2186259183766834 -0.08042524355933854 738567.5924201782 1.0395116463038756 -0.6260091806564059 -4.807324376288918 -0.7346534020680797  738567.5924201782
-0.9804008446670008 1.6855223087327904 2.8458967065929444 1.9479899578085285 -1.1988099212349734 -0.08444415299529107 2.845487190801415 1.9479805944593473 -1.174632157982716 -0.06606954050463358 738567.5924204207 0.7771388734771394 -0.5095169761573598 4.294695348701207 -0.5348458576525947  738567.5924204206
-0.9714259639474592 1.680052957927202 2.8239339716069027 1.946898719438209 -1.1780464893439824 -0.07737114017161165 2.82344631467768 1.946891927548609 -1.122242601838309 -0.055656111688582525 738567.5924206631 0.48107049238619315 -0.34285902343074587 6.3457313806959785 -0.32151377827907834  738567.5924206631
-0.9629883077033822 1.6745302710584378 2.8053047944360228 1.9461413856363143 -1.1201939063674202 -0.06648048831247937 2.8044467793587056 1.9461320455934388 -1.0300660845702083 -0.04133597838949384 738567.5924209055 0.191340400163223 -0.18901851354697738 10.264235995836563 -0.10872653254610971  738567.5924209055
-0.9544177256323817 1.669058526064996 2.7843742630082566 1.9452718154968474 -1.1003554034493048 -0.05909737553243497 2.7841322459227507 1.945271681197153 -1.004080104423379 -0.04113018050078963 738567.592421148 -0.03073200119967137 -0.0644768898871853 3.937741806974735 0.05218690304425473  738567.592421148
-0.9460300058805151 1.663569746701273 2.763319560328404 1.9444119294056992 -1.0860413444259198 -0.053064334823397105 2.76328654370817 1.9444119012332217 -1.0005313934576825 -0.04108696536634752 738567.5924213903 -0.19186521521090488 0.023651323561616144 0.7673907939592994 0.16999680813500295  738567.5924213903
-0.9376183349771022 1.658305136856593 2.742181485200247 1.9434954292461397 -1.0753563463709936 -0.049194563215986455 2.7422055312052334 1.9434966883755573 -1.0031146839900187 -0.04301748181046834 738567.5924216327 -0.29065208436788126 0.09344676724719782 -0.29824689650421243 0.23667138879689  738567.5924216327
-0.9295107939103783 1.6531456026771658 2.720872553986618 1.942546132643401 -1.063195748119754 -0.04493101783301254 2.7207641915674 1.9425462827282363 -0.9920028185442289 -0.04323712508501641 738567.5924218866 -0.3746160937478813 0.15616242648673534 0.8460402905927566 0.29230183401570525  738567.5924218866
-0.9213719371790724 1.6475235761596234 2.696100662980228 1.942687723420467 -1.0245819768846114 -0.035466070797791995 2.6965643506185155 1.942663196077228 -1.0395530544645943 -0.00734075930295696 738567.5924221406 -0.42648567449572655 0.17486664158010187 -1.807447911413586 0.33378912459602245  738567.5924221406
-0.9134456284439133 1.6422296703931316 2.675281659106345 1.9419501074011825 -1.024888312386098 -0.032486988972124584 2.67520320685917 1.9419626925386495 -1.031125221254923 -0.026635605589169133 738567.592422383 -0.4369830724108875 0.1743803928213012 0.5810092229516985 0.3439824963724666  738567.592422383
-0.9058286983325494 1.6365692980802358 2.6540834380469067 1.9412892712090097 -1.0313107832501436 -0.02887909545316052 2.6540073576482577 1.9412918717837853 -1.0229517217063593 -0.030622891924563835 738567.5924226254 -0.43650660156142645 0.13950639192452063 0.6466059138001563 0.3563774085075564  738567.5924226254
-0.898090734970911 1.6310240496479944 2.6326554442148447 1.9406230222257388 -1.0398971253320968 -0.02629599886719644 2.632643778831559 1.940623640527556 -1.0216985244236652 -0.03157086012665461 738567.5924228679 -0.4131494885806596 0.10370329369885249 0.03951383796905339 0.3477324973986328  738567.5924228678
-0.890688623383476 1.6256108783171368 2.611199911075461 1.9400183806163294 -1.0467248188249685 -0.023417077273919017 2.6112071968964936 1.9400171215973896 -1.0224812398164072 -0.029640535043100016 738567.5924231103 -0.3965012263405131 0.08063956054518603 -0.017378674071936176 0.34067835389342477  738567.5924231103
-0.8836242319307493 1.6199088782418256 2.592890184571701 1.9398749653669676 -1.0206772576810803 -0.01565800147121502 2.5923944336144613 1.939864195679381 -0.9692245578014778 -0.013129037486742622 738567.5924233526 -0.39584735756348993 0.046985289391893593 5.718045840578652 0.3522408096496203  738567.5924233526
-0.8759762584360613 1.6141389196743372 2.570915633035626 1.9394886576246586 -1.0324152261742647 -0.01343094743503066 2.5711044234085527 1.9394909204795483 -0.9895067599887885 -0.016598520643097837 738567.592423595 -0.3541848662734751 0.01149302215155256 -0.8927466480146773 0.32624139982226125  738567.592423595
-0.8690056892073106 1.6084654934847373 2.5495936317706605 1.9391616799241504 -1.0406270922367782 -0.009789850481791013 2.5497195384320954 1.9391612660836062 -1.0030330603711484 -0.01596401400310421 738567.5924238374 -0.3395958965076891 -0.011325841794040413 -1.226385742127976 0.32089319023427654  738567.5924238374
-0.8616417384503365 1.602892493348332 2.5281785439191475 1.9388061630337738 -1.0477374753864077 -0.0077224483522274415 2.5282638418544505 1.9388066298422346 -1.0121964047116025 -0.016679707419267786 738567.5924240799 -0.3040772759548396 -0.01836943595165743 -0.8938400212074962 0.2903264086456253  738567.5924240799
-0.8473925409279504 1.5914793004211314 2.5014596040122425 1.9373127739384508 -1.1409661572318932 -0.02589196854144381 2.5023563522357466 1.9373385255064894 -1.1085329252917393 -0.05616150573824499 738567.5924243223 0.16296255839727702 -0.3774625999206402 -10.750815747632412 -0.016869264211536283  738567.5924243223
-0.8473925409279504 1.5914793004211314 2.4809366201677157 1.9388102407597632 -1.0342477269183021 -0.0031776759657731143 2.4806438167843416 1.9387506244121835 -1.0771214120913803 0.035113306473863265 738567.592424565 -0.20404129910161622 -0.06730733637382003 5.79484105317718 0.21459414161888835  738567.592424565
-0.833082603770933 1.5800357747311788 2.4563550240252248 1.9378027471750001 -1.0971630135186838 -0.014675761220461454 2.4566369107117816 1.937840597567331 -1.1074476379029194 -0.023001527359641186 738567.5924248071 0.10946160076842237 -0.29786668054438037 -3.0249122168173113 0.004709281094134307  738567.5924248071
-0.8258957267265115 1.5742262977358341 2.4336261688095444 1.9373032345680177 -1.1125951465501303 -0.01486350063287 2.43359676518422 1.9373044859344215 -1.1042888438491025 -0.024920097751448097 738567.5924250495 0.14588048023816869 -0.30822242378920894 -0.7089559879668799 -0.025738283247369917  738567.5924250495
-0.8186064701236162 1.5681606681217022 2.4116553210750276 1.9370958477835003 -1.1105669384650485 -0.01012691630265893 2.4114653729826565 1.9370887985949068 -1.0838831942747962 -0.014112543284459428 738567.5924252919 0.08205962319700637 -0.24847913662408494 2.0513953784113084 0.012380294980347026  738567.5924252919
-0.8115102214692771 1.5621311630324362 2.39333990968953 1.9375675687893892 -1.0654390815196961 0.0024330461532803705 2.3926079100204296 1.9375501461788995 -1.0052436108628597 0.012600069082025806 738567.5924255343 -0.016442325156224416 -0.16867346683895276 8.76943058245793 0.07583560761126747  738567.5924255343
-0.8040586728808593 1.556077617063495 2.372504144902333 1.9377163813728033 -1.0576558710843889 0.008320264398909209 2.3723473616840365 1.9377185871525022 -0.9884243306630575 0.009222977942954277 738567.5924257771 -0.08375943827508014 -0.09575828114758556 2.93808809300657 0.11253666861119245  738567.5924257771
-0.7970538086405727 1.5499267416610778 2.3516482384655943 1.9380277962270203 -1.0519381215760666 0.01524595905264352 2.3516505070541434 1.9380251817707705 -0.9886682393791612 0.013234653279973644 738567.5924260193 -0.15033778361114167 -0.044939661183949556 0.5220017286378367 0.15644881471225414  738567.5924260193
-0.7898671889936397 1.5434386819174544 2.330436581357891 1.9384224689690124 -1.0531219102322977 0.021615522961979133 2.330519798215807 1.9384197628355586 -0.9976137212629209 0.017386243231244013 738567.5924262615 -0.18698407156715854 -0.03229516909112601 -0.47837148772225047 0.18609730592438006  738567.5924262615
-0.7825027823343323 1.536922888757738 2.308911439658509 1.93883200583638 -1.0587591558866107 0.026322507849372272 2.3090256004606284 1.938830923788279 -1.0098774521555902 0.019045161473513653 738567.5924265039 -0.18973888420236287 -0.03604144789847856 -0.9328048643486615 0.1900002985775833  738567.5924265155
-0.77519759503797 1.5303551996910083 2.289919479582945 1.9394124812856213 -1.028889427987484 0.03288034714835022 2.2894314247855623 1.9394087977806858 -0.9598256936088955 0.024436353810528506 738567.5924267579 -0.19861525140403408 -0.02875004559828056 4.44793383776809 0.19563300081437524  738567.5924267579
-0.7676612939707746 1.5236639400195482 2.262324810990046 1.9411841509524608 -1.0413666957165084 0.037095345383549146 2.2634425807800893 1.9411557311833905 -1.079799752776854 0.06797033096394062 738567.5924270005 -0.16865611660525556 -0.043570680591901056 -7.900183823427934 0.17299062836061682  738567.5924270005
-0.7605576295668096 1.5170478392343778 2.2408535573247255 1.9418403994352709 -1.0503598043444786 0.040339737759416114 2.240852582537317 1.9418569961145122 -1.079694938346213 0.042501724389111525 738567.5924272427 -0.15276224782801232 -0.05798174674527052 -1.137951186928487 0.16339019100061977  738567.5924272427
-0.7530493520221521 1.5107012774261817 2.219322927956465 1.942428638349664 -1.0574917289651367 0.04118846178659864 2.2191495512922317 1.9424358050252943 -1.0610693039214787 0.031513918076743634 738567.5924274852 -0.11654061027809665 -0.05058495669738243 1.0261207374468833 0.12695432201433732  738567.592427485
-0.7456436823912639 1.5036497391973966 2.203787663149388 1.9417575533723066 -1.0676181911251943 0.04149233179476502 2.202689899930779 1.9417876645682233 -0.9431366557065102 -0.01465250161347912 738567.5924277275 -0.08432402995191557 -0.0793465695791732 7.936504669585171 0.10735229154607387  738567.5924277275
-0.7385578277683377 1.496829461927025 2.1798871157630946 1.9440656613582845 -1.0344043079934149 0.04765883007655255 2.1803722843981186 1.9440074954942155 -0.9952120589542417 0.07444815896293075 738567.5924279701 -0.07825020111528691 -0.09752262146186134 -0.7324848674395614 0.10842465552880962  738567.5924279701
-0.7307678020328855 1.4901325509069183 2.15855239530264 1.9447715717872045 -1.045044003028011 0.04732760050653682 2.158711410595237 1.9447894332667104 -1.0123094666976848 0.04703988913826848 738567.5924282123 -0.03615245559706417 -0.09867374613057354 -1.7178491813932948 0.06970106126124051  738567.5924282123
-0.7235051394541133 1.4832326805509402 2.1370660850440295 1.945597559549463 -1.0548909896080647 0.048778681430220905 2.137137028423592 1.9456015439108785 -1.0199308236919116 0.04093114447474144 738567.5924284548 -0.022743966722658465 -0.10319615940180271 -1.1602283024707716 0.05894392076044304  738567.5924284548
-0.7164615052698167 1.4766506312078778 2.115695525703664 1.946527034714794 -1.0598330226413781 0.051290381474449594 2.115708434535399 1.9465254990146454 -1.021317650420384 0.04328573019003513 738567.5924286972 -0.03490041177522663 -0.08556339263874978 -0.2816248039813283 0.06386343871496082  738567.5924286972
-0.7099709337471108 1.4702148366128351 2.094533319528758 1.9476632003551724 -1.0596059936598048 0.056405075679041246 2.0944982578637656 1.947658003640957 -1.017551663419585 0.051251870109068544 738567.5924289396 -0.08637243008186268 -0.05275348987254765 0.6442199237652978 0.09972476499688042  738567.5924289395
-0.703546352999827 1.4638811939028802 2.0709120732011623 1.9506552140973061 -1.025052460098195 0.06496425493578538 2.071276491742955 1.9506119253557845 -1.0567064780326234 0.11763114157595281 738567.592429182 -0.14183949722449796 -0.014221072600001106 -0.16490911562782495 0.1370017710452469  738567.5924291819
-0.6907225742810694 1.452496385930281 2.04578497747636 1.9507250577272972 -1.1016060157376608 0.04752418041186889 2.0463209216416303 1.9507779703026324 -1.1142560729781428 0.03654354296520461 738567.5924294245 0.2104665392447443 -0.2920890284322389 -7.390031856083018 -0.08713592785750728  738567.5924294245
-0.6838549046821318 1.4469985464812338 2.0233842781140843 1.9512647883803025 -1.112994160099864 0.04208407207564855 2.0233169728637552 1.9512710707488237 -1.107031805655734 0.026919864871915444 738567.5924296671 0.2543189633934305 -0.24837655419721472 -1.6821926313000208 -0.1438968179588176  738567.5924296671
-0.6770486384879081 1.4416674876096245 2.001793808899488 1.952225179693822 -1.0968595024520638 0.04237729989655036 2.0015283775012347 1.952216396009725 -1.0785123031430486 0.04038898337600051 738567.5924299095 0.1727229899120855 -0.08708649604430788 2.3213811692328097 -0.12789233893930257  738567.5924299095
-0.6704169023221325 1.4364995213008802 1.9860766632467861 1.95306034280986 -1.0206514721662425 0.043629010519163534 1.9849392225443907 1.953060363619424 -0.9561680828782293 0.040357039288705 738567.5924301515 0.05056178872916768 0.09196515763314456 11.075160931343335 -0.08121739419379098  738567.5924301515
-0.6636011733269659 1.4315180582676994 1.9671257869026268 1.953999970012519 -0.9958269555816857 0.045849539226617025 1.9667707032113377 1.9539978531057394 -0.9180344825357504 0.04360156809002675 738567.592430394 -0.049513805979215356 0.2474787651686018 4.532856140927268 -0.0466080963908359  738567.592430394
-0.6570764106553234 1.4265893671419345 1.9482506984544385 1.9550181238411373 -0.9753593151414237 0.04883562541724172 1.9481385971646132 1.955015707417982 -0.9059873322912783 0.04730768846379477 738567.5924306364 -0.13689837385881876 0.35799039776417113 1.3397833586139827 -0.007271158051398552  738567.5924306364
-0.65058752993989 1.4218499862064728 1.9293747319787562 1.9560538917243497 -0.9596622683885048 0.051388766456894906 1.9293408297589856 1.9560528267400366 -0.9023453843353089 0.048940445735024214 738567.5924308789 -0.19963990721849512 0.43118586437450374 0.28730015692972 0.022967921290974164  738567.5924308789
-0.644273663843222 1.4172452283840526 1.9102507701880231 1.9570531313412798 -0.9416535909959864 0.05586849888002811 1.9099934292397824 1.9570558834359715 -0.8771032199333072 0.04508784607538074 738567.5924311443 -0.27066813052428634 0.4888517201295731 1.8188668887093156 0.0665648429641765  738567.5924311443
-0.637566830615932 1.4127839733123186 1.8882804672086178 1.960082803068169 -0.905968502125306 0.06047763199561032 1.888815316529636 1.9600359446932443 -0.9345614019191031 0.11693018614375983 738567.5924313868 -0.2755968316187266 0.5095304301148195 -2.2000761387996866 0.06159544807967551  738567.5924313867
-0.6308425953382856 1.4086456168363681 1.8698462174728532 1.9610110220062862 -0.9039606885919665 0.05760134679597575 1.8697495029624038 1.9610441852594256 -0.9241714851262952 0.06608493780457303 738567.5924316292 -0.2434158518321682 0.5152272891955758 -0.220350524242799 0.02913190025246798  738567.5924316292
-0.6243134858892541 1.404340614700377 1.8511531831623955 1.961935683665214 -0.9074023902821867 0.0552405161739856 1.8510316764489683 1.9619467666388661 -0.9111180249197104 0.0490925468528164 738567.5924318716 -0.21089039550913358 0.49038320441938626 0.015594751368916943 0.00800830068638514  738567.5924318716
-0.6174857043921209 1.4004382447634465 1.8323784274844797 1.9626971145897913 -0.9119285523152743 0.05051127929801205 1.8323097370978088 1.9627033662635671 -0.9037387040850128 0.03950760341159577 738567.592432114 -0.161199766011181 0.47197570702002223 -0.37189829929756424 -0.03129076848447168  738567.592432114
-0.6108714085960713 1.3967390624137823 1.8136184763645338 1.9634089466603688 -0.9155599640509543 0.045985475219374045 1.8135805964000702 1.9634116887698094 -0.8996693077032077 0.03530345507629741 738567.5924323564 -0.12514240429180562 0.45951496857281715 -0.41483315955266364 -0.060191412344495876  738567.5924323564
-0.6041541763450552 1.3933659839548531 1.7989981566062583 1.9640737819903944 -0.8762217247034033 0.04116499563357201 1.798315541128194 1.9640755266899388 -0.826360162020294 0.03262936834063783 738567.5924325989 -0.0919806068822048 0.4595163506438983 6.003018036507913 -0.09113617880742857  738567.5924325989
-0.5972616552631987 1.3899766000100462 1.7809622865987003 1.9645474706942605 -0.8807805302513175 0.03467461619675231 1.7809706974850354 1.9645522223534206 -0.8272640826911495 0.025341397102544887 738567.5924328412 -0.05336739183400173 0.45022990745950375 -0.04297904088743465 -0.12344951714028082  738567.5924328412
-0.5901627946197568 1.3866539291780569 1.7627085337686945 1.96485343353983 -0.8878291878666756 0.027074510240064065 1.7628579221129292 1.964858599731033 -0.8433106730823384 0.01742168592081003 738567.5924330837 -0.007343544166409317 0.4318296647438212 -2.235343304957041 -0.15901497400434877  738567.5924330837
-0.5830770875626318 1.3834991594641113 1.7443327042536922 1.965036101518689 -0.8951794767927791 0.019477789698491222 1.7444708840031036 1.9650403171963617 -0.8581558236967295 0.010957997395918547 738567.5924333261 0.030767058998733693 0.4129107159670406 -2.207535640882589 -0.18700852764441514  738567.5924333261
-0.5756663130603668 1.3807105325737115 1.7259209530060378 1.9649686733213712 -0.9012731310100195 0.009827663243752742 1.7260118690256103 1.9649754515945823 -0.8679182596116405 0.0005705301430645841 738567.5924335686 0.07684159512312977 0.4093828199868448 -1.7678824507933266 -0.22817004842394464  738567.5924335686
-0.5680541982690773 1.3775964477109484 1.7047809172632438 1.966636494189099 -0.8786463496224499 0.002090317743195459 1.7052710134906348 1.966599389441961 -0.920597458176467 0.05748990102093168 738567.5924338108 0.1265575096189681 0.38060342327461755 -2.9625355346700983 -0.26352559828103084  738567.5924338108
-0.5527630463357542 1.3716778393859097 1.682722975767839 1.9639919709242055 -0.9525051920911682 -0.047086401079559054 1.6832455098527166 1.9640777310770936 -0.9767294351062759 -0.07398839747993444 738567.5924340533 0.6356218542751311 0.16664550072468443 -9.371568769911118 -0.6509660796466591  738567.5924340532
-0.5448249126831748 1.368612726545612 1.6622944753698814 1.9623427172916106 -0.9803314506361823 -0.06660136121682222 1.662373823777062 1.9623468913904172 -0.9852544128345022 -0.08038855378075038 738567.5924342957 0.7227084768188083 0.10644852709233205 -3.8029395131943557 -0.7086366227530226  738567.5924342957
-0.5364437396961768 1.3655391159583914 1.6425253862749893 1.9610472161588686 -0.9890853666458544 -0.07418905784422901 1.6423978369305323 1.9610385573606957 -0.9715588088668233 -0.06711970055063403 738567.5924345382 0.6536770194071634 0.10873652912158566 0.5623010673173257 -0.6458950269762676  738567.5924345382
-0.5280833031348247 1.361995450241709 1.626059252718019 1.9602134832721119 -0.9576110601459628 -0.07197693937355192 1.6254191578215318 1.9602004321747852 -0.9027629029422564 -0.047100899064686834 738567.5924347804 0.5274751153015276 0.09988436598238894 6.944085359799966 -0.5259043404789884  738567.5924347804
-0.5194441258097983 1.358638376816183 1.606912759772534 1.9591339292791068 -0.9624461600878991 -0.07250924679174138 1.6068488472471227 1.959135731662353 -0.8958962363263315 -0.049864529336071474 738567.5924350228 0.4117608874301326 0.09799698938482145 1.6095921943475906 -0.41820768357500604  738567.5924350228
-0.5107405419277494 1.355208046772056 1.5875574650306514 1.957946222232029 -0.968332502788903 -0.07372670624254626 1.5876418850753502 1.957949487900456 -0.9049653743076916 -0.054871388025802915 738567.5924352653 0.31741708352129366 0.09176792902031984 -0.8296167358932585 -0.3285717430315904  738567.5924352653
-0.5017120903339756 1.3516214236352628 1.5678187977445162 1.9565396607270469 -0.9779242027992469 -0.07739914443230073 1.5679575541745274 1.956545521155724 -0.9198701043341017 -0.06385545945954774 738567.5924355077 0.262146479656867 0.07332453027713542 -1.8089405201498985 -0.2704719014855356  738567.5924355077
-0.49278112643598304 1.3479656012243122 1.5474549611369435 1.9547737324202987 -0.9799592199726 -0.07617518637806626 1.547212629759674 1.9547792089930185 -0.8970899169042932 -0.07120278556992492 738567.5924357848 0.16607802636097446 0.07669480832752298 1.0832855110738246 -0.1827152897343099  738567.5924357848
-0.4839469384571533 1.3445141877369438 1.524964830546694 1.955056301202823 -0.9427514687793376 -0.07741521598940927 1.5255182429955736 1.955016512455625 -0.956541635323438 -0.010200154301159566 738567.5924360271 0.11148932054509147 0.0690075413361701 -3.3836174587175365 -0.12922816115730423  738567.5924360271
-0.4749521548726226 1.3408204937420196 1.505504398341251 1.9533601472398905 -0.9549580900230713 -0.08263823637153024 1.5055012590466517 1.9533926088187714 -0.9562043772208325 -0.05997074258169277 738567.5924362695 0.09989414813156328 0.042049905954111705 -1.118617548184298 -0.10837009853901966  738567.5924362695
-0.4664706312534309 1.337110930836505 1.4858349375223812 1.951682630655657 -0.9667243894380004 -0.08554068774682257 1.4857772881967268 1.9516928447134043 -0.9500111130205375 -0.07563091356954971 738567.592436512 0.07125543618693247 0.012196452225199227 -0.3092962109804288 -0.07068290324328816  738567.592436512
-0.45782805446579894 1.3334160710669758 1.4659545334498287 1.9498848046538668 -0.9782054796170839 -0.08903760239816967 1.4659427034370784 1.949889845853277 -0.9487402008689125 -0.08336015746149301 738567.5924367544 0.05095180004434778 -0.011629388196925067 -0.47602453112373055 -0.043030609997139105  738567.5924367544
-0.4497482366558986 1.3299974893178337 1.4461976492325264 1.948155162832922 -0.9838892028974733 -0.08968126753342968 1.4461776097460242 1.9481549107851979 -0.9465873598263288 -0.08297371844259104 738567.5924369968 0.0018718615488490936 -0.010918528791508002 -0.05358484034213995 0.0022829518988266755  738567.5924369968
-0.441489009839381 1.3264118462221393 1.429218596800475 1.9468342393375806 -0.9600799376571892 -0.0852514403403365 1.428759968818231 1.9468248536888448 -0.8973175392769068 -0.06858382614867248 738567.5924372391 -0.03548978221936663 -0.011931122984369399 4.810311442163137 0.03739156645556071  738567.5924372391
-0.4336470628549869 1.3228849941976928 1.4098583214488702 1.9452145396503047 -0.9645375258901805 -0.08374272687179721 1.4098755868180963 1.9452184517231639 -0.8991723148095344 -0.07458167114096174 738567.5924374816 -0.08549312483360631 -0.009372861184653275 0.41452456237695934 0.08299815569360028  738567.5924374816
-0.42564628305715896 1.3194534299629537 1.390415548806333 1.9434935864512781 -0.9684920829076734 -0.08368784392128556 1.3905160783482289 1.9434972510545958 -0.9099724444078815 -0.08020036085170844 738567.592437724 -0.11692746957820849 -3.3493616576424357e-05 -1.11507605348359 0.10891242928863012  738567.592437724
-0.41773130344449744 1.3160717745569548 1.37089646365782 1.9416976166967412 -0.9720009438097522 -0.08431031582119641 1.370986161269747 1.941700313777455 -0.9196083253398879 -0.08433537788494819 738567.5924379664 -0.13735159268265507 0.012698434846091287 -1.1277537225376668 0.12340920954238342  738567.5924379664
-0.4102224137969265 1.312638102920562 1.3513194399746675 1.940009511817625 -0.9749407465565333 -0.08235742108431962 1.3513846290649636 1.9400078146954391 -0.9266119049885271 -0.08173323537516923 738567.5924382088 -0.17084124157925884 0.020284008485079705 -0.6242984842971412 0.15200839198236138  738567.5924382088
-0.39511324340538395 1.305703230833619 1.3248982550946005 1.9376713853243905 -1.0093559969730266 -0.12126334296665982 1.3260309791506792 1.9376854392359313 -1.0483003942416693 -0.10328066179686175 738567.5924384512 0.2708363537836176 -0.19158265537797148 -11.281313932633266 -0.18409222050889806  738567.5924384512
-0.38801744768743307 1.3021418421867965 1.3039252128687207 1.9349377645767607 -1.0270462638689317 -0.12837333192523875 1.30394921904498 1.9349509170021555 -1.0508793472104423 -0.12344570207937804 738567.5924386936 0.27952594841345046 -0.22013344370923463 -2.0765179187865215 -0.18279749771788623  738567.5924386936
-0.38090080314897573 1.2984940908293643 1.283871995552326 1.9330680733167938 -1.023666282437285 -0.11771149103478752 1.2835627124831117 1.9330522630935014 -1.01765421707362 -0.09920633012369091 738567.592438936 0.13155647618410493 -0.17900926796607392 3.507518863345343 -0.05957690403289072  738567.592438936
-0.37350542877701653 1.294991526865164 1.2642346792539079 1.9314451884612704 -1.0129806521948204 -0.10442986042393294 1.2639169841087414 1.931434597917164 -0.9835242433603524 -0.08296893107396769 738567.5924391784 -0.024573503100156324 -0.10910505851162577 4.342439859889752 0.06149379041547127  738567.5924391784
-0.3664261470749411 1.2911973783425061 1.2484239058365143 1.9306478363968236 -0.9610498579291311 -0.08190226739338462 1.2476071007059089 1.9306264418110566 -0.8957719117915331 -0.05016567872573701 738567.5924394209 -0.16855984874714083 -0.059437159629920085 9.534540444989302 0.1786933620807182  738567.5924394209
-0.3591032210295625 1.2876283484740838 1.229647788817491 1.9293855306746026 -0.9534746782675597 -0.07026840136590083 1.229519460057561 1.9293898106978664 -0.8819858733388547 -0.05672765162946118 738567.5924396632 -0.2577446702213186 -0.011968853974834298 2.602771104075198 0.2455507853364553  738567.5924396632
-0.351809661830142 1.2842001861575345 1.2108757768874854 1.9280465556346613 -0.9469317806688607 -0.06241637202682194 1.2109031458861954 1.928050046079469 -0.8849260565747268 -0.062079072132928084 738567.5924399056 -0.3037226994008955 0.033487366164193774 -0.14390718907739686 0.2728357308208399  738567.5924399056
-0.34450652027805356 1.2802797216934114 1.1917200357865885 1.9267380924392532 -0.9478007824565671 -0.05576244248085616 1.1918239952834881 1.9267383580877424 -0.8960946744587935 -0.06248637308849907 738567.592440148 -0.31614023703706434 0.03721933892372488 -1.08660797756089 0.28335421955469176  738567.592440148
-0.336878770862435 1.2768394574374204 1.1724345319012393 1.925098226066771 -0.9456340808258745 -0.05251130841739127 1.1723908886647825 1.9251042796323161 -0.8916193913746726 -0.07134543276106535 738567.592440402 -0.30724405751416417 0.06272696922408358 0.01949127795814909 0.2663985697185479  738567.592440402
-0.3292897819234333 1.2730256318800208 1.1504825612010612 1.92560574149788 -0.9111413290986299 -0.04554205244073642 1.1510001945078183 1.9255608395075798 -0.9472312441586275 -0.002498664566864192 738567.5924406444 -0.26503150962791255 0.05768713327452096 -3.1011063688220837 0.2284822345154218  738567.5924406444
-0.32142738761319517 1.2693535977735007 1.1316454956496695 1.9239769061779943 -0.9186958706407112 -0.04898742290728038 1.1315679474510718 1.9240113671737498 -0.938900529526141 -0.055332383523943984 738567.5924408868 -0.1968660277556827 0.049593012247578235 -0.042500016183043776 0.16756151435199762  738567.5924408868
-0.31364281279716816 1.2654839581790875 1.112576956261677 1.922370927563513 -0.9300512700017658 -0.053044155738490986 1.1125254352741376 1.922382228491678 -0.9332649757305168 -0.07297403956792577 738567.5924411248 -0.12357440863516839 0.023859196095981344 -0.02697390666251107 0.10779901552998304  738567.5924411248
-0.3057169684242913 1.2615696646543482 1.0932059721055647 1.9206614044567853 -0.9414700466809938 -0.05634639342176725 1.0931696958548305 1.9206657349080611 -0.9293678199104949 -0.07961347798797513 738567.5924413673 -0.06341035269974445 -0.0006983906353183085 -0.045952884258544116 0.05980827624867754  738567.5924413673
-0.2978118357012026 1.2576221576926965 1.073683543185191 1.9189961375881366 -0.9521065623141352 -0.057907649525871824 1.0736824942286525 1.9189961324481217 -0.9292552932444761 -0.07960560870534673 738567.5924416101 -0.02021073832709177 -0.021493100139791926 -0.1290310784164716 0.026331440138665743  738567.5924416101
-0.28971780942647646 1.2534187983810194 1.0575290947119607 1.9183562257959166 -0.9275715045292827 -0.04826510984758505 1.0570036904616071 1.918333158818602 -0.872738439816221 -0.044193817368139036 738567.5924418522 0.021550309527724278 -0.05246305929999427 5.775087147700736 -0.0023925830781495426  738567.5924418522
-0.28117415375879606 1.248871007464531 1.0379365272627836 1.916787564534961 -0.9450486971520987 -0.051238962611987175 1.0380631414987584 1.9168015177130524 -0.8863426141708352 -0.0655899658573367 738567.5924420945 0.0801981231991317 -0.0996472816088913 -0.6362950838165906 -0.04165224604223677  738567.5924420945
-0.27299844760443287 1.244371440332105 1.0175507768661978 1.9156544527885049 -0.9604216193061621 -0.049660391448594285 1.0178624674147327 1.9156493519033617 -0.9198259897082349 -0.057769656013428816 738567.5924423368 0.10707558712586027 -0.1365015660978443 -2.92196514276977 -0.054625192492174936  738567.5924423368
-0.2644410984217885 1.2397157376149401 0.9975137680481677 1.9142391008569999 -0.9757934685646118 -0.04978910726427663 0.9976872039109783 1.9142436082887158 -0.9384581958615962 -0.06468044045713686 738567.5924425793 0.13788205136433246 -0.1677977537423188 -1.9654745369773727 -0.07332719996142145  738567.5924425792
-0.25577855686298573 1.2349330246801955 0.9772103867549295 1.912812512103622 -0.9910785905994822 -0.05026712548853349 0.9773419561521239 1.9128142326254904 -0.9525930114996437 -0.06731840088048972 738567.5924428217 0.1661462880160559 -0.19372130039218946 -1.3605386929482648 -0.09155151696056625  738567.5924428217
-0.2472841588341996 1.229728663121184 0.9558386051004997 1.9145281070457199 -0.9579519499304185 -0.03881529746318497 0.9560868005682193 1.9144578201240503 -0.9792551207408021 0.04043922022637425 738567.5924430641 0.17255369295514442 -0.23289695066475713 0.02667110521664484 -0.08397297239971621  738567.5924430641
-0.22995796324633858 1.2191022912031404 0.9306572375366065 1.9090981952207113 -1.0613499753937596 -0.11410794092223217 0.9314445380420734 1.9092378428161982 -1.0638367007572427 -0.1736730423714946 738567.5924433065 0.7091129648130626 -0.5956548845297753 -10.630284903351965 -0.4712308333516784  738567.5924433065
-0.22120985928473036 1.2136666456294587 0.9079704674246419 1.9059629739952164 -1.0961284730861698 -0.13070404627684695 0.9081612174689745 1.9059548136011821 -1.0843280355063545 -0.16116211377673217 738567.592443549 0.7643857195552893 -0.6554055083483384 -4.05234486620334 -0.5062715927204755  738567.592443549
-0.21279260000192882 1.2083076436636728 0.8867107625138304 1.9043694241709939 -1.0965290349663002 -0.11473803057602455 0.8865094776745565 1.904329155020766 -1.0627025381232076 -0.09941732346395957 738567.5924437913 0.60170616143788 -0.5759541659402424 2.5239392753329453 -0.3799595616781571  738567.5924437913
-0.20465112333021707 1.2030911167840819 0.8692876585750923 1.9039934714582472 -1.0483742976851127 -0.07973366140798455 0.8684817275355475 1.9039541714539272 -0.9761283051917455 -0.039167443897378335 738567.5924440337 0.3661475363202412 -0.44156688805789024 9.671279118134883 -0.20158845382652982  738567.5924440337
-0.19668617984603437 1.1977575018739035 0.8498177779894384 1.904194478801089 -1.0304046751742522 -0.04183510925907323 0.8495330953589906 1.9041706153555278 -0.9455438198073114 -0.002578811840332651 738567.5924442761 0.13572607575910914 -0.3126579666508749 5.257115028982559 -0.025933240340170513  738567.5924442761
-0.18862335975074127 1.19281188666797 0.8306120054890106 1.9046187480549859 -1.0112231174563966 -0.008637695871886602 0.8304708067788065 1.9046074498230807 -0.93037502203895 0.014743415403121803 738567.5924445186 -0.04079454123169399 -0.18115093498310564 2.7218494349508804 0.09789789241518726  738567.5924445186
-0.18080121469779964 1.1880255178185601 0.8115737282407945 1.9053294286928664 -0.9930866819778188 0.021560724783677963 0.8114795547441395 1.9053201318155906 -0.9202579679566795 0.028997367299129273 738567.592444761 -0.17441513840349326 -0.062462811959084694 1.7095490567657783 0.18525451196481238  738567.592444761
-0.17293234444691305 1.1838113901980993 0.7924490007872059 1.9056646310668548 -0.9657736021841911 0.053832476889866906 0.7919693769491207 1.905672497299743 -0.875174865427808 0.018444933147486818 738567.592445038 -0.29424410289604225 0.07143043674902334 3.7672883692617116 0.25442466090285626  738567.592445038
-0.16536761986796863 1.1797110075204031 0.77212350446215 1.9115614921811455 -0.9015950109998053 0.09569039742709422 0.7722265644354699 1.91143809533251 -0.8857436883699994 0.1990431593438741 738567.5924452919 -0.3793222367146603 0.19126605345747355 2.260341329572019 0.2935881974089156  738567.5924452919
-0.1576830173758927 1.1758419834348688 0.7546740380854552 1.9131170160691409 -0.8864560514039537 0.11207205260583954 0.7545101407886046 1.9131731682472606 -0.8681608292907699 0.11307114018718026 738567.5924455347 -0.3915506305325519 0.2751696024942182 1.3964238069597492 0.27646487098174727  738567.5924455347
-0.15014021421974655 1.172317380288317 0.737248235013648 1.914663125836028 -0.8749571798540002 0.12260944743056103 0.7371045247597748 1.914682819014163 -0.8527028632507477 0.08284009121561707 738567.5924457768 -0.3702730563107583 0.3381377592144927 0.6719018315792314 0.2346001716858819  738567.5924457768
-0.14257492916941167 1.168941054999584 0.7198020229357087 1.9162395679785507 -0.8667462373175919 0.12995898236314415 0.7197132584097738 1.9162435749128084 -0.8431660261101296 0.07669610885021395 738567.5924460192 -0.33127634837476116 0.3803523528694261 0.26249599464669243 0.18291380649600295  738567.5924460192
-0.13507046064378622 1.1655618138326356 0.702258144336078 1.918015078879743 -0.8624381412197735 0.13790868861811278 0.7022223435908981 1.918011402428021 -0.839324239730316 0.08232655525190011 738567.5924462619 -0.29002552966837614 0.3961387922834555 0.043054930636908156 0.13791797134787162  738567.5924462619
-0.1275804853250326 1.1625245310602588 0.6890677790444448 1.918876319419318 -0.8161222068876989 0.13260728964745402 0.6883631181435778 1.9188956099673735 -0.7635362794010871 0.052716622162927884 738567.5924465039 -0.24878494665373202 0.40942457525485726 5.9364956490856615 0.09421305936631713  738567.5924465039
-0.11990493147358633 1.1597710252645508 0.6725381840430906 1.9204904083817163 -0.8123107435853621 0.13500591884274887 0.672511605788619 1.920479366890595 -0.7606809138301572 0.0696457976219323 738567.5924467464 -0.19894957475283082 0.4255713706728954 0.7245502098468428 0.04110347652400881  738567.5924467464
-0.11228967498194355 1.1567535683655945 0.6558111750715535 1.9223629203203765 -0.8131269301205599 0.14042830722484798 0.6559342734650182 1.9223533589451338 -0.7739058197889365 0.08430577787572643 738567.5924469888 -0.15523310388651745 0.4114816426950312 -1.155461802223971 0.00403665232301037  738567.5924469888
-0.10456986576936403 1.154558102355836 0.6336007178632362 1.9301830785450251 -0.8113331023662337 0.1550507567097251 0.6345804465506386 1.930046641951585 -0.8791472418425048 0.2934686349870505 738567.5924472312 -0.11250380031340254 0.42956941885294475 -6.423806962265473 -0.045763429467666664  738567.5924472312
-0.08862548084445898 1.1498122638127861 0.6173530292155045 1.9254576105643453 -0.8249272423928454 0.03192930819569414 0.6171635429680594 1.925699149266838 -0.8587895849366727 -0.07687905475157525 738567.5924474736 0.43008790878512826 0.28616892669997007 -2.7461252556464992 -0.5026997005218262  738567.5924474736
-0.0805777684757604 1.1476314963170486 0.6000176226432538 1.9238894198918526 -0.8372798552899321 -0.003944829276976354 0.5998832464027908 1.9238939117616958 -0.8443530590552307 -0.08376621496995143 738567.592447716 0.5291781553212531 0.2685343016928469 -0.7999106634442572 -0.5893915141555954  738567.592447716
-0.07195476245365698 1.1455662294974331 0.5834484363142396 1.9237598740298816 -0.8335141006945144 -0.004663817866410293 0.5832484646254642 1.9237234147656497 -0.8228708440729434 -0.027868859783816424 738567.5924479584 0.4758426407523054 0.2977105408631346 1.7003828387218067 -0.5494207130656925  738567.5924479584
-0.06355162489169358 1.1439721098243187 0.5669626891796848 1.9253166866799054 -0.8199897786801448 0.014500233906147712 0.5668107675859303 1.9252677043185438 -0.8065510294568945 0.047225660357455415 738567.5924482008 0.35535666371559216 0.3576012108530907 2.5493949627892922 -0.4573960303138007  738567.5924482008
-0.05518532394432101 1.1420388914871524 0.5510519138792088 1.9269835131309352 -0.8092734291123364 0.04336392898782642 0.5508678536475913 1.9269671842191805 -0.7867972365366274 0.0722360576016541 738567.5924484435 0.2256750195724755 0.38462835717732735 2.7083159039204125 -0.34563128496197365  738567.5924484435
-0.04682671112283137 1.1405936709854625 0.5398797480119195 1.9269080512689483 -0.7476628025770454 0.04505118919572419 0.5390016911934484 1.9269434166601456 -0.692452600151228 0.018005274356655235 738567.5924486859 0.11462731690970131 0.4141243395928166 8.139003945603086 -0.2518127664904581  738567.5924486859
-0.03810454723197227 1.1388019937141862 0.5248757280229417 1.9283277937464343 -0.7448218888639034 0.06397152804403251 0.5248175722527404 1.9283051222918737 -0.6861992337289544 0.052796783331542446 738567.592448928 0.053681187298274424 0.4054831899030252 1.4822025082892765 -0.19219064165670804  738567.592448928
-0.029371591049351876 1.137256726693465 0.5097596019770606 1.9296418948371286 -0.7448783161214351 0.07654722325536392 0.5098693569542402 1.9296366978350306 -0.6979899370490428 0.06076463416897434 738567.5924491704 0.021903536949280336 0.3899602888948408 -1.0125929435612235 -0.15745989050134762  738567.5924491704
-0.020655869262131473 1.1357262057576663 0.49450331863511 1.9309849638705885 -0.7477275055634699 0.08639823682527972 0.49462293258606616 1.9309832621210739 -0.7108402041605152 0.06337378250286772 738567.5924494128 0.005320855099698506 0.3657990159072327 -1.324377100816648 -0.13390556321423946  738567.5924494128
-0.011804712686715155 1.1342134956702175 0.4789889449015345 1.9319569446161171 -0.7508883656049895 0.09929910727414025 0.47899298943881946 1.931966347054817 -0.7112546390898082 0.04962384152654997 738567.592449667 -0.01805406745665793 0.34077159416431263 -0.4070944203089244 -0.10352577204237252  738567.592449667
-0.003105519634615924 1.132670034879672 0.4610486543550923 1.942367812111912 -0.7297115590426939 0.12198758831645808 0.46153810959550795 1.9421571461839144 -0.7638763272335217 0.3728592356537928 738567.5924499092 -0.023953839160885303 0.3029476063138495 -1.391998440585184 -0.08767507495546328  738567.5924499092
0.005786244401814309 1.1311937399612497 0.44582079007155 1.9440878228157685 -0.7394825742880639 0.1267082357910363 0.44577591228255214 1.9442200797710312 -0.7590548890408123 0.17007392747143302 738567.5924501516 -0.009654117058707496 0.2658277430955808 -0.3445347208512646 -0.08795339358016795  738567.5924501516
0.014864297284937555 1.12960258308053 0.4302614804665463 1.945563446394656 -0.7523612231404512 0.12612750715181203 0.43019786437404317 1.9456134388121287 -0.7522268336491422 0.09349540207402558 738567.5924503943 0.019644320739289352 0.22284429482671558 -0.550464181249682 -0.09985431685311123  738567.5924503943
0.023767481204934566 1.1280518295059443 0.41451556418411345 1.9472440676281173 -0.7652696103573439 0.12881433358523253 0.414506300052972 1.9472513968768905 -0.7512306813084386 0.08224797091383808 738567.5924506364 0.03754230836491203 0.18330832411390868 -0.7361495351922076 -0.10230113388327146  738567.5924506364
0.03276891233874719 1.1264221676477322 0.3985052042541394 1.9489968277464635 -0.7791927911632439 0.13228255668784633 0.39854793261918015 1.9489963147462173 -0.755820882942061 0.08303448386201985 738567.5924508788 0.05213413560966751 0.14387417948462178 -0.9232859756842322 -0.1015752069608795  738567.5924508788
0.04127958664057846 1.124856942547579 0.3864506330740701 1.9499951536692857 -0.7495537063138046 0.12975208648193526 0.3858520167100085 1.9500118305658027 -0.6915474083811096 0.057479757058141415 738567.5924511214 0.03056612549100015 0.11312308886465434 5.121445274898512 -0.07027024385586211  738567.5924511214
0.04974790883936068 1.123354204624182 0.37110110821919057 1.9527621820521286 -0.7588940096316672 0.15204272797552795 0.3711449717975515 1.9527273727988033 -0.6962619245125703 0.11087475702998274 738567.5924513637 -0.0016709356379150803 0.09263940712039546 0.2841336715898386 -0.032980392815753934  738567.5924513637
0.058177255766618974 1.1219776206568448 0.3556882166057634 1.955852294723618 -0.7661816041323047 0.17549785790530056 0.3558282685978242 1.955834228732982 -0.7113087308132348 0.13857538635313735 738567.5924516061 -0.03314056676437092 0.08543520292519091 -1.2159157912575125 -0.0013764739200216175  738567.5924516061
0.06636925149866076 1.12060894550949 0.3402010399425516 1.959606315408398 -0.7719843754672044 0.2064926594111676 0.3403175419575074 1.9595867520397525 -0.7238232543580831 0.16856682763329064 738567.5924518484 -0.07135313818779297 0.0825314444931641 -1.0406445359289838 0.034740760960498406  738567.5924518484
0.07463104235472795 1.1195206223875491 0.32283820084862147 1.9749842940329803 -0.7372403561273072 0.24134979163343445 0.3232095419174256 1.9747172779853235 -0.763719586162785 0.577987872664462 738567.5924520908 -0.09732123111231643 0.0967441509749507 -0.6408580441381597 0.05143249211268177  738567.5924520908
0.0827612435139014 1.118464004446825 0.308070327487432 1.9794245087043592 -0.7399522922090416 0.2699661217089726 0.3079333907013029 1.979590962358215 -0.7490083065413041 0.32277858958335603 738567.5924523333 -0.11898095681417747 0.11310089586505642 0.6592142244630743 0.0642441365346649  738567.5924523333
0.0984103050894766 1.1162423899020517 0.2905075799854912 1.9697214602179947 -0.7887702122913784 0.020367254208379582 0.29078573870330066 1.9700956310593116 -0.7788905436513831 -0.2508927950683152 738567.5924525757 0.3315140988829676 0.05190056444117868 -6.912129845857291 -0.3256429294276526  738567.5924525757
0.10611548276406088 1.1152011627649288 0.2742740708990623 1.9678014628605651 -0.8023181936340221 -0.025833123911067964 0.27430294751793033 1.9677347197036454 -0.7819893004092331 -0.1486763657123355 738567.5924528184 0.3480243383434238 0.04866778132130097 -2.4187173428245394 -0.33977388414355914  738567.5924528184
0.11369268251127679 1.1144074118210578 0.25880711944825047 1.970621979148467 -0.7990736002969017 0.03172661395229332 0.2586689427401153 1.9704870329201902 -0.7671282352987362 0.05845633164160355 738567.5924530606 0.19592302021272456 0.07981412254073093 1.8452419615936666 -0.2115386169176376  738567.5924530604
0.12132507302623873 1.1133287384151371 0.24664660056585633 1.9732896601407404 -0.7584783083766234 0.09207502147114247 0.2459994833674009 1.9732541481458596 -0.6976092580955824 0.11290262468588645 738567.5924533029 0.016655947040028846 0.09634098603456276 7.15671989410422 -0.05306300185233154  738567.5924533029
0.12884087632453467 1.1124851732458183 0.23203727867492058 1.9797966142712689 -0.7532224508582007 0.20498807191088142 0.23193350167082452 1.97970261331733 -0.6864606265970147 0.2570230409503456 738567.5924535453 -0.14095184679178369 0.11617796452938106 2.740079465498278 0.08312289902535372  738567.5924535453
0.13586225244450773 1.1114840059551454 0.2173587237571961 1.9888861478325768 -0.7493585531241669 0.34815229058221675 0.21739029200356355 1.9888006399078664 -0.6898519245300933 0.38812061926030134 738567.5924537878 -0.28371698297298054 0.1200286142188755 0.7665792681405377 0.21054586898810024  738567.5924537878
0.14322547636407593 1.1104589929189357 0.2024082361146777 1.9987787454435155 -0.7500006154783141 0.4807982820439373 0.20249323584771906 1.9987371682950268 -0.698981778739151 0.45185500382741645 738567.5924540302 -0.36190522004204373 0.11286660950836419 -0.3594262106113404 0.28241945681919595  738567.5924540302
0.15080317125703685 1.1095966372466017 0.18717560504711112 2.0080906743502327 -0.751425533009916 0.6037742086194409 0.18717296110899348 2.0081032567990413 -0.6987106098898368 0.4334376810512123 738567.5924542842 -0.3960897401250865 0.11286930547318696 -0.20596340526659157 0.31101899192979354  738567.5924542957
0.15833121569754297 1.1088038596398828 0.17043985666161926 2.0407938963629872 -0.707332280421405 0.7756038813111161 0.17066426717298316 2.040272335040558 -0.7217232070045749 1.1967471184245837 738567.5924545381 -0.4023151325215552 0.11597419992418583 0.41066885485495813 0.30616898354897315  738567.5924545381
0.16597386568549635 1.1078978782238562 0.15578609403302085 2.0537974643502457 -0.7158103445387247 0.885751430830451 0.15574803718441496 2.054057113663536 -0.7176348547244291 0.7986624227946295 738567.5924547805 -0.3582659577020798 0.10730167336482122 -0.4559459749487576 0.26744705658934603  738567.5924547805
0.1735286561274344 1.1069408974077692 0.14080894651362666 2.068430573953374 -0.7273111393097174 1.0136704305904833 0.14079433693545104 2.068483539190759 -0.7160653841971981 0.7174580855442209 738567.592455023 -0.30201372955758987 0.0903228011497224 -1.1696026454664075 0.22226837168177488  738567.5924550229
0.18146283716151052 1.106367052011976 0.12565864996621268 2.082860755878807 -0.7388431583285828 1.1206577982755301 0.1256780509869958 2.082875750238985 -0.7181472412790247 0.6944951670000952 738567.5924552656 -0.2228764264533401 0.09534492926529813 -1.5364939895315235 0.14757223569211578  738567.5924552656
0.18935049959164613 1.10545187235434 0.11012391677562301 2.100149803091038 -0.7536758694182315 1.2872042614932906 0.1102088462017305 2.1000880289231314 -0.7272818117996455 0.7893172874471897 738567.5924555077 -0.14843053242566845 0.08312800080274829 -1.8602728705949225 0.08613780269950974  738567.5924555077
0.19738007976433342 1.1045501346250826 0.09716123831194359 2.1170677681534187 -0.7397488287191168 1.4296429868316365 0.09681166359886229 2.1170576882380145 -0.6897278726885145 0.8047714398374048 738567.5924557501 -0.07973220424246262 0.06630324921613268 2.5472507294509548 0.0336837102907155  738567.5924557501
0.20531633742285932 1.1035968310450528 0.08160084149890526 2.1429520258174253 -0.7553497103779993 1.8217495738752858 0.08172330688925133 2.142748637226654 -0.7028844732796509 1.1166099320251746 738567.5924559926 -0.031355856108399874 0.04655532200317111 -1.3530477504499143 0.001154810836901745  738567.5924559926
0.21368313551761037 1.1023945630188967 0.06552932131657893 2.178062651773693 -0.7735621821898111 2.5246035331669834 0.06576500532203489 2.1777942687079825 -0.7282042825477263 1.5280989453597378 738567.592456235 0.026947434666357538 0.013488831875684212 -2.97971242103731 -0.02982658966505932  738567.592456235
0.22192202899626307 1.101148317493135 0.04427948686507919 2.3425804153355747 -0.7683419452092907 6.4243619127264875 0.04527683099611205 2.339592857049835 -0.8353440345753788 6.108408208456217 738567.5924564773 0.06742915110791825 -0.020067860869885094 -7.609129538349057 -0.03432865914282514  738567.5925273297
