0.3 -0.9897174797058106 0.9504302452355312 0.056690996116432565 0.08679523503774482  738512.624633974
0.3 -0.977375789642334 0.9491120964668425 0.046166551588582766 0.08157736085247581  738512.6246343311
0.3 -0.9652645072937012 0.9479766229844485 0.03651732114816985 0.07604582709349667  738512.6246346815
0.3 -0.9590348205566406 0.9420556872814047 0.04858543140681258 0.08685890323476239  738512.624635046
0.3 -0.9405733070373535 0.944100034673695 0.046297733826897974 0.07040922929527417  738512.6246354074
0.3 -0.9285562477111816 0.9426576273769809 0.05037555929524607 0.04580982036168526  738512.6246357437
0.3 -0.9158485374450683 0.9404683283786583 0.06822886849981401 0.046572343514180145  738512.6246361114
0.3 -0.9097218475341796 0.9350838325828332 0.07870137134627397 0.013434545566461942  738512.6246364677
0.3 -0.8913001022338867 0.9360502080219648 0.08885025486227935 -0.018525551338194102  738512.6246368217
0.3 -0.8785766563415527 0.9298717972344464 0.14540920541581512 -0.011248773207790863  738512.6246371899
0.3 -0.8725614509582519 0.9221203199012806 0.15533115587771118 -0.044952851358062304  738512.6246375444
0.3 -0.8538631401062011 0.9209259241387945 0.16635874124241073 -0.07707600801179647  738512.6246379049
0.3 -0.8478628120422362 0.9084759432783914 0.18099561367221478 -0.12058126065167217  738512.6246382546
0.3 -0.8290346107482909 0.9065783032893878 0.1893073985123715 -0.15130868326138003  738512.6246386234
0.3 -0.8166729888916014 0.9010294793606842 0.19414313883735615 -0.18140048411812867  738512.6246389811
0.3 -0.8042668304443358 0.8949846295276958 0.19676396657028816 -0.20979825549821438  738512.6246393401
0.3 -0.7914500198364256 0.8859508169405125 0.23023394484324608 -0.17175637063530555  738512.6246397109
0.3 -0.779124542236328 0.8791930545198481 0.2320111147921899 -0.19242481511276996  738512.6246400791
0.3 -0.7666641197204589 0.8724608274499968 0.23286575898179152 -0.2114885317901449  738512.6246404281
0.3 -0.7543791732788085 0.8567940132304089 0.3199275359689726 -0.2695250078626374  738512.6246407835
0.3 -0.7422462425231934 0.8473367841375303 0.3158457296505558 -0.2907342811646043  738512.6246411346
0.3 -0.7298400840759277 0.8331446270096684 0.3053740044533847 -0.31729462903439865  738512.6246414935
0.3 -0.7175803146362304 0.8280443527563 0.2362878257811119 -0.20075546833706093  738512.6246418483
0.3 -0.7050921401977539 0.824342699314778 0.2243315480610684 -0.2063923459639983  738512.6246422096
0.3 -0.6926614723205566 0.8179928767508051 0.21304046100816354 -0.2123841047070708  738512.6246425693
0.3 -0.6804549179077148 0.808575360951381 0.24129388239491245 -0.16173585281758848  738512.6246429225
0.3 -0.6679416618347168 0.8016955626516018 0.2347892347897032 -0.17061336380519093  738512.6246432846
0.3 -0.6559332809448243 0.7947428522079882 0.22996593220489434 -0.18110930989125598  738512.6246436321
0.3 -0.6498349151611329 0.7851940599293783 0.2241431459939306 -0.1953649185586841  738512.6246439924
0.3 -0.6309517822265626 0.7810687400168312 0.22641354235550998 -0.14824827207176397  738512.6246443549
0.3 -0.6245029411315919 0.7677856382737979 0.21917378317137076 -0.16861319355083068  738512.6246447266
0.3 -0.6054594001770021 0.7640464592057966 0.2174642348258614 -0.179210390116048  738512.6246450925
0.3 -0.5990567169189455 0.7592268299724417 0.17730138758445685 -0.05757147611073174  738512.6246454609
0.3 -0.5798643074035646 0.7571822532639537 0.179399241244704 -0.06768944240306173  738512.6246458332
0.3 -0.5673677406311037 0.751979394319539 0.18276411486313232 -0.08234201956369887  738512.6246462063
0.3 -0.5614603958129885 0.7308510829454415 0.30817823945435624 -0.20557871388949175  738512.6246465503
0.3 -0.5425745925903321 0.7245378638218437 0.31523388010284475 -0.22565977722936756  738512.6246469121
0.3 -0.5302211723327638 0.7101886484752467 0.3207713204689747 -0.26280956010851353  738512.6246472803
0.3 -0.5178891143798828 0.7095627955495825 0.23878106637196939 -0.05359741570829891  738512.6246476264
0.3 -0.5116449317932129 0.6998924626774334 0.23599505957422603 -0.07219814316578689  738512.6246479835
0.3 -0.4930433235168457 0.695761946142333 0.23321522190729152 -0.08406314110282084  738512.6246483453
0.3 -0.4803479156494141 0.6776255299643456 0.35744401249564317 -0.22017416555505812  738512.6246487127
0.3 -0.46802720642089846 0.6670294205392897 0.358715552786818 -0.24849708213397972  738512.6246490692
0.3 -0.46183175659179687 0.653834116026966 0.3589210339344906 -0.28740619199082623  738512.6246494331
0.3 -0.44938211059570315 0.6432776684179828 0.3570552353011387 -0.3202933282736419  738512.624649794
0.3 -0.4366931877136231 0.6398996677978877 0.29420633549294556 -0.16259296331056053  738512.6246501599
0.3 -0.4182526550292969 0.6289083477105959 0.2829797805909604 -0.18025572415760338  738512.6246505093
0.3 -0.4121861419677735 0.6181497344183509 0.2753606239224633 -0.1990648284153322  738512.6246508604
0.3 -0.3998894653320313 0.6094532995067968 0.27858038331545926 -0.16514696748906374  738512.6246512167
0.3 -0.3815587005615235 0.6036093822758327 0.2800583873697387 -0.18091953633814353  738512.6246515827
0.3 -0.36911105728149424 0.5953808000924283 0.28094210562937194 -0.20149306767343791  738512.6246519313
0.3 -0.35663518524169935 0.5859231253492186 0.2929506292368493 -0.1353553896603384  738512.6246522923
0.3 -0.34429139709472667 0.5772666569769203 0.2935347049716323 -0.15126230548184466  738512.6246526495
0.3 -0.331788917541504 0.5686401367755942 0.29516374015868385 -0.16683096594774452  738512.6246530113
0.3 -0.3253813705444337 0.5616342404451007 0.24988215802489958 -0.0091032959360288  738512.6246533812
0.3 -0.31294965362548843 0.5542308729388581 0.2548636605707383 -0.022079133057656488  738512.6246537352
0.3 -0.29428138351440447 0.5449356164081238 0.26270119646522155 -0.039121242882678826  738512.6246540966
0.3 -0.28254432296752946 0.5411222598574257 0.2674690008877211 -0.047284485570890995  738512.6246544423
0.3 -0.26997642135620137 0.5156799274658569 0.38406393180776427 -0.205878986438919  738512.6246547998
0.3 -0.25718602752685565 0.5043152307623628 0.3933054549948957 -0.23692745088522466  738512.6246551699
0.3 -0.2511321029663088 0.490243294896582 0.3995575495028633 -0.2795545733705904  738512.6246555208
0.3 -0.23252868270874041 0.4927425941154294 0.29038880741084705 0.05442338232839818  738512.6246558834
0.3 -0.219280715942383 0.4840429172265076 0.29222590386194985 0.04767323030496306  738512.6246562783
0.3 -0.20718593215942402 0.47529389845357545 0.2939999644901322 0.03927371439308337  738512.6246566167
0.3 -0.1946851692199709 0.4529347743380264 0.43002494107576783 -0.12245473783756584  738512.6246569784
0.3 -0.18847951507568378 0.43188247948709374 0.43990184550976413 -0.18976578210729944  738512.6246573369
0.3 -0.16994933700561543 0.4209296356991082 0.44854139713900254 -0.21256562163000786  738512.6246576941
0.3 -0.16388721084594746 0.41879957926512795 0.32487920591938174 0.10837129351979198  738512.6246580479
0.3 -0.1450830421447756 0.41174702543782965 0.3218591274993405 0.11201478733806446  738512.6246584137
0.3 -0.13907460784912132 0.39976039138144376 0.3195151944420518 0.09481860670687407  738512.6246587726
0.3 -0.12016095733642601 0.3808446154093232 0.4540796423118076 -0.022126426525654955  738512.6246591348
0.3 -0.10746612167358421 0.36742309114006233 0.46008822068258437 -0.048887423698662016  738512.6246595021
0.3 -0.10124396896362328 0.3512552484900142 0.4671950735685641 -0.10661783642198898  738512.624659853
0.3 -0.08279971694946311 0.3396768972938598 0.4716093176501531 -0.12252366155226531  738512.6246602158
0.3 -0.07003964996337912 0.33159506831675695 0.3752474604323333 0.16180718325412266  738512.6246605851
0.3 -0.06380185699462912 0.3180276455907845 0.3712136739502276 0.13520139752029955  738512.6246609425
0.3 -0.04549693679809592 0.30957228069747356 0.3682646820719184 0.14191996132331028  738512.6246612952
0.3 -0.03321256256103537 0.3049910616294837 0.303280700289968 0.4118320876774582  738512.6246616506
0.3 -0.020615097045898652 0.2961141275338176 0.30760382783134305 0.40179498446703577  738512.6246620151
0.3 -0.008158203125000214 0.28702789743989454 0.3135474317117175 0.3883019639748609  738512.6246623755
0.3 0.00414553070068338 0.2662325457843566 0.4336688620596672 0.3496238800200903  738512.6246627317
0.3 0.01691217803955057 0.2535219193784452 0.441470106275755 0.3340245004362789  738512.624663101
0.3 0.029276470184325963 0.23389037840727836 0.4521373798084386 0.2758992044078114  738512.6246634588
0.3 0.04203491592407206 0.23438296397068728 0.31021192589250196 0.7161692041637735  738512.6246638389
0.3 0.05454426193237284 0.22540479278478617 0.30859746794409393 0.7159586651650583  738512.6246641899
0.3 0.060869411468505656 0.21297898469032275 0.30993710192644813 0.6950659131224596  738512.624664548
0.3 0.07934017562866191 0.19537888776217466 0.4392117302386407 0.7079981783069859  738512.6246649073
0.3 0.08519592666625957 0.17850716903170286 0.44715269604494035 0.6665571139678381  738512.624665254
0.3 0.10413799667358378 0.16934242197154067 0.4501664804137584 0.7330115029997208  738512.6246656248
0.3 0.11016750717163065 0.1520444927944397 0.4577138753417857 0.6664598334013117  738512.6246659836
0.3 0.12903623962402322 0.15523980328067388 0.3401946364778211 1.1700375374910574  738512.6246663453
0.3 0.13531217956542946 0.13498633291941273 0.33496679236781035 1.1402218180789803  738512.6246667021
0.3 0.15370951080322243 0.12980641235911392 0.32043748977906494 1.196284469178987  738512.6246670592
0.3 0.16652784729003883 0.12107502977089242 0.30144930293647587 1.6263598032436057  738512.6246674329
0.3 0.17890491867065406 0.11243191799543907 0.2975432207444431 1.6726473258383152  738512.6246677883
0.3 0.19122677230834936 0.11015795761959238 0.2925416161274675 1.6157366652350686  738512.624668147
0.3 0.20363073730468725 0.105207990782024 0.2519278351714641 1.9283479359262656  738512.6246685036
0.3 0.21599264526367162 0.09804255013875493 0.24821142261751392 1.9185631434544055  738512.6246688614
0.3 0.22848568344116185 0.0911235940189701 0.24437994091903184 1.8847568625308864  738512.6246692344
0.3 0.24128513717651343 0.08541748843573822 0.15669355304068985 2.1155118816078353  738512.6246695932
0.3 0.25365934753417946 0.08107452484982527 0.1576294432708273 1.9571198503348282  738512.6246699513
0.3 0.26622534179687474 0.07682162606805079 0.16351600883575176 1.7716500144426373  738512.6246703148
0.3 0.2722288169860837 0.05545819717106728 0.2849462702385529 3.5714742267625996  738512.6246706594
0.3 0.2908113517761228 0.05347823805520787 0.2863357382179035 3.684787885915839  738512.6246710262
0.3 0.873685935974121 0.03912510973024747 -11.508953965649148 261.0264869248133  738512.6246880774
