-0.600055467005428 -0.061856840076606606 6.899999999999897 
-0.600055467005428 -0.061856840076606606 6.899999999999897 
-0.7439703351740017 -0.07399866880812178 6.919999999999897 
-0.7650098192302689 -0.08099382478188537 6.9399999999998965 
-0.7960762202370921 -0.08314683695182054 6.959999999999896 
-0.8361206182035029 -0.07596026271503635 6.979999999999896 
-0.8609435790055698 -0.0826730352661292 6.999999999999895 
-0.8458129918272499 -0.08410668018154453 7.019999999999895 
-0.8441789330205536 -0.08238043800721412 7.039999999999894 
-0.8380794035075401 -0.08287349496371695 7.059999999999894 
-0.8476037642985422 -0.08536551917477332 7.0799999999998935 
-0.8068844364113829 -0.08734035298968662 7.099999999999893 
-0.8160086790892829 -0.08677099631563549 7.119999999999893 
-0.8279921173733016 -0.08713352999551788 7.139999999999892 
-0.8931277334377006 -0.07875265465778856 7.159999999999892 
-0.8710868641820614 -0.08453738353897267 7.179999999999891 
-0.8049510500884043 -0.09387137480833826 7.199999999999891 
-0.8636003333729118 -0.08634628209781972 7.2199999999998905 
-0.8663164328515098 -0.08615711756221936 7.23999999999989 
-0.8612589126684478 -0.08698952919792062 7.25999999999989 
-0.8458480984576079 -0.0896963924488756 7.279999999999889 
-0.843761695143189 -0.09196460487476013 7.299999999999889 
-0.839938638869383 -0.09179288490280949 7.319999999999888 
-0.8069366752004635 -0.09620459140158956 7.339999999999888 
-0.8089567049431994 -0.0939094427469905 7.3599999999998875 
-0.8199277073343172 -0.09364177452054764 7.379999999999887 
-0.7841060664457061 -0.09517206170757675 7.399999999999887 
-0.8037580146062966 -0.0961277171237528 7.419999999999886 
-0.8192193839083413 -0.09435989794417729 7.439999999999886 
-0.8312853876886586 -0.09237670301248417 7.459999999999885 
-0.8083288337468318 -0.08915483454319226 7.479999999999885 
-0.831850555110774 -0.09172871744011693 7.4999999999998845 
-0.823675653235501 -0.09091969857879124 7.519999999999884 
-0.8159013747565131 -0.08834335317887805 7.539999999999884 
-0.8167634477680883 -0.08758488081024934 7.559999999999883 
-0.8338494621614401 -0.08809722809637784 7.579999999999883 
-0.8158304975526778 -0.08589146578419685 7.599999999999882 
-0.8185160170740508 -0.08269547687170793 7.619999999999882 
-0.8266336099973569 -0.08395436533352317 7.6399999999998816 
-0.824020968911529 -0.07991907750800399 7.659999999999881 
-0.8198526363140702 -0.08069166725589241 7.679999999999881 
-0.797166686643044 -0.07865062567012503 7.69999999999988 
-0.8156668033147915 -0.0771169023156509 7.71999999999988 
-0.8241637665117414 -0.07514761499815617 7.739999999999879 
-0.8147211370026332 -0.07371068030553884 7.759999999999879 
-0.8230550292521621 -0.062245957194977365 7.779999999999879 
-0.8210713560537521 -0.06542436055062976 7.799999999999878 
-0.8155339066678517 -0.065295370853698 7.819999999999878 
-0.7810311678232026 -0.0704645150757666 7.839999999999877 
-0.7912729235097617 -0.06448051615753506 7.859999999999877 
-0.8068636458762772 -0.054430621579535966 7.879999999999876 
-0.801590410220969 -0.056644001076314926 7.899999999999876 
-0.7944932509098539 -0.0562597392460635 7.919999999999876 
-0.7880115012736267 -0.05414905600959955 7.939999999999875 
-0.7817051263505698 -0.05335901272730483 7.959999999999875 
-0.7780700173130531 -0.048395187108246 7.979999999999874 
-0.7659217594914904 -0.051373158237044005 7.999999999999874 
-0.7682949856043427 -0.04635127238654134 8.019999999999873 
-0.7624879984495843 -0.04458156051141444 8.039999999999873 
-0.75949169714847 -0.041878350021005824 8.059999999999873 
-0.750679300816832 -0.04204245840247124 8.079999999999872 
-0.7480393064459431 -0.04022704064662572 8.099999999999872 
-0.7414621043961556 -0.03767106024906533 8.119999999999871 
-0.7401224981849237 -0.034760947711333055 8.139999999999871 
-0.7292437782983765 -0.0360461092030847 8.15999999999987 
-0.730786869466941 -0.03331650714693062 8.17999999999987 
-0.7367199323672602 -0.026463008850444072 8.19999999999987 
-0.7215477725445393 -0.03511811464477263 8.21999999999987 
-0.7265176574339245 -0.026698858220208357 8.239999999999869 
-0.7178882776167902 -0.02538866805766525 8.259999999999868 
-0.7181730247122773 -0.022577455002519547 8.279999999999868 
-0.7261349702935764 -0.015569751096250029 8.299999999999867 
-0.7257726087821191 -0.01822076131024314 8.319999999999867 
-0.7090955327619604 -0.0174369008611626 8.339999999999867 
-0.718155384625891 -0.016122938332301173 8.359999999999866 
-0.7151048683751315 -0.01629611270101762 8.379999999999866 
-0.7192221875212145 -0.011254155455400889 8.399999999999865 
-0.6908273514954469 -0.016934807286788894 8.419999999999865 
-0.6962901273721571 -0.010935651817071247 8.439999999999864 
-0.6993218108986499 -0.012214363106220523 8.459999999999864 
-0.7026988913421455 -0.00943190017540039 8.479999999999864 
-0.6866871662502643 -0.006753223754778749 8.499999999999863 
-0.7462146794711321 -0.04452164649320339 8.519999999999863 
-0.7299083538165693 -0.03271389367325153 8.539999999999862 
-0.7167292958989265 -0.015102529156084 8.559999999999862 
-0.7049085404460486 -0.008719607164870045 8.579999999999862 
-0.7005331792954619 -0.006498400859150684 8.599999999999861 
-0.6975774742250224 -0.003900973119869563 8.61999999999986 
-0.6978610616681166 -0.01884893080098056 8.63999999999986 
-0.6949021511428509 0.0038101965527114964 8.65999999999986 
-0.6924440360309606 0.004148059765687967 8.67999999999986 
-0.6954897878869902 0.0029545570839097394 8.699999999999859 
-0.6950135228528459 0.001480839699696839 8.719999999999859 
-0.6944386387773985 0.007461911576775047 8.739999999999858 
-0.6925958500066688 0.005921335610668665 8.759999999999858 
-0.6929966780456857 0.009008982858916902 8.779999999999857 
-0.6931129298622557 -0.0067614087160870265 8.799999999999857 
-0.6871523916255033 0.00024535229719213885 8.819999999999856 
-0.6835460479714396 0.018801056857722216 8.839999999999856 
-0.6852517910376476 0.017095414614727772 8.859999999999856 
-0.6839510032653582 0.01358316382821174 8.879999999999855 
-0.6814192259170101 0.012384674378010978 8.899999999999855 
-0.6826690577662154 0.012521486239762944 8.919999999999854 
-0.6768757122035799 0.010408336031143658 8.939999999999854 
-0.675593095538407 0.011540935656824035 8.959999999999853 
-0.6772006783888465 0.012534569082446254 8.979999999999853 
-0.6742334347509837 -0.003675514945523286 8.999999999999853 
-0.6734631169848748 0.014848855741417234 9.019999999999852 
-0.6738117009871836 0.012498060466845136 9.039999999999852 
-0.6758857868996825 0.013184484041892373 9.059999999999851 
-0.6716764570898257 0.007220202437141426 9.07999999999985 
-0.6783182160464744 0.013115719346153906 9.09999999999985 
-0.6736665044331845 0.011994343796577628 9.11999999999985 
-0.6762154229575388 0.014066824137910343 9.13999999999985 
-0.6753110049439692 -0.006030365199273824 9.15999999999985 
-0.6781005256718385 0.015394760499303205 9.179999999999849 
-0.6745230881714733 0.011337866226772478 9.199999999999848 
-0.679617888358987 0.01155091738607352 9.219999999999848 
-0.6798838950476798 0.006566784964319863 9.239999999999847 
-0.6802567509421296 0.012141656690108391 9.259999999999847 
-0.6833266361344363 0.006060811940035618 9.279999999999847 
-0.680677144656271 0.010986394393458505 9.299999999999846 
-0.6822406842772334 0.006547011779263558 9.319999999999846 
-0.6850113761378797 0.007365129388710298 9.339999999999845 
-0.6844989816737002 0.009611644280056321 9.359999999999845 
-0.6862820533475323 0.006173904622288857 9.379999999999844 
-0.6867782336154034 0.0059039314544834355 9.399999999999844 
-0.6872874914238722 0.009913391584012485 9.419999999999844 
-0.6902822353055519 0.008551778245313014 9.439999999999843 
-0.6882114717421821 0.006286213624517886 9.459999999999843 
-0.689946405719762 0.004107771073639217 9.479999999999842 
-0.6903876898369439 0.00590723954967477 9.499999999999842 
-0.6887238804950641 0.008120390696854832 9.519999999999841 
-0.6931048325783971 0.006243372311296588 9.539999999999841 
-0.6940322329588173 0.01135546869808159 9.55999999999984 
-0.6937880443813762 0.011533568288044992 9.57999999999984 
-0.6934179186922138 -0.003502678255064416 9.59999999999984 
-0.6953236276002248 0.0048837124662015514 9.61999999999984 
-0.6956785017950881 0.011956238235418498 9.639999999999839 
-0.6916140038148507 -0.010260196800542465 9.659999999999838 
-0.6906189908131124 0.002482614369617102 9.679999999999838 
-0.6931154431281358 0.0009736471039254624 9.699999999999838 
-0.6962496511963528 0.008387359109724608 9.719999999999837 
-0.6927667259930578 0.00025058382585197055 9.739999999999837 
-0.6990753366398306 0.004015184789514207 9.759999999999836 
-0.7012377281559852 0.008783552390577114 9.779999999999836 
-0.6957575745148001 -0.007590501075884269 9.799999999999836 
-0.6956171301460249 -0.013853674494150058 9.819999999999835 
-0.6929315754449782 -0.0064040555365218205 9.839999999999835 
-0.6997907721539735 0.0036471023777440888 9.859999999999834 
-0.694811401727181 -0.0036872118856094696 9.879999999999834 
-0.6986719158021376 0.006535592192941998 9.899999999999833 
-0.6977411272477563 -0.00047476214997478616 9.919999999999833 
-0.6948112907159816 0.0002797842119176573 9.939999999999833 
-0.6980621556424129 -0.01077605434130936 9.959999999999832 
-0.6960802010976633 0.0021329048866919748 9.979999999999832 
-0.6951536308200449 0.0021567677546170815 9.999999999999831 
-0.6965317090022909 0.007071995469659677 10.01999999999983 
-0.6927803914383899 -0.0019481029153920922 10.03999999999983 
-0.696929448907211 -0.004233312744969391 10.05999999999983 
-0.6955720831051985 0.007541373701952115 10.07999999999983 
-0.6946782754305046 -0.008316443278039556 10.09999999999983 
-0.6972981505324711 -0.011362069663673613 10.119999999999829 
-0.6942683011005146 0.014387908764129176 10.139999999999828 
-0.6978849158826717 0.012866079050098667 10.159999999999828 
-0.6924334356311996 -0.004009256820530528 10.179999999999827 
-0.6971789957247794 0.011801129707644041 10.199999999999827 
-0.6927669970556427 0.003661693629323408 10.219999999999827 
-0.6948244024065771 0.003996067336480136 10.239999999999826 
-0.6945228780452553 -0.007197714594962594 10.259999999999826 
-0.6891448213944165 0.020882041634236893 10.279999999999825 
-0.6924994757598143 -0.007429930013410246 10.299999999999825 
-0.6916606445212952 -0.01285104654932662 10.319999999999824 
-0.6976155952783883 -0.005712246681821484 10.339999999999824 
-0.6964913229576322 0.01930444170288577 10.359999999999824 
-0.6907110933949874 -0.005435212402176714 10.379999999999823 
-0.69078715162982 -0.014632601604380496 10.399999999999823 
-0.69217520832973 0.011512583955458084 10.419999999999822 
-0.6990677322672451 0.005139276402504216 10.439999999999822 
-0.6935462905593024 0.01769359434302146 10.459999999999821 
-0.6976343601811995 -0.010903837617661578 10.479999999999821 
-0.7000722374498108 0.030249204523067643 10.49999999999982 
-0.6973187265380841 0.01574355229399315 10.51999999999982 
-0.6962822772615616 0.014085067290577527 10.53999999999982 
-0.6992830922517392 0.013000396927556326 10.55999999999982 
-0.6985324528723174 0.01556877633332453 10.579999999999819 
-0.6978069192246719 0.030305696269772833 10.599999999999818 
-0.6992626975866778 -0.010506819763302488 10.619999999999818 
-0.6995960277444113 -0.0175520565529868 10.639999999999818 
-0.7034357993143067 0.010398463937216319 10.659999999999817 
-0.6969919316937858 -0.007932913968167598 10.679999999999817 
-0.7014799318496328 -0.049612988149347836 10.699999999999816 
-0.702783774024536 -0.026124832540405433 10.719999999999816 
-0.7038951335660445 -0.0433280628900499 10.739999999999815 
-0.7072874673087004 -0.04418704312754512 10.759999999999815 
-0.7045964995256476 -0.05787002807576504 10.779999999999815 
-0.7066178575933996 -0.15298476393478025 10.799999999999814 
-0.7050054062100486 -0.16069855758601378 10.819999999999814 
-0.7066572100797717 -0.17056037691630804 10.839999999999813 
-0.7079597185719865 -0.3229512748722935 10.859999999999813 
-0.7059584614270986 -0.663133395882836 10.879999999999812 
