-0.4105022264854634 1.090935340329285 2.6842712056519975 0.3283960393102268 0.08202463568900734  738533.5954714543
-0.41050222219645605 1.090935336757321 2.6776340879081575 0.33523639843593134 0.08080139754611941  738533.5954716346
-0.41050222447980567 1.090935338720508 2.6742643535935353 0.33871470359876094 0.08020969759727785  738533.5954718194
-0.41050222643717105 1.0909353373976718 2.667420640225392 0.3456378536653916 0.07900120249201077  738533.5954720011
-0.41050222419462684 1.0909353427667459 2.663946601720477 0.34909568785090594 0.07835714169898167  738533.5954721873
-0.4105022326380429 1.0909353380164746 2.6558221925797727 0.3688067914543372 0.09834908836040346  738533.5954723594
-0.4105022284568112 1.0909353457287 2.6521154333077233 0.37248316895940514 0.09766589989847968  738533.595472534
-0.39329793717277084 1.1252072658740808 2.6727222344533477 0.3426354086310927 0.0799750585916489  738533.5954727149
-0.39328023497099124 1.1252425315948282 2.66889832670647 0.3467432925821902 0.07907797292972163  738533.5954728842
-0.3932802075050503 1.1252425711843659 2.661057451786405 0.3560144436416667 0.07735058592323356  738533.5954730646
-0.3932802100097464 1.1252425845362182 2.653021877172631 0.3659125139263295 0.07549372353303405  738533.5954732439
-0.3932802053785554 1.125242585014137 2.6489285561387566 0.37088042806282057 0.07448218995505307  738533.5954734248
-0.3932802106544389 1.1252425900342833 2.643313560602343 0.34988301851430736 0.0838329133331178  738533.595473598
-0.39202996955034203 1.1254460515847364 2.639222159877541 0.35496780588513055 0.08197347987396245  738533.5954737768
-0.39202868070587615 1.1254462686562898 2.631211762054343 0.3640844365283327 0.07959485801824163  738533.5954739616
-0.3920286787253421 1.1254462644545982 2.627141159840815 0.36843446624933757 0.07836301004697374  738533.5954741345
-0.39202868832326626 1.125446256724991 2.6188765110182675 0.3767485388265422 0.07578580024385881  738533.5954743044
-0.3920286863213638 1.1254462461028123 2.614684568518655 0.38087573553173676 0.07449104060779475  738533.595474485
-0.3920286865016214 1.1254462501035098 2.6155480615802023 0.2797485849605683 0.06140473125630357  738533.5954746618
-0.39081446073491194 1.1258504381661865 2.6123721869995604 0.28403348968396247 0.05925763118016056  738533.5954748451
-0.39081321620254017 1.1258508462548884 2.6058251068938656 0.292506068233803 0.05640559173441972  738533.5954750213
-0.3908132204596674 1.1258508356069783 2.602490247827222 0.29702033038923725 0.055048146215931876  738533.5954751964
-0.3908132188584707 1.1258508331334103 2.595693004124156 0.3062448122246143 0.05232365904320684  738533.5954753796
-0.3908132239742012 1.1258508181558249 2.588714745274938 0.3163623586147786 0.04976086219224862  738533.5954755525
-0.3908132269330863 1.125850812881809 2.5851512943852497 0.3220191589360675 0.04861372390461917  738533.5954757333
-0.3908132367986169 1.1258508047756028 2.579010829099385 0.32162194038148917 0.06498705408876351  738533.5954759083
-0.3908132395947301 1.1258507932294919 2.575395189280076 0.32793912601308006 0.06403211557335234  738533.5954760838
-0.3896218746164725 1.1265526430361177 2.5682963425115966 0.34022956856763276 0.06122149629800539  738533.5954762675
-0.38962065326315376 1.1265533501620415 2.564497675152642 0.34691697013123834 0.06032854621227076  738533.5954764505
-0.38962065446740296 1.126553332580483 2.5567157378360306 0.35978478576305517 0.05827357114691456  738533.5954766257
-0.38962066794070005 1.126553332324211 2.5527328905472135 0.3663936964672291 0.05727463835028537  738533.5954767991
-0.38962067570631703 1.1265533071186984 2.5395770625981466 0.4408204700544664 0.0900949164268598  738533.5954769739
-0.3889653091122829 1.1280712067515795 2.5360421530973163 0.4452901883476355 0.08833152191981433  738533.5954771563
-0.38896464540634335 1.128072750199098 2.52631987555921 0.45658696576844415 0.08585036167240984  738533.595477342
-0.3889646477966637 1.1280727382252231 2.5163871592337257 0.46732167500303523 0.08315426630674093  738533.5954775258
-0.38896465865386387 1.1280727158122115 2.5113471809773324 0.4727118504381379 0.08183116297008834  738533.5954777015
-0.3889646625725492 1.1280727048352743 2.501133691667644 0.48217078373426364 0.07864936581291598  738533.5954778771
-0.3889646788188402 1.1280726944170762 2.495964711049153 0.4867831404114774 0.07703041545370824  738533.5954780744
-0.3889646844443841 1.1280726753173738 2.492624228836497 0.4246509025741295 0.07442946559751305  738533.5954782349
-0.3892819246780939 1.1308366891200081 2.49077045419168 0.42450138918613817 0.0720413181439354  738533.5954784085
-0.38928225813662143 1.130839516452298 2.4815359971552224 0.43033969543261597 0.06765506658432156  738533.595478594
-0.38928226880082195 1.1308394989380797 2.4768815479579147 0.43321169780996116 0.0655393636167693  738533.5954787758
-0.38928228128604747 1.130839477260602 2.4675103061053134 0.4378888222220137 0.06095633536562038  738533.595478958
-0.38928228855291563 1.1308394631944774 2.458061196116499 0.4424647809891441 0.056374995923111945  738533.595479138
-0.3892823011205352 1.1308394434227003 2.455009019061299 0.418068806491629 0.06557048630534743  738533.5954793221
-0.39023586583804915 1.1354651781614697 2.4506637349056732 0.4165572080512804 0.060585091245224466  738533.595479497
-0.3902368665474469 1.135469918362723 2.446118617011025 0.41958811307608507 0.058510370755484695  738533.5954796684
-0.390236870657826 1.1354699014759215 2.436945577612028 0.4252519747296451 0.05398864033382756  738533.595479852
-0.39023688025062564 1.1354698854515524 2.432320407774868 0.4285323045956725 0.051860671561630406  738533.5954800359
-0.3902368950809877 1.1354698612325453 2.422993100981203 0.434444182168073 0.047156927196210216  738533.5954802118
-0.39023690451463966 1.135469843652026 2.418291191806768 0.4377511711408014 0.04491065891692078  738533.5954803883
-0.3915533867639586 1.1392314854623697 2.414205530251997 0.4233678869791358 0.0567443681848364  738533.5954805663
-0.3915547476379598 1.1392353379921913 2.4095781800257328 0.4264366915598773 0.05447298490834476  738533.5954807475
-0.39155476745035694 1.1392353252834961 2.4002481258706125 0.4316755247690204 0.049569535310091284  738533.5954809282
-0.391554784530603 1.1392353094337422 2.3955502887071667 0.43458138592575607 0.04732023651145318  738533.5954810986
-0.39155479138880456 1.1392352815504811 2.386091460358583 0.43956325192294277 0.04254249676632553  738533.5954812792
-0.39155479947517086 1.1392352612146717 2.3765478167456706 0.44454910301799183 0.03783637550262215  738533.5954814644
-0.39155480727487413 1.1392352442499698 2.373193094127518 0.42928280756774384 0.05105220406728485  738533.5954816509
-0.3915548154270083 1.1392352184589285 2.363884646453594 0.4343834604116682 0.04651320362228506  738533.5954818353
-0.39359366399938783 1.1423788157463448 2.3628462802519445 0.43212223319213583 0.04496071118546214  738533.5954820192
-0.39359576879882985 1.142382030761889 2.3534126227177015 0.4372339627600301 0.040486938251961174  738533.5954821939
-0.3935957814323497 1.1423820091372565 2.3486615145824787 0.44019300733572614 0.03843372639717535  738533.5954823658
-0.3935957913716074 1.1423819881187598 2.339095405080607 0.44526346730342303 0.033935345548672245  738533.5954825444
-0.39359580686270046 1.1423819638566766 2.329445895032479 0.45023637760246027 0.029412300569052648  738533.5954827265
-0.3951937929057295 1.144003853479786 2.328520202041349 0.43146129233920166 0.041956066606954924  738533.5954828981
-0.3951954508247924 1.144005507462248 2.319125860191733 0.43623176504756156 0.037607866975126726  738533.5954830836
-0.3951954611723356 1.1440054741707826 2.31439889212545 0.43899679537417663 0.03567535800310735  738533.5954832662
-0.3951954665838057 1.1440054546698923 2.3048884771858003 0.44357884294828837 0.03156416843862985  738533.5954834439
-0.3951954820698663 1.1440054362494427 2.3001060374406954 0.4462655482944814 0.029756984007298867  738533.5954836241
-0.39519549172666973 1.1440054147588734 2.290486550911751 0.45078315770003113 0.025864855173970715  738533.5954838027
-0.39519549829319084 1.144005393458322 2.2822060930032353 0.439734799961064 0.04035437213291839  738533.5954839885
-0.3969821569809181 1.1454628618640141 2.279480435313645 0.4396096205647572 0.03948680298127662  738533.595484175
-0.39698399919562755 1.1454643442060775 2.269996862082369 0.4442448869754513 0.03585779005148726  738533.5954843618
-0.39698400917895 1.1454643220752851 2.265226010443905 0.4470226275826322 0.034220524863118426  738533.5954845432
-0.3969840297065318 1.1454642966144726 2.2556278854077787 0.4517427654746008 0.03059302834512467  738533.5954847289
-0.39698403205465976 1.145464270416042 2.250800263537834 0.4545447229240848 0.028928484394929496  738533.5954849025
-0.39698403857436204 1.1454642615189523 2.2425998980379838 0.43726822602676646 0.04275065840733455  738533.5954850765
-0.3969840454394515 1.1454642300154951 2.233253266658232 0.4418001401739172 0.039255117778025185  738533.5954852592
-0.39804906764147957 1.1462344165965166 2.2296514068006914 0.44289114865517004 0.03819694551518906  738533.5954854429
-0.3980501748167161 1.1462351861205489 2.220200697474785 0.4473452950151528 0.034797178216071444  738533.5954856185
-0.39805018143402515 1.1462351622462073 2.2154482031149922 0.4500256884150305 0.0332713488421717  738533.595485793
-0.3980501905436333 1.1462351393238126 2.2058899407369394 0.4545513891768131 0.0299087537973673  738533.5954859687
-0.39805018474516396 1.146235126796824 2.2010832693715976 0.4572979810538276 0.02836599031152169  738533.5954861551
-0.3988032793104214 1.1463865915674818 2.1878132815228093 0.502106232581714 0.05278755124421653  738533.5954863299
-0.39880406474269153 1.1463867263359069 2.1825425721007155 0.5048501976783957 0.051371730783680986  738533.5954865023
-0.3988040684466491 1.1463867109055608 2.171943606240857 0.509431408774959 0.048285548884802354  738533.5954866778
-0.3988040733985203 1.1463866893555166 2.1666168699175796 0.5121000975997715 0.046885187629091586  738533.5954868586
-0.39880407381120175 1.1463866670407237 2.155912401823605 0.5162263592061493 0.043776797387452375  738533.595487038
-0.3988040799276246 1.146386650191484 2.1505369303772923 0.5185050634072605 0.04229414562594363  738533.5954872202
-0.3988040906430521 1.146386626457818 2.1510889586031854 0.3924843229692906 0.044838075024529724  738533.5954874055
-0.39883962186349164 1.14619750311028 2.1426781255126026 0.3950128206487441 0.041360828944992  738533.5954875754
-0.3988396634276433 1.1461972889308956 2.1385449745322993 0.39630814566325434 0.039650875780205236  738533.5954877503
-0.3988396668924214 1.1461972697618612 2.130267811310248 0.3978747262273651 0.036007852883287256  738533.595487937
-0.39883967336465914 1.1461972468339447 2.1261232295788273 0.39921624943898154 0.03431955419123037  738533.5954881193
-0.39883967078374183 1.1461972219286165 2.1178133738776017 0.40180470705635624 0.03086087342415336  738533.595488302
-0.398839677643726 1.1461972113280126 2.1136422864895867 0.40402300141489794 0.02930291296154046  738533.5954884852
-0.3985908876791951 1.146145846740234 2.0953837012679495 0.5051943328750504 0.05887788631070918  738533.5954886725
-0.3985906301755588 1.146145767173288 2.084973016814296 0.5115117639454112 0.05635649966479735  738533.5954888534
-0.3985906327072056 1.1461457544467422 2.079723273426986 0.5155257726532094 0.05523813674602134  738533.5954890337
-0.3985906281929283 1.1461457412975529 2.0691239409050284 0.5230849796558901 0.052749785169813844  738533.5954892087
-0.3985906321236957 1.1461457196212053 2.063774300547272 0.527153419220746 0.05147048629768658  738533.595489394
-0.39859063230903113 1.1461457038244591 2.0529839300286348 0.533657766732392 0.048381375532468344  738533.595489567
-0.39859062943278684 1.146145687380817 2.0594331531613634 0.3978317863019623 0.05344612157146713  738533.5954897526
-0.3985906321782969 1.1461456735164444 2.0512798281127718 0.40175232243111775 0.04953822232359279  738533.5954899389
-0.3982441853830996 1.1463446713676329 2.0472370254186374 0.4033375205475458 0.047232638747659435  738533.5954901142
-0.39824383191849344 1.146344855104476 2.03902152400825 0.4051404424173627 0.04315157675695268  738533.5954902864
-0.3982438304517056 1.1463448437904527 2.0349061493265874 0.40630489267892256 0.041241854660717156  738533.5954904638
-0.39824382905742545 1.146344819094759 2.026243328055218 0.408611764491411 0.03741209800639836  738533.5954906461
-0.3982438243114206 1.1463448085513506 2.0179458866251294 0.41241615688749017 0.03421864666737996  738533.5954908294
-0.39762302513471637 1.1467486465473378 2.0087017329888637 0.4674995580554361 0.05982028770612254  738533.5954910134
-0.3976223857335178 1.146749042563777 1.9992167355469408 0.47413348533808397 0.05734110803860021  738533.5954911931
-0.39762238685880286 1.1467490339394228 1.9944234022687317 0.4783965052078267 0.056189907496209134  738533.5954913722
-0.3976223849458453 1.1467490228556148 1.9847206296391433 0.48692793946973467 0.05379252603853313  738533.5954915521
-0.39762237095613884 1.1467490083076262 1.9798096080840142 0.4914872471940112 0.052560989798595095  738533.5954917226
-0.3976223775316067 1.1467489966682363 1.9698755566240556 0.499236502354149 0.04982019544256157  738533.5954918973
-0.3976223710525085 1.1467489856493607 1.966911728057848 0.47737936637816164 0.0665895201556713  738533.595492081
-0.39687169422303487 1.1472244493009907 1.9574612222923256 0.48234848769388705 0.0627815547067233  738533.5954922553
-0.3968709186870692 1.1472249247750097 1.9477862343634502 0.48592495786006573 0.059590417157034614  738533.5954924386
-0.39687091409845543 1.1472249113907038 1.9429279665866637 0.4876040653941199 0.05800185455304428  738533.5954926233
-0.3968709028808424 1.1472249114177866 1.933178488149192 0.49022689056537466 0.05488169887392514  738533.5954928059
-0.3968709000947032 1.1472249011784588 1.9282872193228517 0.49187340386202877 0.053372256832302824  738533.5954929839
-0.39687090053008167 1.1472248902091915 1.9142150772072462 0.5402607469790739 0.07625083822477505  738533.5954931608
-0.39642977599368523 1.1475035765172164 1.9089117103080886 0.542303276481568 0.0745262456562126  738533.5954933381
-0.39642932815843746 1.147503858947841 1.8980843251945705 0.5466409353047894 0.07205327109748128  738533.5954935224
-0.3964293253587298 1.14750385429243 1.8926401240365107 0.5491720547056544 0.07080015830347475  738533.5954936934
-0.3964293207516953 1.1475038438108083 1.8816892306732713 0.553730803119526 0.06816987811313112  738533.5954938693
-0.3964293133612408 1.1475038358365237 1.8706612970012662 0.5576029113333386 0.06523820618866506  738533.5954940511
-0.39642930796942333 1.1475038291820736 1.8651238237409895 0.5592673474049132 0.0636153975081764  738533.5954942246
-0.39642930245070784 1.1475038273419185 1.8686790454097977 0.42180384264716314 0.06420142009814087  738533.5954943987
-0.3964293069540984 1.1475038174423657 1.8645114280638715 0.4223783626977623 0.06231604634941998  738533.5954945685
-0.3961380674494839 1.1483678518742333 1.8568491141368932 0.42152167121238965 0.057990583619490076  738533.5954947437
-0.39613775889923053 1.1483687364909723 1.8526839183521697 0.42158791940301227 0.056131783079002365  738533.5954949192
-0.3961377551177866 1.1483687331140755 1.8443562514667704 0.4219059806561596 0.05264584866041826  738533.5954950963
-0.39613775541562746 1.148368729630942 1.8401893503973432 0.4227099277597453 0.05100167967512081  738533.595495272
-0.3961377498513124 1.1483687177384203 1.83182859591291 0.42541457960554624 0.04802509301442706  738533.5954954558
-0.3961377445899764 1.1483687209770885 1.8238612142673776 0.466779300265261 0.07863251464332388  738533.5954956311
-0.3963457022174415 1.1502460854017753 1.8164012403786813 0.4697891770079028 0.0758555160653767  738533.595495805
-0.39634591287302307 1.1502480215029596 1.8117303295988914 0.47320174209579974 0.0747950306938491  738533.5954959858
-0.3963459086414119 1.1502480165790698 1.8022853457679682 0.4803617540684743 0.07270763923006154  738533.5954961578
-0.39634590526431634 1.1502480159118353 1.7970313302517493 0.48438283853859787 0.07142333131116724  738533.5954963416
-0.3963458979821408 1.1502480066971636 1.7873740190235219 0.490956688896525 0.06880903236585628  738533.5954965262
-0.3963458983997481 1.1502480140887978 1.7808601506868256 0.460776671882451 0.08533569199420686  738533.5954967076
-0.396345891164512 1.1502480053704922 1.7762923990203736 0.46305643074653985 0.08363680689991163  738533.5954968847
-0.3973843106650781 1.1529565322146018 1.7699938534207207 0.4626287094846893 0.07979314602290147  738533.5954970568
-0.3973853808044604 1.1529593137696443 1.765374378260428 0.4643426455729853 0.07792664270091126  738533.5954972295
-0.3973853734315685 1.152959318336085 1.7560809204034824 0.46772093667082926 0.0742290376679946  738533.5954974045
-0.397385367613785 1.1529593207796933 1.7514087808455912 0.46965359651941885 0.0723721785421298  738533.5954975755
-0.3973853636432594 1.1529593128030107 1.742005662918949 0.473973515374754 0.06879928111613128  738533.595497761
-0.39738536267561614 1.1529593107254328 1.7333307568856033 0.5147682140497482 0.10027645864017215  738533.5954979456
-0.3984173089890999 1.154799415489959 1.7251246868641603 0.5171279226614678 0.09730937315600377  738533.5954981262
-0.3984183711015328 1.1548012977123618 1.7199300035305487 0.5200318893383791 0.09576628482473813  738533.5954983075
-0.3984183619610746 1.1548013137800035 1.7094518415771418 0.5257058848817906 0.09261271445067847  738533.5954984769
-0.3984183573897591 1.1548013067219727 1.7041717387799766 0.5283973464407096 0.09084609544333393  738533.595498655
-0.39841835674435494 1.1548012981195306 1.693538207164768 0.5329612652867022 0.08695790610484262  738533.5954988367
-0.3984183484541454 1.154801306527859 1.6957365728942047 0.40066873900197064 0.07670135222568854  738533.5954990212
-0.3996976335931156 1.1560838202800654 1.6934241364790223 0.39951918524765856 0.07462829145442611  738533.5954992058
-0.39969894839872705 1.1560851431040466 1.6853496007032216 0.4014378859127953 0.06936888362980252  738533.5954993801
-0.39969894493374014 1.1560851400118795 1.6812981218014518 0.402354619256633 0.06671761166468547  738533.5954995635
-0.39969894470224143 1.15608514363658 1.6731656395341084 0.4046570808883173 0.06173016542751434  738533.5954997444
-0.39969894016582325 1.1560851380570112 1.669079781789471 0.4063098781711199 0.059379282857116494  738533.5954999231
-0.39969893856890903 1.1560851475915241 1.6559120389898923 0.4636547982724913 0.09531912892980862  738533.5955001032
-0.3996989308694375 1.1560851409928166 1.6512307351684987 0.4665782681135844 0.09363093163257759  738533.5955002834
-0.4007112419208368 1.156114226220192 1.6422483532450856 0.4728734706860889 0.0915491752874075  738533.595500469
-0.40071228285093574 1.156114257061587 1.6326409154798047 0.4809666141671947 0.08862385352833825  738533.5955006536
-0.4007122767560038 1.1561142510385678 1.6277758480754096 0.48512847352876837 0.08699693535472491  738533.5955008394
-0.4007122768221874 1.1561142545213487 1.6179276012300654 0.49294287814360993 0.08331856025733324  738533.5955010175
-0.40071226976855895 1.1561142536813958 1.6129484324844232 0.49647258383371673 0.08111467298639037  738533.5955011882
-0.4007122720358295 1.1561142593541442 1.6069910624557386 0.46384942003036955 0.09589365624891101  738533.5955013691
-0.40179793911001044 1.1554850084367103 1.602239172573171 0.4662658615723259 0.09464465751207536  738533.5955015501
-0.4017990595620034 1.155484362623828 1.592810768171116 0.4702826725018355 0.08942498123066499  738533.5955017302
-0.4017990537573489 1.1554843585680692 1.5880683321384972 0.4720708710592375 0.08680626767319172  738533.5955019112
-0.4017990464549796 1.155484355131224 1.578055245264245 0.4756783673042166 0.08163294177411026  738533.5955020944
-0.4017990435594756 1.155484362269835 1.568446685595476 0.4795565444104144 0.07708498771087288  738533.5955022664
-0.40179904003938594 1.1554843612408254 1.559519904870443 0.5261250258912695 0.11562905336667102  738533.5955024472
-0.402745108166391 1.1548366234618588 1.5487661156099521 0.5307453496077089 0.1133579680695277  738533.5955026218
-0.40274607956610364 1.1548359568775586 1.543423516496253 0.5332267852270081 0.11152287558100855  738533.5955028039
-0.4027460824730499 1.1548359552788978 1.5326664657831304 0.5381545306325063 0.10763465053010056  738533.5955029841
-0.40274608021656655 1.1548359515119284 1.5272521896298046 0.5405015270512884 0.1054089748805435  738533.5955031626
-0.40274607993602457 1.1548359537173492 1.5163605461093663 0.5444032404085213 0.10041998674326548  738533.5955033468
-0.4027460732609426 1.154835955351261 1.5108880507219955 0.5459440997105464 0.09757825263527546  738533.5955035334
-0.4027460713318974 1.1548359479449275 1.508022027047736 0.4743532292668195 0.10055927493873462  738533.5955037172
-0.4029739873357655 1.1541017923013022 1.497945200103012 0.47582061281521426 0.09478576338363193  738533.5955038833
-0.40297421516609094 1.1541010376693293 1.4931722742248528 0.47590531989209256 0.09151552697580452  738533.5955040633
-0.4029742116087769 1.154101038826937 1.4836301655176343 0.4756933344113882 0.08526594183090389  738533.5955042439
-0.40297421152686846 1.1541010408056125 1.4788610673783644 0.47570120962241985 0.08221274764826784  738533.5955044281
-0.40297420646137877 1.1541010406791417 1.469321419945775 0.47614033050331384 0.07644088476429853  738533.5955046118
-0.40297420945939866 1.1541010372854885 1.4693214184070378 0.4762268290858146 0.07634416464922768  738533.5955047972
-0.40270760087334445 1.1533846945044357 1.4617422413354886 0.4073465347062948 0.08574787577271889  738533.595504983
-0.4027073200237205 1.1533839539312207 1.4535687989803703 0.4102744135938611 0.08020474391972954  738533.5955051566
-0.40270731919949415 1.1533839614582506 1.4494586046508455 0.41211732036939197 0.07729919498445594  738533.5955053263
-0.4027073130366612 1.1533839622171185 1.4411799711102624 0.41629791157739465 0.07140032251779432  738533.5955055067
-0.40270731135235066 1.1533839555234937 1.4370080545819537 0.418706624176136 0.06830832508110134  738533.5955056829
-0.4027073088424639 1.1533839583148033 1.4285904426029379 0.42389908565585505 0.062099867999399636  738533.595505858
-0.4023712949406094 1.153569887743828 1.41545355243039 0.5130499431111701 0.11306657595180329  738533.5955060383
-0.40237094053962535 1.1535700869810062 1.4051479579462751 0.518718732015464 0.10772886851521885  738533.5955062216
-0.40237094230602816 1.153570091864742 1.3999525692781307 0.5217052104321809 0.10504931951032896  738533.5955064
-0.402370938589456 1.1535700874577914 1.389475340963389 0.5276231246147155 0.09981502483918393  738533.5955065795
-0.4023709415330353 1.153570095515999 1.3841947263903192 0.5304998798221656 0.09707237495923043  738533.5955067534
-0.40237093306546584 1.1535700923068792 1.3735552146368073 0.5355986906730701 0.09135249194840304  738533.5955069291
-0.40237092710814476 1.1535700866902383 1.3790680011242924 0.4101453991654038 0.08838023984438713  738533.5955071113
-0.4023709259987005 1.1535700953558927 1.3708541328681765 0.41350770430568945 0.08137458741786104  738533.5955072968
-0.4017003838169387 1.1548420980290086 1.367487787182245 0.41378387453329024 0.075993310025635  738533.5955074625
-0.4016996889966016 1.1548434027025842 1.3587806365755588 0.4158571327785482 0.06780388794387583  738533.5955076487
-0.4016996778731013 1.1548434125624867 1.3504462958353203 0.41808449263154873 0.05990846853222394  738533.5955078204
-0.4016996819411504 1.154843411003385 1.3462605449877771 0.41958433435136255 0.05598669894557708  738533.5955079941
-0.40169966725926387 1.154843407645582 1.3378360312563184 0.4237071496529616 0.048541389987642694  738533.5955081794
-0.4016996711025949 1.1548434136175578 1.3234997755150621 0.523564964668046 0.10326235466784255  738533.5955083647
-0.400788797901989 1.1559358939874553 1.3134333501374562 0.5290406600277637 0.09647665013798944  738533.5955085399
-0.40078786330790284 1.1559370203650807 1.3081114956075441 0.5327163719245169 0.09369065309239674  738533.5955087199
-0.40078786173186953 1.1559370227200765 1.2973535559180844 0.540420888291381 0.0879179487007155  738533.5955088974
-0.40078785947091816 1.1559370247217846 1.2864490446032795 0.547587220966545 0.0814551151381014  738533.595509081
-0.40078785006831424 1.155937031972482 1.2809489486176482 0.5506385103748982 0.07765492608373714  738533.5955092541
-0.40078784992169386 1.1559370259298205 1.2822381449769962 0.4251804542430512 0.07970728937496983  738533.5955094348
-0.39948051641873633 1.1569064195589223 1.278125177414851 0.42639086628549855 0.07278741187132416  738533.5955096207
-0.3994791669931799 1.156907419734243 1.2695706821222048 0.427583287219882 0.06309952595650817  738533.5955098053
-0.39947916762139674 1.1569074222605185 1.265287728625703 0.4278248774230744 0.058169593673015156  738533.5955099829
-0.3994791644679184 1.1569074251791536 1.256714666121564 0.4284832567883402 0.04861337706568072  738533.5955101597
-0.3994791519759179 1.1569074220595403 1.2524206272652418 0.42926565744290585 0.04388158134182007  738533.5955103416
-0.3994791565992298 1.15690742785298 1.2383218703291226 0.4908312538550919 0.07332128941040168  738533.5955105114
-0.39947915652349736 1.1569074238094108 1.2333974992774177 0.4931068851596729 0.06946600254003958  738533.595510688
-0.398274234956065 1.1573108799413308 1.223178077055319 0.49951892246454344 0.06015315589020465  738533.5955108715
-0.3982729909330463 1.1573112958378786 1.213119208226628 0.5064788110586895 0.052664519558045984  738533.5955110511
-0.3982729899013017 1.157311297868574 1.2080386451553473 0.5099513631127487 0.048732207514025135  738533.5955112277
-0.3982729853456948 1.1573112994922745 1.197782174312305 0.5160687034874295 0.04018302811730257  738533.595511405
-0.3982729912489226 1.1573113016753036 1.1926129320497003 0.5185292863769955 0.03573821103304209  738533.5955115812
-0.3982729870567631 1.1573113004089655 1.1847360839255563 0.49815005528222617 0.06967757853473765  738533.5955117651
-0.3982729892505423 1.1573112989466465 1.1797513185433477 0.4994243861592828 0.06501504090453719  738533.5955119352
-0.3966997196327687 1.1571383276791731 1.1687647001402675 0.5026386621842628 0.053889393704954686  738533.5955121113
-0.3966980935680855 1.1571381464091648 1.163751863117239 0.5033585511494975 0.04926261629361278  738533.5955122977
-0.3966980941829443 1.1571381451081089 1.153708563439196 0.5047753568840971 0.04062015306597131  738533.5955124788
-0.39669809236665826 1.1571381422569296 1.1486757355447463 0.5057025205507669 0.03623164676742496  738533.5955126755
-0.39669808897059294 1.1571381531255935 1.1395221929652137 0.49751068385946706 0.06068960318169363  738533.5955128366
-0.39528420776088324 1.1575000077715116 1.12912861787893 0.5011927455074391 0.050595574405449144  738533.5955130216
-0.39528274692256715 1.1575003823768444 1.1241371892254015 0.5028142400634358 0.04648230462132923  738533.5955131941
-0.3952827474810371 1.1575003848162895 1.113605041530224 0.5061692425970326 0.03772446564018955  738533.5955133667
-0.3952827498065908 1.1575003873892449 1.1085660774456212 0.5077278216687424 0.03333479535153995  738533.5955135458
-0.39528274941375324 1.1575003841649967 1.0984440912389706 0.5106179858249317 0.02392296947895041  738533.5955137257
-0.3952827502767927 1.1575003776157393 1.0984440861992757 0.5107099609992694 0.022920982864926397  738533.595513908
-0.3952827486178483 1.1575003884323591 1.0897286119269112 0.4982089140769155 0.05719621644396532  738533.5955140922
-0.39528274965430504 1.1575003800267192 1.0847722421985628 0.4992647627368786 0.0525880339488299  738533.5955142715
-0.3941593264545834 1.1581820950041217 1.0747862571050766 0.5013056890273575 0.04098817529285523  738533.5955144473
-0.39415817579882123 1.1581827897487385 1.069799802563785 0.5022131141617676 0.03639330466969127  738533.5955146196
-0.3941581762652518 1.1581827917882723 1.0597999357098482 0.5040004911956213 0.02720644581474981  738533.5955147909
-0.39415817592433317 1.1581827937484728 1.0497642228426012 0.5058614850344088 0.01796469749574729  738533.5955149867
-0.39415818171320594 1.1581827865459562 1.0399662923545647 0.5659442865006402 0.06441965706430221  738533.5955151508
-0.39415817971953027 1.158182786597089 1.028694299834401 0.5678780861956154 0.05585513400629747  738533.5955153354
-0.39337853938606765 1.1592702090802052 1.0235196991658824 0.5682031505974375 0.0490306458425256  738533.5955155113
-0.39337774643116097 1.1592713331622881 1.0121899861430954 0.5699212157283667 0.03979163275532481  738533.5955156833
-0.3933777450661579 1.1592713344648142 1.0065125616960835 0.5705808257965511 0.035027735191684534  738533.5955158629
-0.3933777468676014 1.1592713307105627 0.9951407895513541 0.571305527371357 0.02486582966362418  738533.5955160371
-0.3933777511771683 1.1592713352002437 0.9894508571303109 0.5712622653160079 0.019597127072551325  738533.5955162157
-0.3933777511786874 1.1592713249206927 0.9905444315091744 0.4448648943404228 0.03351391671231381  738533.5955164005
-0.3933777583834807 1.159271329957387 0.9861206418684578 0.4441102275420983 0.028139596345993785  738533.5955165814
-0.3925635788471702 1.1601019473131116 0.9775340450515412 0.4417653340055804 0.014956550245193356  738533.5955167587
-0.3925627411663192 1.1601027927384127 0.9731385276820003 0.440610099314818 0.00956694481875678  738533.5955169379
-0.3925627522785622 1.160102799509341 0.9643802586587319 0.4386204357223828 -0.0012890056083143739  738533.5955171214
-0.39256275274858576 1.1601027976271578 0.9556552078902787 0.4375671048882252 -0.012046167813236223  738533.5955172974
-0.3925627464014326 1.1601027977876577 0.9423794907066126 0.5491163948231925 0.046697678234761696  738533.5955174672
-0.39210137848598775 1.1604952486308506 0.9314900019204146 0.5502518115760964 0.03605992796005252  738533.5955176476
-0.39210090881509213 1.1604956540960654 0.9259996104585353 0.5513604225736302 0.03142810307215929  738533.5955178222
-0.3921009106427862 1.1604956505838433 0.9149782541341875 0.5542718819374639 0.021441117466621723  738533.5955179984
-0.392100916125749 1.1604956425384145 0.9094452274760683 0.5557103973701278 0.01618578256643544  738533.595518175
-0.39210092346651393 1.1604956486893678 0.8983402856173833 0.557887841460159 0.004369614094711975  738533.5955183608
-0.3921009230945974 1.1604956494559715 0.8927746297008834 0.5583464575345405 -0.0019172947150274983  738533.5955185373
-0.39210092861799967 1.1604956393443586 0.8945249445577362 0.42894461884653184 0.015879791940583657  738533.5955187096
-0.3921009273117599 1.1604956456328697 0.8902534072352319 0.4279336830272071 0.009364690089549594  738533.5955188827
-0.39200147138500024 1.1612105693358963 0.8818553409215895 0.4240473867775393 -0.005598927120816462  738533.5955190547
-0.3920013689415439 1.1612113054475572 0.8776276576194151 0.4223135333323837 -0.011859118448351512  738533.5955192304
-0.3920013726573058 1.1612113028570232 0.8692194485604618 0.41939641195161825 -0.02406650187659444  738533.5955194057
-0.3920013903609927 1.16121129929656 0.8650345728292865 0.4184815140694673 -0.02976450085211531  738533.5955195901
-0.392001388947371 1.1612112966479455 0.8527797581322489 0.46678728846392564 0.029136841014066817  738533.595519774
-0.39200138842126114 1.1612112952392832 0.8434345952437132 0.46891131180142215 0.01905919956532872  738533.5955199591
-0.3919338227134743 1.162481409759599 0.8397437077568323 0.46936575093317756 0.012144044541083835  738533.5955201407
-0.3919337562774784 1.1624827188653295 0.8302857714905763 0.474323269745506 0.000960383497309262  738533.5955203135
-0.3919337595753665 1.1624827125932118 0.8255162889790526 0.47705636643851795 -0.004942816245892746  738533.5955204897
-0.3919337708473684 1.162482714688381 0.8158971120386805 0.48236180526610656 -0.018239288138239284  738533.5955206708
-0.39193377554574066 1.1624827114513436 0.8110503180284864 0.4846172125612423 -0.025214385407886314  738533.5955208521
-0.3919337692035586 1.162482703234138 0.8028869831560755 0.47274758170129727 0.006138011639971066  738533.5955210305
-0.3919537366200113 1.163906545919835 0.7993190141776326 0.4722863152792949 -0.002461000665154125  738533.5955212102
-0.3919537629980798 1.1639080057365412 0.7897986193306666 0.47393848768940083 -0.015417871602571126  738533.5955213865
-0.3919537611241093 1.1639080054680384 0.7802484151402269 0.475093375932534 -0.02739705752674666  738533.5955215686
-0.3919537736686672 1.1639080003298259 0.7754639730544798 0.4757238148103711 -0.03288499407494747  738533.5955217546
-0.39195377466197806 1.1639079968872643 0.7658707415518038 0.47759876317503286 -0.043906371982204664  738533.5955219386
-0.3919537818116783 1.1639079995562103 0.7561105228001086 0.5413295853026582 0.02417621878130103  738533.595522124
-0.3919537875981408 1.163907996416543 0.745189105463229 0.5447955636243031 0.014585632908449726  738533.5955223064
-0.39194022627873437 1.1646926409029288 0.7403320763239866 0.5459808213202401 0.008305824497065229  738533.595522483
-0.3919402256883061 1.1646934414777705 0.729286143387944 0.550599840188029 -0.0028972482744120762  738533.5955226561
-0.391940221457923 1.1646934409035516 0.7237276555027956 0.5529362832021807 -0.008803432002225806  738533.5955228293
-0.3919402336500046 1.1646934344548519 0.7125432186537335 0.5572222991929179 -0.022158619732319692  738533.5955230056
-0.3919402351306897 1.1646934347813138 0.7069211116180445 0.5589894086757237 -0.029201818585865576  738533.595523196
-0.39194024464375204 1.1646934266874225 0.7077611465793477 0.44133682666014423 0.009976916215230303  738533.5955233704
-0.39122710215359724 1.1639261482615517 0.6977986794862985 0.4440939925591929 -0.004600806741837008  738533.5955235542
-0.3912263796200938 1.1639253542424244 0.693329239371889 0.4442886553173694 -0.011422399482606805  738533.5955237304
-0.3912263786019098 1.1639253548706072 0.6843913018385572 0.4441820599422563 -0.025046537949548982  738533.5955239024
-0.3912263849866609 1.1639253384309327 0.6799231471698104 0.44418346527552743 -0.03140514319923732  738533.5955240726
-0.39122639086255523 1.1639253449971512 0.6709820185140276 0.44482133219313746 -0.04413177521103559  738533.5955242533
-0.39122639656688984 1.163925339810913 0.657044105717322 0.5651930091815442 0.02983290341794707  738533.5955244345
-0.3897261999374421 1.162119580640141 0.6427518986410922 0.5716612294087056 0.01856099261684554  738533.59552461
-0.3897246530070596 1.162117706949028 0.6370324350543228 0.5737075255323252 0.013516904536557808  738533.5955247852
-0.3897246611691574 1.1621177048555584 0.6255318028343825 0.5784548561454104 0.002338359934412066  738533.5955249683
-0.38972467141545036 1.1621176973115823 0.613937109975235 0.5830830029200025 -0.01031279378849498  738533.5955251543
-0.3897246679056575 1.1621176972813105 0.6081081669219288 0.5849359011489207 -0.017179827949592823  738533.5955253403
-0.3897246710310869 1.1621176895543321 0.5964064033574513 0.5870942118260729 -0.0330831228111092  738533.5955255112
-0.3897246792783234 1.1621176844884087 0.59861889944466 0.5074636138826281 0.03148124798174608  738533.5955256838
-0.38931070996784845 1.1616238708362225 0.5878549672659055 0.5073093208819538 0.015447499162978624  738533.5955258633
-0.38931028395110584 1.1616233585009206 0.5828062495913833 0.5061026317728855 0.007424330808994187  738533.595526044
-0.38931028528455996 1.1616233497600756 0.5727530579486031 0.5029829373240077 -0.009305290365449937  738533.5955262219
-0.3893103005218751 1.1616233400794707 0.5677499820299168 0.5014445862448579 -0.01735135253716643  738533.5955264053
-0.3893103011298141 1.1616233381312604 0.5577859480511071 0.4990167470810236 -0.033731647748891466  738533.5955265801
-0.3893103015328981 1.1616233334670054 0.5530091316346344 0.4958899956824221 0.04056423652899696  738533.5955267508
-0.38965925855710715 1.163025165007775 0.5444714321734445 0.49371032123501063 0.02476036530150336  738533.5955269346
-0.3896596196754726 1.163026600698227 0.5395366517916114 0.49404756463502986 0.018195510319401243  738533.5955271102
-0.38965962105271007 1.1630266003296499 0.5296492122680991 0.49532453060529813 0.004183509310761551  738533.59552729
-0.38965962915427305 1.163026598504589 0.5197321831052208 0.49693396784125526 -0.010860594855158666  738533.5955274681
-0.38965962961432515 1.163026590993396 0.5147618303541932 0.4976838299369584 -0.01866116150786009  738533.5955276439
-0.3896596292892727 1.1630265908711999 0.5048012234929158 0.4988213711673815 -0.03601686528350688  738533.5955278212
-0.3902616056690085 1.1649942172745138 0.5072216935654383 0.4416692877232542 0.03647093649869196  738533.5955279962
-0.3902622277452404 1.164996233849389 0.4983363875033437 0.4419788703210433 0.02044784975551597  738533.5955281686
-0.39026222828632795 1.1649962380474679 0.4938910891578246 0.4420198938931304 0.012540947556111778  738533.5955283388
-0.3902622393668532 1.1649962369510396 0.4849977617601219 0.4422962380804646 -0.003725131356411184  738533.595528509
-0.39026223637551305 1.1649962256779263 0.4805475116914523 0.44266477357991224 -0.011637997470758213  738533.5955286855
-0.39026224179625607 1.1649962275820662 0.4716290077522117 0.4441996379162088 -0.02800235630734475  738533.5955288698
-0.3902622483953894 1.164996223895506 0.4581637548155992 0.5587555199646661 0.09400610050643796  738533.5955290511
-0.39026225136609527 1.1649962249484873 0.44690264423822107 0.5621957353083576 0.08295540367158319  738533.5955292281
-0.3910054679378822 1.166763818195862 0.44309648206193836 0.5617712442556958 0.07411749527859252  738533.5955294011
-0.3910062354727482 1.166765636887436 0.43171155912959547 0.5664573290891995 0.061508024789905615  738533.5955295768
-0.3910062432317978 1.1667656380405125 0.42598343367120106 0.5686956084240581 0.0547496993135155  738533.5955297571
-0.39100623841111704 1.166765625029363 0.41446689419149296 0.572287563921974 0.03851658308937904  738533.5955299365
-0.39100624828763164 1.1667656297674802 0.4086860424140877 0.5734408440575053 0.02937108614133303  738533.5955301098
-0.39100625141850975 1.1667656220120795 0.41008426377488505 0.44419448961574115 0.07908209670753492  738533.5955302953
-0.39130663529438386 1.1672916696798872 0.4012547512395338 0.4421147113691485 0.0572010286003231  738533.595530477
-0.391306951825103 1.1672922101790437 0.3967782768536729 0.44098512997071215 0.046890011753795924  738533.5955306621
-0.3913069576530136 1.1672922046434049 0.3878613622128076 0.43840794363730723 0.025666606175874664  738533.595530839
-0.39130696011383304 1.1672922030189665 0.38342157843639824 0.4373154427796813 0.015325059803913027  738533.5955310104
-0.39130695459124654 1.1672922006440702 0.37456775746596105 0.43618576270357745 -0.005576697938357713  738533.5955311864
-0.39130696218688776 1.167292204772783 0.3613604590731751 0.5467211005488677 0.1818887158377279  738533.5955313677
-0.3912773568529497 1.1668919187778286 0.3499651661633476 0.5487518474217318 0.17485038175411532  738533.5955315551
-0.39127733348571786 1.1668914983032983 0.34441362506596507 0.5503275610384277 0.1705699753094051  738533.5955317303
-0.3912773258782381 1.1668914903399226 0.3332550907006126 0.5544326680001402 0.16039496250417445  738533.5955319157
-0.3912773290788264 1.1668914925264855 0.3220135607020444 0.5586044740660677 0.14673210673503373  738533.5955320961
-0.3912773353831878 1.1668914927214502 0.3163650144102531 0.5602831815325932 0.13814748966297605  738533.5955322676
-0.3912773342474671 1.1668914886235968 0.30503327451435935 0.5620500335061915 0.11551474650709742  738533.5955324539
-0.3908023063100491 1.1661895533998436 0.30588349976795126 0.49112338974369435 0.19246835751853267  738533.5955326321
-0.39080181384150786 1.1661888276088546 0.29599772391557466 0.4894220990029566 0.16631506365395746  738533.5955328073
-0.3908018236544833 1.1661888258036914 0.2910730250059361 0.48798609202348325 0.15218545177665796  738533.5955329903
-0.390801820527573 1.1661888234942344 0.28127341391554284 0.48454959820536514 0.12214292224707249  738533.5955331739
-0.3908018190889384 1.166188819381022 0.276398926941025 0.48298055596318257 0.10714631444975181  738533.5955333499
-0.39080182180580175 1.1661888191619132 0.2666915489405838 0.4807107310738277 0.0765481788848451  738533.5955335277
-0.39080182215815185 1.1661888108779 0.2579575812827566 0.46913571165759566 0.2395869217483792  738533.5955337066
-0.3908018226750704 1.166188817020977 0.25322914121972473 0.469672358667293 0.2309500557959098  738533.5955338768
-0.3908774302032973 1.1660638017612308 0.2484531411269553 0.47068867262202396 0.22402217190414841  738533.5955340533
-0.39087751171421786 1.1660636717381887 0.23894780804959181 0.47360659148179307 0.20469291199122186  738533.5955342378
-0.3908775113817685 1.1660636701387836 0.22937880507596464 0.4772012746626552 0.18170793108976696  738533.5955344186
-0.39087750678623 1.1660636605057582 0.2245679132502282 0.47905840209610273 0.16839953826986814  738533.5955345978
-0.39087750213425126 1.1660636640396107 0.21489482870366314 0.4824127590492734 0.1362876175152779  738533.5955347779
-0.3908775108670565 1.1660636588502467 0.2109882336120174 0.4736183519402879 0.3131831515083508  738533.5955349538
-0.3912893846505828 1.167223498027668 0.2025496449212822 0.47461898170583533 0.27833638015074497  738533.5955351382
-0.391289797621607 1.1672246947348632 0.19775498419229545 0.47580539328253 0.26503811677560163  738533.5955353137
-0.3912898012866825 1.1672246882218587 0.18812883427901378 0.4782408281951453 0.2359752713061957  738533.5955354905
-0.391289804264831 1.1672246878799228 0.18329705327119603 0.4796319034356651 0.22082873954663285  738533.5955356708
-0.39128980122625173 1.1672246839275977 0.1735901195859483 0.4827919802439475 0.18858819883928155  738533.595535845
-0.3912898044337968 1.16722468376168 0.16927331634460624 0.47640589759064184 0.4803398859420478  738533.59553602
-0.39128980243564543 1.16722468139846 0.15914202843222378 0.4804249232364029 0.4825058971255649  738533.5955362035
-0.3922975491924666 1.1698950911411388 0.1519604953446206 0.48185995045129315 0.4405591644152813  738533.595536383
-0.39229858127376505 1.1698978350785503 0.14705755842274462 0.4842746228169138 0.44140898390785505  738533.5955365545
-0.39229857949152797 1.169897841325588 0.13717654804008117 0.4890800763299064 0.44383896971490483  738533.5955367394
-0.39229858311314925 1.1698978383747045 0.13220125434704735 0.4914762851993347 0.4452889603731598  738533.5955369157
-0.39229858369070714 1.1698978429940503 0.12218304679383066 0.49596918826789943 0.4469594098243558  738533.5955370953
-0.39331742489865545 1.172509882020311 0.1212710321634352 0.4759829259788515 0.8795431644023342  738533.5955372741
-0.393318475230161 1.1725125666539247 0.11151755912364697 0.4785751589188697 0.957467957044629  738533.5955374493
-0.3933184762903312 1.1725125688152838 0.10662240122565197 0.4797344323342552 1.005427571782837  738533.5955376232
-0.3933184760541053 1.1725125665243146 0.09680346309927876 0.48175564446927105 1.1264686505314567  738533.5955378086
-0.39331847439910145 1.172512568737775 0.09188094547236533 0.48272347044931996 1.2037931667949202  738533.5955379851
-0.3933184750143749 1.1725125666319853 0.08201312193899914 0.4843856513292057 1.404381346828655  738533.5955381609
-0.3933184723747188 1.1725125616378211 0.07323225338691668 0.46326610700279214 2.739692546481884  738533.595538336
-0.3945326331444467 1.17562749323579 0.0710696610418684 0.4628826192036678 2.7148763739090653  738533.5955385204
-0.3945338725725708 1.1756306964644108 0.06162015849811907 0.45634721131999234 3.4725133873220027  738533.5955387066
-0.39453387490285396 1.1756307001859816 0.05695900516411234 0.4513485812967418 3.9921664789959075  738533.5955388864
-0.39453387314102983 1.1756307034560776 0.04785071086848834 -0.533398786383449 -0.6801177437974638  738533.5955557126
