-0.518198660541678 -0.03770915106428528 5.72999999999994 
-0.518198660541678 -0.03770915106428528 5.72999999999994 
-0.6146181455125934 -0.046963844322588225 5.74999999999994 
-0.6520709932177785 -0.048671970543071034 5.774999999999939 
-0.6747626729241681 -0.049490258490047595 5.789999999999939 
-0.6773661043603507 -0.04597954713616933 5.814999999999938 
-0.6671305325806556 -0.051907073069857736 5.834999999999938 
-0.671168958608524 -0.048595078932061664 5.8499999999999375 
-0.6589830577113601 -0.04951913667658517 5.874999999999937 
-0.6686081756087557 -0.046796555909512566 5.889999999999937 
-0.6572586533733509 -0.04844365209224318 5.914999999999936 
-0.6612279110600608 -0.04727671320976672 5.934999999999936 
-0.6525636988243083 -0.049679960239294094 5.954999999999935 
-0.6423248955498686 -0.048789785344667234 5.974999999999935 
-0.6409736093321361 -0.04813113721610313 5.994999999999934 
-0.6370010955551961 -0.049183148392477366 6.014999999999934 
-0.6427323453552172 -0.04634346932431257 6.0349999999999335 
-0.6352655176423291 -0.05283669446507652 6.049999999999933 
-0.6247618058078174 -0.05067141129668055 6.069999999999933 
-0.6369107304749589 -0.0500720379218307 6.089999999999932 
-0.6510792322400862 -0.053614200651002517 6.109999999999932 
-0.6454230307761261 -0.05143738107621919 6.134999999999931 
-0.6409907737412398 -0.052224553219520464 6.154999999999931 
-0.6557942574176685 -0.04775548317362671 6.169999999999931 
-0.6501789466976812 -0.05579932556730427 6.18999999999993 
-0.6475982676343232 -0.05204242939583751 6.20999999999993 
-0.6477839417984627 -0.05217052136521713 6.234999999999929 
-0.6520362248831433 -0.05878717477828033 6.254999999999929 
-0.6629203613164479 -0.055132116288336176 6.274999999999928 
-0.6657743537050917 -0.0529991099422865 6.289999999999928 
-0.6641285364856646 -0.05658401191675071 6.314999999999928 
-0.6725711608244348 -0.05678356870505657 6.334999999999927 
-0.6810250970809554 -0.060072840988494976 6.354999999999927 
-0.6717837339622175 -0.06081098961421918 6.374999999999926 
-0.6801855017244752 -0.061343923007210956 6.394999999999926 
-0.684550858799401 -0.06093786966557915 6.414999999999925 
-0.7031197497744108 -0.05331851199389453 6.429999999999925 
-0.6942752538200542 -0.056825565160680526 6.454999999999925 
-0.6895904903054287 -0.058910007857406264 6.474999999999924 
-0.6916894788604157 -0.05441764467189656 6.489999999999924 
-0.6928025005837721 -0.06227130437370724 6.509999999999923 
-0.6962364107188783 -0.05633067570075527 6.534999999999923 
-0.6944511997184692 -0.06154118100391952 6.5549999999999224 
-0.6939578742834002 -0.055336105516968014 6.574999999999922 
-0.6856341773095278 -0.0584190455275366 6.594999999999922 
-0.6932016064961738 -0.060332157843449266 6.614999999999921 
-0.7006686625643064 -0.05617122124596389 6.634999999999921 
-0.695412553656538 -0.058021625103001205 6.65499999999992 
-0.6964973197684482 -0.05409212450719676 6.66999999999992 
-0.6990148207938911 -0.05973793432972992 6.68999999999992 
-0.7017608041634753 -0.05765296982881663 6.714999999999919 
-0.6933870361319852 -0.053764511927133864 6.734999999999919 
-0.6911809211126356 -0.06288958156536884 6.754999999999918 
-0.6947090977823285 -0.06051975570117724 6.774999999999918 
-0.6989749019340735 -0.06021122653260874 6.794999999999917 
-0.7021053375603965 -0.05635997196299433 6.814999999999917 
-0.693726592476881 -0.06606066274918254 6.829999999999917 
-0.6980964017445291 -0.06500327640520301 6.854999999999916 
-0.6924552137626176 -0.058330691323097095 6.874999999999916 
-0.6909898872276471 -0.06370621559899636 6.894999999999915 
-0.6987948090247885 -0.06007594997719249 6.914999999999915 
-0.6990802291314271 -0.06391638924367293 6.934999999999914 
-0.6928403676081594 -0.06518639985122046 6.954999999999914 
-0.6947274061292935 -0.06305589644898245 6.9749999999999135 
-0.6946721651749712 -0.06297711406585137 6.994999999999913 
-0.6897846636341181 -0.06270623851353173 7.014999999999913 
-0.6945484907111408 -0.06396475178490758 7.034999999999912 
-0.6900797328190281 -0.05967615358891346 7.054999999999912 
-0.6867683720528022 -0.06383750039193764 7.0699999999999115 
-0.6899064090990469 -0.061023659949765725 7.094999999999911 
-0.6891981104623759 -0.068622305050423 7.1149999999999105 
-0.6879013396628304 -0.058134189920234114 7.13499999999991 
-0.7027413445492585 -0.054229144881369935 7.14999999999991 
-0.6961042592960739 -0.06156820683836061 7.169999999999909 
-0.6972995037989398 -0.06218532542097431 7.194999999999909 
-0.6997101507006772 -0.0606700260855308 7.2099999999999085 
-0.6965906384674124 -0.05752872066078593 7.234999999999908 
-0.6893074708152083 -0.050654012062507796 7.2549999999999075 
-0.6929916390958493 -0.05339126304449326 7.274999999999907 
-0.7012251295792779 -0.05448368970849439 7.294999999999907 
-0.7024005574993964 -0.05504904158632476 7.314999999999906 
-0.7033788943040346 -0.03556852569644285 7.329999999999906 
-0.7004008485873069 -0.0369177223387447 7.354999999999905 
-0.6950152542057041 -0.049141477153041006 7.374999999999905 
-0.7046808928385879 -0.04501923627120337 7.3949999999999045 
-0.6877570912624014 -0.03142756299588841 7.409999999999904 
-0.6900098476755767 -0.036809847207395656 7.434999999999904 
-0.6901467477769324 -0.02755390555318854 7.449999999999903 
-0.6936260728040847 -0.027803236645045665 7.474999999999903 
-0.6922288892536116 -0.026966377234955163 7.494999999999902 
-0.6901554677268597 -0.017734491500113726 7.514999999999902 
-0.6890325060988487 -0.025339855192142463 7.5349999999999016 
-0.6861638841709645 -0.02210606309735696 7.549999999999901 
-0.6815661235127521 -0.020617003031226787 7.569999999999901 
-0.6901775660916087 -0.01124460784482696 7.5949999999999 
-0.689263320330295 -0.014495548702291498 7.6149999999999 
-0.6992070532740106 -0.007049948469839119 7.634999999999899 
-0.7014656694717503 -0.010443016669400132 7.649999999999899 
-0.701830757048278 0.0004379797526240566 7.674999999999899 
-0.6945741966589031 -0.009237536041160043 7.694999999999898 
-0.7005446600609868 0.0006957742944836524 7.714999999999898 
-0.6944383860796189 -0.009326836456541327 7.729999999999897 
-0.6994165103939654 0.0032226509413330086 7.754999999999897 
-0.6998311986447208 0.0040150107612281416 7.774999999999896 
-0.6927708008004227 0.005055978687204278 7.789999999999896 
-0.7004916876200732 0.010809080279573592 7.809999999999896 
-0.6951181590578409 0.008314998694056623 7.834999999999895 
-0.6987081513695809 0.011379589239167123 7.854999999999895 
-0.7048189406403813 0.02102147714468667 7.874999999999894 
-0.7005550352084841 0.01617016061553707 7.894999999999894 
-0.6954323958827091 0.02130100870826508 7.9149999999998935 
-0.6962139667907776 0.012584561037076163 7.934999999999893 
-0.699644657899566 0.015636469037739135 7.954999999999893 
-0.6932134627306065 0.019824144645276744 7.974999999999892 
-0.6988063264107655 0.025479664623997242 7.994999999999892 
-0.6964482671162804 0.028358745314262915 8.009999999999893 
-0.6938868062801328 0.025192720607172054 8.034999999999894 
-0.6895267144711671 0.028522391668143608 8.054999999999893 
-0.6872647480654606 0.03284909242689178 8.074999999999893 
-0.6945794013250246 0.03187716033623516 8.094999999999892 
-0.6895856868112926 0.03326587446380765 8.114999999999892 
-0.6924883457540106 0.048137186806648906 8.129999999999892 
-0.6893880087566977 0.04671011714309429 8.154999999999893 
-0.6940046134704819 0.028188371940229714 8.169999999999893 
-0.6928675851406484 0.03561147409929757 8.194999999999894 
-0.6926269984378919 0.04055164759821818 8.214999999999893 
-0.698038497136663 0.0523066281673098 8.234999999999895 
-0.699630940840273 0.04869012955455935 8.254999999999894 
-0.6999912814616154 0.0500502664471403 8.269999999999895 
-0.6985055357942269 0.04543594176000769 8.294999999999895 
-0.7003310224757838 0.055085071455535456 8.314999999999895 
-0.7060059230617474 0.04602051814852054 8.334999999999894 
-0.7162110852264223 0.057675197781016804 8.349999999999895 
-0.72026449352707 0.06532764394581583 8.369999999999896 
-0.7186991203669659 0.0486282514796174 8.394999999999897 
-0.7159067756730937 0.05213731037411712 8.409999999999897 
-0.7217967859998351 0.060447206905180906 8.434999999999897 
-0.71385630119542 0.049832395035771186 8.449999999999898 
-0.7153861495966217 0.05702483978820716 8.474999999999898 
-0.7207769434042254 0.04971236244739248 8.494999999999898 
-0.7192824741758403 0.04557255847609521 8.509999999999899 
-0.7091147893840264 0.04373573737679598 8.534999999999899 
-0.7161498137947298 0.04633610779441277 8.554999999999898 
-0.7143504037794115 0.05564848211366122 8.574999999999898 
-0.7126795092188668 0.05834774887039745 8.589999999999899 
-0.710053849744995 0.03394054898253539 8.614999999999899 
-0.7029210205654615 0.03813431667375863 8.634999999999899 
-0.7045727331053784 0.03064453135482554 8.649999999999899 
-0.7079488827182812 0.0387955606674555 8.6749999999999 
-0.7129766329538373 0.0452604347569551 8.6899999999999 
-0.7128653995547338 0.0232771117697269 8.7149999999999 
-0.7101744594827061 0.01102682556167482 8.734999999999902 
-0.7157513656737707 0.0038067916742442285 8.749999999999902 
-0.7154994079675496 0.008398478170266625 8.769999999999904 
-0.7192467561586966 -0.013881107816081904 8.794999999999904 
-0.7146183334704191 -0.021778130903673174 8.814999999999904 
-0.7177878289171262 -0.01867726320906995 8.834999999999903 
-0.7186678592345913 -0.014484769527504925 8.854999999999903 
-0.718154618492256 -0.03822105221978155 8.874999999999902 
-0.7197231397044267 -0.03617205152695053 8.894999999999902 
-0.7183484868601872 -0.04137558738908371 8.914999999999901 
-0.7172945129945817 -0.060553912870529275 8.934999999999901 
-0.7154018806098137 -0.06561937234716389 8.9549999999999 
-0.7152448457782771 -0.05727141403918793 8.974999999999902 
-0.7106233256518201 -0.09797665833034097 8.994999999999902 
-0.7080470558528732 -0.1410447823486587 9.009999999999902 
-0.7094434065311063 -0.14683508923945363 9.034999999999902 
-0.7123633435762355 -0.15021826487690854 9.054999999999902 
-0.71247884712944 -0.19262290980377103 9.069999999999903 
-0.7097094759354002 -0.2448428928907407 9.094999999999903 
-0.7099337654431747 -0.2396718968776084 9.114999999999903 
-0.7127982330546603 -0.2786056434398741 9.134999999999902 
-0.7058060626060173 -0.36908571613523433 9.154999999999902 
-0.7076876733918183 -0.4064313469152635 9.174999999999901 
-0.6955842987627778 -0.5810192189124394 9.1949999999999 
-0.6985015722800323 -0.6449905873366352 9.2149999999999 
-0.6948695215302729 -0.7117886304135026 9.234999999999902 
-0.6916609995406734 -0.9740846280544235 9.254999999999903 
-0.6897473798947588 -1.1564699006653851 9.269999999999904 
-0.686667049484161 -1.4330740421075947 9.294999999999904 
-0.6773753190625476 -1.9551576087482425 9.309999999999905 
-0.6709709828919235 -2.675448301007998 9.329999999999904 
-0.6592192708160722 -3.9833569933635955 9.354999999999905 
