0.4964307777830335 0.9999999964053221 2.519148144668462 0.44933210878475455 0.1168305742696051  738532.6840078857
0.49640352058921616 1.0000000012048371 2.515007453272002 0.4461027305598742 0.10490777584735334  738532.6840080613
0.49239839946466324 1.0000000028468856 2.5102666517756878 0.44592508135093045 0.10228486747440413  738532.684008248
0.4886136998404772 1.0000000060580292 2.501395410392581 0.44662587321034874 0.09803989136970157  738532.6840084117
0.4848286073937175 0.99999999772356 2.496673388249561 0.4466014438695108 0.0952735787992604  738532.6840085945
0.4772305134571166 0.9999999994844523 2.4872055156453077 0.45093533685595083 0.09992898663463576  738532.6840087881
0.473367519940849 0.9999999951980784 2.4824444124871294 0.45204352301774636 0.0972906124110509  738532.6840089539
0.46942564498709893 1.0000000021115452 2.4788632882881476 0.40657842271048383 0.1050851618515036  738532.6840091364
0.4655173620613397 1.0000000006596372 2.470651720759746 0.41562988362744635 0.10119757483037554  738532.6840093288
0.46149416732248966 1.000000003144143 2.4661823581387186 0.42120312514685204 0.09903636352265753  738532.6840095037
0.4576968950273393 0.9999999985090836 2.4575990294362944 0.4355801343170665 0.09493758614149984  738532.684009688
0.4576670859678474 0.9999999972783484 2.4534297972811885 0.44116232715208803 0.08382305173977089  738532.6840098571
0.4499058781530697 0.9999999988872785 2.444513757170825 0.4538383848370173 0.1027925231075815  738532.6840100419
0.4460820870466082 1.0000000032116294 2.43967231366993 0.4630380429465771 0.10057500849709403  738532.6840102287
0.4460518976176726 1.0000000000796425 2.430653098536381 0.48028848299675103 0.08815538747058575  738532.6840103923
0.44205658112037954 1.0000000010231633 2.425500505297468 0.48991967370434913 0.08678971638922026  738532.6840105677
0.4385144723937195 1.0000000032443905 2.4154493053583934 0.5089578533780575 0.08285363542461678  738532.6840107477
0.43072015734859526 0.9999999991289051 2.409562556396337 0.520388835428869 0.09055456188561811  738532.6840109301
0.42672549591665165 0.9999999957552517 2.39890078382907 0.5389553637969593 0.08743296131821165  738532.6840111135
0.42269731219284795 0.9999999994400239 2.3872860606955526 0.5632718001700241 0.10130861500183948  738532.6840113
0.4226650839962384 1.000000007904384 2.3818040092877437 0.5702568997249733 0.09058060841786027  738532.6840114811
0.41878678622524923 0.9999999995256251 2.3701418935483765 0.5888031418276469 0.08771460419419781  738532.684011664
0.41458702867173547 0.9999999987857054 2.363929719784116 0.5980529271250595 0.08742208837292044  738532.6840118392
0.407266502183703 1.0000000063764145 2.3513668025727386 0.617844324997846 0.09312354274803993  738532.6840120275
0.4072047334650276 1.0000000030732277 2.3453318469010913 0.6245357089133473 0.0826627974684905  738532.6840121961
0.40309636887413064 1.0000000025786548 2.3335018235605802 0.6287849047935553 0.09820304212540439  738532.6840123731
0.39951844345073806 0.9999999993932809 2.3269740671485786 0.6362600644801001 0.0966005113557081  738532.6840125518
0.39541403200558023 1.0000000006849121 2.3140067518547753 0.6507311772523716 0.09447848166584219  738532.6840127285
0.39184054319500033 0.9999999977225172 2.300825783792724 0.6633635768792623 0.09083608187295006  738532.6840129063
0.38800410113940076 1.0000000055369418 2.2939532611102917 0.669043314815001 0.08973310177326826  738532.684013088
0.38033417501005407 1.0000000003153133 2.2794028112579108 0.6817673657283083 0.09593789256714741  738532.6840132627
0.3802691824550506 1.000000000097224 2.272726508061239 0.6849417892475215 0.08493373692404986  738532.6840134402
0.37647088567917436 0.9999999938854475 2.260640371962618 0.6764145499604521 0.09610029455724488  738532.6840136322
0.37257121880058364 0.999999997598056 2.2536703720348257 0.6805281841299629 0.09510358578738166  738532.6840137958
0.36853927148294585 1.0000000002973755 2.2399382028565795 0.6885310498091917 0.09229286280149132  738532.6840139794
0.36457494951515085 1.000000006524715 2.2328559951505564 0.6921480874420872 0.09144435387550331  738532.6840141639
0.3568686899182959 0.9999999989442546 2.218619644386273 0.7002889344771986 0.09802680397080157  738532.6840143603
0.35680338819529067 1.0000000007853955 2.2117493768847196 0.7019675866527415 0.0865987667083831  738532.6840145367
0.34906630125269106 1.0000000021960473 2.1982147862010577 0.6972055882120038 0.10967064585137097  738532.6840147218
0.3450484631572839 0.9999999986133323 2.1842122347929367 0.7019536708761496 0.1061316273584403  738532.6840148948
0.34501616306935884 1.0000000009468366 2.1773155131403374 0.702762686833822 0.09424959111896088  738532.6840150811
0.34102380559415857 0.9999999969598543 2.1631860506647365 0.7065473629765886 0.09075013816801673  738532.6840152536
0.3335422275513287 0.9999999981112399 2.155732884363337 0.7089780421709534 0.09892718766537478  738532.6840154289
0.3334789960473121 0.9999999939689821 2.1417716831644595 0.7108372027408272 0.08440174299872259  738532.6840156046
0.32590938940377684 1.0000000022703321 2.1342931321461887 0.7129299082587994 0.09281779625264358  738532.6840157823
0.3221012200551355 1.0000000033543177 2.1219493378135783 0.6957188073714364 0.1043567764785259  738532.6840159686
0.32182368086879193 0.9999999924199335 2.115086810686606 0.6957128852297817 0.09256910606694586  738532.6840161298
0.31836972594214613 0.9999999997869825 2.101164513259638 0.697334281280804 0.08714251836715944  738532.6840163096
0.31449150892620187 0.999999998817386 2.087188935193456 0.6986877235015664 0.08291119887853605  738532.6840165063
0.3104947867295296 1.0000000020197475 2.0800830626580082 0.6991190776154055 0.08160414362707066  738532.6840166721
0.30270715762011446 0.9999999971144936 2.065883867481821 0.7007943344882306 0.08829354717447305  738532.6840168681
0.3026412136166208 1.0000000014663557 2.060487855799714 0.6809801611031154 0.09377268830495808  738532.6840170509
0.29486626180078707 1.0000000009768948 2.0466761332685466 0.6822199267198995 0.10054689959206786  738532.6840172196
0.29087070700773054 0.9999999953084904 2.039769705807428 0.6822998447470919 0.09882350752156013  738532.6840174029
0.28702553242472617 1.0000000034303937 2.0261292561315836 0.6828271621844062 0.09401465414720285  738532.6840175923
0.2831849127957814 0.9999999963087517 2.019229992014061 0.6828973298436225 0.09173309422256395  738532.6840177587
0.2831543028950349 0.9999999994453235 2.005719362631569 0.6830713784157341 0.07578215033694631  738532.6840179425
0.2792203675319184 1.0000000036934904 1.985983275575139 0.7483378144788253 0.08798979016976133  738532.6840181168
0.2715032446811702 0.999999997160824 1.9783002826462737 0.7489879869772038 0.09752366916604335  738532.6840183012
0.2714379988310929 0.9999999958789779 1.9634348947994424 0.7496941782524289 0.08144242111385008  738532.6840184791
0.2673858488075626 1.000000002521297 1.9558664942515809 0.7500771438985829 0.08012004298695984  738532.6840186531
0.2638669309899237 0.9999999996071638 1.94086267157729 0.750730882081001 0.0743591293513546  738532.6840188394
0.2562576928416358 1.0000000026892093 1.933201762598901 0.7508976586975787 0.08369502983032755  738532.6840190185
0.2523389084935013 1.0000000014297354 1.9167057776800105 0.7501494720341769 0.07795777267523513  738532.6840191984
0.2520600914599967 0.9999999984981872 1.9275205070264232 0.5569594160342319 0.08371636482876504  738532.6840193713
0.24835624690169153 0.9999999948023068 1.9158556471248815 0.5541702824236512 0.07761857676731776  738532.6840195691
0.24433661160257744 0.9999999992797585 1.904796838730802 0.5508188098609836 0.07282982899546953  738532.6840197425
0.23640314240086555 1.0000000050142683 1.8991952565813444 0.5490757648846709 0.0829047657772234  738532.6840199262
0.23633595419600106 1.0000000038128867 1.8882962555502458 0.546698812487943 0.06599746889215743  738532.6840201139
0.2286137884397363 1.0000000006158163 1.8827541897179434 0.5461861884772099 0.07558370719221089  738532.6840202983
0.22475834761528068 1.0000000031021028 1.864541491361926 0.630900468238336 0.0931505681483582  738532.6840204751
0.22092268639716914 1.0000000001753209 1.858212044237316 0.6322849161442983 0.09071428161313805  738532.6840206413
0.21712210405871016 1.0000000041930353 1.8455207539218002 0.6374334395203591 0.08533030624915693  738532.6840208172
0.21310702296722736 0.999999999844061 1.845504881138402 0.6370895731047537 0.0861246422383332  738532.6840210032
0.21307488886395579 0.9999999956892244 1.8262505543765346 0.6482936479473275 0.06555203024157115  738532.6840211995
0.20911820007529108 0.9999999994999733 1.8132144195277609 0.6555195823822323 0.06028376805515778  738532.6840213634
0.20166408817936216 0.9999999950646944 1.8066462865948139 0.6582849743656707 0.06932781567152689  738532.6840215344
0.19778118556657978 1.0000000001851839 1.7886512206759304 0.709848228835339 0.08129606765401348  738532.6840217126
0.19775022255942015 1.0000000004647578 1.7815366547076046 0.7119359664677192 0.06591094638121593  738532.6840218987
0.1937666738794977 1.0000000023866014 1.7672721288352229 0.7148595112899111 0.060513179585689324  738532.6840220743
0.18601412696208797 0.9999999981502214 1.760163321656258 0.7155607228092383 0.07104432146869524  738532.6840222591
0.18199621922498754 0.9999999953326898 1.7458294163577532 0.7178110347647148 0.06546575097726809  738532.684022455
0.17789160513700045 0.9999999957409512 1.7314528727378573 0.7199616722324311 0.06018326758095334  738532.6840226336
0.1778586620192717 1.0000000002921343 1.738524696420894 0.5550487161999954 0.07326908880672466  738532.6840228036
0.17421971437954872 1.000000000495354 1.7274039354956654 0.5570852523248471 0.06698042429913972  738532.6840229881
0.1702372050894285 0.9999999961612924 1.72186480254392 0.5578425317630781 0.06504717813060612  738532.684023171
0.16235616177738138 1.000000004019809 1.7107741050616603 0.558848700558408 0.07315811171559376  738532.6840233661
0.15832297484165955 0.9999999907472954 1.6995771429495183 0.5608172789179284 0.06789681912340902  738532.684023551
0.15829065281855292 1.0000000013204062 1.6939177894711206 0.5627564299414354 0.052048387751445865  738532.6840237248
0.15053249897546728 1.000000000139478 1.6679497222865958 0.7248429073608212 0.07517878224655496  738532.6840239132
0.15046688761065136 1.000000000066593 1.6606350230299556 0.7279695545895882 0.059203115994037624  738532.6840240787
0.14285277055417533 0.9999999981062045 1.6461194198847318 0.7333475905325432 0.06714808315668011  738532.6840242572
0.14278843820385462 1.0000000007856442 1.6387065275608015 0.7375589375448631 0.05090748484038559  738532.6840244329
0.13514322049962904 1.0000000009142203 1.624002444017191 0.7436892220242551 0.059033794904398924  738532.6840246142
0.1350786126000379 0.9999999993686903 1.6164868853023449 0.7474988046331906 0.04252432509802934  738532.6840248004
0.1310890148660141 0.999999999129341 1.6015047817972643 0.7517146133490886 0.03710140362078686  738532.6840249831
0.12339285694619628 1.0000000010801953 1.6049459098160475 0.5740224553697106 0.08035519352493853  738532.6840251691
0.12332778874097707 0.9999999962986531 1.5991290412796384 0.5746348309476734 0.06379240233131504  738532.6840253385
0.11946608139225022 0.9999999978672693 1.5876612356134705 0.572568934041549 0.058120521682815944  738532.6840255233
0.11175816677465908 0.9999999925253139 1.582191144987446 0.5699961132119237 0.06998550711855528  738532.6840256968
0.10776872461005377 1.0000000005655176 1.570807514364578 0.567941370348317 0.06472842108162712  738532.68402588
0.10748932801634627 0.999999997739264 1.5650490441936094 0.5685854565318899 0.04887332851212035  738532.6840260644
0.10378714372351397 1.0000000005521692 1.538802636978639 0.7354364567276176 0.06436234279645303  738532.6840262392
0.09602237027212424 0.9999999970646025 1.531734773133013 0.7355955917329827 0.0777366162690353  738532.6840264254
0.09215447044807114 1.0000000005508392 1.5169481527455762 0.7409958925749791 0.07246303059742049  738532.6840266028
0.08839129254810464 0.9999999987512396 1.509609754775545 0.7443463980834631 0.06966844018991483  738532.6840267769
0.08836138227740065 0.9999999965622927 1.494419369238659 0.7526860606302928 0.04835705866118607  738532.6840269613
0.08441497714351054 0.9999999980844161 1.486993195618521 0.7554613561953977 0.04625545389381687  738532.6840271296
0.08057641305905448 1.000000003822782 1.4718563057309764 0.758806228958702 0.03935940080327423  738532.6840273059
0.07304177491020923 0.9999999970394386 1.4763185263237186 0.5800370495845422 0.08665339339733763  738532.6840274892
0.07297812752754916 1.000000003711125 1.4703958612967611 0.5799979296480008 0.06835253333181017  738532.6840276753
0.06513174723605919 1.0000000058177159 1.4591142746026873 0.5736162130700602 0.07750584425940808  738532.6840278669
0.06506531715639224 0.9999999993567689 1.4532535608816273 0.572602509191955 0.05917941975626421  738532.6840280397
0.05732781981684544 1.0000000000483225 1.4421278409828509 0.566551759364441 0.06850594898361563  738532.6840282282
0.05328549978235379 0.9999999969987545 1.4308142325960065 0.5647048031371477 0.0626095645981827  738532.6840284135
0.053253085490072634 1.0000000013583068 1.4179491482691229 0.6491100963649864 0.07522793454334394  738532.6840285867
0.04930316672592784 0.9999999955041099 1.4049593501492188 0.6518389093607734 0.06971146384158353  738532.6840287711
0.04532117485500607 0.9999999992219484 1.3985901757783636 0.6541303345146144 0.06783219183579418  738532.6840289468
0.0377308648551812 1.0000000013866275 1.3857539926806717 0.6585125068427176 0.07712531284472442  738532.6840291239
0.03766673444553995 1.0000000058327767 1.3789854897615221 0.6637098990471495 0.057610466391880936  738532.6840293058
0.03011125786784719 0.9999999976423465 1.365973042769618 0.66768932272145 0.06594171578855149  738532.6840294766
0.02598399608244256 0.9999999995683468 1.359467056696214 0.6696384076236884 0.06331724507624792  738532.6840296662
0.025950830517998007 0.9999999966466617 1.341236909269618 0.7174072174878467 0.06324023205769153  738532.6840298389
0.018337696398999348 0.9999999984640615 1.3272404402217444 0.7156677991130399 0.07161456129459479  738532.6840300332
0.014303174172981596 0.9999999964335948 1.3202711461362338 0.7151893383341346 0.06854970296926156  738532.684030207
0.014270843781623617 1.0000000020441993 1.3055924046232585 0.7163796636625703 0.04232746007691814  738532.6840303873
0.010163481446990948 0.9999999968069577 1.2986441129164152 0.7156038199013569 0.040207767525579446  738532.6840305709
0.006442271579072718 1.0000000025929745 1.2843420210950898 0.7147768011897009 0.03146952667820816  738532.6840307673
-0.0015219879841882212 0.9999999973940898 1.291396643122811 0.5517957603281916 0.09530076601272844  738532.6840309412
-0.0015894407220689438 0.9999999954178383 1.2799392090930428 0.5537620722753488 0.0702073159200152  738532.684031126
-0.009502949462502585 1.0000000015320638 1.2693147918868766 0.5504679750328353 0.0813636916887457  738532.6840313107
-0.00956994905321041 0.9999999967396013 1.2635946193831626 0.5525141644241607 0.060174571748784274  738532.6840314954
-0.01362771128683602 0.9999999983450983 1.2525845918242797 0.5518585054420725 0.05328551879104253  738532.6840316657
-0.017205668860498985 1.0000000005100687 1.2472522861240392 0.5519370293294772 0.04864783743539319  738532.6840318409
-0.0209881979126026 1.0000000020328383 1.2211884763387526 0.7159728433981334 0.057641200279750095  738532.6840320164
-0.024780297491338223 1.0000000055476856 1.2142451609101175 0.7169964487414524 0.05441983540121508  738532.6840321962
-0.028662375217197795 1.0000000018588635 1.1998953639417174 0.7204420828877777 0.046520099353811475  738532.6840323755
-0.03278069842306905 0.9999999977424833 1.1929457322997 0.722361945886272 0.044725356788842235  738532.6840325635
-0.04010101350287441 1.0000000038766503 1.1788861811198355 0.7244396977459104 0.053662285441154325  738532.6840327386
-0.044151796970027316 1.0000000017582196 1.1718798354577264 0.7261350899555926 0.050675671366494715  738532.6840329132
-0.048135625644114076 1.0000000053316132 1.1573161925363022 0.7282086937860197 0.04129892513735776  738532.6840330976
-0.04816749959146874 0.9999999984812722 1.1528407018668434 0.6317606168520705 0.06395908268596875  738532.6840332786
-0.052042309849155644 0.9999999986242359 1.1467869417709404 0.6303637273490609 0.06040304212191964  738532.6840334598
-0.059853611079758166 1.0000000039239478 1.1347519825376478 0.6233576924280302 0.07210750613662457  738532.6840336532
-0.06391372474499621 0.9999999956595459 1.1287947834818168 0.6208966827777136 0.06916261757790819  738532.6840338281
-0.06394625895312842 1.0000000033447702 1.1158503314681922 0.6199048160600128 0.03965118021677108  738532.6840340192
-0.06779120705728782 0.999999998260465 1.1034935933222265 0.6172345842174433 0.030863250701957137  738532.6840342038
-0.0717752381230689 1.0000000030272693 1.1038720762999732 0.5434058942320767 0.08076364781346063  738532.6840343788
-0.07937932016077395 1.0000000034643493 1.0935627650950221 0.5404169693034555 0.09273395273938559  738532.6840345456
-0.07944354605606747 0.9999999997052165 1.0878601261924634 0.5444746583394765 0.06837778592924323  738532.6840347318
-0.08343027771531428 1.000000000312755 1.0769875564190217 0.546776762538899 0.06043179209866412  738532.6840349096
-0.087270485325009 0.999999996515225 1.0718067515169996 0.548158037772853 0.0567581816383289  738532.6840350898
-0.09116378703239286 0.9999999978401665 1.060837892311842 0.55139841634873 0.047551698084012405  738532.6840352666
-0.09523045851386903 1.0000000016492505 1.055651398077823 0.5528381575229018 0.044782060712252554  738532.6840354481
-0.09890594758040908 0.9999999939178686 1.0301880151515463 0.6973405894114192 0.05932891776504654  738532.6840356366
-0.10670247814912727 1.0000000016209114 1.0161140097671255 0.6977667968252581 0.07206452435397805  738532.6840358106
-0.110579223232361 0.9999999979400106 1.0094150919407299 0.6998393488856189 0.06774969732456526  738532.6840360002
-0.11061014250799912 1.0000000041593493 0.994700441707669 0.707769220594172 0.03334053018434773  738532.6840361836
-0.11454974392698317 1.0000000006193899 0.9879480066488563 0.7095245053681852 0.029737824620140747  738532.6840363545
-0.12233991705734157 0.9999999994134723 0.9743962257931765 0.7086981358314824 0.04303742629215581  738532.6840365462
-0.12240579472404108 1.0000000019174826 0.9818266563910469 0.5400580290230221 0.09171323220146346  738532.6840367155
-0.1262799567151615 1.000000001901401 0.9704676466730585 0.5402278795024685 0.08102510527220765  738532.684036897
-0.1340832067860915 0.9999999943313026 0.966118539718738 0.5322322663539152 0.09972243159736448  738532.6840370899
-0.13414920043874368 1.0000000084573262 0.9546872453782886 0.5374494290109039 0.066517373643177  738532.6840372529
-0.14172836597978997 0.999999996456408 0.9446495410410635 0.531583124509359 0.07896471739354408  738532.6840374321
-0.14179235983179814 0.9999999979223306 0.938966944062857 0.5350787477389622 0.05007522486210231  738532.6840376203
-0.1492378721633348 0.9999999994765643 0.9127196603169866 0.7066357730975413 0.08657674900291673  738532.6840377798
-0.14930068111037045 0.99999999604254 0.9052707450514962 0.7119745929603375 0.05650464804304121  738532.6840379619
-0.15320018290554852 1.0000000014719101 0.891032161403186 0.716044271767767 0.04508211439443829  738532.684038142
-0.1609503274185198 0.9999999951118214 0.8849923658677357 0.7143115485449761 0.06758476606734301  738532.6840383221
-0.16101586811955423 1.000000003198389 0.8698665795719048 0.7238913824681749 0.0272346074708676  738532.6840385034
-0.16888133709861547 1.0000000014278723 0.8561652239058205 0.7229146962288617 0.04165497063794395  738532.6840387009
-0.17289716610016892 1.0000000035919334 0.8493199198458606 0.723392183891046 0.03640255734325268  738532.6840388853
-0.17668492937200472 1.0000000041798134 0.8526654781836861 0.5582554439346906 0.10239145496779398  738532.6840390601
-0.1806203716563945 0.9999999900030764 0.847482527536614 0.5563215828001844 0.09671102167155325  738532.6840392312
-0.18065178103791016 0.9999999983757388 0.8355375909498767 0.5560033089055587 0.05518127588806535  738532.6840394152
-0.1883707612867494 0.999999999848118 0.8312342589449936 0.5483353466439473 0.07758140751401496  738532.6840395916
-0.18843599240411868 0.9999999920723236 0.8194461711226396 0.5481719505556009 0.03624051809387034  738532.6840397674
-0.19219910122065395 1.0000000044664892 0.8143812902462197 0.5465554042283536 0.030440547283783894  738532.6840399491
-0.19637067689733922 1.0000000006644354 0.7886800567306542 0.7107362434976782 0.053518664262411725  738532.6840401365
-0.19992357659863982 1.00000000137611 0.7819459761281453 0.7116308489258782 0.04700999591917865  738532.6840402976
-0.2073917346266646 0.9999999954942823 0.7685421980635858 0.7100819578852783 0.062880759808423  738532.6840404721
-0.20745478152014155 1.0000000013255272 0.7609893554852808 0.7099479805057296 0.024364771565238433  738532.6840406518
-0.21154814278920744 0.9999999969319369 0.746715827974686 0.7206126103281759 0.013264272594637852  738532.6840408421
-0.21909966928908212 1.0000000016070472 0.7331717068105778 0.717535959379841 0.027782089339987874  738532.6840410255
-0.2233990872285565 1.0000000008328214 0.7265223306004276 0.7165603664470418 0.024560203066366464  738532.6840412118
-0.22343379788863493 1.0000000042791117 0.7229541765566967 0.6111265844877534 0.06278388585734168  738532.6840413898
-0.2272441343580352 1.0000000085874783 0.7173207768539291 0.6082177095061954 0.0567057846661724  738532.684041563
-0.23486904432057737 1.0000000005791008 0.7061718653702618 0.5961232616791367 0.07355481866220048  738532.6840417559
-0.234933488376696 0.9999999986036908 0.6997319377398878 0.5978973279428312 0.03458348764346596  738532.684041936
-0.23903762211960822 1.0000000030559406 0.687931202927 0.5912834306370848 0.021932110910203008  738532.6840421068
-0.24663067893798168 0.9999999995350546 0.6771086197589198 0.5820801854712747 0.04078380284650315  738532.6840423003
-0.2505630955984221 0.9999999968105282 0.671316064842487 0.5858433146081555 0.10610848123844957  738532.6840424694
-0.2505945221703681 0.9999999997221215 0.6585433727215302 0.5915057323658512 0.056797418189467555  738532.6840426539
-0.25479413512119775 0.9999999989492067 0.6532343977269202 0.5915388575609442 0.05552764838958224  738532.6840428403
-0.2622477826051766 1.0000000090445538 0.6417253841682593 0.5884572466503624 0.07369292270456348  738532.6840430117
-0.2661620331748416 1.0000000003236693 0.6363340959800396 0.5895905703834506 0.06805757332252584  738532.6840431915
-0.2701770907789036 0.9999999959708449 0.6244971318349679 0.5914402559271414 0.05146765142992048  738532.684043389
-0.2704578695121518 0.9999999945708251 0.6116277824887725 0.5977954143806458 -0.004417449030389867  738532.6840435585
-0.27433802762173515 0.9999999998222213 0.607558209488632 0.5851939197522209 0.07895496602715905  738532.6840437358
-0.2781764513004611 1.0000000005354737 0.5958867565705928 0.5851105174279226 0.06162432697315247  738532.6840439073
-0.2855030014628932 0.9999999961835764 0.5979713290182541 0.5791289267256677 0.10330421694102787  738532.6840440999
-0.2855647601176043 1.0000000002067502 0.5788415771218476 0.5859261456924745 0.03411412159975441  738532.6840442766
-0.29354167662260194 0.9999999958999045 0.5747510107967361 0.57960990662012 0.07284531142559833  738532.6840444608
-0.29360923781038806 1.0000000035757577 0.5619636563728074 0.5877418901428687 0.012479619877382891  738532.68404467
-0.30142850613791666 1.0000000037685304 0.5578301499668097 0.5824599253822982 0.05050485898862226  738532.684044837
-0.30540312489810273 1.0000000024463218 0.5536585935335299 0.5126457184296942 0.15230267692878616  738532.6840450198
-0.30923145057445467 0.9999999985418324 0.5432746381390814 0.5161682263473598 0.13495523845705057  738532.6840451855
-0.31310511023859966 1.0000000028253098 0.5386733428575727 0.5178362694812664 0.12871930427458134  738532.6840453763
-0.3171310680171866 0.9999999976629623 0.528253497244299 0.5213265250995716 0.11208426710975221  738532.6840455553
-0.31716329719304953 0.9999999996502439 0.5223880919097477 0.5302607775381265 0.06035507055054836  738532.6840457226
-0.32083292117222445 1.000000002101955 0.497262160590617 0.6919287811767799 0.07963635101073156  738532.6840458997
-0.324654501604941 1.0000000022298106 0.4909728055793047 0.6941712279365496 0.07495826236144955  738532.6840460766
-0.3284779357837765 1.0000000046924837 0.4846697760268922 0.6965986288021409 0.07035099340523517  738532.6840462621
-0.332728650310137 1.0000000047888296 0.47088130388170396 0.7012571911459873 0.0556417123107455  738532.6840464512
-0.34047149508802216 0.9999999998202584 0.45816037721847913 0.6989062867968557 0.08921926339673313  738532.6840466564
-0.3440760099734641 0.9999999990730436 0.4439712019993742 0.7029884065103096 0.06194117689304631  738532.6840467985
-0.34410451971752254 0.999999995838529 0.4439808703050763 0.7102531723291255 0.016654524619831676  738532.6840469824
-0.3559332474084895 0.9999999980242039 0.43628103363806103 0.5284342235609105 0.25621614102642587  738532.6840473507
-0.35603512822507183 1.0000000003162164 0.42411723065537926 0.5336574238997663 0.18377206710795532  738532.6840475295
-0.3598631211150283 1.0000000006558885 0.41943643574736217 0.5315764190342932 0.17859280460331844  738532.6840477138
-0.367638453204219 1.0000000008126175 0.4102192389389155 0.5192009816505141 0.2195741145585703  738532.684047891
-0.3677040644131071 1.0000000036198746 0.39819004527527346 0.5255651748632211 0.14173229552363206  738532.6840480772
-0.37563850062909837 0.9999999957938954 0.38132213151875555 0.6809818184057734 0.28654418227495865  738532.6840482614
-0.37570551580339223 1.0000000006112681 0.3659774949688367 0.6912672640677401 0.2043774390238564  738532.6840484464
-0.3830638078223017 0.9999999989218791 0.3611762469364091 0.6841291919570995 0.268166388525021  738532.6840486164
-0.3869450386746756 0.9999999966668782 0.34727163822450896 0.6878468008165878 0.2500845138051818  738532.6840487832
-0.39094732191462195 1.000000006237977 0.34036088827459643 0.689405045815256 0.24759373884050878  738532.6840489798
-0.39097918716862373 1.0000000003049279 0.32479420818548527 0.7008425453318623 0.14164842446915976  738532.6840491447
-0.3947518334054987 1.0000000018522708 0.3185336378514176 0.7009229360463909 0.134454310357659  738532.6840493351
-0.398859364301398 0.9999999994922629 0.3178731497359822 0.5784035780945032 0.3300297581518092  738532.684049504
-0.4063304711027409 0.9999999940006938 0.3079457831038894 0.5635654550244933 0.393552079876645  738532.6840496822
-0.40639338732251934 0.9999999967746878 0.3014012796597895 0.5706407510295913 0.3110032989518006  738532.6840498694
-0.41015760179108235 0.9999999969895772 0.29004003554752067 0.5642606728830695 0.28755758174615714  738532.6840500442
-0.41417675812396504 1.000000001774744 0.28538638883365086 0.5604989329804814 0.290899769063892  738532.6840502291
-0.42200852813966405 1.000000001455332 0.2761334660437651 0.5447961312401678 0.36104545455847586  738532.6840504198
-0.42599617061530853 0.9999999980938037 0.2716026113176638 0.5430606404208739 0.36281922454257404  738532.6840505912
-0.42991758122777474 0.9999999937156809 0.2684822955868013 0.46534020211088073 0.5468331360666341  738532.684050784
-0.43386430026088485 0.9999999945022727 0.25905320861044306 0.4667783590402161 0.5346217724751666  738532.6840509669
-0.433895738953972 0.999999997790997 0.2533250042362932 0.48014294510607897 0.44434629166542794  738532.6840511404
-0.4412532580338556 1.0000000050555684 0.25140538877173724 0.4696506409757793 0.5292966695632961  738532.6840513104
-0.44131521561244896 1.0000000016007102 0.23983260032595194 0.48621418059024435 0.41597899546072686  738532.6840514836
-0.4492391800626105 0.9999999973991475 0.23239884086644916 0.4766554685394613 0.496228843607227  738532.684051669
-0.4495524182761804 0.9999999999340013 0.21254485895016373 0.6243103562690113 0.7554275131217949  738532.6840518496
-0.4571535559277294 1.0000000020121451 0.202321945471561 0.6128872752215391 0.8949056372451387  738532.6840520467
-0.457217708994227 1.0000000066178718 0.19500061266049457 0.6284904450276224 0.8042324737375779  738532.6840522251
-0.4612849973572858 1.000000005113657 0.182638218811754 0.6310062780992709 0.8436751647631022  738532.6840523981
-0.4652734123229686 0.99999999612239 0.1701714210319109 0.6334204406870191 0.8885564255489462  738532.684052578
-0.4726659603470948 0.9999999992503178 0.16736617462915168 0.6180991246246668 1.0756871030609803  738532.6840527648
-0.4766884293973838 1.0000000014127781 0.17133840877063286 0.4424867024539536 1.2308524451532568  738532.6840529381
-0.4806690259970686 0.9999999991524695 0.1682433255686486 0.43997324367461477 1.2600168384778827  738532.6840531224
-0.48445155846742427 1.0000000004091105 0.1592426247470401 0.43854563296595844 1.2871047466830512  738532.6840532974
-0.4844816207898832 0.999999996327935 0.15343407689698793 0.454162614511399 1.1910803268873327  738532.6840534821
-0.4884371119768739 1.000000002408809 0.14460062673727886 0.4520176978874342 1.1762258477999021  738532.6840536769
-0.49606684253237104 0.9999999994489457 0.14440681203584232 0.43036889062339523 1.3831812118644944  738532.6840538483
-0.49613130960759333 0.9999999955442845 0.11793099082784939 0.591538638985477 2.5530460600704714  738532.6840540105
-0.4998531709596021 0.9999999998374776 0.10619992977491234 0.5839140567192727 2.9718540343778836  738532.6840541947
-0.5076818737895495 1.0000000008432062 0.10549838831917319 0.5539428931747125 3.2569494741960057  738532.6840543746
-0.5116919688246646 1.0000000014422403 0.0944757120247119 0.5415681317871128 3.8742894077555103  738532.6840545586
-0.5117241019981743 0.9999999977302654 0.08654421080793653 0.551356357133277 4.3666506635741165  738532.684054742
-0.5194305404647053 1.0000000037028491 0.07947496966154328 0.501899319901961 5.365398451179919  738532.6840549185
-0.5232742799302371 0.9999999947751926 0.07623416205436834 0.48302839009735193 5.8695535050458005  738532.6840551064
-0.5233049245041879 0.9999999945990982 0.07483612292051174 0.3786457136884671 5.53065515526713  738532.6840552922
-0.5272836452714401 1.0000000022543594 0.07323475486842186 0.3587574980497147 5.81055676960328  738532.6840554606
-0.5349621594726797 0.9999999990364083 0.0755380235758151 0.3224730179863006 5.6998100978115955  738532.6840556375
-0.5389775411571663 1.0000000048028255 0.0694661154919695 0.2818022361405411 6.406488250377857  738532.6840558334
-0.5392565885005601 1.0000000025019153 0.06503287400111939 0.27761419404046367 7.004710129740272  738532.6840560082
-0.546991075838811 0.9999999951827276 0.06395650937690285 0.21212125497458392 7.259458743890906  738532.6840562056
-0.5472948929117033 0.9999999991888793 0.060332162948667355 0.20095418642400611 7.940423782824019  738532.6840564142
-0.5583461334014561 0.9999999984253202 0.0679281651491547 0.05800825880501178 6.360418614952774  738532.6840567213
-0.5584410684630682 0.9999999958385807 0.06351420617287999 0.02799114683719617 6.977124535484313  738532.6840569075
-0.5663448960576187 1.000000001525687 0.06605430283734423 -0.004508272727677231 6.46453731460193  738532.6840570982
-0.5664116706193691 0.999999999048225 0.06467624833340967 -0.013702912007816185 6.827345904768198  738532.6840572691
-0.574119857437496 0.9999999960912536 0.06736920430563155 -0.037411176832691 6.310192805421241  738532.6840574502
-0.5779306224791049 0.9999999970546467 0.07584676814009532 -0.20433644637290085 7.162657038366996  738532.684057625
-0.5779607983304303 1.0000000037340424 0.0792051550106591 -0.27106763210623464 6.687097724615345  738532.6840578015
-0.5854966964144863 0.9999999967127653 0.0831346298556291 -0.2615319724381158 6.2218302000855505  738532.6840579885
-0.5858084412640482 0.999999995916155 0.08827662197113874 -0.31512100757850997 5.7097599784023965  738532.6840581526
-0.5893258155476631 1.0000000024915072 0.09153065472462177 -0.32132234428548156 5.483941639328666  738532.6840583325
-0.5970841791498004 1.0000000014195027 0.09800899457384608 -0.32665147129713173 4.8537875200313065  738532.684058525
-0.597397109122219 0.9999999998587622 0.09951852280599716 -0.29226187006221394 4.215604619045286  738532.6840586923
-0.6009818513653382 1.0000000034250232 0.1054600013029056 -0.3000998923661885 3.901887788112569  738532.684058868
-0.6050191002811788 0.9999999976610311 0.11147407313552432 -0.3031269299001402 3.6250429494268066  738532.6840590548
-0.6088092171355413 1.0000000014493613 0.11412491860863833 -0.2980970727792202 3.5642988668685507  738532.68405922
-0.6123787881460829 0.9999999957600566 0.12379186623579091 -0.31003782300828536 3.204199069741487  738532.684059394
-0.6201953982951289 0.9999999998744367 0.12155123996251144 -0.2787369014672168 3.248703346032913  738532.6840596065
-0.6202614621165644 1.0000000004487042 0.12850334262280036 -0.29968040682103486 3.15577699608982  738532.6840597807
-0.6282093521188375 1.0000000012677785 0.1320008741346822 -0.2532141359623419 2.464838149693843  738532.684059966
-0.6282765963609159 1.0000000025102775 0.13517926724963966 -0.26093803781207964 2.5577713008787253  738532.6840601264
-0.6358972854426017 1.0000000004078753 0.13573568391514848 -0.2391938846523202 2.496151781759179  738532.6840603104
-0.6359616070160988 1.0000000026379334 0.14208633185983688 -0.2548119816140831 2.5148696295100494  738532.6840605066
-0.6399184317308039 0.9999999949608195 0.14706890294696587 -0.25515814746519966 2.4625115652798235  738532.6840606751
-0.6477550770935924 0.9999999973981273 0.1472164029406551 -0.23402551959528173 2.4063812825490976  738532.6840608709
-0.6478213376215923 1.0000000005485943 0.16151017927794012 -0.34369732260415026 2.2606856482144115  738532.6840610348
-0.6515775685480564 0.9999999976022024 0.16395204548316622 -0.3418148009446862 2.257041087077501  738532.6840612299
-0.6594807245975765 1.0000000014545876 0.16850727856015585 -0.3260268159722089 2.1390055123578127  738532.6840614022
-0.6595475998635193 0.9999999929734997 0.17287023499726367 -0.34317808277957534 2.1780685689448362  738532.6840615867
-0.6674364726916732 1.0000000017760917 0.17729129637850546 -0.328262326481278 2.0716138375752893  738532.6840617706
-0.67126444904824 1.0000000024984523 0.18406068594467834 -0.33346692933633754 2.013673092929463  738532.6840619576
-0.6712948966607181 0.9999999934163657 0.1946851868173082 -0.42413407627381766 2.0068201382957955  738532.6840621304
-0.6790012626893038 0.9999999985707229 0.20053362201601485 -0.40902274398307037 1.8984556296146864  738532.684062306
-0.6790663696434189 1.0000000001167066 0.20596625450254405 -0.42781313878099725 1.9115160581339758  738532.6840625013
-0.6868502750362299 1.0000000049558182 0.2116833196607046 -0.41100011821765053 1.8121971996321502  738532.6840626694
-0.690772999890075 1.0000000060583365 0.21448021880971424 -0.4099927885053224 1.802296262688046  738532.6840628494
-0.6947841325646542 0.9999999997245548 0.222761733063543 -0.4116658122473862 1.7347336914111005  738532.6840630352
-0.6987461400428081 1.0000000021637259 0.23110916715616714 -0.4126602367182765 1.672713814934538  738532.6840632301
-0.6987777784288026 0.9999999957157153 0.2324155829867309 -0.37020258050192445 1.3167162431953163  738532.6840634036
-0.706665973476593 1.0000000041960193 0.2365956370830909 -0.34434066507889977 1.2647564121138644  738532.6840635869
-0.7105323161871296 1.0000000092742185 0.2386590011788117 -0.33995666800834295 1.2715168382473825  738532.6840637757
-0.7144601022937935 1.0000000042305388 0.2455173027157306 -0.33332333171552436 1.2521448848222083  738532.684063946
-0.7183822879812837 1.0000000048110889 0.24738300990654252 -0.32866628897211647 1.258709844104056  738532.6840641391
-0.7184135697769569 1.000000005927628 0.2570897555860936 -0.3421352872255882 1.268439377614885  738532.6840643064
-0.7224892634919271 0.9999999930218447 0.25869477398265933 -0.3366155725835918 1.2746644951016528  738532.6840644901
-0.7260443633345811 1.0000000055088953 0.2627648728304073 -0.29409079819923684 0.9359813487188645  738532.6840646531
-0.7336032229100271 1.000000000036589 0.26112628977425817 -0.27018249116027404 0.9274905930857575  738532.6840648338
-0.7374437399551258 0.9999999963107692 0.26657842167766194 -0.2618891531904632 0.9511884124666005  738532.6840650217
-0.7374743485420453 1.0000000019108266 0.2749611428645267 -0.2735250422951648 1.0040973268347675  738532.6840651858
-0.7412361779568549 0.9999999967398318 0.27605439830261574 -0.2690965103003877 1.0280552496804032  738532.6840653731
-0.7489793952030652 0.9999999998935151 0.27790349561954286 -0.24224162967573348 1.0351432213986318  738532.6840655573
-0.749044904760774 0.9999999962904763 0.29598109899539304 -0.4144021107299783 1.086282965812657  738532.6840657291
-0.7569474421647259 1.0000000027576812 0.30054357017217587 -0.3874530172841483 1.0801858645096358  738532.6840659147
