-0.6780938740316134 -0.05555175282739862 5.759999999999922 
-0.6780938740316134 -0.05555175282739862 5.759999999999922 
-0.8141058976523683 -0.07113464642488683 5.779999999999921 
-0.8909003249625529 -0.07735550393362264 5.799999999999921 
-0.9168597533938342 -0.07855098318135834 5.81999999999992 
-0.9222648866787778 -0.08288547000314338 5.83999999999992 
-0.9239368866083335 -0.08419001230994362 5.8599999999999195 
-0.9235964969498663 -0.08769845947222751 5.879999999999919 
-0.9252836906596803 -0.09207039568224624 5.899999999999919 
-0.9290603993312495 -0.09400112182212572 5.919999999999918 
-0.9195778721885619 -0.0915074798231666 5.939999999999918 
-0.9190895799579831 -0.09265396453095884 5.959999999999917 
-0.9230270953272746 -0.10140205290544806 5.979999999999917 
-0.9181848560589336 -0.0909438779066372 5.9999999999999165 
-0.9210162586988935 -0.09595769924237534 6.019999999999916 
-0.926492147102532 -0.10703962910892689 6.039999999999916 
-0.9191163150068655 -0.10070944830968956 6.059999999999915 
-0.9091630971096122 -0.0950222504626791 6.079999999999915 
-0.9245664562652316 -0.10169251015813922 6.099999999999914 
-0.9108793012241828 -0.09125644608248377 6.119999999999914 
-0.9243903046755535 -0.09768607131073277 6.1399999999999135 
-0.9114064763250064 -0.09195163755532026 6.159999999999913 
-0.893960519001787 -0.07761214764005206 6.179999999999913 
-0.8967476227089085 -0.07314861679599714 6.199999999999912 
-0.9159131372364954 -0.0811749542270626 6.219999999999912 
-0.9089151496627647 -0.0756482540338919 6.239999999999911 
-0.8902337064805091 -0.06497988294095296 6.259999999999911 
-0.8562841147051061 -0.03429228353400965 6.2799999999999105 
-0.8960513573706013 -0.045488992562437394 6.29999999999991 
-0.8690232598475139 -0.030005960300946898 6.31999999999991 
-0.856523145018382 -0.022091288201910995 6.339999999999909 
-0.8380572880490998 0.0032814534359378485 6.359999999999909 
-0.8223533969882189 0.016111308654262482 6.379999999999908 
-0.8311876179444796 0.02048938176445247 6.399999999999908 
-0.8123330564132957 0.04261099594661746 6.419999999999908 
-0.7926406290585319 0.05587180118091159 6.439999999999907 
-0.7827305027086859 0.07539935731791397 6.459999999999907 
-0.7552904905779534 0.09340632207558497 6.479999999999906 
-0.7731541394913019 0.1032560529084101 6.499999999999906 
-0.7164419553879326 0.1344108524309224 6.519999999999905 
-0.7213219330968527 0.143019147728974 6.539999999999905 
-0.692561805532892 0.17176088070763307 6.559999999999905 
-0.6653185816194641 0.1880120190933141 6.579999999999904 
-0.6413104847506607 0.21447230523819782 6.599999999999904 
-0.6063070359340207 0.2359286627790952 6.619999999999903 
-0.5751829051935651 0.2526485631721266 6.639999999999903 
-0.5596904992173606 0.2636667732129734 6.659999999999902 
-0.5352385623145149 0.2855307200201487 6.679999999999902 
-0.513181268024885 0.29448156830460254 6.699999999999902 
-0.4693407806268253 0.31872674239583 6.719999999999901 
-0.4453385117591838 0.33308637167516714 6.739999999999901 
-0.4099060956005093 0.3484616286314119 6.7599999999999 
-0.3948261279852849 0.3489842994422185 6.7799999999999 
-0.3754247829408176 0.35779240776649696 6.809999999999899 
-0.328046159009393 0.36172003725774216 6.819999999999899 
-0.3098728308226792 0.36527457003541325 6.839999999999899 
-0.2884514898896157 0.3829641592207361 6.859999999999898 
-0.2614588359591972 0.3930372497824369 6.879999999999898 
-0.2394253210057174 0.38673520335679057 6.899999999999897 
-0.2066872401607043 0.38483591319961213 6.919999999999897 
-0.1863965192144232 0.38805164928649594 6.9399999999998965 
-0.16065168997349724 0.3958007613682783 6.959999999999896 
-0.15170346640082324 0.3853553847963351 6.979999999999896 
-0.14715357845283547 0.3772642160653388 6.999999999999895 
-0.11711218275017088 0.37746124116337065 7.019999999999895 
-0.10405826970831338 0.3683818851248238 7.039999999999894 
-0.08075054169809506 0.36262302380893313 7.059999999999894 
-0.07801085392784614 0.3527738556622623 7.0799999999998935 
-0.06427599604169812 0.3394519733970165 7.099999999999893 
-0.0338051046483453 0.3308925989610167 7.119999999999893 
-0.03829150068904663 0.3077556121126763 7.139999999999892 
-0.0398439241973954 0.2835812927884674 7.159999999999892 
-0.022535134765136074 0.27185573856488016 7.179999999999891 
-0.022807582451455272 0.24955225724237354 7.199999999999891 
-0.0001680806533501597 0.23547102490018051 7.2199999999998905 
-0.00030106133007624524 0.2137011805863305 7.23999999999989 
0.011424196558764702 0.19093951555728528 7.25999999999989 
0.00014697872172128416 0.1652104679833294 7.279999999999889 
0.013434102251991547 0.16710074124694466 7.299999999999889 
0.013553446989308195 0.14543658230335643 7.319999999999888 
-0.014978543753166922 0.13812403236436704 7.339999999999888 
-0.01938410718968348 0.12495151895875523 7.3599999999998875 
-0.010481446819245392 0.13969235566718638 7.379999999999887 
-0.04679696479249696 0.13173078262617957 7.399999999999887 
-0.0659250061716893 0.15715627008198796 7.419999999999886 
-0.09191694848550672 0.16315481816734959 7.439999999999886 
-0.13670014667214714 0.18949793326685097 7.459999999999885 
-0.17945721957674082 0.23119708571573397 7.479999999999885 
-0.22775183465784585 0.26824575330592987 7.4999999999998845 
-0.29792013004866374 0.30463915823737814 7.519999999999884 
-0.38089666563041275 0.36774609064002844 7.539999999999884 
-0.4627404158739809 0.41813994138254895 7.559999999999883 
-0.5540876873462007 0.4743368469148313 7.579999999999883 
-0.6645859260246765 0.5522563896444541 7.599999999999882 
-0.7667753557174053 0.61959506738752 7.619999999999882 
-0.9011643444231205 0.6955361253075536 7.6399999999998816 
-1.0287253903902804 0.767826771643143 7.659999999999881 
-1.1787265825466455 0.8180597592885945 7.679999999999881 
-1.3212106829909387 0.9187451016269454 7.69999999999988 
-1.4817158151420953 0.9822870444603049 7.71999999999988 
-1.627329151450366 1.065428771167479 7.739999999999879 
-1.7918801105069695 1.1168043819754525 7.759999999999879 
-1.940558704735216 1.2027379393877906 7.779999999999879 
-2.069068096352306 1.2769574273247464 7.799999999999878 
-2.222821493605892 1.3318634279747912 7.819999999999878 
-2.357481837469565 1.3898626188437941 7.839999999999877 
-2.474751208451939 1.4149551490602479 7.859999999999877 
-2.530297114240456 1.1838342058064812 7.879999999999876 
-2.3889899441298565 1.0760781561826607 7.899999999999876 
-2.139240106800647 0.39041106034269346 7.919999999999876 
-2.014422623143775 0.08690646861642393 7.939999999999875 
-2.024821816523574 -0.9677990690875585 7.959999999999875 
-2.0849184615995195 -5.7819463218247265 7.979999999999874 
