-1.0352545219723037 1.641490912206773 3.28750934278051 1.8880651447412118 -0.5293387098815382 0.08680925260105297 3.2862540856790456 1.8892957557302126 20.3961349604208 -20.603469470785345 738559.4569828638 0.0 0.0  738559.4569828638
-1.0350162714520261 1.6413877585802947 3.244384053623588 1.8957740860086758 -0.6520317519370042 0.11237301862824477 3.2455791465477213 1.894599080102019 0.5805987195516877 -1.1209910321477103 738559.4569835936 5.9989433433021277e-05 -2.5973196624180354e-05  738559.4569835936
-1.0352724028989835 1.6414989145198322 3.1980497918537574 1.9037189336279676 -0.6782193296534722 0.11334234929344345 3.198125012543666 1.9036480839811325 -0.685941071179397 0.07195065696624914 738559.4569843123 -8.284169184204499e-06 3.654386867713377e-06  738559.4569843123
-1.0352644346513302 1.641480920323025 3.1754010452642003 1.9084973857526648 -0.5634009282792064 0.0964090597082489 3.175383565570968 1.9084970001184045 -0.3885233993194257 0.07851223916269748 738559.4569850233 -6.015861688808513e-06 -1.1861569639982228e-06  738559.4569850233
-1.0350077462238227 1.6413910392067106 3.144298452401386 1.913989433464759 -0.5395545719191926 0.09006496373456944 3.1443045955707825 1.9139889023427816 -0.49137975258051964 0.08740492406201188 738559.456985746 5.998522390380708e-05 -2.4196620266665677e-05  738559.456985746
-1.0352368249003587 1.6415084706443708 3.111246654697451 1.9193175942282725 -0.5702906997102338 0.0865455577246562 3.1112483803004793 1.9193177836698563 -0.5198461216944389 0.08427980550201089 738559.4569864796 1.1027989965055245e-06 5.796781942011619e-06  738559.4569864796
-1.0352740197386379 1.6415344825646758 3.072363777564791 1.925668496790116 -0.5945578818254429 0.08425448139624381 3.0723697105032692 1.925667493006446 -0.6196953313639554 0.10117312177641448 738559.4569871986 -8.6865555467215e-06 1.2420588590023007e-05  738559.4569871986
-1.03527961999323 1.6415518755245144 3.035429003317865 1.93047256392827 -0.63484008457651 0.07670285156449891 3.0354275513926288 1.930473904344683 -0.5952973175154943 0.0786488916044345 738559.4569879186 -9.992745110720027e-06 1.6597184449178486e-05  738559.4569879186
-1.0350693260893336 1.641443730544309 3.0126016114452643 1.933298804792541 -0.5618006838709717 0.058163450922457303 3.012589179370734 1.933300618995539 -0.38412807744459043 0.047833128112120676 738559.4569886309 4.576707709840036e-05 -1.2439571498191714e-05  738559.4569886309
-1.0352519424523547 1.641468889539938 2.965535545528573 1.9388272776215303 -0.7248319616591906 0.07293658474781503 2.96555681741131 1.9388249281428631 -0.7489066102138949 0.08812290366185208 738559.4569893365 -4.847651065103539e-06 -5.293834411507521e-06  738559.4569893365
-1.0350084817742244 1.6413558821311585 2.9202752167716284 1.9428614909894912 -0.7730697719650808 0.06510257550241998 2.92027526912388 1.9428626473290602 -0.749812969674388 0.06810352946694286 738559.4569900355 6.197755921221467e-05 -3.6139412534625344e-05  738559.4569900355
-1.0352735367622485 1.6415827687235145 2.897687137760886 1.9443419020226451 -0.6125419757420311 0.03738077418822328 2.897665139826059 1.9443444151658988 -0.3831574365958113 0.026215148276658932 738559.4569907613 -7.334697732208552e-06 2.2627273721540414e-05  738559.4569907613
-1.0352666959912662 1.6415655204947919 2.842020361923778 1.948242016194852 -0.7664530209707514 0.044485315048715425 2.842049337123397 1.9482399523382674 -0.8781056259466427 0.06146950693439748 738559.4569914697 -5.426382541550214e-06 1.7370374680595335e-05  738559.4569914697
-1.0350581970691828 1.641420952758804 2.79481998956797 1.95060168457094 -0.7997095859907863 0.037241721851910194 2.794813537226618 1.950602986242538 -0.7692183318679482 0.03950298496138113 738559.4569921867 4.898752670033631e-05 -2.0848187977106202e-05  738559.4569921867
-1.035229882696387 1.6414913792569794 2.7691628483239077 1.9517033062721143 -0.6257229728286836 0.020409789708095243 2.7691426348773285 1.9517045395951296 -0.4313442091813831 0.01888760251482627 738559.4569929106 3.5260969875365117e-06 -2.2511717556210266e-06  738559.4569929106
-1.0352769186925024 1.6415618036812882 2.7316065535725556 1.952605497719534 -0.6280770020667854 0.009882783787053921 2.7316166688122347 1.9526057231926808 -0.6048029234147858 0.015021131391200726 738559.4569936163 -9.405648969138598e-06 1.6773378014650137e-05  738559.4569936163
-1.0352991626626613 1.6415364407725255 2.6775478566271214 1.954823195927492 -0.7675761853818442 0.01769571902157001 2.677563615510862 1.9548220173954938 -0.877353233854113 0.035403873419937 738559.4569943158 -1.539058534570876e-05 9.328670847774181e-06  738559.4569943158
-1.0352478456251124 1.641544795161723 2.6492587867550315 1.955542934425669 -0.6113622456169969 0.010388728600749209 2.6492347789528394 1.9555442823556273 -0.47683544551860346 0.012916603597999215 738559.4569950412 -2.0278851106943062e-06 1.1171409884943995e-05  738559.4569950412
-1.0352398871670805 1.6414856191126235 2.6060829377735946 1.9558664088812439 -0.6173946609718252 -0.001105206480619252 2.6060951780475645 1.9558668394149399 -0.6833166659253737 0.005653929316349566 738559.4569957585 -4.531624772267705e-08 -4.604656181178877e-06  738559.4569957585
-1.035272487913672 1.6415352284256743 2.5532739950914856 1.9563697844575334 -0.7608433290348806 -0.0016459697433482314 2.553283542303824 1.9563696461608786 -0.8448832693646495 0.00799431098892775 738559.4569964735 -8.743757926711475e-06 8.500996198589232e-06  738559.4569964735
-1.0350063936503568 1.6413589550573287 2.5063099936386353 1.9560288305196882 -0.792061119702068 -0.006537554148470783 2.506304540288254 1.9560295888721526 -0.7540559923849818 -0.004636289377520503 738559.4569972 5.896386246791521e-05 -3.65610710737116e-05  738559.4569972
-1.0350177124769349 1.6413479917830405 2.4788264724228344 1.9567095683705136 -0.6670913842918598 -0.005145310647585459 2.478808405017783 1.9567086932488709 -0.4545381085017667 0.009871304924284228 738559.4569979298 5.427003359402163e-05 -3.8303460372523614e-05  738559.4569979298
-1.0352718783840438 1.641459527760146 2.4341493034327573 1.956616819453706 -0.652456012431334 -0.008213071055547244 2.4341643067971064 1.9566174491931836 -0.7092664328486709 -0.0008204624816866464 738559.4569986425 -1.4640315011790154e-05 -7.727101421909895e-06  738559.4569986425
-1.0350681773917354 1.6414624518404173 2.3941187198152614 1.9559361953733363 -0.680636086331221 -0.011365342245742574 2.3941160419645167 1.955936763712699 -0.6631116760458918 -0.010616215706696061 738559.4569993446 4.092055017108644e-05 -6.6461103175054295e-06  738559.4569993446
-1.0350270892106532 1.6413783534944255 2.3564422786100994 1.9561220779678012 -0.677590234025787 -0.008511950189641406 2.3564392305836925 1.9561213195560825 -0.6116501624466875 0.0021884682968470823 738559.4570000613 5.02170988369767e-05 -2.8345343524346285e-05  738559.4570000613
-1.0352519896643 1.6414607424486254 2.318091593027638 1.9563731308190477 -0.6677395554160303 -0.003953523587497406 2.318091554634375 1.9563730278124416 -0.611010666777902 0.0039041932334589824 738559.4570007877 -8.647370460526615e-06 -6.529415774509007e-06  738559.4570007877
-1.0350077870067595 1.6413809895982245 2.277134713844819 1.9559228953273746 -0.6921963075312688 -0.0077573866816545165 2.277137277105746 1.9559235196009073 -0.6539759423491808 -0.006559854372236571 738559.4570015096 5.4132038197854245e-05 -2.6773791444897337e-05  738559.4570015096
-1.0351705272435527 1.6415699028908024 2.23129469332991 1.9560093996065877 -0.6950350818784125 -0.0075274739253047025 2.2312990437038356 1.9560089521009842 -0.7265049753431415 0.0009009177897535067 738559.4570022353 1.083972629690468e-05 2.2185050856587145e-05  738559.4570022353
-1.0350218998077123 1.6413330613945483 2.188647386764373 1.9553496654480982 -0.7166534291435493 -0.013259829265785419 2.1886454386274727 1.9553503088238906 -0.6934890497997032 -0.010002652311120543 738559.4570029494 4.926417290141242e-05 -4.0651752079493125e-05  738559.4570029494
-1.035259164653934 1.6414570833709115 2.1611479068527077 1.9558595851581775 -0.619899593634162 -0.007641122939623098 2.1611343723461065 1.955858574638698 -0.46279964403154206 0.007221184883921036 738559.4570036593 -1.567456612253958e-05 -6.378976866468832e-06  738559.4570036593
-1.0352589967262313 1.6414580351841768 2.108570220867444 1.955995771414002 -0.7809416228919696 -0.005042527199284125 2.1085915208509998 1.9559960537427288 -0.8194255802057735 0.0024941508804654467 738559.457004382 -1.560464341276341e-05 -5.820706794880657e-06  738559.457004382
-1.0352415367520074 1.6414619905140415 2.0688774098164617 1.9556224721643756 -0.8061212840009845 -0.009269631038359219 2.0688674243223795 1.955622947574341 -0.6510657439272376 -0.005521470909906291 738559.4570050996 -1.1018106430857144e-05 -4.484716636596101e-06  738559.4570050996
-1.0350066800749345 1.641391652651583 2.0370414392445806 1.955959432195008 -0.622732299175553 -0.00525327749773652 2.037034209972022 1.9559588251348203 -0.5276133994465984 0.004845132756444157 738559.4570058082 5.162963687834399e-05 -2.299387392478778e-05  738559.4570058082
-1.0349587459787233 1.6414087966308986 1.9876550643643731 1.9561845747315778 -0.7740827420122094 -0.002244319909013277 1.9876700563727194 1.956184641992441 -0.7803366879553795 0.003711302911470378 738559.4570065261 6.22433032128948e-05 -1.7723894739236212e-05  738559.4570065261
-1.0349586967121767 1.641408814289492 1.9405875453195214 1.9558634630676213 -0.7971958293383758 -0.008011117438295298 1.9405866158741316 1.955863958082276 -0.7645778455243755 -0.004681721610666793 738559.4570072397 6.0022220224900364e-05 -1.7037196265947138e-05  738559.4570072397
-1.0352278764139171 1.641457461259034 1.9141624924310336 1.95661460555766 -0.6171399179164337 -0.0025204681610482165 1.9141440114734782 1.9566136711889233 -0.4499966700034033 0.011223017887068426 738559.4570079505 -1.365011147930944e-05 -3.4453287164909423e-06  738559.4570079505
-1.0350515137472622 1.6413729341519891 1.8769477841273559 1.956131685496706 -0.6177189787358804 -0.012011014110040498 1.8769561887541577 1.9561327445845793 -0.5919294167837443 -0.006662279639277928 738559.457008667 3.225384757916345e-05 -2.5220585528370316e-05  738559.457008667
-1.035001557343342 1.6413374351296561 1.815643311488223 1.956408927924861 -0.7710053851848839 -0.008848810309677005 1.8156652954841304 1.956408305714542 -0.9607485322743998 0.003776362203445214 738559.4570093883 4.3661559978314547e-05 -3.343936364309065e-05  738559.4570093883
-1.0350184238119522 1.6413442865696675 1.7756706156624678 1.9558272568219277 -0.7951460961038217 -0.01432248201146697 1.7756538001288211 1.9558279873462672 -0.672914889261765 -0.008728116473199744 738559.4570100952 3.7265359989411405e-05 -3.0380958599652656e-05  738559.4570100951
-1.0352701167449476 1.6414730347819306 1.7523781033911938 1.9562284162845602 -0.6000684858327524 -0.01595886189847237 1.752361132769125 1.9562275640692157 -0.38954913312428524 0.005501688686451577 738559.4570108198 -2.8690101010245298e-05 3.630951087416191e-06  738559.4570108198
-1.0350288782337247 1.641316888168294 1.7002928256934042 1.9558932353875318 -0.7550947523806536 -0.01606030954795438 1.7003174525478522 1.9558938503078354 -0.7955106861871204 -0.004634969324807593 738559.4570115539 3.153737768407312e-05 -3.505319928127896e-05  738559.4570115539
-1.035288024367805 1.6415129402294022 1.6542093083632894 1.9548234785040401 -0.7890691807429558 -0.022222373131642912 1.6542069265580635 1.954824186180948 -0.7548815421603046 -0.016706614270475144 738559.4570122632 -3.9108337684300436e-05 1.8535423416525594e-05  738559.4570122632
-1.035240862502911 1.6415025504325327 1.6171885183954053 1.954861883139835 -0.6785791702781638 -0.019613015896418104 1.6171801200897737 1.9548609260024348 -0.6118858267299654 -0.0004096904234237274 738559.4570129738 -2.615108452122306e-05 1.5597473348966614e-05  738559.4570129738
-1.035019669379989 1.6413874647092492 1.5802919115462644 1.9628531296283505 -0.6420170010454017 0.07051191351512213 1.580290862516405 1.9628459137139322 -0.5942514058216991 0.12089140595989481 738559.4570136936 3.1192499828371626e-05 -1.4298942387987278e-05  738559.4570136936
-1.035064000176593 1.6414148166060432 1.5410658488911673 1.9670127667160766 -0.6657449050589543 0.06875252498974253 1.5410685025882136 1.9670156584530227 -0.6396976085546024 0.07136862276196058 738559.4570144002 1.7714464405660426e-05 -6.1970792445595635e-06  738559.4570144002
-1.035080618875806 1.6414436220727295 1.4961728492222237 1.9555230128858487 -0.7301216264911526 -0.07169352183453327 1.4961777545289605 1.9555373169536492 -0.7228637312054739 -0.1711470691022346 738559.4570151138 1.2141129968704049e-05 1.915027240542312e-06  738559.4570151138
-1.0352875363460263 1.6415619905216265 1.4574464812036063 1.9555614625175 -0.6726388011169471 -0.0319287581265015 1.4574414451272206 1.9555519953281861 -0.6370054464239617 -0.009744307525037799 738559.4570158236 -4.40008384021398e-05 3.372604552019493e-05  738559.4570158236
-1.0350205881690508 1.6413641140474042 1.409472259928431 1.95290535368984 -0.6903652148367811 -0.037651634616057535 1.4094790280588323 1.9529071787912295 -0.7484360801133279 -0.039792813144024976 738559.4570165585 2.2810591277907705e-05 -1.6002004365425895e-05  738559.4570165585
-1.0350807770121377 1.6414186031510165 1.371534988438772 1.951736878378957 -0.6756594784129323 -0.03261458274566239 1.3715272892367785 1.951735706632361 -0.618879195018226 -0.02007546591523116 738559.4570172776 5.815621403211396e-06 -1.0471342054195642e-06  738559.4570172776
-1.0352438410079985 1.6413587366908549 1.3303412290618943 1.949534778929728 -0.6951099891131265 -0.04355535858923666 1.3303435815031919 1.9495356336643437 -0.6583386258071316 -0.03441263192666413 738559.4570179989 -3.711669449955735e-05 -1.6069579941253567e-05  738559.4570179989
-1.0352476396225674 1.6414756870479346 1.2904120027171795 1.9485766240326288 -0.6974291963022118 -0.034962961127916706 1.2904110819326406 1.9485755604394142 -0.6428645452181846 -0.016538605568578002 738559.4570187189 -3.7770638964298355e-05 1.5023799946000711e-05  738559.4570187189
-1.0349821359439468 1.6414045799891457 1.2567986092031695 1.9508812033167287 -0.6270844535006731 0.007940846527108416 1.2567925294891813 1.9508781935730033 -0.5416438154611318 0.03357040561923945 738559.4570194457 3.001315512878613e-05 -3.0708748796364213e-06  738559.4570194457
-1.0352610625992684 1.641472329016626 1.2119363557998222 1.9512063687464851 -0.6520031702144151 -0.0011245332900376853 1.2119459825104848 1.9512079788538959 -0.7012232732189354 0.006880077371353457 738559.4570201756 -4.172610783144065e-05 1.4444725250037867e-05  738559.4570201756
-1.0352602564610172 1.6414615816949485 1.1624205650542245 1.9467365948712179 -0.7615515043125619 -0.05129491624274143 1.1624262571653026 1.946741000596823 -0.7978146506807096 -0.06788218554032659 738559.4570208887 -4.0991336378206256e-05 1.1569378270089145e-05  738559.4570208887
-1.0350170530122709 1.6413755507760106 1.123325858058481 1.9413439252430411 -0.6850030148307569 -0.08853252545846077 1.1233163433919906 1.9413449788766894 -0.6380492632389041 -0.08557426000254031 738559.4570216093 2.2348823931628894e-05 -1.0618879879326261e-05  738559.4570216093
-1.035268210456236 1.6415026367287924 1.0820117476801492 1.9357405492316038 -0.6980847386919816 -0.10318376259747906 1.082013588907955 1.935740854418855 -0.6693335183132981 -0.09075968886951391 738559.4570223215 -4.533376660200042e-05 2.3651265920834822e-05  738559.4570223215
-1.0350183587322246 1.6413618098251395 1.0346987945616177 1.9368507842202323 -0.6964839850251218 -0.03371678997140828 1.034704160747027 1.9368447387483103 -0.7601383259515195 0.011539779576876866 738559.4570230365 2.085474616125125e-05 -1.3595817876281394e-05  738559.4570230365
-1.0352575334116139 1.6414903890656947 0.9925517798606148 1.9351707848379902 -0.7156492187142153 -0.027869186618048367 0.9925479729387334 1.9351729251197263 -0.6949131395245961 -0.025130338587519868 738559.4570237428 -4.4674801091309756e-05 2.1724970036737724e-05  738559.4570237428
-1.0352503896931493 1.6414729110485755 0.9606463899019065 1.9237135051120213 -0.6400119280839548 -0.10975414045093569 0.9606361721616894 1.9237224107837279 -0.5232987259244584 -0.17470760275119154 738559.4570244632 -4.218685732264675e-05 1.6954322501225826e-05  738559.4570244632
-1.0352503824622161 1.6414728931231508 0.9184906863203466 1.929370487265985 -0.6917605051188643 0.015931721831695226 0.9184990728974652 1.9293555403684453 -0.6630652942648775 0.07439003826532542 738559.4570251893 -4.15748529478581e-05 1.6812535557447695e-05  738559.4570251893
-1.035255237835853 1.6414542849726963 0.8762536894617268 1.930767030515873 -0.7193051953962177 0.031938064758998914 0.8762548404305388 1.9307698966474693 -0.6825409298986678 0.025891995513531885 738559.4570259044 -4.2204054913175696e-05 1.178059337476564e-05  738559.4570259044
-1.0352723849290943 1.641436409192668 0.8298149683095412 1.942919092755814 -0.7709599202905222 0.13740615201254783 0.8298193775759031 1.9429095767300284 -0.7582804094605126 0.18935203202545536 738559.4570266089 -4.612356753685724e-05 6.926627753731832e-06  738559.4570266089
-1.0352607438074395 1.6414734115053633 0.7747853412465256 1.9529549905225634 -0.7843266585764114 0.14018764023951125 0.7747924083252617 1.9529565533267441 -0.8770203685687221 0.1630940389519177 738559.457027329 -4.226197212028321e-05 1.6597072089154776e-05  738559.457027329
-1.0352459830353682 1.641494892825381 0.7511077424655537 1.947500866228712 -0.6772970183441253 0.04098307988364935 0.7510803267774984 1.9475148387139678 -0.41278409992871307 -0.07350532728185374 738559.4570280436 -3.759381446179917e-05 2.2052716760968115e-05  738559.4570280557
-1.0350211549978852 1.6413849612657725 0.7049774509889659 1.9520788813706802 -0.6660472388844163 0.05360191931392879 0.7049962022389485 1.9520707241346678 -0.7330278296150845 0.06580824845104327 738559.4570287521 2.317043209875095e-05 -7.677592582237563e-06  738559.4570287521
-1.0352893656075264 1.641519370391343 0.6648261528648371 1.955242020757924 -0.6795238282289513 0.04463708460369001 0.6648211989264246 1.9552428570082039 -0.6499090930968646 0.051777378284867795 738559.4570294733 -4.698573242703472e-05 2.744585553363204e-05  738559.4570294733
-1.0352720598322769 1.6414575045718924 0.6336090235014513 1.9470120476375534 -0.6193986893718758 -0.05858718342011235 0.6336010400067666 1.9470223293688234 -0.5145805603915263 -0.12250865325876169 738559.457030187 -4.1412059571184265e-05 1.0616761662538319e-05  738559.457030187
-1.0350467000129608 1.6412786352054027 0.587793745298543 1.9572313292195544 -0.6617474061096019 0.09612479185949553 0.5878057223979803 1.9572151775595787 -0.712838487283465 0.14485112273489403 738559.457030918 1.6026315449844386e-05 -3.4356138237905844e-05  738559.457030918
-1.0352924707990678 1.641566608200967 0.5475161770822116 1.9630634724961278 -0.6943745965792918 0.09270169460057705 0.547513740078776 1.9630660725089761 -0.670600152941939 0.09978749649097055 738559.4570316161 -5.23685249236119e-05 4.613883513896948e-05  738559.4570316161
-1.035080179433587 1.6414515259090383 0.5425726399502719 1.9950053324804344 -0.42288162491051823 0.2869895512290677 0.5425393674085268 1.9949821999361927 -0.1140211720580031 0.4867458478501686 738559.4570323395 3.1896133417698216e-06 1.5644313992504694e-05  738559.4570323395
-1.0352887322031692 1.6415856751003617 0.5171987944240979 2.0127279386146193 -0.45865395662359154 0.25706649799651493 0.5172152882701639 2.0127389156531197 -0.39433069085158606 0.3001933380542239 738559.4570330515 -5.2392213532286826e-05 5.096525396329513e-05  738559.4570330515
-1.0352343127756258 1.6414769964024614 0.41172258149674335 1.9898841317707865 -0.9984828597161862 -0.02439021620844954 0.4117953995076139 1.9899215445668037 -1.6154306970434265 -0.3271894330775542 738559.4570337731 -3.719655073241257e-05 2.1785307836087993e-05  738559.4570337731
-1.035255016712211 1.6414943871652234 0.3666365887245316 1.9785636752232154 -0.80704688609388 -0.23157162492594063 0.3665877131229978 1.9785557662167828 -0.7855589728832646 -0.192900327703353 738559.4570344856 -4.1862143615155494e-05 2.5978408910912236e-05  738559.4570344856
