-0.4556544888175958 -0.025359201619110965 5.8199999999999354 
-0.4556544888175958 -0.025359201619110965 5.8199999999999354 
-0.5461469604996045 -0.02657695769570115 5.844999999999935 
-0.5901219816867773 -0.03164233026072741 5.8649999999999345 
-0.6154757661802819 -0.03434770309556698 5.884999999999934 
-0.6235919322229345 -0.031449593508255734 5.904999999999934 
-0.6182227298195871 -0.032788774088898624 5.924999999999933 
-0.6206622458572524 -0.03436128657293244 5.939999999999933 
-0.6239436421803951 -0.03433118411151301 5.9599999999999325 
-0.6251390319845636 -0.036115680215056185 5.979999999999932 
-0.6169752676793413 -0.033117158853031625 6.0049999999999315 
-0.6173306161342628 -0.03543241549127495 6.024999999999931 
-0.6209761272759694 -0.03643328106231171 6.044999999999931 
-0.6214542054392748 -0.04009076931938791 6.06499999999993 
-0.6209047970820646 -0.03773956826948551 6.07999999999993 
-0.6136130691606627 -0.040192339722836104 6.0999999999999295 
-0.6172079354430298 -0.03586678434615799 6.124999999999929 
-0.6286504534906115 -0.040892499079243756 6.1449999999999285 
-0.6255104130361364 -0.042787667842624895 6.159999999999928 
-0.6166372861650009 -0.042543834072677277 6.184999999999928 
-0.6225140850349637 -0.04432455706306443 6.204999999999927 
-0.6234371577452533 -0.04544696881826479 6.224999999999927 
-0.6280973890047259 -0.04501121891557894 6.2399999999999265 
-0.6250739179244226 -0.04274106955583044 6.259999999999926 
-0.6211535051291969 -0.04496882408177095 6.2849999999999255 
-0.6258810694154404 -0.04663383168106798 6.304999999999925 
-0.6198762098464526 -0.048781965896312764 6.319999999999925 
-0.6282299396818833 -0.04894821644346324 6.339999999999924 
-0.612688540206188 -0.05135307177782148 6.359999999999924 
-0.62115732461979 -0.04842723456549489 6.3799999999999235 
-0.6167275914030753 -0.042373683272711474 6.399999999999923 
-0.6234596684940824 -0.049549285396654486 6.4249999999999226 
-0.6314331032585304 -0.05318479462345149 6.439999999999922 
-0.6290357727086369 -0.04981986619355774 6.464999999999922 
-0.6342237870373519 -0.051768216587362144 6.484999999999921 
-0.6382776258381889 -0.05381269050728387 6.499999999999921 
-0.6397204709064267 -0.0530615824233172 6.52499999999992 
-0.6311164032029437 -0.05597874903765017 6.53999999999992 
-0.6382243441301173 -0.05013315936300772 6.56499999999992 
-0.6298433816434144 -0.05236949362660658 6.584999999999919 
-0.6392134550317339 -0.055082747757714316 6.604999999999919 
-0.6354922299929135 -0.05432053254041898 6.619999999999918 
-0.628329750195554 -0.051618036711083 6.644999999999918 
-0.6374463376925774 -0.0527092855717647 6.664999999999917 
-0.6397756017730132 -0.05063025608082103 6.684999999999917 
-0.6415813061495885 -0.05085510975463712 6.704999999999917 
-0.6450632074313546 -0.05047863302053854 6.724999999999916 
-0.6321926474624125 -0.047073161081287056 6.739999999999916 
-0.6405318546099225 -0.04632114757979774 6.764999999999915 
-0.6472852303801134 -0.04955931638415504 6.779999999999915 
-0.6389693479314673 -0.04422194552944424 6.8049999999999145 
-0.6364390457911122 -0.049842600188871204 6.824999999999914 
-0.6429219609909926 -0.05072410902755943 6.839999999999914 
-0.6417730153524122 -0.04353726706310254 6.859999999999913 
-0.6437658916035529 -0.04397394160137389 6.879999999999913 
-0.6431283319821834 -0.04677186632794871 6.904999999999912 
-0.6535064899083238 -0.03970191232918336 6.924999999999912 
-0.6545345532566936 -0.03550817966533601 6.9449999999999115 
-0.6478867841374611 -0.037573325998818255 6.959999999999911 
-0.6507550592148703 -0.03470702658791364 6.984999999999911 
-0.6514944449610729 -0.0334347742656174 7.00499999999991 
-0.6440938861855052 -0.03761178530399868 7.01999999999991 
-0.6503410638352843 -0.036821249390989026 7.044999999999909 
-0.6532421907608352 -0.033921732907038926 7.059999999999909 
-0.651225116343257 -0.03569618775283731 7.0849999999999085 
-0.6536347444940758 -0.029688732648353987 7.104999999999908 
-0.6593060715430181 -0.020443513180314545 7.119999999999908 
-0.6661735845832695 -0.022775480063159353 7.144999999999907 
-0.6626809476858042 -0.02013813366616521 7.164999999999907 
-0.6601741297481858 -0.018104042299981568 7.1799999999999065 
-0.6629415213392699 -0.017829850606567867 7.204999999999906 
-0.6650276533948757 -0.014817282066332156 7.219999999999906 
-0.6638851572391516 -0.017324613568460993 7.239999999999905 
-0.6615053442472233 -0.0136088685861286 7.264999999999905 
-0.6618599453050054 -0.01270899438517153 7.284999999999904 
-0.6617902074640484 -0.008106616886673865 7.304999999999904 
-0.6633838865438129 -0.006288473324937342 7.324999999999903 
-0.6690322264653233 -0.004636970699838807 7.344999999999903 
-0.6588756703309855 -0.00019796095306024754 7.3649999999999025 
-0.6617538540538321 0.0024450390313893837 7.379999999999902 
-0.6648673704251865 0.0016198164043925642 7.399999999999902 
-0.6646124104998388 0.0023141881184298354 7.424999999999901 
-0.6634736684126658 0.010952066938095174 7.444999999999901 
-0.6656028290263611 0.008798978766436564 7.4599999999999005 
-0.6673730758727658 0.013138668261040605 7.4849999999999 
-0.6658709534280786 0.013400362485979323 7.5049999999998995 
-0.6718189219405758 0.01957432990112891 7.519999999999899 
-0.6676766601151288 0.02306726024664202 7.544999999999899 
-0.6734458276600587 0.02173704523310796 7.564999999999898 
-0.6727806303930906 0.02364893999517688 7.584999999999898 
-0.6744488270578755 0.025595132550764177 7.604999999999897 
-0.6709474005496263 0.031210024621273175 7.619999999999897 
-0.6708613117713006 0.03627384284777361 7.6449999999998965 
-0.6682126118935059 0.03580256364393833 7.664999999999896 
-0.6757855964314502 0.030797376557640622 7.684999999999896 
-0.6614021095374069 0.03089314087213509 7.699999999999895 
-0.6696437558880306 0.04205322864059584 7.724999999999895 
-0.6641708076338223 0.027380604946659455 7.7399999999998945 
-0.6642515564834801 0.033870730467266054 7.759999999999894 
-0.6624886605174184 0.030235313309760495 7.779999999999894 
-0.6670259920552535 0.03522570570091857 7.804999999999893 
-0.6680348871493721 0.03574684014272138 7.824999999999893 
-0.6682693986248053 0.032095151548081256 7.844999999999892 
-0.6602813965562434 0.03718256377189562 7.864999999999892 
-0.6587895998990271 0.03762618970356498 7.884999999999891 
-0.661001336319907 0.01663937844464432 7.899999999999891 
-0.6655927266517364 0.023646229501104954 7.919999999999891 
-0.6604562025923766 0.02498931810302479 7.94499999999989 
-0.668237750398005 0.020831300901305992 7.96499999999989 
-0.6590611722396331 0.02266189005438435 7.979999999999889 
-0.6547898228974923 0.02153416551274443 7.999999999999889 
-0.6641239920851914 0.017565787279246875 8.024999999999888 
-0.6599112264481428 0.012463106140074984 8.044999999999888 
-0.6659753213452904 0.012421933280973881 8.064999999999888 
-0.6687891137892752 0.013079401372690464 8.084999999999889 
-0.6677797169972458 0.0017406113349681413 8.10499999999989 
-0.6657224926126086 0.000263458073234522 8.12499999999989 
-0.6642620249640045 -0.0021574814182809474 8.13999999999989 
-0.6650982002683068 0.001842815432123523 8.16499999999989 
-0.6676719544463836 -0.006474869528682192 8.18499999999989 
-0.67189493242644 0.004041622813616708 8.20499999999989 
-0.674892827603842 0.008359785877430744 8.21999999999989 
-0.6693601302987041 -0.00047614886500148626 8.239999999999892 
-0.6698506139251306 -0.0036411287137231903 8.264999999999892 
-0.6665915291709105 -0.0048856271530034225 8.284999999999892 
-0.6645265222389214 0.03714071747576511 8.304999999999891 
-0.6576479575878517 -0.015028144325022155 8.319999999999892 
-0.6563756969791992 -0.01148811866174989 8.344999999999892 
-0.6523515336038356 -0.01056830908952572 8.364999999999892 
-0.6458967969510829 -0.012684271933645843 8.384999999999891 
-0.654176882827877 0.00532063746261925 8.404999999999893 
-0.6504918728476624 0.0005070990162408806 8.419999999999893 
-0.6522463701294067 0.005115573687986624 8.444999999999894 
-0.6545633805360288 -0.0032737752866147714 8.459999999999894 
-0.6514733461351853 0.003825809685588059 8.479999999999896 
-0.6539877299063525 -0.003834102700626448 8.504999999999896 
-0.6528829314632304 -0.008228463948433663 8.519999999999897 
-0.6621401980235089 -0.008969996217270583 8.544999999999897 
-0.662187246110582 -0.010098132216327086 8.564999999999896 
-0.6682117578659624 -0.004004734256635297 8.584999999999896 
-0.6676828334978465 -0.005142633251930471 8.604999999999896 
-0.6609463002388333 -0.008127881370291518 8.624999999999895 
-0.6650865186981442 -0.012290572718589993 8.644999999999895 
-0.6678699544756472 -0.006571431153362856 8.664999999999894 
-0.6655014499070376 -0.00818909795451361 8.684999999999894 
-0.6597260983541552 -0.014168243463834643 8.704999999999895 
-0.6552208558909163 -0.015284215111982807 8.724999999999895 
-0.6489540776592904 -0.013801818105188256 8.739999999999895 
-0.6508688108811048 -0.01144841986810533 8.764999999999896 
-0.6519078038466504 -0.021612348114606356 8.784999999999895 
-0.6510281599362557 -0.03978369210831553 8.804999999999895 
-0.6538576716989426 -0.026299552178537987 8.824999999999894 
-0.6439277902992283 -0.005881469886541275 8.839999999999895 
-0.6433369717636104 -0.02117885814866953 8.864999999999895 
-0.6431714660445299 -0.04827107564653707 8.879999999999896 
-0.650230149322567 -0.03129018574716315 8.899999999999897 
-0.6424868387199761 -0.05581402211426817 8.924999999999898 
-0.6452232252837347 -0.06791927229113578 8.944999999999897 
-0.6407923065076931 -0.06503465932212224 8.959999999999898 
-0.6424007236854122 -0.07046933421203685 8.984999999999898 
-0.6447735391504233 -0.09878942530957209 9.004999999999898 
-0.6421887041188213 -0.11423456869655263 9.024999999999897 
-0.6434742662734023 -0.1027665965621989 9.039999999999898 
-0.6467308611445356 -0.11448306144510514 9.064999999999898 
-0.642168674457362 -0.13716550216575357 9.084999999999898 
-0.6451460544315448 -0.15066264119430683 9.104999999999897 
-0.6411128043185891 -0.16056647885118003 9.124999999999897 
-0.647614286110937 -0.16515752527622862 9.144999999999897 
-0.6477634489209615 -0.1882244131385027 9.164999999999898 
-0.6475916656066322 -0.20605001334911627 9.184999999999897 
-0.6493656111728997 -0.21935866731012915 9.204999999999899 
-0.6486829996237794 -0.24968721435349953 9.224999999999898 
-0.6467002037500933 -0.30580137410811503 9.244999999999898 
-0.6491222908102037 -0.29062363426906035 9.264999999999898 
-0.650374153112134 -0.35015651148124666 9.284999999999897 
-0.6490607608617789 -0.3828588187482199 9.304999999999897 
-0.6534564849071425 -0.41503334315207885 9.324999999999896 
-0.6523964660837224 -0.44075514065156485 9.344999999999896 
-0.653222370611144 -0.4826807472144196 9.364999999999897 
-0.6550130306539295 -0.5489927708928446 9.384999999999897 
-0.6543569988875589 -0.5954512321678866 9.399999999999897 
-0.6516725689574752 -0.6991103987457508 9.424999999999898 
-0.6503728790327683 -0.8285851701385613 9.444999999999897 
-0.6482983603722187 -0.9569496689555743 9.464999999999897 
-0.6477261818132042 -1.3100442223277773 9.484999999999896 
-0.6454544799371912 -1.7532541974834157 9.504999999999896 
-0.6343886879806323 -2.634841301837568 9.519999999999897 
-0.6270453636862249 -5.541292496280229 9.544999999999897 
-0.5879728850982772 -17.871445684506497 9.559999999999897 
-0.2839456495733384 79.58300209003424 9.584999999999898 
0.14291538450565272 46.9127145945509 9.599999999999898 
0.38131937428753293 18.393847649145414 9.619999999999898 
0.5086299913249892 5.713960519361674 9.644999999999898 
0.5805352634242736 0.426332956480052 9.664999999999898 
0.6117872973816029 -0.9509631179829772 9.6849999999999 
0.6280668738712373 -1.2971025821754574 9.704999999999899 
0.6323288066319946 -1.2187497425394516 9.724999999999898 
0.635162576703027 -1.1327443201902614 9.739999999999899 
0.6338052219869322 -1.055175341907675 9.7649999999999 
0.6379515685630915 -1.026211178782491 9.784999999999899 
0.6359461358500434 -0.9653093804413736 9.8049999999999 
0.6302886431152122 -0.948959852571994 9.8249999999999 
0.6300066346765861 -0.8922912364769408 9.8399999999999 
0.6278507048352205 -0.9008003794640275 9.8649999999999 
0.6233441696985637 -0.8841294289891657 9.8849999999999 
0.6299455034287531 -0.8437056999962689 9.9049999999999 
0.6250409769971241 -0.9921249348974083 9.9199999999999 
0.6274274739843171 -0.8268164229574353 9.939999999999902 
0.6195373191316109 -0.8076446298643425 9.964999999999902 
0.6292252817335205 -0.8202913502005003 9.979999999999903 
0.6267296718378778 -0.795292640653611 10.004999999999903 
0.6234174665308697 -0.760996069201776 10.019999999999904 
0.6279466336829834 -0.7347474050592526 10.044999999999904 
0.6298101392473064 -0.6941173576358457 10.064999999999904 
0.6334510594385252 -0.6697950731988659 10.084999999999903 
0.6373967035354837 -0.6403772388060445 10.099999999999904 
0.6343268087942188 -0.5856122045304942 10.119999999999905 
0.6390281556592887 -0.5455712590253398 10.144999999999905 
0.6414603408826471 -0.49645742753512756 10.159999999999906 
0.63972629474867 -0.44136641951847255 10.184999999999906 
0.6376483841217357 -0.3830702058838852 10.204999999999906 
0.6420898664900627 -0.3284379090959895 10.219999999999906 
0.6400780039282993 -0.28014295369054454 10.244999999999907 
0.6361820210683997 -0.2088144144233443 10.264999999999906 
0.6364373248158598 -0.1570052209856382 10.279999999999907 
0.6339924773426646 -0.1142619295495241 10.299999999999908 
0.6310474189374766 -0.05893502595221755 10.31999999999991 
0.6299493692950652 -0.009110170996747491 10.34499999999991 
0.6305163291853643 0.04115606712940851 10.36499999999991 
0.6207424780209281 0.09658783042952147 10.38499999999991 
0.6147738158354112 0.14755430302623185 10.40499999999991 
0.6142233690853681 0.1859370281542522 10.42499999999991 
0.6126511050524412 0.21714575065855238 10.444999999999911 
0.6086813926164176 0.2549438574484923 10.464999999999911 
0.6070123106992815 0.28640323181105715 10.479999999999912 
0.6056083643772086 0.3145525441831608 10.499999999999911 
0.6038488889157468 0.3431102390860556 10.519999999999913 
0.6030132664856361 0.37202079454846804 10.539999999999912 
0.6012331563599637 0.39452987950521606 10.559999999999912 
0.5999563847568322 0.41609630858370794 10.584999999999912 
0.598297896892973 0.43476062119211495 10.604999999999913 
0.5969400099378218 0.45143558713669624 10.624999999999915 
0.5961613039192541 0.4610264897283692 10.644999999999916 
0.5944918547775424 0.47327893941636934 10.664999999999916 
0.5907362442843936 0.48072458753957453 10.684999999999915 
0.5923645045613091 0.4877643814507784 10.699999999999916 
0.591976986622216 0.4834591188554924 10.724999999999916 
0.5894244361842252 0.48359405811108536 10.744999999999916 
0.5849839747509445 0.48054904527366643 10.764999999999915 
