-0.6590029080874962 -0.03180773110563707 5.989999999999917 
-0.6590029080874962 -0.03180773110563707 5.989999999999917 
-0.8011830939878861 -0.04086697676365656 6.009999999999916 
-0.8682654576844366 -0.04613403007450898 6.029999999999916 
-0.8994198533387314 -0.049970826532396546 6.0499999999999154 
-0.9035501420626422 -0.05106912655876325 6.069999999999915 
-0.9097249323499783 -0.051221879992339264 6.089999999999915 
-0.907203238395312 -0.04988539528833463 6.109999999999914 
-0.9053364544557982 -0.05384630469517951 6.129999999999914 
-0.9012312213615042 -0.05483498181910223 6.149999999999913 
-0.9034680418745837 -0.05996768382087441 6.169999999999913 
-0.9009237671620741 -0.06021654690562733 6.1899999999999125 
-0.8932538538950102 -0.0591565004458862 6.209999999999912 
-0.8963076654489911 -0.061918354268602906 6.229999999999912 
-0.9128304700471587 -0.06591532667631768 6.249999999999911 
-0.8943572626697632 -0.0649858496141244 6.269999999999911 
-0.8897674110895014 -0.06493939717048208 6.28999999999991 
-0.8816252008087755 -0.06583438111539326 6.30999999999991 
-0.8851051701632286 -0.06832620375553901 6.3299999999999095 
-0.8786406900099246 -0.06986005684284972 6.349999999999909 
-0.8825790903403207 -0.07267642567134446 6.369999999999909 
-0.8798388971956103 -0.0708763039074986 6.389999999999908 
-0.8782970804590041 -0.0743063067552683 6.409999999999908 
-0.886724266212289 -0.0791625178566715 6.429999999999907 
-0.8780917989330558 -0.07595028543848108 6.449999999999907 
-0.864945805252411 -0.07411355165823785 6.4699999999999065 
-0.8696991232173766 -0.07706889210064599 6.489999999999906 
-0.8596930831568911 -0.07267922944299195 6.509999999999906 
-0.8618733712789314 -0.07400544498550331 6.529999999999905 
-0.8745850367752246 -0.08125907385236922 6.549999999999905 
-0.8583596221277815 -0.07259316634603204 6.569999999999904 
-0.8513432889384903 -0.07199206682492115 6.589999999999904 
-0.8611166140193777 -0.07732162919430813 6.6099999999999035 
-0.8517430304823004 -0.07373427697919564 6.629999999999903 
-0.8459618160142015 -0.07202311132074829 6.649999999999903 
-0.8447771246037147 -0.07073067274225722 6.669999999999902 
-0.8415465552012642 -0.07120896896249788 6.689999999999902 
-0.8378096823150096 -0.06726006942593739 6.709999999999901 
-0.8344822197080879 -0.06514628537976 6.729999999999901 
-0.8387258998197569 -0.06748156524654644 6.7499999999999005 
-0.8111257463911629 -0.059515347051254636 6.7699999999999 
-0.8177922007542419 -0.06177999365357919 6.7899999999999 
-0.8228056301946319 -0.06145116963549997 6.809999999999899 
-0.8244782610587786 -0.06381096024150092 6.829999999999899 
-0.8162206388460383 -0.0561330861875052 6.849999999999898 
-0.7975370765908553 -0.049789704969772364 6.869999999999898 
-0.8036829365492512 -0.0549875594252443 6.8899999999998975 
-0.8024340874239023 -0.05347502717344057 6.909999999999897 
-0.7879629869835356 -0.042907508086016864 6.929999999999897 
-0.7908496273718327 -0.048583943424900716 6.949999999999896 
-0.7869804354522586 -0.04375971274471483 6.969999999999896 
-0.7756482484515344 -0.0342106288510618 6.989999999999895 
-0.7761194897520994 -0.03998008984237307 7.009999999999895 
-0.7624565428076517 -0.03301139972672688 7.0299999999998946 
-0.7686169281724102 -0.033631482893634206 7.049999999999894 
-0.7695498526617236 -0.033434086703592866 7.069999999999894 
-0.7485898442066597 -0.02419717402226769 7.089999999999893 
-0.7466040250580306 -0.0249076594713645 7.109999999999893 
-0.7391520170193944 -0.019842200812011355 7.129999999999892 
-0.7339042918245079 -0.016434529472449402 7.149999999999892 
-0.7400543698170265 -0.022787780472864377 7.169999999999892 
-0.7310095011360934 -0.018086995863135384 7.189999999999891 
-0.7270681510660482 -0.014828773687469467 7.209999999999891 
-0.7249469907832045 -0.013321094273284376 7.22999999999989 
-0.7254364126657982 -0.015385296197181755 7.24999999999989 
-0.7194225115802171 -0.014692530984951246 7.269999999999889 
-0.707594407677013 -0.006233271900824365 7.289999999999889 
-0.7147712474189263 -0.008116244883635998 7.309999999999889 
-0.7112121950925729 -0.009275067673822442 7.329999999999888 
-0.7033560087025804 -0.004840084308894701 7.349999999999888 
-0.6821065962520042 0.007122153051067488 7.369999999999887 
-0.6944722322644973 -0.0054553677659993135 7.389999999999887 
-0.6775633024553631 0.008527937024648782 7.4099999999998865 
-0.6986445460918969 -0.006607132373607912 7.429999999999886 
-0.690658094532878 -0.005245510028883738 7.449999999999886 
-0.6807210456563684 0.0020061353177364544 7.469999999999885 
-0.6722785477079827 0.0009937574676103435 7.489999999999885 
-0.6733708165544806 -0.0007447380196403842 7.509999999999884 
-0.6720297122045299 -0.00033791708521469763 7.529999999999884 
-0.6649627433012594 0.0013037863593138566 7.5499999999998835 
-0.6701021546313547 -0.0013226832616497774 7.569999999999883 
-0.657468699247754 0.002270082823626998 7.589999999999883 
-0.6479623893341592 -0.0035694443411921845 7.609999999999882 
-0.6595000102971389 -0.010718102725219232 7.629999999999882 
-0.6468003380132006 0.007913276146775783 7.649999999999881 
-0.6454765186945701 0.020001128961513938 7.669999999999881 
-0.6485658737332269 -0.0110668248647975 7.6899999999998805 
-0.6397322524572495 0.018680946637549108 7.70999999999988 
-0.6344724155515493 0.003925682917618384 7.72999999999988 
-0.6332992070494676 0.0264094237598308 7.749999999999879 
-0.6315789214939773 0.006206669694973209 7.769999999999879 
-0.6360296046039906 0.0008022630366805346 7.789999999999878 
-0.6295640828602462 0.013161846918028521 7.809999999999878 
-0.6233353456599101 0.021454710820372324 7.8299999999998775 
-0.6218247359149408 0.017536990317073047 7.849999999999877 
-0.6282190428885515 0.014597543887832052 7.869999999999877 
-0.6221797902462908 0.021658720268787582 7.889999999999876 
-0.6131331795318539 0.02713400221863873 7.909999999999876 
-0.6148164350226594 0.020478877942580624 7.929999999999875 
-0.6183347281326476 0.027936986739088662 7.949999999999875 
-0.616058574114169 0.02574250442867287 7.9699999999998745 
-0.6087235034651769 0.030643589674339656 7.989999999999874 
-0.6086339075056618 0.024295638147597574 8.009999999999874 
-0.6115454627563414 0.008933400572361335 8.029999999999873 
-0.6091372363255514 0.020140150828605752 8.049999999999873 
-0.6090774617094454 0.027640554105503406 8.069999999999872 
-0.6040834041242216 0.026025084866709628 8.089999999999872 
-0.6024737509428065 0.01767129652113602 8.109999999999872 
-0.6003640776266422 0.014711002847944452 8.129999999999871 
-0.6019252389994788 0.020442050019681465 8.14999999999987 
-0.6010453113056338 0.016686385728858416 8.16999999999987 
-0.597751687232499 0.0026990590605115525 8.18999999999987 
-0.5980424577685493 -0.0010561723619135917 8.20999999999987 
-0.5979636188659746 0.00023823585363559434 8.229999999999869 
-0.592146961469029 0.006002373828260433 8.249999999999869 
-0.5907917525543422 0.002415356109500669 8.269999999999868 
-0.5915635547083682 0.0005468357362951228 8.289999999999868 
-0.5929372371371888 -0.008380136416536624 8.309999999999867 
-0.5876176479623801 -0.00674880915108891 8.329999999999867 
-0.5873795632488261 -0.010554367087337362 8.349999999999866 
-0.5860692814244912 -0.011223771796861966 8.369999999999866 
-0.5861385049777168 -0.014935583197206089 8.389999999999866 
-0.5858270380742534 -0.026617061280829746 8.409999999999865 
-0.5805441374398483 -0.010090376478404255 8.429999999999865 
-0.5803121321803935 -0.04011867609718207 8.449999999999864 
-0.5793279031558023 -0.04308110597314575 8.469999999999864 
-0.5767823769724677 -0.027636339341904258 8.489999999999863 
-0.5723154208931834 -0.045663046299652635 8.509999999999863 
-0.5690807443668588 -0.03458631535476936 8.529999999999863 
-0.5745824172685852 -0.04967675017810673 8.549999999999862 
-0.5695885872278634 -0.045645978152715386 8.569999999999862 
-0.5651825777178344 -0.06487680973914148 8.589999999999861 
-0.5634082264559487 -0.06692735162147519 8.60999999999986 
-0.5605311242930463 -0.05373066218619883 8.62999999999986 
-0.558011067383076 -0.07605006941882324 8.64999999999986 
-0.5575342130604809 -0.07505873262564867 8.66999999999986 
-0.5535653703624761 -0.054533783904576555 8.68999999999986 
-0.5514258562193219 -0.06019165626444504 8.709999999999859 
-0.5520787625616604 -0.07551205180637147 8.729999999999858 
-0.5462236178750841 -0.07563360183648485 8.749999999999858 
-0.545417732400123 -0.07692472594612881 8.769999999999857 
-0.5436723720560699 -0.09910872862064066 8.789999999999857 
-0.5384536409567114 -0.10442350870488867 8.809999999999857 
-0.5361360028929106 -0.09675666478377112 8.829999999999856 
-0.5297016497789039 -0.1127348340096507 8.849999999999856 
-0.5271762744781264 -0.11064447184297653 8.869999999999855 
-0.5208001425131155 -0.11928192694771694 8.889999999999855 
-0.5186704956096241 -0.1296755422845594 8.909999999999854 
-0.518320863486648 -0.15448877583312462 8.929999999999854 
-0.5116069236064963 -0.12150051084319524 8.949999999999854 
-0.5037952595529456 -0.11974313754511386 8.969999999999853 
-0.49923152049623704 -0.11878559121342286 8.989999999999853 
-0.5012398529817957 -0.1242307057916952 9.009999999999852 
-0.49480861416347377 -0.1387433989143028 9.029999999999852 
-0.49175445602661916 -0.13558738915030719 9.049999999999851 
-0.48846380550922425 -0.14536461769784265 9.069999999999851 
-0.48514138234108284 -0.10315126040220629 9.08999999999985 
-0.4878244539203948 -0.11709376179665078 9.10999999999985 
-0.47755142283352603 -0.12357615179061014 9.12999999999985 
-0.47114549495217023 -0.12052561648912893 9.14999999999985 
-0.46481447585587343 -0.1223785400061428 9.169999999999849 
-0.46460850217709504 -0.09518310123154572 9.189999999999849 
-0.4555882098371043 -0.09424441326751619 9.209999999999848 
-0.4539017093564789 -0.09587123965923762 9.229999999999848 
-0.45029260662705417 -0.07830294732381102 9.249999999999847 
-0.44625062750916383 -0.12461017432311378 9.269999999999847 
-0.43898368501448204 -0.03160024521501245 9.289999999999846 
-0.4352933892129856 -0.054614252080992146 9.309999999999846 
-0.4324576672842997 -0.04765284635982734 9.329999999999846 
-0.42204702234897096 0.060092752592062225 9.349999999999845 
-0.4156449041803769 0.09624769557524887 9.369999999999845 
-0.4126474613103006 0.06058120201718405 9.389999999999844 
-0.40694899502551524 0.05405094835937534 9.409999999999844 
-0.4004718229212105 0.1123382060203107 9.429999999999843 
-0.39261148271543245 0.16504629814388244 9.449999999999843 
-0.3920944888035174 0.2932758553323178 9.469999999999843 
-0.3869170903640756 0.34026149573627085 9.489999999999842 
-0.37793458708793537 0.3171550824393123 9.509999999999842 
-0.3683382823451309 0.4155929502154604 9.529999999999841 
-0.35719119954058093 0.48111918942298487 9.54999999999984 
-0.3544027558454204 0.5519382723464568 9.56999999999984 
-0.3457008822643216 0.6872558671649814 9.58999999999984 
-0.35384666032880446 0.6569380446118122 9.60999999999984 
-0.3361807865457105 1.0838441484946277 9.62999999999984 
-0.32888851272377595 1.233741879373618 9.649999999999839 
-0.3241577126623698 1.598774652954682 9.669999999999838 
-0.3223780539771486 1.890467658019908 9.689999999999838 
-0.29748584218494784 2.53528449853225 9.709999999999837 
-0.2850245688981291 3.0817275793199856 9.729999999999837 
