0.3 1.0 2.322252820272682 -0.0408414886060995 0.1043897776117166  738512.6146811085
0.3 1.0 2.324757140461678 -0.05228805765707312 0.09865854781895181  738512.6146814536
0.3 1.0 2.3262957055082456 -0.05025542794446059 0.10080560635090303  738512.6146818065
0.3 1.0 2.3277730422404193 -0.04817106999249013 0.10532765345929157  738512.614682163
0.3 1.0 2.331083491514074 -0.06564885991606523 0.09579324523268502  738512.6146825316
0.3 1.0 2.3330564713298982 -0.06643505504124662 0.11160968308964583  738512.6146828897
0.3 1.0 2.3350890805798716 -0.06925464375221525 0.13247658358989545  738512.6146832468
0.3 1.0 2.336395689194418 -0.061853948615960636 0.14675957456353125  738512.6146836048
0.3 1.0 2.3382589148615285 -0.06275873065884618 0.17024735610565425  738512.6146839662
0.3 1.0 2.340699875868073 -0.05996154070185175 0.1997621420370341  738512.6146843262
0.3 1.0 2.3424373255477864 -0.056657236893851305 0.22082118408588775  738512.6146846747
0.3 1.0 2.351583502848243 -0.11571466554879893 0.22253834490955654  738512.614685043
0.3 1.0 2.355007791339303 -0.11357342699705195 0.24243483430356175  738512.6146854046
0.3 1.0 2.3583704872648124 -0.11058214720153146 0.26114664415346456  738512.614685758
0.3 1.0 2.3593296765594842 -0.08363891585169474 0.2887588281986248  738512.6146861085
0.3 1.0 2.3616675982790896 -0.07539679307593977 0.30490430760047704  738512.6146864668
0.3 1.0 2.363833307068919 -0.06675113420044601 0.31996047580986287  738512.6146868117
0.3 1.0 2.364453919796034 -0.05349685821760941 0.3663334552413184  738512.6146871693
0.3 1.0 2.365948686827905 -0.05021382104391599 0.3767816646977623  738512.6146875209
0.3 1.0 2.3673765983433808 -0.04722768074215262 0.3851878769623164  738512.6146878869
0.3 1.0 2.369559421488742 -0.04881474081838865 0.2811431224133807  738512.6146882368
0.3 1.0 2.3709557178697405 -0.044916631546010576 0.28439976915989607  738512.6146885937
0.3 1.0 2.3722925886373925 -0.04384916339366459 0.28528032723700597  738512.6146889445
0.3 1.0 2.37408206020656 -0.04535137858309136 0.2867338275948789  738512.6146893176
0.3 1.0 2.383955261167324 -0.12194732246015978 0.33204180066386224  738512.6146896804
0.3 1.0 2.3877021447819184 -0.1283799355377422 0.3363594734604922  738512.6146900301
0.3 1.0 2.3916477362537 -0.1346728365892685 0.34065700035379015  738512.614690382
