-0.24274604200003133 0.8694083115676464 1.537932327854249 0.28079645551729027 0.14686861017248226  738545.6783386305
-0.24274604200003133 0.8694083115676464 1.5285012903104744 0.32598000883398776 0.21051739554546936  738545.6783388053
-0.24274604200003133 0.8694083115676464 1.5252331384486528 0.32805045980470265 0.20993177830732998  738545.6783389827
-0.24274604200003133 0.8694083115676464 1.518628968069772 0.33288733370617485 0.20909881928468096  738545.6783391617
-0.24274604200003133 0.8694083115676464 1.5152889238419383 0.33556599237595625 0.2087543251121564  738545.6783393363
-0.24274604200003133 0.8694083115676464 1.5085272957757676 0.3410723456234887 0.20788947538545036  738545.6783395117
-0.24274604200003133 0.8694083115676464 1.5051049825533067 0.34374710830764427 0.20725941228965233  738545.6783396925
-0.24275942071494433 0.8694177547888077 1.5066088980634587 0.25676662085698543 0.16932449259136362  738545.6783398781
-0.24276228758242568 0.8694197783361993 1.5014235928279611 0.26137122464104884 0.16565981299710233  738545.6783400514
-0.24276228758242568 0.8694197783361993 1.498798398491085 0.26339585888143036 0.16343020578461942  738545.6783402365
-0.2427618097711788 0.8694194410783007 1.493499915177622 0.2664425513976406 0.1585071893318576  738545.6783404112
-0.24276145141274363 0.8694191881348767 1.4908305524347423 0.2676970211695137 0.15593364001852797  738545.6783405881
-0.24276127223352606 0.8694190616631647 1.4854580785638398 0.270036667133188 0.1509862260896976  738545.6783407704
-0.24276121250712018 0.8694190195059275 1.4827541326333615 0.2713441877601467 0.1487734071998656  738545.6783409514
-0.24275817081606216 0.8694231293391774 1.4734585216326652 0.3121335996352107 0.21847459272057712  738545.6783411175
-0.24275754142252334 0.869424025826695 1.4703314039220046 0.313856989577043 0.21751610093716559  738545.6783412994
-0.2427575675528259 0.8694240442704863 1.4640184540706025 0.318149620600976 0.2164656638358992  738545.6783414815
-0.24275769858205162 0.8694239132996914 1.4608276257986477 0.3206867000833867 0.2163043555011836  738545.6783416679
-0.2427577968539709 0.8694238150715952 1.4543669772473187 0.3263760373220643 0.21622411639338443  738545.6783418467
-0.24275784925621835 0.869423768263021 1.4477909898869255 0.33238289474069743 0.21573945835382866  738545.6783422175
-0.24275655220466755 0.8694079378156018 1.4430091460524566 0.28700603871599417 0.2064330274411396  738545.678342402
-0.24275627460489163 0.869404551802181 1.4398393827611506 0.2897383014757565 0.20413084059580114  738545.6783425871
-0.24275627254575644 0.8694045608232794 1.4340091082987998 0.2939528887936446 0.1987179594997734  738545.6783427641
-0.24275631552544177 0.8694051350590651 1.4310645848953685 0.2956588492111388 0.19557324177454347  738545.6783429459
-0.24275634683934916 0.8694055663952424 1.4251245319809316 0.2986935732195234 0.18904572441676692  738545.6783431198
-0.24275960123613813 0.8694053947715914 1.419127123111854 0.30153042822927933 0.18283107769899856  738545.678343304
-0.24276029910938685 0.869405385857517 1.4180682286413646 0.280583604901905 0.1962991390494364  738545.6783434902
-0.24276029757222822 0.8694053883731454 1.4124271402780506 0.28433169579888057 0.1912935752395142  738545.678343671
-0.2427601786611524 0.8694053773791873 1.4095770567530999 0.2866106346350737 0.18913129688814806  738545.6783438498
-0.2427600886815637 0.8694053578872695 1.403804274473196 0.2919499566824434 0.18533018844906968  738545.6783440222
-0.2427600427033427 0.869405337209315 1.4008756248432395 0.29500372423853977 0.1835479208320374  738545.678344204
-0.2425471927492609 0.8693429646018092 1.3947530110945845 0.30720926669574006 0.1765383792822043  738545.6783444631
-0.24250158426407195 0.8693295892650135 1.3855993624166192 0.31453966612900736 0.21028010744763675  738545.6783447638
-0.24250158885133338 0.8693295796298761 1.3793278688823003 0.31917972738560674 0.20635518258659516  738545.678344937
-0.24250919585185704 0.8693318001038286 1.3761480725025497 0.32100156803441027 0.20430366607976844  738545.6783451083
-0.2425149018515478 0.8693334661240109 1.3696897029286708 0.3262474965968941 0.19854140324553754  738545.6783452864
-0.24273646321419176 0.8694018824417399 1.36659858516625 0.32289509174956404 0.19874892915479211  738545.6783454695
-0.24278428186762138 0.869416641444468 1.3628363391271239 0.2944497915197922 0.20289366643152204  738545.6783456523
-0.24278428366435545 0.8694166404687771 1.3598395688533402 0.2991016379603992 0.19821688295999457  738545.6783458388
-0.24277611753971481 0.8694141217929108 1.3568123263324845 0.3029447188676677 0.19400897987021465  738545.6783460215
-0.242769844336882 0.8694121893862206 1.3476081974229706 0.3109773611279555 0.18364009925220345  738545.6783461849
-0.24276655935070504 0.8694111796611236 1.3444897536199194 0.3139518376359338 0.1801430104832526  738545.6783463544
-0.24276531600798412 0.8694107995440125 1.3381715540497678 0.31993517093747037 0.17333732997586604  738545.678346529
-0.2427473855445108 0.8694154937315495 1.3349603236301644 0.3233579950487324 0.16949997320701687  738545.6783467889
-0.2427438267827887 0.8694165885162005 1.326028538659111 0.3246344169770312 0.1924672858407052  738545.6783470737
-0.24274417605339726 0.8694166976608356 1.3194816229816035 0.33167597090342854 0.1856297386304243  738545.6783472475
-0.2427451277226676 0.8694166270627421 1.3161547122939228 0.3352213755502242 0.18217511979241457  738545.6783474325
-0.24274584842840136 0.8694165761552071 1.3093933765047556 0.34239593715568845 0.17485883092614032  738545.6783476097
-0.2427470054688467 0.8694115811903607 1.3059555550105386 0.3460246211881266 0.17113473606560292  738545.6783478248
-0.2427473602196243 0.8694105276356576 1.3000208252167254 0.33880095034201874 0.1903650784624301  738545.6783479778
-0.2427474344000897 0.8694105506515704 1.293183450159218 0.3452508134329326 0.18211494870586994  738545.6783481636
-0.24274742423776027 0.869410750970861 1.289368344580492 0.3486366061529871 0.17743975182963262  738545.6783483493
-0.24274739770276427 0.8694109024935244 1.2823372750927133 0.35461217788371985 0.16879427242126682  738545.6783485332
-0.24274737479457553 0.8694109824150408 1.2787767304691577 0.35752303827316356 0.16442556603705247  738545.678348711
-0.24274735906324824 0.869411013695229 1.2715674887429087 0.3634301640453672 0.1555846072151413  738545.6783488906
-0.2427566991761446 0.8694169822698352 1.2679273765666115 0.36608238556400097 0.15121219546936931  738545.6783490636
-0.24275869705037784 0.8694182553909138 1.26216076913605 0.35593773558378466 0.17065900356853503  738545.6783492352
-0.2427586938873339 0.8694182479752269 1.2585822619887106 0.35905843686713973 0.16626349349027003  738545.6783494129
-0.24275835825120512 0.8694180280827134 1.2513338528108633 0.36520197805543575 0.157567599819515  738545.6783495897
-0.24275810690357408 0.8694178629458431 1.2439668452010182 0.37114379350591964 0.14899162978952807  738545.6783497722
-0.24275798121384357 0.869417779232962 1.2402403368773678 0.3739870373932246 0.14473808054689039  738545.6783499575
-0.24275793923545502 0.8694177500297289 1.236486170176682 0.3767168487506444 0.14046514781196912  738545.6783501446
-0.24274130702626323 0.8694044318185629 1.229395341929405 0.3763180027017551 0.17119102602738057  738545.6783503033
-0.2427377586013473 0.8694015872172449 1.2218301421195124 0.38095794989487325 0.16261301180524784  738545.6783504806
-0.24273777683480313 0.8694015982308664 1.218013602106776 0.38305469045465984 0.15821016009175903  738545.6783506661
-0.24273838647752483 0.8694020834258912 1.2103118939713577 0.38748510447616785 0.14898887951483045  738545.678350852
-0.24273884371340104 0.8694024473830475 1.2025168158355508 0.3919435719469483 0.13934719662700035  738545.6783510381
-0.24273907461435607 0.8694026307992162 1.198585333149424 0.3941480766822248 0.13436009295301707  738545.6783512217
-0.2427452307188225 0.8694126577873516 1.1906672532435083 0.39815639259600466 0.12409648669727112  738545.6783513987
-0.24274653624408932 0.869414795110452 1.1870818922620943 0.3960737483303013 0.1498438854743439  738545.6783515693
-0.24274651051965945 0.8694147741448959 1.1791108176244363 0.4002325326786086 0.1396927776525304  738545.6783517399
-0.24274626230212284 0.8694143930777531 1.175095837706461 0.40221880854668435 0.13457906834161681  738545.6783519152
-0.24274607245979868 0.8694141043665938 1.1670113985368993 0.40586422328719746 0.12425752272666264  738545.6783520917
-0.24274597064391118 0.8694139544795173 1.1629436014117018 0.4075556850944031 0.119035846959595  738545.6783522781
-0.24274592927463096 0.8694138985488792 1.1547590239211407 0.41079428661585426 0.10827054577894489  738545.6783524643
-0.24275445830792156 0.8693988293620912 1.1431195517336823 0.40736521201268305 0.14439897761612983  738545.6783528312
-0.24275629214350705 0.8693956137304589 1.1349511421228333 0.4097628374501599 0.1335683395473252  738545.6783530132
-0.24275630028886552 0.8693956302029532 1.130850222759827 0.4107725128361211 0.12807960148571518  738545.6783531985
-0.24275600325937544 0.8693961829870702 1.1226182296211877 0.4126339507956141 0.11733111819470482  738545.6783533749
-0.24275413081580433 0.8694000239975361 1.1184899719756995 0.41341836953796623 0.11177978324749624  738545.6783536169
-0.242753667394719 0.8694009679437039 1.110921779321271 0.36246113858017087 0.10882655861155575  738545.6783539164
-0.24275363231575514 0.8694010405499558 1.1032940585331283 0.3637862653601527 0.09639313682251728  738545.6783541009
-0.2427536932076769 0.8694009216260161 1.0960045277589991 0.3650250039319176 0.08391267504052079  738545.6783542765
-0.2427537529271468 0.8694008067786886 1.0923502015931508 0.36568631018624004 0.07747217456454542  738545.678354447
-0.2427537924525398 0.8694007327764335 1.08502029258501 0.3671842339239373 0.06433035828562436  738545.6783546231
-0.24275381456251716 0.8694006930430541 1.0813431805963585 0.36808926974422823 0.057747813105837105  738545.6783548939
-0.2427573968510473 0.8694009918494356 1.059184714716966 0.4718246041223907 0.12819018384924535  738545.6783551635
-0.24275816696716557 0.869401052702178 1.049702718744065 0.4752892110865405 0.11708373169165283  738545.6783553425
-0.2427581687469819 0.869401050878694 1.0449354387663463 0.4772421190805633 0.11156070474899021  738545.6783555207
-0.24275804161568393 0.8694010398547088 1.035345390299484 0.4810156494790094 0.10048530183656347  738545.6783556998
-0.24275366152332456 0.8694082336936193 1.0305254759549718 0.4826539101100146 0.09410111676890327  738545.6783559198
-0.24275269537367672 0.8694097735483038 1.0198546972583953 0.49597721703315883 0.11765523844565899  738545.6783560718
-0.24275267918774865 0.8694097728877278 1.0099139839328455 0.49642277144789854 0.10443565462927867  738545.6783562568
-0.24275283200954753 0.8694095162357142 1.0049452443809408 0.49585049659119057 0.09725551778126287  738545.6783564417
-0.2427529526129859 0.8694093242349613 0.995038177039549 0.4931293156362656 0.08256343211598909  738545.6783566251
-0.2427530168785533 0.8694092286402703 0.9901094457019616 0.49108319666557687 0.07518331890262714  738545.6783567951
-0.2427530419270505 0.8694091971672967 0.9803213857648263 0.4861212346962037 0.06027735441758657  738545.6783569704
-0.24275221895609916 0.8694086218155304 0.975465455162763 0.4834494558428378 0.052676894847437414  738545.6783571438
-0.24275203757214692 0.8694085108067133 0.9768710773520214 0.3773879286977643 0.05817499587389907  738545.6783573177
-0.24275203124694367 0.869408525085378 0.9731025794281695 0.3747796485099129 0.05117684643893145  738545.6783575038
-0.242752054925734 0.8694085578410169 0.9656401178590082 0.3701653465473813 0.03676397554772258  738545.6783576851
-0.24275207251482794 0.8694085823893747 0.9582632786803329 0.36654529127961877 0.02241067288752073  738545.6783578609
-0.2427520803487257 0.8694085964300153 0.9546008640987615 0.3651728434526681 0.014849903680955592  738545.6783580361
-0.24275208186760067 0.8694086031741627 0.9473124910012629 0.36338965143778784 0.00043330228270232747  738545.6783582224
-0.24275261235126672 0.8694099073427152 0.9376286124376527 0.43030264713950417 0.07097647425823249  738545.6783584098
-0.24275272406838083 0.8694101869170271 0.9290182740064523 0.4302514123808436 0.0576911730451623  738545.6783585933
-0.2427527219206505 0.8694101867869279 0.924712145049631 0.4305984335317645 0.05074539075346798  738545.6783587792
-0.2427527012216777 0.8694101399321141 0.9160891815067467 0.43149460321583544 0.03763561366485917  738545.6783589635
-0.24275268574865544 0.869410104694257 0.9074487249632444 0.43232814600059627 0.023641310003374282  738545.6783591458
-0.24275267779488544 0.869410086962319 0.903123916828067 0.4324923605845846 0.016469970806768482  738545.6783593245
-0.24263166702570083 0.869387594242177 0.894373898354748 0.4351971576945575 -0.001283310305220769  738545.6783595196
-0.24260573643216962 0.869382775519612 0.884280506680669 0.4814172842524732 0.04670959766750113  738545.6783596923
-0.24260573711485803 0.8693827776049031 0.8794939048773703 0.4790912765103608 0.040176823699638806  738545.6783598723
-0.24261005973789096 0.869383583184746 0.8747231895286407 0.4769867173199695 0.03274686920381244  738545.6783600588
-0.24261330183623267 0.8693841876502211 0.8604988482711936 0.471458670264811 0.010287423305518927  738545.6783602433
-0.24261492310180657 0.8693844904242132 0.8557952159364229 0.46940633195794407 0.0010903255273207544  738545.6783604055
-0.24261546375429027 0.8693845919335752 0.8511108841589636 0.4674482164317657 -0.006464653386707322  738545.6783605856
-0.24273862610465424 0.869396758089871 0.8418974672784949 0.460507978835003 -0.01880463341895532  738545.6783607712
-0.2427648155809291 0.8693993277917478 0.8459165219768179 0.36260621582446784 0.03695037974547063  738545.6783609478
-0.24276457935349727 0.8693992841651095 0.8386521574970818 0.36033796911993604 0.02140659531415335  738545.678361134
-0.24275997819893883 0.8693988122182813 0.835042462707378 0.3594659662410148 0.013348592629338506  738545.67836131
-0.24275652732220943 0.8693984582307525 0.8278772637149188 0.3565950299383223 -0.0017936163438821442  738545.6783614962
-0.24275477234460516 0.8693982757562505 0.824318517532298 0.35521574503771125 -0.009339626520392063  738545.6783616719
-0.24275308240686985 0.8694059209165474 0.8065190057289906 0.4922191898992739 0.04505053166742721  738545.6783618572
-0.2427528087111654 0.8694075653540267 0.7966932508915535 0.4906863773672489 0.03128745787151507  738545.6783620331
-0.24275298746961418 0.8694075806341773 0.7917888362633122 0.4903512082974538 0.024351863341699035  738545.6783622095
-0.24275324963684877 0.8694073258713308 0.7819842489074269 0.4903557375850497 0.010170178389611312  738545.67836239
-0.24275347460690103 0.8694071378216331 0.7770806029525044 0.4905342637177514 0.002948612681755866  738545.6783625629
-0.24275363778135955 0.8694070487292402 0.7672689097909159 0.49065360032471306 -0.012110217403694295  738545.6783627348
-0.24275374658641247 0.8694070242825684 0.7623641511731767 0.49031266025330333 -0.01994023937852327  738545.6783629201
-0.24275801364179977 0.8694087878121061 0.7537537206682334 0.42985413013599927 0.019948710089969318  738545.6783632811
-0.2427589554512473 0.8694091814508434 0.7451873130065045 0.42544234073015647 0.003101076323585294  738545.6783634622
-0.24275898066339335 0.8694091991573036 0.7367196779225255 0.4197177446259666 -0.014484400602128954  738545.6783636482
-0.24275884550645027 0.8694091509291331 0.73253097434393 0.41659018979813933 -0.02337072956134766  738545.6783638311
-0.24275874158810704 0.8694091145118743 0.724249596751804 0.4102653707778369 -0.04098751225588525  738545.6783640253
-0.24275113761994457 0.8694056038832438 0.7229707762521805 0.3721391661734497 0.022971281714317955  738545.6783642044
-0.24274950321024877 0.8694048520082351 0.715578306150214 0.366927478891859 0.007732035404204626  738545.6783643932
-0.24274950474923124 0.8694048550205328 0.7119193272503301 0.36469453120299844 0.00037736401057547045  738545.67836455
-0.24274978236895647 0.869404984616657 0.7046586179865587 0.36137085445369554 -0.01410250095586321  738545.6783647322
-0.2427499933430955 0.869405082767244 0.7010504345888489 0.3601514967283516 -0.021375889446275984  738545.6783649136
-0.24275010178188292 0.8694051331725686 0.6938629989761678 0.35857088007014754 -0.0364596783974987  738545.6783650964
-0.24268012707074924 0.8694210328865761 0.6866594087578297 0.35898907117239304 -0.055329636645010886  738545.6783652717
-0.2426651278425235 0.8694244378259876 0.6750420855254783 0.4395768147415603 0.02860190295805697  738545.6783654508
-0.24266511765645093 0.8694244331157412 0.6658339446079945 0.43869393103500465 0.01339088663925527  738545.6783656268
-0.24266760495961964 0.8694238598100641 0.6614531374190482 0.43824601044528927 0.006023240111087137  738545.6783658123
-0.24266946865039896 0.8694234290016596 0.6526934588183437 0.43782661069577966 -0.010437664462895511  738545.6783659902
-0.2426703974359323 0.8694232121795299 0.6483159253324221 0.4375691826971363 -0.019081783596232433  738545.678366174
-0.24267070375904393 0.8694231383894291 0.639569018085721 0.436695123379129 -0.037270085533985996  738545.6783665211
-0.2426850204202716 0.8694126573853773 0.6310773816669621 0.3836706665680325 0.02961854851200969  738545.6783667305
-0.24268796930521885 0.8694104372276842 0.6234174749885423 0.3811837438646947 0.011793396763059759  738545.678366916
-0.24268783091469198 0.8694104674842289 0.6196067824651914 0.3797862384830684 0.0025500826690476024  738545.6783671
-0.2426872012478447 0.8694108678618094 0.612031905085607 0.37677787109920685 -0.015578966377994843  738545.6783672863
-0.2427433339423647 0.8694189290867586 0.6045651684112748 0.3723826971042526 -0.03233237102660891  738545.6783675743
-0.2427552103466791 0.8694207461607383 0.5815628592943504 0.4976180384223079 0.042241538388446874  738545.6783678259
-0.24275510592016658 0.8694208019876358 0.57657804823895 0.497554895320266 0.03301840536421222  738545.6783679986
-0.24275305856397694 0.869420530575616 0.5666217454539146 0.4973056626107672 0.01485715937418956  738545.6783681739
-0.2427515504001162 0.8694203087216604 0.5616467364647283 0.497334996379554 0.005315258055806883  738545.6783683586
-0.24275081061815323 0.8694201864781043 0.5517051641661785 0.49675687437994415 -0.014703217161699386  738545.6783685327
-0.24275123097282206 0.8694028438073137 0.5467301352346434 0.496411482606799 -0.024643630576825757  738545.678368775
-0.2427513859039331 0.8693991260270197 0.5368302135373302 0.49358415244842196 -0.0478789039343174  738545.6783690779
-0.2427514912008133 0.8693991303209041 0.5331678845857194 0.4326901290312549 0.017962965405671712  738545.6783692627
-0.2427515854921339 0.8693997572631024 0.5203269690573565 0.42236439225899064 -0.016883303812026886  738545.6783694361
-0.24275166732284356 0.8694002297334497 0.5161189418477157 0.4184153898520388 -0.028751650733385585  738545.6783696142
-0.2427517325125276 0.8694004687690575 0.5078167464197539 0.41075704698705207 -0.052577127583285546  738545.6783698205
-0.24274893456577207 0.8694087936994932 0.5022105231714131 0.42638216661260414 0.04078989329346779  738545.6783699698
-0.24274835831106872 0.8694105635546504 0.493735291605198 0.4205100960079718 0.020210919400922223  738545.678370156
-0.2427483807615061 0.8694105369598718 0.48953872293667927 0.4181998363101533 0.009965577260714164  738545.6783703344
-0.2427484968848452 0.8694102102926404 0.4812083921935807 0.41462270367375825 -0.011151270715974453  738545.6783705163
-0.24274858220018797 0.8694099614697719 0.4729389716805916 0.4121741026226198 -0.03320996581764423  738545.6783706916
-0.2427486258870024 0.8694098299115454 0.4688211472524485 0.4111789217585618 -0.044937665560054886  738545.6783708656
-0.2425334109554999 0.8693384670289995 0.46040582789538403 0.41587234654489635 -0.0767234159710813  738545.6783710929
-0.24248729201694036 0.8693231762653609 0.4503800839991872 0.46801644714109003 0.043460105130529406  738545.6783712305
-0.24248728841545067 0.869323183838911 0.4411408038815928 0.46263248484986663 0.02047695246178284  738545.6783714071
-0.242494970350698 0.8693257429116471 0.4365508492396523 0.4593167973427816 0.008602901605175673  738545.6783715837
-0.24250073108736628 0.8693276644951338 0.4274142651292632 0.45481771020276296 -0.018159611932293852  738545.6783717665
-0.24250361029074702 0.8693286285125054 0.42287490058898813 0.452525763095105 -0.03169190278331619  738545.6783719395
-0.24280954795188467 0.8692562153405117 0.41404170185464906 0.44222673864080925 -0.038742661950216334  738545.6783721332
-0.24287489906171678 0.869240632917536 0.40877128899722637 0.3985564339828429 0.06809226109803143  738545.6783723038
-0.24287453773817505 0.8692405162808698 0.40474838194232426 0.3989354938381664 0.04958125254233045  738545.6783724902
-0.2428632246281306 0.8692429764966032 0.39675667941624926 0.396663308650733 0.02237194142975145  738545.678372672
-0.24285469484444921 0.8692448064948309 0.39278706888133497 0.39569313788787175 0.008361508673305746  738545.6783728543
-0.24285033983601778 0.8692456917507893 0.3849043465016026 0.39293327576121806 -0.01707543978764845  738545.6783730297
-0.24284879052237612 0.8692459546630226 0.3809842545723509 0.3917131073723686 -0.030383700564131946  738545.6783732148
-0.24276456447156294 0.8693828635192051 0.37320106937915565 0.3889448621237967 -0.0729909953650123  738545.6783733951
-0.24274697429358144 0.8694120621162693 0.3712307951538856 0.36964472759490635 0.03829276212740708  738545.678373557
-0.24274752113749354 0.8694119039537678 0.3638413089727681 0.369063324815206 0.016552736692453197  738545.6783737397
-0.2427510057804962 0.86940688136924 0.3601503781352364 0.36899938446949354 0.006101214328176613  738545.6783739149
-0.24275362383981838 0.8694031159389577 0.3527728182959251 0.3689082432635709 -0.021097888531928274  738545.678374091
-0.24275500580203874 0.8694012149616173 0.3490843320070628 0.3689792696042574 -0.03532556633968845  738545.6783742664
-0.2427555507812529 0.8694005597452523 0.3417038295771497 0.369330815121702 -0.0660542865818531  738545.6783746134
-0.24275104686984178 0.8693989119701605 0.3251279968855118 0.4297078545621795 0.1271185818064092  738545.6783747978
-0.24274998494128366 0.8693987769608975 0.32082951278474975 0.4301256705724045 0.11518408401871777  738545.6783749806
-0.24274986146184274 0.8693990340885202 0.3122183527318319 0.4312461533961162 0.0901120939792464  738545.6783751658
-0.24274990970017354 0.8693993150650149 0.303580956416995 0.43261183746586307 0.06248638407097161  738545.6783753508
-0.24275564578784692 0.869404517608106 0.29925962902514347 0.4330071123485331 0.047298216577370246  738545.6783755261
-0.2427568647692507 0.8694057260881793 0.2905861344698266 0.43404446733361574 0.014141334011492092  738545.6783756976
-0.24275684171753542 0.8694058109374146 0.2865492502240889 0.43039159485032474 0.14718488950248196  738545.6783758836
-0.2427566099148688 0.869405682169099 0.27793986600444043 0.4302511314502581 0.11746214396458356  738545.6783760567
-0.24275643187233084 0.8694055764397082 0.2736380481284805 0.42991891853072167 0.1014709926900169  738545.6783762343
-0.24275633577905942 0.869405525028013 0.26504798614632535 0.4288533976549429 0.06735602805719214  738545.6783764416
-0.24275629619572245 0.869405511111474 0.25648211288733685 0.4274916915365214 0.029778497719299322  738545.6783766025
-0.2427562866353533 0.869405515579263 0.25220928362942907 0.42681151213836155 0.00951853743733077  738545.6783768708
-0.24275592969705628 0.8694093527656317 0.23375075961675032 0.4774719696166998 0.22982196127100885  738545.6783771616
-0.2427558597208682 0.8694101837028205 0.22420951251815524 0.4765149085608518 0.20231913098620902  738545.6783773443
-0.24275586686229678 0.8694101926946193 0.21944540826447065 0.4761438675010527 0.18753766100997463  738545.6783775055
-0.2427558854392936 0.8694100626277218 0.2099288962684152 0.47531950397863515 0.15479164304420553  738545.6783776873
-0.24274402905392092 0.8694160399604384 0.20042561683576554 0.47431041675114954 0.11395695598901251  738545.6783778629
-0.2427414930543581 0.8694172935211084 0.1956862479241648 0.473390926513461 0.09200497491426331  738545.6783780607
-0.24274149645997956 0.8694172783083982 0.1956862421113812 0.47331127912723714 0.09275412388157384  738545.6783782137
-0.2427419215199123 0.8694170624854198 0.19258517107956297 0.32890659576497855 0.1671197603489042  738545.6783785752
-0.24274223955564994 0.8694169068555688 0.18604524034430167 0.32483832334361945 0.11677693012358083  738545.6783787548
-0.24274239824000954 0.8694168333764372 0.1795853091659884 0.3209133941296752 0.06251083039186327  738545.678378926
-0.24274245087223728 0.8694168129022557 0.17638224015885712 0.31934425095230934 0.034271657223708646  738545.6783791964
-0.2427379932221199 0.8694016498722572 0.14650802098025514 0.5355812291727893 0.7884809739052335  738545.6783794698
-0.24273701797359062 0.8693984131793031 0.13580346551728512 0.5356884546321666 0.8462942648832711  738545.6783796506
-0.242736994628989 0.8693984272926651 0.12507827919657882 0.537630747005518 0.9234453501662431  738545.6783798365
-0.24273713384221887 0.8693989806036739 0.1196976066775602 0.5389482424771047 0.9698866173287376  738545.6783800164
-0.2427464259775943 0.869406129709501 0.10890744793966474 0.5409556999111961 1.0796713802791051  738545.6783802405
-0.2427484440786155 0.8694077817493564 0.10349488943417424 0.5415744796239328 1.1429301023407836  738545.6783803762
-0.2427484571216176 0.8694078532769116 0.10986628929144203 0.3724446080653407 0.8292105527808417  738545.6783805762
-0.24274812462727677 0.8694076151765813 0.10614472844412215 0.37142688256931794 0.822829536886199  738545.6783807332
-0.24274786836614157 0.8694074108854013 0.10243764157706077 0.3695207871394948 0.8103913197225003  738545.6783809088
-0.2427477349755697 0.8694072919648234 0.0950971481041801 0.34913553655797913 0.7665853311199594  738545.6783810966
-0.24274768552377066 0.8694072370398003 0.08789397268453926 0.3560239439638819 0.7049724353807818  738545.6783812791
-0.24275358512106093 0.8694069506697967 0.08084623149627071 0.34864574045957647 0.6326571346253658  738545.6783814525
-0.24275486180597894 0.869406891547564 0.07204212862229088 0.3899420200855189 2.2672129619725965  738545.6783816268
-0.2427548769959284 0.8694068960747308 0.06433850814546546 0.3803569673847218 2.619743654566039  738545.6783818078
-0.24275467971682543 0.8694069114109046 0.06055388071462468 0.37625969769736134 2.855600602015566  738545.6783819938
-0.2427545319913236 0.8694069236295117 0.05310191406940461 0.36887746418027556 3.501024288355154  738545.6783821711
-0.24275446026114175 0.8694069310211874 0.04943232694985896 -0.34895450126237054 -3.264111261126822  738545.6784084494
