-0.8148189211049535 1.4025954747645486 3.0749288375080264 1.9376173539391357 -2.0338498430573213 -0.061339201492967954 2.893023682600716 2.04011099056246 40.8730156259969 -57.7423348383226 738573.468119943 0.006856110241144728 0.03975953331777309 -149.16496536060689 -0.020659735635972853  738573.4681200314
-0.8149251643114828 1.4027787717312175 2.990886818823672 1.9332155017969896 -2.3138838139441935 -0.11638955706344468 3.2368173267470994 1.7349626495944062 27.03949381684501 -30.758053948714174 738573.4681204059 -0.009495411922295693 0.05285487566497041 -125.93437975278178 -0.009860417080248866  738573.4681205106
-0.8149438630572537 1.4027884615420432 2.9141090964810084 1.9288470002494413 -2.6666308472323803 -0.21734428372544498 3.0522687110195004 1.8560329643825018 11.496522358331966 -10.93643639267967 738573.4681206375 -0.003583107059586513 0.003725904511743733 -110.82367285411469 0.002050132411050955  738573.4681207576
-0.8149667948653064 1.4028777441390106 2.85856232442308 1.9250961302792355 -2.880628692788429 -0.32961851604768827 2.926344182740568 1.8991948786153434 3.871056025403213 -3.885533382132813 738573.4681208689 0.0015505444711000176 0.02211119602718878 -34.522777282973664 -0.009125359602651269  738573.4681209943
-0.8148276588868636 1.4026059493313632 2.7993760436215847 1.9204022251935293 -3.0490919909414806 -0.4883330782530661 2.832078313348387 1.9114996105836137 0.192047172561721 -1.4620415382116154 738573.4681211004 0.09048961002341623 -0.16685445728107695 -12.45104149515521 -0.027863440085709984  738573.4681212384
-0.8148323653258405 1.4026037467924697 2.737539513013172 1.9145187413758291 -3.0756889121061546 -0.6977559502723155 2.7534339126874605 1.9109574135947505 -1.238443341236001 -0.6864664466942113 738573.4681213897 0.03959055260643756 -0.0796579462012117 7.106898756431079 -0.010430515223427889  738573.4681214764
-0.8148240216711066 1.4026177038617427 2.650775375804096 1.9028895001763453 -3.069013951199929 -1.0400277946133107 2.664228456899608 1.902688876199777 -3.256391392817734 -0.6136478829823009 738573.4681215633 -0.006071673384910263 0.03750726303913911 -165.14012816873395 -0.006488284200324117  738573.4681217228
-0.8148122695308404 1.4026036506747217 2.580854167733042 1.8926081530972714 -2.536018399181779 -1.351841761924313 2.5837736114803938 1.892410853040525 -3.5848291276174287 -0.5599383718688873 738573.4681217949 -0.011497588435656153 0.03630425721399658 -58.87929930196509 -0.0005751770942713976  738573.4681219666
-0.8148047945954647 1.4025942059289098 2.5105356018116676 1.88008315696828 -1.5208941290662532 -1.6451616517631549 2.5107822410903182 1.880184761506616 -3.612576072927182 -0.5875974114602845 738573.4681220263 -0.011937118777026847 0.026232635656555307 -14.484862406526304 0.003386039605961488  738573.4681222152
-0.8148273206699921 1.4026036505138975 2.4411283212948574 1.8651269044879226 0.1443746704362446 -1.7969870728839044 2.440712716053471 1.8654244372876543 -3.5658204386816137 -0.6685925286302107 738573.4681222579 -0.025394863427647213 0.026653842246831826 -3.717193340878243 0.016570536377971724  738573.4681224561
-0.8147370598813758 1.4026530389178273 2.37530556968079 1.8470210386730457 -0.1244989589602751 -1.7191432074764905 2.3715073769355905 1.8471730056203668 -3.2239843956146874 -0.7016874264664568 738573.4681225471 0.016148611528941342 0.03511232766152661 22.1043697218776 -0.0251124730361944  738573.4681226984
-0.8148201306350591 1.4026172873570923 2.391333936830951 1.828332835851011 -0.6685931328562444 -0.7000474042594178 2.375265700471137 1.828449648398072 -1.7778486398015159 -0.7271265063395784 738573.4681228366 -0.029409103010232883 0.0016053950624390079 103.30904917808303 0.028030308753333337  738573.46812294
-0.8148106055492249 1.4026021251788636 2.360455987246004 1.805975601666299 -1.5991835824049725 -0.2517571652404871 2.357136431140224 1.8066894394089426 -1.4043982217511783 -0.9214491882686948 738573.468123068 -0.009157451693457413 -0.01029820669979676 4.609024481928273 0.011305031320535477  738573.4681231871
-0.8147494796359442 1.402640258542285 2.331160401708092 1.7828934895688318 -2.7021965226691504 -0.09775759663721571 2.3308224963935125 1.7833765180973304 -1.3663838376076554 -1.0529404130931421 738573.4681232995 0.03366555968979129 0.019104680212974824 -22.22674346368818 -0.036932904380604745  738573.4681234298
-0.8148331769231902 1.402630172044934 2.302444494106832 1.759850763536488 -3.485985420634947 -0.23008914540062755 2.302612550362229 1.7600727905108882 -1.385290184370311 -1.1133811470984136 738573.468123531 -0.035292611599987464 0.0019327262733293202 -16.346949620320487 0.03430056329232874  738573.4681236671
-0.814835701493083 1.4026924874481002 2.202696344750641 1.8041329584835233 -1.1531545185565422 -0.9788708798525891 2.21425001328608 1.7981634592124545 -2.6850791341825637 0.5116507597770916 738573.4681237624 -0.015263328503202337 0.03158704064821426 13.923148834084003 0.007545982935723363  738573.4681239045
-0.814834055339785 1.4025846068365238 2.1555534355290806 1.797624259867467 -0.9800937580556369 -1.0560524853863014 2.1563526429350275 1.798593758297808 -2.774990053097329 0.24773149093570895 738573.468123994 0.0030312500029388637 -0.05370658355774642 -1.7320001001495129 0.00912435444567851  738573.4681241496
-0.8148137116170215 1.4026178483152456 2.107648646270242 1.792471287328549 -0.8922149499317105 -1.1059370015594028 2.106561326035294 1.7934682259742074 -2.652666410008744 -0.02365762142142941 738573.4681242254 0.018801877312034584 -0.0032799111863687017 -3.9531275781002804 -0.017620671716497085  738573.468124397
-0.8149168600440427 1.4027975411856306 2.0595971056436566 1.7888655732003123 -0.37279939605978074 -1.1663198346892045 2.058622856489586 1.7892372282720153 -2.5430632756501144 -0.12483048742654167 738573.4681244569 -0.046555488328131264 0.10294873962422205 0.21681229278609448 0.023180468588365366  738573.4681246338
-0.8148539159213228 1.4025875231054745 2.010514384149578 1.7859565735049645 2.072925241880591 0.30276337489748784 2.0100739450027123 1.786027137770917 -2.49351382437367 -0.1440396670329183 738573.4681246884 0.024992660827142216 -0.08876869111188149 1.1354054639804736 -0.005463915786804351  738573.468124872
-0.8147989693940103 1.4025919830955924 2.01109217940296 1.7753903247352782 -0.5633715529365542 0.5027344803800547 2.0029499301505216 1.776088363664331 -1.577520829402731 -0.3340592915036722 738573.4681249199 0.049221708480198814 -0.04032970541072932 63.82513134234347 -0.04000134667707966  738573.4681251106
-0.8147969140266091 1.4025858728147902 1.9745555772393708 1.7730052820890487 -1.3332812078554972 0.28209210966260384 1.971526580945339 1.7723808002039403 -1.350345890699448 -0.22072728575403783 738573.4681252672 0.0243968272853753 -0.015217524471518824 40.38631302054574 -0.020843557339627047  738573.4681253559
-0.8148581344135799 1.402581697862591 1.938072429727553 1.77165117221599 -1.8715803378105522 0.07126785940418129 1.939103991193089 1.7713195299994517 -1.46639666624691 -0.13044681848713202 738573.4681254986 -0.03370543928682922 0.0036450401919431927 -5.019144989105463 0.03230062695462  738573.4681256013
-0.8148141386819292 1.4026065601719924 1.876550315103793 1.771237679735037 -1.9932620012541926 -0.17313452079119013 1.8818664384211776 1.7710102422094844 -2.0644611098113907 -0.06853321081903073 738573.46812573 0.009795988022186307 0.022768535527198173 -49.31885068999357 -0.0141331185033646  738573.4681258509
-0.8148167175207257 1.4025810890491914 1.8299386731297331 1.7726271237992117 -1.0642095474794275 0.6909734919234899 1.829989239635942 1.7723274041435682 -2.0690120780096293 -0.003261179249700638 738573.4681260195 0.00500087725297918 0.0040017845893795985 -10.1440756615333 -0.005701576451301335  738573.4681260885
-0.8148429885824843 1.4026807710582545 1.8284279693826173 1.7855580340061012 -1.3998521162159647 0.5154856827780938 1.8237121089082455 1.784362874695696 -1.3616379539537637 0.43053435147022806 738573.468126193 -0.026809085075171907 0.0975623083247782 117.96067292463843 0.0054012516195088185  738573.4681263324
-0.8148122126247317 1.402589815710591 1.7790211525579673 1.7933577286760145 -2.304803896113337 0.7306043661749472 1.7818144682767492 1.7933231529113711 -1.6758862720072596 0.4399466519327685 738573.4681264246 0.00488822384554774 -0.011192980817762016 15.333395561485474 -0.0022970464976348284  738573.4681265787
-0.8148225945825772 1.402611284240365 1.7263714219348103 1.8044738837876044 -2.6339931706335658 0.9656509125574779 1.7298794783934963 1.8042622212270039 -2.0705429999834206 0.4975659594907327 738573.468126656 -0.004061691962753933 0.0033232799747102987 -17.56998891677516 0.0031817732094966645  738573.4681268183
-0.8148167564889232 1.4026029725219096 1.6734138666749174 1.819124990524813 -1.8446308335676278 1.2958433951500021 1.675822633268739 1.818682959160965 -2.3415295002211995 0.6178968344058406 738573.4681268876 -0.00017731473004365533 -0.0004768102218560902 -13.1785423041059 0.00028906795938715365  738573.4681270596
-0.814835817063296 1.402578967694244 1.6215199750638685 1.837117806358161 -1.2212335979036635 1.431692585547758 1.6208422466468582 1.8368489432912776 -2.280534175368976 0.676449012279401 738573.4681271769 -0.00754100681725513 -0.007058451074258014 5.374938495700203 0.009132826907733444  738573.4681273007
-0.8148204687575912 1.4026017039130498 1.7144903914260745 1.8167303724432236 -0.9247087549462941 0.8167527420568903 1.6940333679625055 1.819454256372735 0.7879978840448154 -0.31221305522467635 738573.4681273504 0.014449456828830871 0.025855611970316026 277.60330015882124 -0.02030954623509583  738573.4681275428
-0.814749930391622 1.4026302917113318 1.6931071064718444 1.8297816182907658 -1.4785195535050986 0.8370353605391342 1.6957768991345148 1.8282901727546879 0.4876459230564328 0.0937919501264271 738573.468127582 0.04633760208736518 0.030788206826181854 71.8024653408091 -0.05267711301395556  738573.4681277842
-0.8148374962189451 1.4026386467506664 1.6654407427509461 1.8474227786332849 -1.4575316068535515 0.9324686359143258 1.672635225970722 1.8459540821280456 -0.051940833016796584 0.360333421937669 738573.4681279291 -0.0005505193002183495 0.01746778629547126 17.897369814990547 -0.0042410707673761205  738573.4681280247
-0.8148229099451868 1.4025999363914143 1.6215214163759113 1.8776487866819358 -1.4608158024508653 0.3901943486066465 1.629533415403938 1.8754448628130203 -0.9532915832648714 0.9602910473066586 738573.4681281607 0.006129103290000194 -0.020321749745479113 -22.215325860124324 0.00029557308797569307  738573.4681282678
-0.8148638154019008 1.4026855515263845 1.5948493926036562 1.8336085439434533 -1.3917178653591502 0.33676194478276106 1.597348269729281 1.839102355484028 -1.2344121767765035 -0.5352301369770076 738573.4681283921 -0.015629252441786458 0.037400152463980915 -96.69141623248883 0.005376137772148662  738573.468128509
-0.8149553100047398 1.402846061228315 1.5636803504892767 1.8340549393427787 -1.198935137992185 0.4360340165430433 1.5651171023691195 1.833545793467716 -1.396046917405726 -0.3966291832519736 738573.4681286237 -0.04905085936019779 0.09619650888672987 -25.7783262419471 0.02232786485781189  738573.468128748
-0.8148043637020488 1.4025911783806435 1.5297508914419335 1.8324057101343767 -1.0719708981801734 0.4244977602566552 1.530942139314982 1.831794385785383 -1.5300624309308375 -0.23021295176341258 738573.4681288551 0.07995164444418545 -0.12812934720631672 -4.808782313192502 -0.044092489504252805  738573.468128988
-0.8148586645325753 1.4028281160424594 1.4941729628561342 1.82942416942529 -0.9278296485050134 0.3878616025029747 1.4951598359799512 1.8292231059797108 -1.6410857632403455 -0.17547896160182658 738573.4681290865 0.007652450333894778 0.06804765052785874 -4.177382680949957 -0.02480142105288976  738573.4681292236
-0.8148194066763046 1.4026053617115648 1.4566263248340452 1.8256357415152422 -0.9195750957644413 0.3235651290621577 1.4575402171832172 1.8256427424873907 -1.7438987505723187 -0.17738478361533727 738573.4681293181 0.018188683301505165 -0.09891830567113766 -7.0665641149121265 0.0073350591848549765  738573.4681294652
-0.8148289437604561 1.4025846263494972 1.473869993865088 1.8310871651035734 -0.5653503568627929 0.20069138847543141 1.465676692391656 1.830277870955846 -0.8221624437279959 0.042920651564654355 738573.4681295495 -0.0030788855730061356 -0.05047485531598785 92.15372033080791 0.015965463568947083  738573.4681297068
-0.8149533334724297 1.4027583190644732 1.4442355705729735 1.8284336951834268 -0.81428363573387 0.16877775167545933 1.4450352327530738 1.8286769281020827 -0.912124524783804 -0.023292817215546033 738573.4681297811 -0.07395618225407552 0.09625745315404022 1.0326480735927532 0.04698916079278384  738573.4681299486
-0.814952477752999 1.4028814422986386 1.4124419302880982 1.8253632235752058 -1.1533771848791128 0.16768571487851752 1.4147380629867692 1.8256195299516214 -1.1704396997328452 -0.09306517511326329 738573.4681300125 -0.01847278348927172 0.10609845713154901 -27.893675833308624 -0.008840929509973769  738573.4681301868
-0.8148186180738248 1.4026100447225243 1.378075537522782 1.8220787735737307 -1.547951747556775 0.200869844748425 1.3801961381297734 1.822229924492294 -1.4090074955353504 -0.13421185329600785 738573.468130244 0.08495685386962129 -0.1351574635919443 -27.000642289484176 -0.048682320179038514  738573.4681304337
-0.8148191216908804 1.4026109085391205 1.3414435023480653 1.818893598348187 -1.9229506885467815 0.24955547919047938 1.3431351043873752 1.8189522865956138 -1.599312906447084 -0.15018811366498372 738573.4681304755 0.03352564669991037 -0.059934306246882355 -19.967168019989234 -0.017781674307521554  738573.4681306703
-0.8148477941990493 1.4026880461212277 1.334089295374228 1.8178246775872458 -1.627071534796263 0.019910414060424406 1.3278598691775134 1.8175206516551385 -1.1321092091347038 -0.09501342296774881 738573.4681308226 0.0028460791278250956 -0.0008589983912365706 21.778950900087 -0.002549636290487878  738573.4681309136
-0.8148230366767103 1.4026093268484445 1.2811053808184951 1.8158789290445247 -1.8770006945211772 0.12536919515320763 1.28496335294163 1.8158556600812394 -1.5661314869032887 -0.08867908803250979 738573.4681310542 0.007346274625696167 -0.034415423825550524 -47.889549517558976 0.0012236885869250144  738573.4681311571
-0.8148189483721475 1.4026257295804856 1.2439110479589064 1.816644051604275 -1.7079155602872602 0.24066085296068931 1.2454678007775057 1.816413474160971 -1.7412663460173206 -0.025910724161405163 738573.4681312856 0.0008880896965417322 0.0019178357735166948 -23.300709509941555 -0.0013281463188321552  738573.4681314003
-0.8148574615489026 1.4026873323705384 1.2084807302670963 1.8208852384403305 -1.5752020787231507 0.24643171939335806 1.2088266145554296 1.8204361403961762 -1.7801783655642034 0.09634386000495614 738573.4681315172 -0.02528319891012502 0.04317390834843138 -1.1499822036294418 0.013811534082736306  738573.4681316384
-0.8148252745320741 1.4025990495914284 1.1728079985175033 1.8260706511322635 -1.6332047903095572 0.16753233187273764 1.1714502364579484 1.8257803196779527 -1.6579802463531057 0.15957135774997228 738573.4681318065 -0.000717870548706076 -0.010894473261021297 11.21199058078531 0.003445580013582769  738573.4681318759
-0.8148297676889682 1.4026033797830888 1.1724700817394307 1.8009854475534461 -1.335691989664814 -0.12374190434426847 1.1683277260744982 1.8034324088841873 -1.0366312420868624 -0.7285787657345977 738573.4681319802 -0.002798656708490666 0.0031018950772845107 18.897349735089676 0.0020171037446790547  738573.4681321218
-0.8148555038368885 1.4027088906370895 1.144233655734397 1.7955414199631474 -1.3117847056022194 -0.1785510528891051 1.1447714901776826 1.794940168438407 -1.097137674659934 -0.5649045834634201 738573.4681322116 -0.016831825474399504 0.06778196246201332 -0.7236692307599135 0.0013027770028005668  738573.46813237
-0.814953679197889 1.4029064115766472 1.1145906590338703 1.7884861805518335 -1.3653133880463015 -0.2071713583173474 1.115908754806167 1.788050212181114 -1.245423590459775 -0.44622419158509724 738573.468132443 -0.05807628955954561 0.1292296303017526 -8.795490699242547 0.02879531557122746  738573.4681326085
-0.814835080658326 1.4026221770800262 1.0834110152148788 1.7800380618462581 -1.4650014673886897 -0.22781333187654276 1.0846253018607448 1.7799559525975366 -1.3820309683986467 -0.4238722081166026 738573.4681326746 0.05526674430167906 -0.13740969606464776 -10.493022788236534 -0.025518805515484556  738573.4681328468
-0.814817086215616 1.4026049767969844 1.0504355882505476 1.768944732286664 -1.5322804442800655 -0.3677332240163623 1.0503777974664656 1.7689820260082558 -1.3768298176720761 -0.431993920948059 738573.4681329639 0.038178760450848816 -0.08300555350322023 -1.4770866573761996 -0.021091706623761815  738573.4681330837
-0.8147626783112802 1.4026509003265815 1.0160856709365165 1.7740764716686552 -1.615670551983355 -0.2615287843157604 1.018267996509264 1.7730347756873224 -1.7041763642495826 -0.05389950530242382 738573.4681331376 0.04824925404241456 0.05468435427281215 -17.164245854650353 -0.058295627049448906  738573.4681333316
-0.8149338876070767 1.4027830537252388 0.980930237724036 1.7635343685623348 -1.7134938449693147 -0.30438865146038585 0.9814509199648074 1.764292386186564 -1.7627531721995575 -0.26024894424385137 738573.468133369 -0.08719696018162212 0.11670064870148249 -14.137627151439984 0.06322871982633355  738573.4681335702
-0.8148252720370222 1.4026018026111502 0.9439818767287173 1.750214698922274 -1.8359655428422867 -0.44895741293470187 0.9415157164891774 1.750779019296722 -1.5777909778403771 -0.362662739498281 738573.4681337163 -0.01967735637658166 0.017631433147057465 2.474984549965212 0.01621503049178782  738573.4681338096
-0.8148263581892013 1.4026047278277998 0.8866284304928161 1.7244754976780408 -1.9727616927532565 -0.7562734573419093 0.8903614699381807 1.726190022315177 -1.9977583159559522 -0.829394891384732 738573.4681339477 -0.0029004610199600198 0.010480550313533964 -53.45723546766585 0.0012619679334085945  738573.4681340534
-0.8149522331434649 1.402902895527791 0.8823802247621435 1.7141027361440155 -1.63975001407663 -0.7975922113476472 0.8772643272674931 1.7136976647217945 -1.4222261598154913 -0.7191266580088276 738573.4681341792 -0.07240204782683426 0.17893526076796637 41.79242030010637 0.04610497801757975  738573.4681342959
-0.8148184851842092 1.4025779453959606 0.8498047411752977 1.6923402697184364 -1.6358891594925737 -1.139170669906259 0.8496471555789292 1.6929680085187855 -1.404497763316918 -0.8900112721832306 738573.4681344107 0.053445951827865906 -0.12566156302556078 2.504512147442746 -0.03781583680647866  738573.4681345394
-0.8148421272748441 1.4026067273954503 0.8181913900762641 1.6650048140398546 -1.5819695482464065 -1.3630039299954961 0.8187299240002633 1.6659194827808341 -1.4650828875453177 -1.1390046669084954 738573.4681346421 0.013711812648878788 -0.04499658737622157 -11.789228871818425 -0.00941821706703061  738573.4681347753
-0.8149333837373631 1.4027871937554877 0.7881358930463068 1.6314502106193522 -1.5172720233229517 -1.5809432903455771 0.788342677229873 1.6325022386686814 -1.488346130382069 -1.4253903534556673 738573.4681348737 -0.050345443217863176 0.09968321301596948 -10.6914546055294 0.044210396342352916  738573.4681350229
-0.8148314968896351 1.4025821897363318 0.7591036081722065 1.592420639060018 -1.4491438844180413 -1.877894438255226 0.7590191561462825 1.5934622828354221 -1.4788452684048854 -1.7089492071829429 738573.4681351051 0.04072192544933986 -0.0749785242611377 -6.8038460546722614 -0.039091172148726434  738573.4681352659
-0.8148322392983623 1.40261080455566 0.7486131130479184 1.5755787477458236 -1.2347815045486512 -1.6959169198880977 0.7455457231843686 1.5741121235944922 -1.133767693309168 -1.3097059001457259 738573.4681353366 0.018489923001740613 -0.014548214351205145 37.329420943264864 -0.01842013613564821  738573.4681355087
-0.8148237886823014 1.40261089753043 0.7262710226624995 1.5312543020859353 -1.1431834630542996 -1.9762037458056325 0.7257269215873937 1.5327540376497022 -1.0725562639839907 -1.71796763740881 738573.4681355681 0.004383431555800486 0.009510150080652636 2.4910031160382573 -0.004004052497365395  738573.4681357499
-0.8148248171844994 1.4025901255274995 0.706248497546857 1.4805120930103821 -1.0326871112704739 -2.25847409190369 0.7042167802359927 1.4805753598305476 -0.9201773203492795 -1.7294494046109112 738573.4681359153 -0.002457641291842702 0.006531163507549807 8.733863637715807 0.0030364920192817056  738573.4681359952
-0.814823319483722 1.4026047317013324 0.6818783924893967 1.3921700676532405 -0.8062672518119088 -2.761161086620989 0.6825079699118928 1.397013537989695 -0.9910048479264708 -3.0479509202890434 738573.4681361468 -0.004610380668429394 0.017104664399266688 -36.56151106840559 0.007576143683036829  738573.4681362429
-0.8148295595271408 1.402605226937321 0.6702929751055757 1.3253823142012855 -0.6033908075563313 -3.1193195597480337 0.6682833397613467 1.3249712086108194 -0.8101383568967613 -2.9584215998925716 738573.4681364362 -0.006423968050625981 0.011394575632073238 -1.5332201265195238 0.008999888314104226  738573.4681364896
-0.8148136535383013 1.40259742663483 0.6606839674996974 1.3104430383093386 -0.5371905461033293 -2.7949310485573005 0.6599555214071057 1.307756676545047 -0.7008722071730281 -1.983378593407015 738573.4681366096 0.013050470046600912 -0.0047473311433916185 36.94813763626289 -0.013832724626909305  738573.4681367269
-0.8148233263071867 1.402605536458621 0.6550007083834444 1.2442290946430345 -0.32589930959326857 -3.0859340780334055 0.6535506895431688 1.246376498950778 -0.5377449320717254 -2.567950323561569 738573.4681368412 -7.4296808348656845e-06 0.0020641458137251123 12.97660138312132 0.000669201744675068  738573.468136965
-0.8148183786920168 1.402609926126765 0.6537370733191781 1.174121646438762 -0.0944725785113618 -3.3108011457404496 0.6519864697734543 1.1760022769906116 -0.34080184535824365 -3.0799002397985302 738573.4681370726 0.001756020377206912 0.0030240947315419192 5.043333212269459 -0.0004512976704894257  738573.4681372065
-0.8148144204531235 1.4025696414283595 0.6573187857949175 1.1012862269282784 0.16059695360461823 -3.47084355614239 0.6553750503663818 1.1024668562892501 -0.12213140110758022 -3.401294094568139 738573.4681373042 0.002411756574026125 -0.02178990945590398 5.234284815667998 -0.012009613100651496  738573.4681374496
-0.8148438047999551 1.4026823300873716 0.6662001729539204 1.0273486185345198 0.4489282147946028 -3.5551262105112706 0.6639796258719066 1.0264563190261258 0.07771707391222915 -3.2069718317985045 738573.4681375935 -0.009800970088704003 0.030740771985668196 12.119721568177873 0.024284701705425814  738573.468137691
-0.8149719707367262 1.4028977214924627 0.6651105660713431 1.0055996334750021 0.3963702688676363 -3.057881851404726 0.6651783130034498 1.0017041225683478 0.07009562763656813 -2.146538826136984 738573.4681378249 -0.07056197105868374 0.12053560386650079 23.30504164409663 0.12414509557757902  738573.4681379349
-0.8149454569944162 1.4028889299854455 0.678933850940845 0.9403425008332115 0.6462271682376317 -3.091768578044981 0.6769011955537214 0.9429671991078092 0.37499180337966576 -3.099200426223498 738573.4681379986 0.031148103390559845 -0.028001597916252494 -11.18095223352054 -0.04166745495796173  738573.4681381823
-0.8149705476568925 1.4028912664472284 0.6972744829975505 0.876484396429642 0.8998638963342674 -3.0548345342597076 0.6952147296329686 0.8768892932236049 0.6067142778828998 -3.2094224363626265 738573.46813823 0.028320644149218897 -0.06734191058007535 -2.9688823436288256 -0.06485342966714408  738573.4681384224
-0.8147870401403694 1.4025797374749656 0.7199126727918717 0.814542593561259 1.1449497103842448 -2.970048687435544 0.7188732276429676 0.8114883642166992 0.6846727383976913 -2.6551358415188018 738573.4681385773 0.07311245536205652 -0.1376145143426714 5.672392163944044 -0.14761410613129128  738573.4681386595
-0.8148454812960897 1.4026326361206283 0.7378373913328926 0.7633067195174703 1.1529496933527115 -2.506258548976564 0.7369941019341141 0.7628637706104755 0.7795417553076122 -2.5345566281487053 738573.4681388087 -0.014027044458560609 -0.005288918288828048 0.6698403270597568 0.005875570307171205  738573.4681389026
-0.814800458154144 1.4026026932397244 0.7640437500601012 0.7140583496821863 1.3487104077238754 -2.3812481507098098 0.762210337597955 0.7138886399859194 0.9858008540030674 -2.488357833439686 738573.4681390403 0.0021727918404301563 0.016286665167784715 3.483155714961373 0.010885025496428592  738573.4681391504
-0.8149082377290304 1.4028076341157643 0.7932175111837969 0.6681368916309415 1.509217499662499 -2.224393310252131 0.7914109231344466 0.6677755091542474 1.189042203381037 -2.3899813987427705 738573.4681392717 -0.06849396281450779 0.1401126188204979 4.848283145252543 0.15241891342099512  738573.4681393916
-0.8147980408696834 1.402542432022763 0.8247523122688404 0.6247965429080912 1.6380582210751495 -2.0909846387617304 0.8232226214294879 0.6243626874551832 1.3611325869263746 -2.2718761905950386 738573.4681395033 0.033574072688994344 -0.09389863498163434 4.228659219966252 -0.09579806463589989  738573.4681396347
-0.8149053999709658 1.4027966944747285 0.8585715488720033 0.5850434110630783 1.745675352361185 -1.9255526754709447 0.8572713406055182 0.5844927726952307 1.5074061564032903 -2.121980047506624 738573.4681397347 -0.04417539476032552 0.10162131687361914 4.026879748627503 0.10911570844797677  738573.4681398772
