-1.3008253949819386 2.0804138100671175 3.7228336158905666 1.8675353033113329 -0.8190361042018213 0.13388471454177947 3.4255943660447223 2.035347987659419 40.7928243503459 -56.15326758151838 738568.4957529181 -1.2102605315887058 -3.5108475808992563 -25.261133670337255 2.1839495230299133  738568.4957529296
-1.3073715934153105 2.062463381784302 3.682315413916797 1.874485280364897 -1.0350425552762688 0.17793814100569175 3.913353007944261 1.6782636623556113 28.324166716760878 -30.528794017736747 738568.4957534006 -1.4396212317826016 -4.076705312749799 -21.40861770059681 2.5928515795720806  738568.4957534124
-1.3101045099704587 2.0542261099499814 3.661831735972208 1.8779343424203376 -1.0745743870367062 0.18410992225541464 3.7927728934908167 1.8049755200850097 13.603099829194557 -10.681012166430143 738568.4957536323 -1.15852161929064 -3.495060523062428 -9.16258127574944 2.160974017020683  738568.4957536554
-1.3127461397751425 2.0457302970633626 3.634800217799338 1.882276098866093 -1.0815316956340393 0.18130253833826268 3.7037307828656423 1.8560380085040644 5.870618868805092 -3.5588756076386785 738568.4957538644 -0.6904629557529489 -2.4907778428153753 -11.313865926890841 1.4205811993880462  738568.4957538994
-1.3155317026132778 2.0370254150981304 3.625059417600078 1.8846582394783296 -0.978649769262099 0.16955176075142728 3.655758720031272 1.8759063079156746 2.288407017145425 -1.0877334799266447 738568.4957540876 -0.45669946738839584 -1.8201420292390313 13.832631076152644 0.9963290096467254  738568.4957541454
-1.3177842983831327 2.028662015690539 3.6059538877441253 1.8877968189483236 -0.9676396630754026 0.16110312289195464 3.6211680377109507 1.884789480681524 0.5585010839840925 -0.2603094520815684 738568.4957543167 -0.052060599436273336 -1.0396190488081252 2.239533634975878 0.3735345418381884  738568.4957543947
-1.3203984635124193 2.0196838752154687 3.5869024948005475 1.8909493977917737 -0.9609205434926305 0.15733195583635853 3.594247688795604 1.889906653194968 -0.23433829891699387 0.01204278378293272 738568.4957545579 0.04137181833192649 -0.6113158155785304 -0.7138925270559286 0.1531187330273269  738568.4957546393
-1.323347014421634 2.0109799456278323 3.5681553861346464 1.8941451235630413 -0.9621986505078443 0.16078790656473893 3.5716047395740254 1.8937846309515916 -0.6354792013119662 0.11348685512294085 738568.4957547818 -0.1809850011192284 -0.49799298716101115 -1.999548090357166 0.3298398353367108  738568.4957548872
-1.326563748475611 1.9978174854605124 3.54515556170096 1.8978603513521421 -0.9700160967951175 0.15505419516683452 3.5463366480711915 1.8977999994359793 -0.7240466861212851 0.12443788010356574 738568.4957551291 0.018600782721191284 -0.3616185703887043 1.059157994812546 0.09856030818431635  738568.4957551291
-1.3291267297486704 1.9887034412759346 3.528550558923358 1.901254481154089 -0.9434238977265963 0.15658430215190156 3.5290295591798344 1.9011723827156375 -0.7767997909925407 0.14631641465413758 738568.4957553656 0.042462669498659816 -0.24218873517285422 2.7315659020471346 0.03841936057298575  738568.4957553771
-1.331263956761688 1.97983580027133 3.5096857217886237 1.9042899516260958 -0.9475001409412352 0.15276251467811364 3.5102774956000182 1.9042745920890576 -0.8429094356787288 0.15046842339594532 738568.4957555986 0.16781469081492278 -0.11797661236088926 -3.013108954509078 -0.119949663281591  738568.4957556218
-1.333607366188973 1.9707858423149394 3.4848964773299866 1.9081765304022946 -0.9622973284577344 0.1534154035568783 3.4862654059600593 1.9080956693507765 -0.9972157275119611 0.17252373841935398 738568.4957558297 0.1088656318868534 -0.1539185102049999 -10.898328984307675 -0.05177883365699088  738568.4957558643
-1.3354915411370507 1.9616534345067356 3.46536889997669 1.9111690992857322 -0.9812991901914206 0.15120298215379163 3.4655428608015506 1.9112009303125472 -1.0169197568093815 0.1637995449655711 738568.4957560597 0.23726847276922286 -0.2116691521592823 -3.1754913465325414 -0.1529931354894839  738568.4957561058
-1.3379988906965976 1.9521787406979716 3.4474178988198845 1.9152008898680954 -0.9857139582165387 0.16772924872114478 3.447172061027711 1.9151259192065075 -0.988310778600218 0.18491089933797428 738568.4957562834 -0.028465760828417397 -0.46419661977242277 5.373951080515263 0.1835237697998161  738568.4957563492
-1.3400014843879777 1.9431088259600207 3.4279586028403477 1.9184519189050235 -0.9752330695047959 0.16249097594030917 3.4277309346446256 1.918500071161805 -0.9637781091934238 0.1723555113033809 738568.4957565251 0.10838982193971916 -0.060252548371647285 2.090115810162943 -0.08137757741122817  738568.4957565945
-1.3419325299554405 1.9336725110386217 3.4082031301550533 1.9216564920660408 -1.0015882235143398 0.16224623775063973 3.4083545595862783 1.9216714810996804 -0.9814503704372933 0.16812272329074499 738568.4957567482 0.15305915322148414 -0.27445112716837106 -2.379219011352684 -0.04940397843151671  738568.4957568409
-1.3437690321894495 1.92453333861842 3.3883330323355447 1.9248205605167954 -1.0028552347188122 0.15817257340452248 3.3883752094178066 1.9248417517273486 -0.9861643333432346 0.16239164360317795 738568.4957569812 0.2098792040806896 -0.0831379789944924 -1.9174977397440531 -0.16804170735627016  738568.4957570801
-1.3461785371062116 1.9132571919446917 3.366407272790289 1.9283529486592577 -0.9624100323739312 0.148142316349367 3.3652639095902153 1.9284684184080423 -0.8990248884937996 0.1410970256795479 738568.4957573229 0.25100965053557966 0.41018583155228294 2.705292533869821 -0.37869396355233054  738568.4957573229
-1.348417660213986 1.9016388079154498 3.3445775102094393 1.9317535293285453 -1.0428508281534508 0.15900299679429433 3.344892619323336 1.9317222466304353 -0.93307979662599 0.14927779232461974 738568.4957575639 0.022187729598339423 -0.703303517058066 -4.153946585904494 0.22762770854279754  738568.4957575639
-1.350057299718266 1.8928443171056528 3.328087704255651 1.935192032557338 -1.0012062673436564 0.15672842694917694 3.327791314454031 1.9351483907339242 -0.8997283581149041 0.1611607692749887 738568.4957577953 0.09924814644607328 -0.29721159846862544 3.098700710108167 0.013190236372684058  738568.4957578068
-1.3515257151651954 1.8837064271123511 3.308314659019437 1.9381794991281556 -1.0064494079158668 0.15088579327451884 3.308601013512107 1.938191829515207 -0.9325035489720588 0.15774578278475632 738568.4957580228 0.20799154366466677 -0.1332383930638689 -3.353229310441032 -0.1462565315438466  738568.4957580458
-1.353107338836482 1.8752986005023138 3.2829041476366934 1.9418195722984586 -0.9879302649909808 0.14235457963210485 3.283997772943434 1.9417802399703255 -1.0541559128510634 0.1683327777630271 738568.4957582569 0.1923582244904402 0.33770762729607096 -10.723909886131638 -0.3017119608478522  738568.4957582915
-1.3545176563901136 1.8661111209719168 3.2627395388845124 1.9446561832417077 -1.0146009838069012 0.14087565606869398 3.262871510864629 1.9446910099619021 -1.0694748370857474 0.1585507213183321 738568.4957584813 0.1880601489165697 0.020828739629080162 -3.336839647872435 -0.18267671544403052  738568.4957585393
-1.3557501797991667 1.857669188480327 3.2452226113712555 1.9477898160671363 -0.9731183195618536 0.13644157818343206 3.2444682328695302 1.947809314080276 -0.9883044775200911 0.15347416068569483 738568.4957587234 0.2672509050866425 0.3835611816889927 6.176367093523836 -0.3896825080741666  738568.495758781
-1.3572002032919828 1.8487446751699257 3.225419556587914 1.9505748482094634 -0.9935410848141133 0.13632304599274145 3.2253697697013433 1.9505965258898859 -0.9825859213827686 0.14744918522581407 738568.49575895 0.13772934860298044 0.10576516718262097 -0.1505542749955131 -0.16712439757523803  738568.4957590193
-1.357930311750017 1.840193297334674 3.2053600543909315 1.9531012747336927 -1.005587802954885 0.12653220782501262 3.2054214974680755 1.9531409044233372 -0.9895074328662998 0.13664679877541985 738568.4957591812 0.3537053981103202 0.13987087576310264 -2.6298631026132187 -0.38035065081152775  738568.495759262
-1.3591430187250706 1.8318430158278414 3.185478024375324 1.9556185946793068 -1.0032601576851676 0.12250149054224602 3.1855108258348728 1.9556409244247328 -0.993207259670545 0.13055222904940142 738568.4957594121 0.21570393565208024 0.23807581489875873 -2.013734494735302 -0.28930079415500753  738568.495759505
-1.359845909727687 1.8235479618623522 3.165355070640957 1.9579315073073613 -1.0095284329493266 0.11412040384637921 3.1654113168981604 1.9579596398953338 -0.9995541117330188 0.12287073877256507 738568.4957596429 0.3019052985950152 0.2677660261972885 -2.1682834992746978 -0.3806542514960479  738568.4957597534
-1.3607323034885606 1.8149630905564502 3.1484597381586554 1.9610219289734077 -0.9808494032572329 0.11682609658370764 3.1478857217340797 1.960973554071309 -0.9367005320594712 0.1356880476204021 738568.4957598806 0.24374865081940322 0.2155628270063688 6.358872551166935 -0.30742389022237826  738568.4957599965
-1.361879253321048 1.8022235129128092 3.1185832306569368 1.9644683461675954 -1.0019225914071197 0.11003627478374053 3.1188523668504526 1.9645139066033013 -0.9572369921876256 0.1272757931471074 738568.495760222 0.20830325229653585 0.08515850373080566 0.25201000112890526 -0.22503474343079388  738568.495760245
-1.362030128425183 1.7942459110293902 3.0979851277717216 1.9664794665148244 -1.0046855982837888 0.09750738417972632 3.098262045135535 1.966531564014448 -0.988403600596692 0.11308759358170106 738568.4957604534 0.4008570879237326 0.23794233619782257 -3.868323859236641 -0.46159642138982104  738568.4957604865
-1.3623225195239936 1.7860462822152094 3.0777780000451203 1.9683678555781345 -1.0066728098544235 0.08945874888993498 3.0778194872293128 1.9684108495557464 -0.9929655202330022 0.10164795380027156 738568.4957606902 0.38372338573742454 0.2872370214142228 -2.2685897150786367 -0.4650070367401407  738568.495760725
-1.362886832506353 1.77770898648125 3.0599679033600458 1.9708175650445505 -1.0017098646248859 0.0969715745207313 3.0598001922261817 1.9707750866792428 -0.9731401243550868 0.11379858448996116 738568.4957609104 0.15559136623305855 -0.07498925427446146 2.857544762000358 -0.11410419357723708  738568.4957609682
-1.3632573923495928 1.7698157986464556 3.0402090079423854 1.97266342189166 -0.9850026003955878 0.08828339264140832 3.0400706683428664 1.9727087601088904 -0.9583324178112335 0.10205564625950965 738568.4957611538 0.12280754773565847 0.2605575838098014 0.7497926837791629 -0.21493756216564175  738568.4957612115
-1.3635195657900863 1.7617980011362857 3.0203791691592077 1.9743439689668865 -0.9984306566354716 0.08250975140697786 3.020543172541093 1.9743757065178766 -0.9772771782243868 0.09318447879335717 738568.4957613793 0.13704340135995804 0.12568232560896878 -3.0525027870977666 -0.17538858273453797  738568.4957614605
-1.3635962771628394 1.7536637212867374 3.0001192581901472 1.975886327181403 -1.0126297313615809 0.075030291947178 3.0002654670835947 1.975917799296209 -0.9937555529574651 0.08460150939826902 738568.4957616102 0.2052061139009183 0.03744955848642277 -3.267669459224232 -0.2033570798119306  738568.4957617014
-1.3636954471436826 1.74592676723447 2.980039196683679 1.9772672341874178 -1.0064255618803974 0.06614807587887878 2.980039810960085 1.9773007289241227 -0.993823472156459 0.07564009952586234 738568.4957618458 0.1961641315096592 0.22099307818785352 -1.7023520031333967 -0.2675551267860199  738568.495761946
-1.3640706633566149 1.7358471511838658 2.9577770098242797 1.9789231207271687 -0.9819515382137121 0.057215902950308664 2.9567275584740855 1.978974532915542 -0.9124033232664666 0.0659883348599219 738568.4957621815 0.11483075984760635 0.4454082669900691 3.7703043337086237 -0.2821776246782129  738568.4957621935
-1.3643249655079241 1.7255812430255757 2.9383606542331346 1.9815363026390753 -1.0393964679869514 0.07450521524680058 2.938303029516646 1.9814276401886577 -0.9060863562971653 0.09481207616261339 738568.4957624191 0.033130683801772615 -0.7169806766987109 1.6560428045754305 0.25590662499273725  738568.4957624421
-1.3640624051624943 1.7170372210019145 2.910860992381779 1.982855346588283 -1.053417836771509 0.06070877282248078 2.912248620522892 1.9829036138570906 -1.0568080322244124 0.08212602690562908 738568.4957626588 0.20188549686944576 -0.5280313975187542 -15.395558018026673 0.026487608033275323  738568.4957626819
-1.3638870294390186 1.708772905642963 2.8901891837781513 1.983882593342259 -1.0529388673669409 0.05124731568622577 2.890379724676103 1.9839404404042194 -1.078518762368976 0.06617683879448835 738568.4957628873 0.2353796801476748 -0.27670917120439315 -5.2676990918343165 -0.10449946094887237  738568.4957629303
-1.3641155854287532 1.7003017363219823 2.869429383716223 1.9849297987463397 -1.054192587039319 0.048960412005739765 2.8693879040643107 1.9849578824305039 -1.073772922531034 0.05840179028966261 738568.4957631149 0.023060626501795467 -0.22282257006104697 -0.7566472403870703 0.06855188574472544  738568.495763167
-1.3637977295611017 1.6917426950632772 2.8504292751991755 1.9865746255664758 -1.0477815039806144 0.04981805397928681 2.8501278008337767 1.986531145232166 -1.038827653753133 0.07059735521524114 738568.4957633396 0.14472136443424222 -0.2678811778997958 4.579946083547616 -0.02419367372887425  738568.495763409
-1.3632748870340783 1.6839051264829425 2.830055711045532 1.9872493781260476 -1.022194280666453 0.03342281402231796 2.8298030335343705 1.9873171627513064 -1.0115499287366052 0.05289040328030499 738568.4957635808 0.2672992625765521 0.2670955481052203 1.694486807685347 -0.3524983421989506  738568.495763658
-1.3631009401693657 1.6750943229569875 2.8091130352076816 1.9879728068695852 -1.036569949988862 0.030008060663408838 2.809138745434037 1.988010405411453 -1.0144002998090516 0.04280397147253687 738568.4957638157 0.14227709193888496 0.03452168605744049 -1.439414099039221 -0.14406244861362097  738568.495763896
-1.3628683335496676 1.666999435489119 2.788526529107357 1.9884950068336873 -1.034688449900081 0.02339750510541976 2.7885878864495632 1.9885282147548304 -1.0213232267007786 0.03373754909376249 738568.4957640466 0.0663083374299817 0.08914292333863476 -2.127900195840417 -0.09676901789701808  738568.495764136
-1.362725922119754 1.6584205587972722 2.767582012258209 1.9889528566804262 -1.058680056303511 0.02148826947121254 2.767821835349842 1.9889726328806665 -1.0495750634650476 0.02810026925235115 738568.4957642676 -0.010579870655216983 -0.25000980701903697 -3.889850107415637 0.11119140893770271  738568.4957643829
-1.3617093713444812 1.6454330812062012 2.744409284938298 1.9906909541975364 -1.0420259755345302 0.020323288824199832 2.742969676949808 1.990614399673594 -0.9446788299571162 0.04159790049719919 738568.495764625 0.10980575503164525 -0.16678277816778467 5.5697965126655795 -0.03227576406469704  738568.495764625
-1.361090933978011 1.6366847634483648 2.716955393852292 1.9904800638514937 -1.0525475734145295 0.007747545373589073 2.7180677543701166 1.9905676978853641 -1.0687135072858918 0.017952786554067676 738568.4957648586 0.17609885299684525 -0.14852962630383976 -16.87112671786837 -0.100295003789203  738568.4957648701
-1.3600495769417826 1.6277587581874589 2.695505476589391 1.9904396462339495 -1.0726257613405232 -0.0027060671806837275 2.6957080769052233 1.9904833676034788 -1.0915897855252812 0.006007128965950072 738568.4957650892 0.3357751696066482 -0.2522250217505311 -7.048790342328942 -0.2038761718275146  738568.4957651123
-1.3591455334110656 1.6187576435273578 2.6739160647933526 1.9903101840060389 -1.083708181919019 -0.009507761060098041 2.673906704607948 1.9903365926323635 -1.090537666704739 -0.0011757277327309867 738568.4957653208 0.29690867348141453 -0.2796958071484716 -1.9170112354235425 -0.1572381291994946  738568.4957653491
-1.3582091535532386 1.6092086735088522 2.651863475530612 1.990123569639272 -1.121581302668865 -0.010972211823968597 2.652083343697623 1.990140736178567 -1.1166391365811634 -0.006106970839745182 738568.4957655403 0.24672303703335718 -0.7124484007056482 -3.4116418181114385 0.06472286162793156  738568.4957655941
-1.3567553976796025 1.6000853990201342 2.632153740087773 1.9909671917815843 -1.0912371954192914 -0.012458601101565233 2.6316701556035307 1.9908815134380395 -1.0637036315778943 0.016587330460318527 738568.4957657781 0.35993317823775517 -0.31380450868809145 6.276486977853566 -0.20061989728919294  738568.4957658361
-1.355273679259217 1.5906279248505966 2.6103365483359324 1.9905678635863362 -1.1079775560243699 -0.02103622025238018 2.610449954431636 1.9906250380700683 -1.0768634352308044 0.0005332174870864223 738568.4957660026 0.41383565996479965 -0.38066396447834766 -2.125779889860296 -0.2227670092553137  738568.4957660787
-1.3539630265418419 1.5808444705233622 2.587453135400217 1.9900910458762167 -1.1004632612884013 -0.027160627694083977 2.5874879261497035 1.9901401203187146 -1.0805639751568903 -0.01209749171958506 738568.4957662474 0.2486448620130345 -0.18989514944863517 -2.215988718781662 -0.1497969003482798  738568.4957663149
-1.3524366274765205 1.5715133551964127 2.565618002925251 1.9894312343661977 -1.101375054607404 -0.035223933791597814 2.5656877487464373 1.9894734372313951 -1.0884752728776077 -0.023681064333691763 738568.495766477 0.23521443955951307 -0.11189933429033533 -2.36319358620114 -0.16941382702917068  738568.4957665595
-1.3505496665951218 1.5617104694734303 2.5431929693561077 1.9885867776861086 -1.1218131068989072 -0.044400726740944765 2.543334303427326 1.9886242606276079 -1.1044916475735955 -0.03395938277250678 738568.4957667068 0.3578358713867492 -0.2681802073640967 -2.9529515759348666 -0.21824561818119792  738568.4957668002
-1.3489411361320378 1.5517997644454269 2.522875586007342 1.9892636327155069 -1.1159532817543611 -0.032921385968345006 2.522665296907198 1.9891458390101295 -1.080489894719263 -0.0014267408720482558 738568.4957669349 0.2497297566403971 -0.38802508329257723 4.747525295081606 -0.07050322261955158  738568.4957670397
-1.3465159856097255 1.5371435651966954 2.4959900169327076 1.9890645324164637 -1.1125220723245786 -0.03855699243310885 2.4950118674884463 1.989067953360904 -1.0079655094222435 -0.0020404971073919617 738568.4957672862 0.164862059642307 -0.2546724057172074 6.664287263121552 -0.047207445034427864  738568.4957672862
-1.34417376382343 1.527151941668202 2.4735705249851794 1.9880326812354745 -1.1297789223610433 -0.05115310817172479 2.4738319837015617 1.9881222469794984 -1.037902467417213 -0.02685568304662311 738568.4957675136 0.3947522104104142 -0.2929510127809193 -6.445700968497968 -0.2421732148239394  738568.4957675253
-1.3423313621293846 1.5174398890103136 2.445189917241276 1.9859526402587426 -1.1342673180300944 -0.05894193578426984 2.44658095050226 1.986101450780652 -1.2007476268087014 -0.0690099975520857 738568.4957677361 0.26707037882307305 -0.26638259291729993 -21.89714445827199 -0.13694274506797893  738568.4957677701
-1.3407645789123273 1.5083342166683738 2.4243950657444118 1.986026351481819 -1.075059899876018 -0.05225533399084939 2.4238751347155376 1.98590154484225 -1.1455220191777582 -0.03693227631156855 738568.4957679813 -0.025992623561003847 0.38412675379359995 2.6176728370801463 -0.13117303069992123  738568.495768016
-1.339017632677537 1.498683203688527 2.402688871077967 1.9849778889181713 -1.0784258368889106 -0.056062304303809395 2.4024100348170596 1.98499448602869 -1.1141783178644686 -0.041446723409351544 738568.495768213 -0.06255120943915962 0.24064713061709106 2.602759726598253 -0.0395839764116879  738568.4957682588
-1.3371840588033894 1.489966749316956 2.3815015629433947 1.9836561393627479 -1.0571647694854627 -0.06701425980990969 2.3812241728109522 1.983700785908922 -1.0834661572792432 -0.05340802063512517 738568.4957684481 -0.01715498888393637 0.4986125339732389 1.9139391929714775 -0.18434497293697125  738568.4957685058
-1.3350324452279108 1.4811208280197816 2.3602281885256087 1.9820927404157855 -1.0718741525696869 -0.07801434177949339 2.3602751180438495 1.9821456185408437 -1.088992241560887 -0.06847473338653166 738568.4957686693 0.20927862346022535 0.27348766042838424 -2.122698885627505 -0.3011652836190042  738568.4957687435
-1.3331973862139253 1.4725616514681281 2.3391023526340367 1.9804812157366534 -1.0509277365595562 -0.08530224609409802 2.3389130420905886 1.9805044971911898 -1.0682436389053171 -0.07464913982378611 738568.4957689069 0.09066451757863156 0.4708758504672222 0.6720124806573913 -0.2707211171367978  738568.4957689862
-1.3310843657411768 1.4639949607834044 2.3199936054603167 1.980504043101367 -1.0390688414287703 -0.07400183150810827 2.319710897631678 1.9803739828324973 -1.0353958169222837 -0.038082551417155344 738568.495769131 0.1600501319103369 0.29953348888647646 6.0733018386220134 -0.2661204941903722  738568.4957692253
-1.3290860870154069 1.4557974639443485 2.299497302154924 1.9789517379771189 -1.0146241658861002 -0.08226121608067552 2.29928222506243 1.9790083779950542 -1.0121535709782015 -0.05289334640003983 738568.495769372 0.07355194660406908 0.540263449244222 2.4027834736681015 -0.28194970262592944  738568.4957694644
-1.3272967266199367 1.447757722481922 2.2793629262147337 1.9773383035005576 -1.0039698710967155 -0.08577554969244525 2.2793152184151095 1.9773935225789565 -1.0067796478069424 -0.06794423957111917 738568.4957696032 -0.044804865712100087 0.5199583829721486 -0.49714007924680326 -0.16445702805710213  738568.495769708
-1.3241167174199715 1.4354328617814496 2.254757767800708 1.9758308154177298 -1.0104177553486302 -0.09306610000467644 2.253886913332169 1.9757892431950812 -0.941023394101842 -0.06034857505189604 738568.4957699481 0.024256878549468786 0.36306027129729435 4.2359336955256826 -0.16535829202353824  738568.495769948
-1.3218558714733084 1.427682453044259 2.2284598301959053 1.9725210374296374 -1.0088887368200135 -0.10580221918848544 2.2295251478629043 1.9727068464532145 -1.061201251540884 -0.11106903477909548 738568.4957701789 0.1397376250347302 0.3661221777522442 -16.831452427034677 -0.2717689194986964  738568.4957701905
-1.3196408046846084 1.4199071226545164 2.2089036000264186 1.9722253567155859 -1.0018229532848526 -0.09443718428962129 2.208816355758873 1.972069305341975 -1.0513597477664016 -0.06847358477442053 738568.4957704098 0.14288151954076114 0.32843521443125856 0.8754472280565508 -0.2598538081017235  738568.4957704329
-1.317576215945348 1.4122318943341448 2.1889357866357093 1.9703587373755138 -0.9979052851965221 -0.09778060654222621 2.1887611530731994 1.970389759399865 -1.0316617932570151 -0.07694068310503796 738568.4957706407 0.04722672889084405 0.29614453317964295 1.79490291541953 -0.1587114835037913  738568.4957706853
-1.3150969726474913 1.404132357398888 2.16847131565899 1.9683198679044187 -1.0240631752028402 -0.10390071203836196 2.168522042623998 1.9683720978904449 -1.037557283491648 -0.09162899910300262 738568.4957708648 0.19885573086479008 -0.0563386338715387 -1.4319252292692157 -0.1615387439411468  738568.4957709236
-1.312953183385729 1.3961740001837502 2.1480321393744375 1.9662873471486182 -1.0146756265651213 -0.10657798993546477 2.1478679238363525 1.966303961387744 -1.0197399684090758 -0.09599093743994186 738568.4957711047 0.04971518559148497 0.06530388483995352 0.9481905519126941 -0.07103660934594137  738568.4957711624
-1.3108848285138897 1.3881275679486222 2.1276668498248257 1.9642213909225092 -1.0186848683678484 -0.10722816863247636 2.1276437535782766 1.9642364568694064 -1.017135335109694 -0.1001021758905991 738568.4957713357 -0.049412553883339594 -0.013795032471238755 -0.02157219232846952 0.05092588887772238  738568.4957714021
-1.308481893442387 1.3799765370839263 2.109045540337953 1.9640322247618838 -1.0159450938203713 -0.09366635531881826 2.1088071263529775 1.963872675116487 -0.9899740829592469 -0.056119164972986225 738568.4957715642 0.07351008114592741 -0.14423445254196532 5.846158203278634 -0.012631687394051551  738568.4957716457
-1.306307288882001 1.3726274712845852 2.089400342713936 1.9620281732665594 -0.9956177516852353 -0.10093461158173833 2.0893410261517014 1.9620932760217942 -0.983293556995821 -0.07386126831482692 738568.4957717955 0.026343950605178364 0.1939670688159939 0.6724248536961266 -0.09831837441073221  738568.4957718878
-1.3037728120500078 1.3653940108670841 2.069201605009562 1.9596493035656262 -0.97649146623991 -0.11290150392604957 2.0691903160609773 1.9597326323987785 -0.9820577422132533 -0.09593451636518843 738568.4957720333 0.10488474796020225 0.47126331308055364 -1.3699360804484888 -0.2757233032537806  738568.495772136
-1.2999056520314345 1.3533646564319546 2.044786182059381 1.9575499431805798 -1.0053904013688226 -0.11713445020573789 2.044087148132773 1.9574934164038942 -0.928375431591858 -0.08543043153237576 738568.4957723725 0.169120274879509 0.14630253527922915 3.3295878125112353 -0.21181173167642084  738568.495772384
-1.2975901109323351 1.3461614973210982 2.0203581486301707 1.9560260926159523 -0.9687355981394398 -0.10176846160825272 2.0210284840013837 1.9559963278169727 -1.0000371128887504 -0.07773081913108536 738568.495772616 0.006243652634162794 0.39028476894667125 -6.749521734755422 -0.15244418541113908  738568.4957726276
-1.2948899806922263 1.3377062336948986 1.999810829061675 1.9540988161346624 -1.011545187974972 -0.10217512248377324 2.0000421224471316 1.954131276382679 -1.02635855507932 -0.08666941607210497 738568.4957728449 0.1259596693684546 -0.19872903581752815 -3.9413013388297364 -0.04249760991864486  738568.495772868
-1.2923948202498234 1.3301596634848654 1.9797462502108487 1.9520536518967107 -1.007271834554884 -0.10607807220244421 1.9796787457491154 1.952083184575368 -1.0188341704316193 -0.09463490434143103 738568.4957730785 0.0752220635015993 -0.04411670295099021 -0.19381840400559414 -0.05340564649375014  738568.4957731067
-1.2895915352727223 1.322527326237068 1.9596226955923841 1.9498171088624199 -1.0207684083347195 -0.11395358436644147 1.9596993035418562 1.9498573958630891 -1.0278044950799379 -0.10604975703383317 738568.4957733009 0.21651786696661623 -0.09999540587763442 -1.550788808968534 -0.16415163870022137  738568.4957733472
-1.287060686496233 1.314669477228386 1.9391957508750617 1.94765932234457 -1.0188238123000681 -0.11444363286839936 1.9391163038285981 1.9476621362280047 -1.019055674853879 -0.10679956299942757 738568.4957735374 0.07494849927969235 -0.022608054807977646 0.5377474347274294 -0.061368999874324794  738568.4957735953
-1.284081992035002 1.3069689393684885 1.9195537978282649 1.9472659702639745 -1.0181438279778212 -0.10179755746266597 1.9194362741042783 1.9471101790884937 -1.005779483716394 -0.06421405243401299 738568.4957737679 0.1898530845012122 0.009991032098470923 4.273078338938927 -0.18023045492552114  738568.4957738381
-1.2812646929050027 1.299222762512662 1.8991269231591001 1.9452671543954647 -1.0224074863360313 -0.10515518690037198 1.8991451133060488 1.9453169812204032 -1.0078177616045594 -0.07772424228889473 738568.4957740003 0.1540266030621744 0.024680379177505603 0.04347787016513127 -0.15238035273901418  738568.4957740754
-1.2788504683864115 1.291493484812194 1.878756747701765 1.9434120851853678 -1.0236232119566786 -0.10049637309431886 1.8788073282557396 1.943444206049281 -1.013531920705787 -0.08650489937313735 738568.4957742308 -0.06023446531021062 0.005970095739003933 -1.015280126932483 0.053927640525744155  738568.4957743168
-1.2759739274979245 1.2836141837186004 1.85800477559983 1.9413640457512427 -1.0329269625437718 -0.10492152376495861 1.8580591864110454 1.9413940776898386 -1.0195957473121824 -0.09460361208092029 738568.4957744646 0.019319521762668823 -0.02389736764480366 -1.173392297146064 -0.009353844916702962  738568.4957745571
-1.2730452697469792 1.2762632227816244 1.8375508033003212 1.939118035228145 -1.0273083507399385 -0.11379043937523198 1.8375595621174596 1.9391520770971342 -1.0205781405729222 -0.10384259924010801 738568.4957746967 0.10573809448026156 0.16388071771435164 -0.7652474057918022 -0.15765183635186023  738568.4957748007
-1.2700366073588827 1.2671235317781604 1.8169646956073122 1.939046748946414 -0.9591651545287301 -0.09170924321093303 1.8153710704294257 1.9387764241538514 -0.9008124741418658 -0.054683594271326394 738568.4957750433 -0.13854947301588869 0.5440289696409497 9.23040218672513 -0.06658064007266487  738568.4957750433
-1.265859302672441 1.2574898835695243 1.7946633995264423 1.9369790232624342 -1.0697583786237774 -0.10401717768175466 1.7951111426105992 1.9370429433113967 -0.9514844397714184 -0.07218798570408674 738568.4957752733 0.5954350229826024 -0.7592614372400184 -8.54810765111051 -0.2841017786571449  738568.495775285
-1.2628563152722663 1.2503556951516752 1.7678216455955778 1.933945347676089 -1.071246105234438 -0.10989844953461247 1.7692849909704547 1.934100243372735 -1.124150850852475 -0.11641335088038911 738568.4957754939 0.48582164229725144 -0.4555938400262399 -22.33858485488414 -0.29230186725299145  738568.4957755272
-1.2601830670701448 1.2428002478644673 1.7471206986390695 1.9320788534415003 -1.0442270706814212 -0.10325590668405916 1.7469168712798948 1.9320423319758575 -1.102154781181048 -0.10687656879265095 738568.4957757352 0.057419078030894244 -0.029918459523002428 -2.242169362128678 -0.0431369413405387  738568.4957757702
-1.2567425967922305 1.235196496218947 1.7261810861690172 1.9298668019774319 -1.050402901335921 -0.11225539628202086 1.7259753674476883 1.9298704100893636 -1.0789887577761395 -0.10785973904316831 738568.4957759666 0.18995429155588453 0.030736486094777284 1.596339580597728 -0.18864066990661055  738568.495776013
-1.2534735083207413 1.227474053201473 1.7067994649452134 1.9302364579975912 -1.0431356721761722 -0.09002217405665787 1.7063786688376101 1.9300073319665 -1.032140054963241 -0.046133283277510144 738568.4957762004 0.18219853916632847 0.001965268172540613 8.115717626436654 -0.1712462253632007  738568.4957762518
-1.2511639970522228 1.2216161959650458 1.6877005565669827 1.9286668053077876 -0.9982189718956386 -0.08573078858694845 1.687578861683538 1.9287092565200201 -1.0176013362549365 -0.058405272461284546 738568.4957764184 -0.21192834554419918 0.6076303394810509 1.7628489287031313 -0.014339413667017326  738568.4957764993
-1.2466916945212005 1.2119510553758006 1.6647037848205215 1.9267323730111432 -1.0860254824770093 -0.09601550062674417 1.6649504942966096 1.9268000950294129 -1.0440797022322608 -0.07599286091386089 738568.4957766611 0.3625480820222624 -0.4000871852145338 -3.1648162902921007 -0.2004062897899915  738568.4957767419
-1.2430795412368358 1.2038382300799222 1.6426665736328883 1.9248636685301075 -1.1094911264730158 -0.09528700227023884 1.6429004680849035 1.9249015496163948 -1.0704680363057675 -0.08633440838946388 738568.4957768918 0.3771174857962933 -0.47816276337492264 -3.4076167795743166 -0.18793844549944044  738568.4957769843
-1.2377866396012607 1.1925975959079902 1.6170829693843467 1.9227014356426468 -1.0970584131075456 -0.09957948439848215 1.6160893297712215 1.9226669693769114 -0.9957442723804637 -0.08006256612745986 738568.4957772382 0.26753830425633685 -0.1965676020193423 3.590038833316361 -0.18338869922197704  738568.4957772382
-1.234635759055744 1.1864795593938535 1.5929401472707012 1.9226775162090621 -1.0180879081093306 -0.08135076138104741 1.5934662983334704 1.9225328462066105 -1.0550976443371036 -0.04057280685864827 738568.495777469 -0.03927476368978661 0.661660343966162 -4.993067146456058 -0.191182482586168  738568.4957774805
-1.2294911241966715 1.1764428303618732 1.5693487514322348 1.9208263875898368 -1.1309363271481723 -0.09382207674278498 1.569835636811584 1.9209070327778293 -1.1099435675836713 -0.0625548031030351 738568.4957777002 0.661094694603515 -0.6941248241463159 -7.284609155948498 -0.38297402092795496  738568.495777723
-1.226664763898463 1.170779028248367 1.5487374637104288 1.9192675010626041 -1.0504821491380127 -0.08626570009904014 1.5485735919228454 1.9193028482978227 -1.0914442409112697 -0.07221038012831757 738568.4957779308 -0.02481290106666012 0.46389875339408315 0.20458934639142345 -0.13508191490097296  738568.4957779654
-1.2229605603477331 1.1632421109456514 1.5275238415604433 1.9177310170878503 -1.0567450565704921 -0.08279582705267616 1.527410091825262 1.9177429092967393 -1.07860729002566 -0.07545784952342245 738568.4957781617 -0.07177384639028583 0.3252915291077956 1.1157338061653337 -0.04310704635759938  738568.4957782193
-1.218740274888344 1.1551426262010083 1.5076782381592553 1.9186295352057892 -1.073444643835867 -0.059743569593356964 1.5073908306074613 1.9184141917489792 -1.046207864005587 -0.01671677671513986 738568.4957783927 0.19219025158610897 -0.13714825030671945 6.266974816936122 -0.1339320799736099  738568.4957784617
-1.214102040169164 1.1459098058553174 1.4844851414349274 1.9174432732620896 -1.1251177805457666 -0.061234959193613624 1.4846424712600386 1.917499130226658 -1.063101529901515 -0.031229911368727693 738568.4957786351 0.3724413026253338 -0.6048744923118503 -0.7047532050455754 -0.14478368431702884  738568.4957787042
-1.2101480528473645 1.1383717031827425 1.469321269182782 1.9164848300086677 -1.1071860508759996 -0.0580802722800338 1.4683840416102238 1.916520123041186 -0.9572494385146546 -0.040875181940197125 738568.4957788658 0.19366340733434823 -0.19802322448973458 9.282832721524683 -0.11510765455705277  738568.4957789466
-1.2060148561101423 1.1309674686754498 1.4478579607301947 1.9152464639118634 -1.0901542301026417 -0.0613954247817239 1.4480871910430493 1.9152877161976698 -0.98310753845233 -0.052135317862048586 738568.4957790966 0.12405346338139518 0.15161541464551997 -1.9630440115778125 -0.16796408717390235  738568.4957791889
-1.2019163921455702 1.1234826066086074 1.4262533846385 1.914045746989812 -1.0860217137757797 -0.061474348766750536 1.4266086155736988 1.914063912307293 -1.0231699160854628 -0.05709255832833269 738568.4957793276 0.06881829910612725 0.23691479531318488 -4.423323201390618 -0.14453722993044202  738568.4957794314
-1.197776564249781 1.115771037939193 1.3990383906844213 1.914940070579309 -1.0850135350700554 -0.03566081035901897 1.4001845802422102 1.9147587352699438 -1.152475520854348 -0.007591517312144899 738568.4957795583 0.05301012893635648 0.11390360117787364 -9.893683687362202 -0.08833188524281563  738568.4957796738
-1.1915469630977298 1.1050211923962487 1.3735252374571436 1.9136231856616384 -1.0775502657391012 -0.03918268050082857 1.3722736267982005 1.9137049427823438 -1.0583532982219488 -0.022468661147321767 738568.4957799047 0.04746358549109526 0.20524387885142542 1.934941996668206 -0.11369448514328212  738568.4957799162
-1.1871722782160445 1.097820986484328 1.3519799287840333 1.9127013394044372 -1.0795832226663198 -0.04482815518067176 1.3518495192988975 1.9127513315278666 -1.0436417052918006 -0.03611522009661298 738568.4957801355 0.12671095935265145 0.23270741180314175 -1.748100313167925 -0.19739934239035606  738568.4957801586
-1.1827676539414516 1.0906336984616494 1.330296537073695 1.9117554962512908 -1.0849166810155222 -0.04805355722201623 1.3304124504530792 1.9117802520328468 -1.0567097022492096 -0.04286863063822628 738568.4957803665 0.15901190020898187 0.19675639920288235 -2.958735124653284 -0.21565188706081434  738568.4957804009
-1.1788535982893111 1.083473714028692 1.3086730078515645 1.911142475654416 -1.084969337496975 -0.03679131028217871 1.3087804927583264 1.9111229549102242 -1.068839941209473 -0.037537868615372505 738568.4957805972 -0.061419984216673745 0.15125321715992843 -1.6663996246472461 0.00740653159069312  738568.4957806434
-1.1750028042628213 1.0766351575867836 1.290335097580531 1.9131770648824185 -1.044870579408978 -0.0011085473030173132 1.2898716621610462 1.9129247372359643 -1.0166181197453836 0.03126375420312673 738568.4957808283 -0.19665618347629982 0.24460030430827812 7.66829852694422 0.10312206877640308  738568.4957808858
-1.170706010716974 1.0696005185988797 1.269216397571116 1.9129693215692791 -1.059840192602189 -0.0065127814280775045 1.2693526849564816 1.9130201198941803 -1.032359933274384 0.017066003448357743 738568.4957810538 0.021878890125643563 0.09807232143746394 -0.8685892706676341 -0.05351720914821258  738568.4957811346
-1.1666081281347287 1.0627806720273423 1.2481130712984658 1.9128310964711488 -1.0447389045732471 -0.003552647322406059 1.2480473816177378 1.9128803196077113 -1.0253122007118591 0.0042871290604892115 738568.4957812965 -0.06582683551098306 0.2896840231711847 -0.21259092641160238 -0.035147619938495314  738568.495781377
-1.1623057182367555 1.0561223972509555 1.2271691112514997 1.9125985681303646 -1.0464132164791122 -0.00834251937754566 1.2272419759785858 1.9126316112190682 -1.0335429486515286 -0.004744657131888647 738568.495781527 0.05123473467447452 0.2816665413614987 -1.350662607515151 -0.1426814880038885  738568.4957816195
-1.1560300681210562 1.0460177511540125 1.1981194272096218 1.9145571229438776 -1.023762698308425 0.01948819243466786 1.197831478038612 1.914371051043576 -1.0118880548810638 0.02911574179992027 738568.4957818734 0.0531934877623268 0.20789185283228495 1.676567732250638 -0.12014717994782777  738568.4957818734
-1.1512925807379866 1.0392064465513053 1.1772278813928492 1.914674661832255 -1.0400144092542964 0.010080764860160274 1.1772949874720324 1.9146996064506923 -1.0194575282121294 0.02230723750285777 738568.4957821042 0.2681164872101518 0.07183516119656466 -1.6343231545172128 -0.2766379644370409  738568.4957821274
-1.1471094610253818 1.0324933231885807 1.1564752110138419 1.9151715250700752 -1.0420512919105116 0.01967743273801527 1.1565529032313813 1.915169097206069 -1.0282215223824414 0.022969942082068196 738568.495782335 0.10235757048377989 0.04567007468791941 -1.4606311305992046 -0.11176641807411472  738568.4957823697
-1.1428513037861276 1.025904568377907 1.1357751509203 1.915715373789774 -1.040345230828094 0.025794141604707468 1.1358181108524494 1.9157074438552235 -1.0330675173421273 0.02513445422571992 738568.4957825659 0.011507053630004177 0.08900197762364256 -0.7125102223348962 -0.040922713282751114  738568.4957826121
-1.1379826340467254 1.0195117561943574 1.1149927130176815 1.9157904808738846 -1.0420262706500973 0.01069178204832088 1.115027712432852 1.9158281297860984 -1.0370154031813967 0.014858378797543328 738568.4957827968 0.23300661185270496 0.18098518367678956 -0.8958614201340076 -0.2804848554445639  738568.4957828545
-1.1336714302062365 1.0129022919593331 1.0968043311346563 1.9180127544381802 -1.0156655757484447 0.04061119533635623 1.0964104476735121 1.9178428121775752 -0.9925853600634817 0.06124379232538086 738568.4957830277 0.08381179260876603 0.10379684046761192 5.658196020222668 -0.11413036489252323  738568.495783097
-1.1290281014184727 1.0063790593921946 1.0764041997018532 1.9188048339542363 -1.0215503266973898 0.04012975198421257 1.0764374108186017 1.9188281963459664 -0.9963316178579457 0.05486699616800152 738568.4957832586 0.11154685746273314 0.07431291440487953 0.2564267785772216 -0.13020270301072356  738568.4957833395
-1.124343736537356 0.9997403966228409 1.055799137115853 1.9196100643042513 -1.0310550851470652 0.04005940615744275 1.0559215543545815 1.9196381917903695 -1.0101406089846499 0.047189469337848226 738568.4957834894 0.13808952332452334 0.005455049957663563 -1.6765721004998633 -0.13163805365274744  738568.4957835817
-1.1190983458245756 0.9930754332815614 1.0348927360078768 1.9200066182017506 -1.0455221771222838 0.02460748189903521 1.0350334545822772 1.9200581759966207 -1.0260134704165118 0.03311703648807789 738568.4957837203 0.36081527107693556 -0.03921881101002345 -2.3162472388757007 -0.32561867286305535  738568.4957838263
-1.1140543431380745 0.986493391982536 1.0068427039780223 1.9221638926255056 -1.0503630356604152 0.02405123106987226 1.0080480660881463 1.9220343866818612 -1.1607175892601411 0.06813767765405056 738568.4957839533 0.3096443753629542 0.010278269417286302 -11.43566593307714 -0.2942635985309336  738568.4957840687
-1.10637425534865 0.9770213148981212 0.9856663469376153 1.9245845188483517 -1.0129895724807187 0.052592889204197975 0.9836910373597224 1.9245384814017628 -1.012167836345239 0.07651526654631957 738568.4957842996 0.2706952503743079 0.0851779319789025 5.166595269149994 -0.2834405085212487  738568.4957843111
-1.1012370572052355 0.970358979417625 0.9652317956001848 1.9258533510354559 -1.0230150884996523 0.05808027745872773 0.964954834744828 1.9258723789121692 -0.9809277800165108 0.07132183038198323 738568.4957845304 0.19173766096493733 -0.017610326800246545 -1.3172528292636994 -0.17365622232542505  738568.4957845535
-1.0956356823690447 0.964277398784552 0.9449969671727915 1.9265867295733314 -1.019381254734655 0.040919319461145076 0.9450597542913394 1.9266504697851798 -0.9880105038186863 0.05392323017780621 738568.4957847613 0.3213431903851523 0.15951932897943955 -3.6015233684369603 -0.3567835225911687  738568.495784796
-1.0907694280965707 0.9578062674053067 0.924634351860495 1.9280536609767005 -1.0214244253505178 0.0607572279067593 0.9247492658145556 1.9280241751511449 -1.000973104416779 0.06197152201094936 738568.4957849921 0.034531906063510864 0.07096931933638155 -2.398567716409289 -0.05716994431299974  738568.4957850383
-1.0851787002353264 0.951453495293412 0.9040417650663519 1.9289910855662553 -1.0302054729684262 0.05032422644882916 0.9041603693595409 1.9290153157246281 -1.014351665286151 0.05535794683567701 738568.4957852231 0.17177546073119376 0.04685606401895437 -2.0678168815505034 -0.17730007788767962  738568.4957852807
-1.0803602080225907 0.9454606411539832 0.886342661569431 1.9328201928830515 -0.9931119876990535 0.09049087232045931 0.885956201443777 1.9325771332569235 -0.9707589741985673 0.12170060480509862 738568.4957854539 -0.08271707326623451 0.18518042571078178 5.679617817622775 0.011770599589066622  738568.4957855232
-1.0747957682005986 0.9396082646798904 0.866564069550085 1.9341392557367276 -0.9914036722632866 0.07288468306480854 0.8665687169892716 1.9342171380256548 -0.9712832177377653 0.10044227548554992 738568.4957856848 0.09910872315780078 0.2866821286289574 0.14056823890213277 -0.19452539324568213  738568.4957857657
-1.0693159393043952 0.9334470899095114 0.8464275756404915 1.9355311702695388 -1.003484519762527 0.06731847196196034 0.8465480572689811 1.9355933541393415 -0.9848636402770105 0.08348167393415035 738568.4957859158 0.16252831037547988 0.15167556085168526 -2.0256163721729337 -0.2059398482969646  738568.4957860063
-1.0637709753305966 0.9274291340540186 0.8262074549304921 1.9368159265477174 -0.9992749972492325 0.06703651800621052 0.8261671379048146 1.9368629922130018 -0.980525173593798 0.07122639964357629 738568.4957861578 0.07709926237331004 0.21799557098711161 -0.5376956185782054 -0.15001310641315188  738568.4957862518
-1.0582206287927443 0.9217405179980851 0.8062909127514156 1.9379940943138123 -1.0113056642680303 0.050995811934823776 0.8064814391058477 1.938014454830078 -1.0030205415281446 0.06540941547857598 738568.4957863784 0.23617659229266835 0.1370974668610807 -2.6455510750340534 -0.2696505404386196  738568.495786494
-1.04967301583312 0.9131024633239514 0.7792959608241857 1.9423844350747437 -0.9823208800608629 0.07073985261607128 0.7787644905939077 1.9421701870619554 -0.9637045343348513 0.10376055898510618 738568.4957867304 0.20222694877979885 0.16890407741543811 1.8910411716795044 -0.2497536702374437  738568.495786742
-1.0439125723574825 0.907400691360262 0.7596055497251523 1.9437831903592828 -0.9878881295364421 0.06369290390646389 0.759599039716283 1.9438240675175225 -0.9629693179501133 0.09258973148599149 738568.4957869609 0.189502649027048 0.1469311936349064 -1.5690355158361373 -0.23001454672214422  738568.4957869841
-1.0384638180431296 0.9014247547896167 0.739650120689407 1.9455922991477808 -1.0023723796798667 0.07541261920570527 0.7398045300921048 1.9455974355466716 -0.9805924941176416 0.09117119589851018 738568.4957871892 0.050859715609812034 -0.03891694090867165 -2.7469639183511 -0.03308233504956662  738568.495787224
-1.0328098030971586 0.8961596997630782 0.7200695344427603 1.9468625248193172 -0.9975533569824938 0.05892416218345143 0.7201722834878431 1.946908431746876 -0.9924659989332327 0.07833458378403786 738568.4957874146 0.09047680541579674 0.15191375645699134 -2.16642520996119 -0.13994649486626237  738568.4957874727
-1.0272128451124827 0.8907973158427501 0.7027981364679247 1.9505813038325175 -0.9537849863131581 0.09104149285080317 0.7022421929855724 1.950398847489039 -0.9329206472528436 0.1256221803396024 738568.4957876577 -0.08301754214376068 0.3537448582268691 5.785173677699019 -0.05403849364587256  738568.4957877147
-1.021863012357775 0.8856401496851892 0.6838140273421103 1.952546251314566 -0.9496430399149043 0.09286409510027589 0.6837632044982235 1.9525801640341407 -0.9272297333933635 0.11643342432575281 738568.4957878903 -0.16809959164459426 0.3762549231887839 0.6550443608473859 0.015826908512911547  738568.4957879595
-1.0162100344334626 0.8803215700284047 0.6644257840220433 1.9541214807442224 -0.9639464432459028 0.078697943929659 0.664553381772207 1.954192289738035 -0.941588088443508 0.0971527975866944 738568.4957881217 -0.029798577177135244 0.22727699074564753 -2.173687050405639 -0.05736706209589364  738568.4957882027
-1.0110854492505041 0.8751436739495769 0.6451332426716506 1.9561254833183155 -0.9720407008838055 0.08564669471127107 0.6452883759303567 1.9561228309904288 -0.9594011646459826 0.09788973783173678 738568.4957883485 -0.123639497544452 0.12305909342340186 -2.2785611146207323 0.06832009728510102  738568.4957884523
-1.0069505605977331 0.8718175002259048 0.6276191215625637 1.958416997478084 -0.9123743605527486 0.09785669006205845 0.6274882950986355 1.9583802858649753 -0.9441250184443699 0.10826245946998102 738568.4957885715 -0.5709376419344893 0.8530345825816911 1.317303772100705 0.20614466093993755  738568.4957886995
-0.9974446530674969 0.8628721674012849 0.5999319790635416 1.9628284944033294 -0.9403150633254889 0.09200704859487013 0.5996444228984582 1.9627310919978176 -0.9233149172187475 0.12531905082652936 738568.4957889314 -0.134238447243887 0.34618432580110803 1.9619051829684517 -0.008211289474661917  738568.4957889429
-0.9930860649473288 0.8596695012202616 0.5824223557936842 1.9648997581045775 -0.9062485496764378 0.08213627055592881 0.5824055185279714 1.96491623906023 -0.9212962113722688 0.12053765257491782 738568.4957891485 -0.31329628306295254 0.7812685516705677 -0.6929030220639452 -0.010712526511436116  738568.4957891832
-0.9864030501058646 0.8534549343904008 0.5618527841084279 1.9653260140537054 -0.9851607191179059 0.03139852868492759 0.5621522384542088 1.965509107335541 -0.9545245737174683 0.07137653135914404 738568.4957893832 0.34996024041561835 -0.13579814482857977 -4.726150898873218 -0.2708781169085296  738568.4957894274
-0.9804215052136838 0.8488410146393015 0.542248213826842 1.965288996711216 -0.9826370913497964 -0.0036372720707406997 0.5422834553794282 1.9654412771152832 -0.9583697521273113 0.031171858293591773 738568.495789622 0.3228696767353894 0.05649959441842395 -2.156267581212415 -0.3197856432464418  738568.4957896675
-0.9749686184348366 0.8438811263443102 0.5226877106017846 1.9659932539802358 -0.981765242939903 0.007797448998629178 0.5227113185902007 1.966000507401816 -0.9609873040341671 0.029225824884912672 738568.4957898568 0.01999523091457911 0.0608495660474613 -0.7834433692687568 -0.04188048491057769  738568.4957899069
-0.9694152407603237 0.8394610923623592 0.5065065508426645 1.9687328207337884 -0.939381816739982 0.021930074288658962 0.5059825128947797 1.9685402313747729 -0.902820682016676 0.08095248599083966 738568.4957900913 -0.09427846270987544 0.25124582537017337 6.098308805671176 -0.010450214574809963  738568.4957901528
-0.9637482572612542 0.8349510257646923 0.48765642427949646 1.9687449364665206 -0.945631818440253 -0.0114249586792489 0.4877268514123678 1.9688708515989766 -0.9108192596696904 0.04634884989154863 738568.4957903207 -0.009192831962918757 0.22890871006658073 -0.7814198987683891 -0.0802340654984253  738568.4957904012
-0.9580363902414002 0.8304091821210394 0.46858163812317505 1.9681828188169417 -0.965117423772196 -0.055745161515848955 0.4688640911280621 1.968324338655557 -0.9441246171236692 0.0059697831699114315 738568.4957905415 0.16547667033726438 0.06876925703306572 -4.411077168808873 -0.1791963767198723  738568.4957906461
-0.9491655447708479 0.8235507315694199 0.43943196595527273 1.965620985639523 -0.9736899638627243 -0.11197569094844556 0.439541098793249 1.965880648427102 -0.9521882131277103 -0.04045544848251447 738568.495790894 0.1467759559614442 0.08235471335063681 -2.899550873505679 -0.16716104374215207  738568.495790894
-0.943804360774181 0.8192835964076536 0.42167308315797253 1.9700457116337742 -0.9448281975136699 -0.029158133412037743 0.42140698059263004 1.9695961724401305 -0.9229987291853985 0.07886530035774467 738568.4957911314 -0.1512521029651188 0.22459664746723268 4.1542817727583445 0.05204983268752865  738568.495791143
-0.9374508809455897 0.8148680090688919 0.4023285339855076 1.9675931226743906 -0.9641317548049193 -0.12203446307484221 0.40245365306423453 1.9679140972051126 -0.9372004270776592 -0.009292015147109728 738568.4957913609 0.21441116292283194 0.13667944026315032 -1.8621486778352203 -0.25057415580820086  738568.4957913839
-0.9312381941373769 0.8103010273781034 0.3826419404276344 1.9643028335560067 -0.9827854682908651 -0.19083493021428236 0.3828181028954513 1.9646111513814792 -0.9570539879012214 -0.09337240406839722 738568.4957915919 0.31726559664678705 0.005193245788398887 -3.4109048488225184 -0.2950083066996686  738568.4957916265
-0.9251636068735969 0.8057922203732294 0.3629096433178195 1.9603423796931507 -0.9916112012312571 -0.24182552101154292 0.363039838278252 1.960558905699611 -0.9717364657936742 -0.15245863670962684 738568.4957918228 0.22869868640292856 -0.03263182647075538 -2.6543418767373934 -0.19917239497782593  738568.4957918714
-0.9188754447197747 0.8013791473291914 0.3430804685358704 1.9546429036592108 -0.994545507522271 -0.3190535118311441 0.34313761322404224 1.9548985533309042 -0.9781103141656056 -0.22145753436897808 738568.4957920563 0.196268498529713 0.02489344345716126 -1.681840016249529 -0.19130857817666463  738568.495792115
-0.9124149771367804 0.7969917579378167 0.32575629727833977 1.9540430630627164 -0.9732108656260962 -0.32835781826504956 0.32542123785371424 1.953723201735442 -0.9402481899573887 -0.1339962350297071 738568.4957922867 0.26085365881490813 0.041114754379538224 4.517781667460595 -0.2573043403665285  738568.495792356
-0.9059335897099874 0.7924596861295716 0.3061332387764814 1.946722234189492 -0.9833700142361498 -0.4232047666740029 0.30621436512593797 1.9471114359270525 -0.949386569349239 -0.2400810134058417 738568.4957925179 0.25394763552433214 -0.01726050285494008 -1.0737413778388918 -0.22987707040590513  738568.4957925987
-0.8993060777128021 0.7879898792269923 0.2864041410304335 1.9370690217034674 -0.9902868667362191 -0.546526733545624 0.28654381897893527 1.9375418423738517 -0.9651422379333678 -0.3691365069729215 738568.4957927488 0.26709547117182153 -0.02263774274337165 -2.7865074432440258 -0.24127125320955814  738568.4957928435
-0.8931703594723306 0.7836849530041905 0.26021627100221856 1.9283998736005104 -0.984277475352187 -0.6525894490960202 0.26131673705407765 1.9285531522343593 -1.0880103063772155 -0.41054744373024116 738568.495792982 0.0007942485288554568 0.07004007960085723 -11.71566944526489 -0.0252601594956686  738568.4957930831
-0.8863126529942419 0.7792835769313088 0.24037984429312426 1.9123419385885176 -1.0012723999489745 -0.9070173825075558 0.24041259901336395 1.9130968747449077 -1.091877932989963 -0.6262483270583783 738568.4957932025 0.3363729583448791 -0.04188390262976037 -2.298191081428783 -0.30291466192049593  738568.4957933241
-0.8760061498309286 0.7727566778077055 0.21932122547114155 1.8910989608660729 -0.9762971242717885 -1.053986221613483 0.2173779885172947 1.8913631114459621 -0.9482411338840194 -0.673494058685434 738568.4957935549 0.29275023030336084 0.01459827974647563 8.155323947503291 -0.2824573292330901  738568.495793578
-0.8695005433250045 0.7683715233210596 0.1999338430590771 1.8692869547670328 -0.9612835044663895 -1.2225228163797268 0.19954729438448635 1.8700042923244773 -0.9067147016381689 -0.8599666705294807 738568.4957937973 -0.0419462548296925 0.10328876968868514 0.5515219952459001 0.009716506525885637  738568.4957938204
-0.8625650783361475 0.7642713063270703 0.1807997886998653 1.839859724976682 -0.9538782023342292 -1.6271546614832395 0.1809056531375246 1.8410289309530194 -0.9186563499043768 -1.1791030099606676 738568.4957940282 0.10027459418628382 0.15458433510955233 -3.958157213645774 -0.1377596889969097  738568.4957940629
-0.8553353359318298 0.7599726544173415 0.16153904180354356 1.8001744317484185 -0.9524498901543581 -2.2204219748736604 0.16170581690358446 1.8017345953626573 -0.9374685764047939 -1.6049466709776334 738568.495794259 0.3136754014873361 0.06348573271161669 -4.125040687358633 -0.3198944861587336  738568.4957943052
-0.8484421439703635 0.75574084985864 0.14263773423812937 1.7503768452043518 -0.9417612764755411 -2.933511475981849 0.14277745538123457 1.7521955831845302 -0.9536662809213963 -2.1151373626161494 738568.4957944837 0.29878618163234116 -0.022326837377482145 -2.980812349500578 -0.28999336371507956  738568.4957945532
-0.8413229411863996 0.7515991078470003 0.12603773090218387 1.7068947271295842 -0.8974707085142966 -3.4956658275565027 0.1257057938597178 1.7072162551201462 -0.9158093079052374 -2.203869308197742 738568.495794712 0.26976583068443477 0.014836078028968754 4.717919014947997 -0.26928421774994615  738568.4957947921
-0.8338465922535923 0.7474753555695783 0.10853666269596186 1.6229325510173185 -0.8505659856447524 -4.838232345081955 0.10827491643716242 1.6264452413176949 -0.8871283487690744 -3.135243290334641 738568.4957949497 0.2389746358163793 0.11181323274559432 2.420122698268993 -0.24447679981878745  738568.495795036
-0.8264880572818445 0.7432934216959002 0.08603617781434426 1.4785673703413595 -0.765208145681446 -7.549989437351956 0.08669191257355155 1.4861064018712358 -0.959280686822578 -5.142527256056233 738568.4957951864 0.15109361396873935 0.1103844717723133 -7.461872652400236 -0.14028523687569489  738568.4957952792
-0.8190122899469479 0.7387329032657655 0.07150270119619083 1.29231799286254 -0.6452186847940751 -11.155455874765636 0.0708752458711291 1.300538492799192 -0.8884156530813012 -7.389089582009188 738568.4957954169 0.21028829563709617 -0.12196458292318708 3.8474400302929235 -0.23571410756323996  738568.4957955162
-0.8073876549338003 0.7324820635313313 0.06011915396246049 0.9938960451285834 -0.3848065131145442 -15.65913301460775 0.05762681038391293 1.001782281434728 -0.6992238371358389 -8.837645528759067 738568.49579576 0.30111373789786733 -0.07967073387549808 12.182755967422516 -0.2958353818074705  738568.49579576
-0.799042703710117 0.7281759941972492 0.05617236328566228 0.6431451230068658 -0.01776784333086652 -18.40871442088144 0.05416982790458015 0.6595308394849363 -0.47370988315220897 -13.302730315834017 738568.4957959913 0.523030266523916 -0.052452009565937444 8.56724921189748 -0.3556419952560825  738568.4957960028
-0.7915228640583751 0.7238588748319716 0.058934322144525195 0.29091766711009615 0.3251851895740851 -16.553471180544353 0.056655518485364126 0.30013825573971675 -0.21744809297851658 -15.811764894807425 738568.4957962228 0.18444171003222615 -0.04022122302639493 8.26609092863199 -0.09143485376347925  738568.4957962459
-0.7830062820360701 0.7197797218636603 0.06872361809813715 0.004033989070306097 0.613162179587116 -12.258519417408687 0.06611250838565967 0.0028610945470601487 0.08304728890796403 -15.485144956334985 738568.4957964491 0.461705618453001 0.031160960222102088 6.930212530018903 0.029298196313167258  738568.4957964944
-0.775215881465223 0.7155012865231891 0.08217238817517122 6.0799936708736935 0.7658519574697829 -8.608130947132535 0.07986265015495533 5.505798197844257 0.3488014578229133 144.37793630896928 738568.4957966754 0.24358708048377173 -0.024651359265568377 467.2399418948509 0.025010759451365387  738568.4957967378
-0.7665820223959979 0.7112577810158268 0.0957074052394811 5.945243984837119 0.8198715552338182 -6.130511261266596 0.09432455966688706 6.17399120669797 0.49949101952580155 84.06140378654864 738568.4957969144 0.23386024362167326 0.053047810115632234 48.22310512655582 0.12758270921867654  738568.4957969837
-0.7580985189167533 0.7070147359892673 0.11279930397814615 5.840628913424329 0.8812990069628733 -4.4428208244244205 0.11143956151656181 6.021738077223224 0.6526685325978445 34.69291510913111 738568.4957971455 0.2624624573581266 0.03287228775955993 -66.27114027546342 0.14210516881235427  738568.4957972224
-0.7500587272092474 0.7032552542670821 0.13024513777057167 5.764502059859288 0.8897560630762862 -3.3238161081462003 0.12937873539367745 5.851713667134625 0.7476843792131659 11.549803475309556 738568.495797383 -0.032032144723149414 0.2467888281865802 -59.30421003855834 0.19844983935019456  738568.4957974639
-0.741465186097014 0.6993330404876485 0.14855982100009105 5.70667870822401 0.9234367675348376 -2.5546064369256425 0.14785602549315321 5.740283314502902 0.8277790152981297 2.295860766482921 738568.4957976119 0.17206218935405262 0.19472398308210437 -26.44887014266356 0.2570419781656644  738568.4957977101
-0.7287682645477197 0.6936002181334742 0.17658250830035155 5.641219455268589 0.953208554632584 -1.8367304226440644 0.17584090760200558 5.656148838029729 0.8851118754998123 -0.49698133849928317 738568.4957979487 0.24438591665343012 0.14406183499692563 -11.47479042887101 0.26171325645267923  738568.4957979487
-0.7244856811472707 0.6914505799803347 0.1880987103031276 5.596586608270199 0.9153931393006033 -1.6880947804188433 0.18768194400752142 5.601459402732549 0.9710944349435315 -2.9295601761257566 738568.495798075 -0.3889507458674597 0.013623903743313376 8.97852899474363 -0.23602305339839733  738568.4957981906
-0.7114685787676154 0.6860704135509412 0.21096969307940208 5.574349235709615 0.9212950061353266 -1.398806355952391 0.21182251551851988 5.569019149878294 0.9059818401675632 -1.9448427152084586 738568.4957984161 -0.1927659981168547 0.08417273165008426 -4.158173085199536 -0.061583943637407684  738568.4957984388
-0.7023515845782933 0.6822353522074941 0.22998612470308283 5.549909598812269 0.9327906235154121 -1.1912968890819995 0.23005536130236784 5.548036642782725 0.8983923900730505 -1.4480522917252043 738568.4957986536 0.03415497463407455 0.09115397314037069 4.467484632430798 0.09058628474618549  738568.4957986766
-0.6935231306761498 0.6786781843017011 0.24865312769680872 5.528056658279745 0.9341678073977054 -1.042425165903079 0.24854682035731582 5.527253367810491 0.9103749750040152 -1.2289580652705727 738568.4957988845 0.09581850085282878 0.13786070322625912 6.295615746667781 0.16606018192910565  738568.4957989127
-0.684691968752009 0.6753206448102 0.2671441906646501 5.508663387772404 0.9440258321535767 -0.9021765787160475 0.2669372356880995 5.508234144289253 0.9348732025346375 -1.1060066442263508 738568.4957991046 0.2858311034703687 0.15282555980960685 7.676902475404341 0.3091358745284143  738568.4957991504
-0.6755767462886949 0.671735183200854 0.28373169204286713 5.494738931353432 0.9081198301579605 -0.8345612483420008 0.28419775758248955 5.493855159278768 0.8851277208571774 -0.8777528661763482 738568.4957993486 0.06774261641281432 0.18301539092754515 -10.16597805356055 0.17706340376896115  738568.4957993887
-0.666641434839133 0.6685347966798648 0.3017089267387495 5.478893798475891 0.9176060673264775 -0.7439561678801446 0.30160563391549694 5.478735065054482 0.8973248352079529 -0.8323977402267415 738568.4957995691 0.23234505730483931 0.18585342884138908 2.7683990494718707 0.29627928192510156  738568.4957996284
-0.6575012324542087 0.6652983559136498 0.32004588571061804 5.464642787065466 0.9064333672276814 -0.7111973610730561 0.32009904506004844 5.464343815033017 0.8916075507207895 -0.7545919779683914 738568.4957998112 0.038996238650723214 0.26000016936315645 -0.48861155209837515 0.2061276371230848  738568.4957998715
-0.6488048756235499 0.6622580899993925 0.3379426341991174 5.450344018185397 0.8975924401222873 -0.6945100121934351 0.3379638956136968 5.450234741413142 0.889234844737392 -0.7250832369659521 738568.4958000446 -0.13081018830349497 0.2879542737803811 -0.9877069326133482 0.09694944647424522  738568.4958001171
-0.6394414032377005 0.6591212944751886 0.3564073829866433 5.437703271467827 0.9134188455754833 -0.6433793364308218 0.35633521698136317 5.437510707754663 0.8972597766344252 -0.6732683930860609 738568.4958002787 0.08102739788489288 0.21242587079581748 1.6999672651167907 0.201549159341842  738568.4958003609
-0.6304384275644482 0.6560556378553457 0.37776127502862744 5.410023386007882 0.9159935846232641 -0.5969075941355544 0.3770812170923149 5.411337328053699 0.9771939130122811 -1.0469774615047542 738568.4958005004 0.265795412877549 0.08725168606178857 15.578931682849927 0.25974709398428114  738568.4958006042
-0.6212210967349101 0.6531406651264083 0.3959792945876384 5.39841779552959 0.9214619529875208 -0.5744244779207385 0.39606409306409546 5.397707161275752 0.9675972177018102 -0.8523738719332982 738568.4958007304 0.23680194735192311 0.13182940908668533 -0.1983753005910227 0.26673960423092286  738568.4958008459
-0.6078383463414474 0.6489232074449922 0.41797152926620557 5.392900674803588 0.913861855761517 -0.5838431309063156 0.41912416343699543 5.391025230361476 0.8813975619860188 -0.5129914876101331 738568.4958010786 0.08049999688181073 0.1705096560863769 -12.577152674229783 0.1698518029299727  738568.4958010901
-0.5984840045326479 0.6460794148642508 0.43636286423771403 5.381668688348641 0.9240961365200553 -0.562256137128409 0.43641569365385874 5.381590486469189 0.8754342712645284 -0.49163162697725554 738568.4958013094 0.13696844482680254 0.14432191085013515 3.125784819920071 0.1969604512117361  738568.4958013323
-0.589321189023408 0.643341885996132 0.4511802702773042 5.374683357749395 0.8782562932985435 -0.529166132335211 0.45170862369110093 5.374391854500897 0.8178306624032968 -0.4147292743147064 738568.4958015482 -0.030068621562030245 0.18075662190310243 -10.451756508765584 0.08744065088112832  738568.4958015713
-0.5801811240050576 0.640760163670638 0.4692289382810839 5.363448839513591 0.8828000331070286 -0.5062261311879716 0.46902976530076695 5.363690900916524 0.8403493165674217 -0.48095223721240177 738568.4958017785 0.007869713889478644 0.19647340582829717 4.837178455562775 0.1253286397796209  738568.4958018132
-0.5709017995924264 0.6380562875325752 0.4871036166978997 5.35374986627304 0.8941110135191422 -0.4830885135138331 0.48689796649885075 5.353779795640198 0.8635103873846837 -0.4891086291512134 738568.4958020098 0.08563137835382362 0.1216278462503316 6.461191283136273 0.14138320005633587  738568.4958020498
-0.561706752865536 0.635479968851096 0.5049887859932646 5.34438025342802 0.8981256689819899 -0.4627682327380378 0.5048589019117716 5.3443453662435525 0.8781148742214151 -0.4796164189224529 738568.4958022414 0.06681894092306766 0.1162259121170344 3.999451978104566 0.12257380570853488  738568.4958022985
-0.5523983868941844 0.6329376064019998 0.5229942947516089 5.335539196309554 0.9026577001968354 -0.43837216171633236 0.5229091958074964 5.335466415456853 0.8876660842614347 -0.4598502539310738 738568.4958024734 0.07889686417701701 0.11692367971039948 2.343570346162906 0.1323039391480687  738568.4958025427
-0.5432205598824067 0.6302250515918508 0.538795307792117 5.328591026766351 0.8865142537447536 -0.4083646110050813 0.5390598921054637 5.328392038202622 0.8575379323186112 -0.40502160168292034 738568.4958027021 0.07501737844735294 0.010130590001638864 -7.353343923322145 0.06707500386855476  738568.495802783
-0.53383282032495 0.6277476776758525 0.5564838340967597 5.320897628707993 0.8897837466526867 -0.3836031876548471 0.5564379631211541 5.320843660968914 0.8627024853733636 -0.39031880191283524 738568.4958029335 0.10345377593325095 0.06480596309861988 0.16808675063119516 0.12192994194547083  738568.4958030201
-0.5244817064019175 0.6253512669370263 0.579436306287756 5.304492423133121 0.888610358689497 -0.3584505611087445 0.5785759930473178 5.305246503020414 0.9574701381379987 -0.5913168903483635 738568.4958031698 0.0037569571105934285 0.14508013441942108 19.13070410430383 0.08408773446341657  738568.4958032635
-0.5152521452108443 0.6228409623475641 0.5972659701999485 5.297358402216172 0.8964573620328945 -0.34526102114252594 0.5973112783943003 5.297013757256201 0.9523256165555333 -0.49662534088976973 738568.4958033991 0.014009818830372157 0.08004070678061212 0.4867720101672681 0.055876780149762065  738568.4958035033
-0.5054947194535986 0.6202543920883086 0.6155749558328071 5.291103589221775 0.9152989301512777 -0.31177647735483693 0.6156952295268787 5.290743039513837 0.9387726788331311 -0.3983150472637002 738568.4958036303 0.2173665587824454 0.00195339769744908 -2.8771369121743557 0.18304038353698535  738568.4958037458
-0.4907212448413694 0.6162904557006792 0.642023752344039 5.278490463378263 0.9740494586355407 -0.3860357991163852 0.6423338380914301 5.2785137969543605 0.9156013027738148 -0.4025341721123531 738568.4958039788 0.2631103438402223 -0.03124253642864879 -5.505162272232685 0.2053078896749176  738568.4958039906
-0.48063295825178504 0.6136909715080091 0.6616579947746735 5.271299631156663 0.9907198282809199 -0.34239474266049086 0.6614847345966504 5.271227143792244 0.9351686680819319 -0.38272497111462284 738568.4958042094 0.3660465673154494 -0.038462807740354585 5.968717675773668 0.28995105183461994  738568.4958042267
-0.47021753182761766 0.6110031281707144 0.6816532125306566 5.264929702407137 1.0243880753302461 -0.2748809298117317 0.6812579395392406 5.264844597493503 0.9821629353158017 -0.35824147518992644 738568.4958044284 0.7366666083652916 -0.13010569454664506 13.818427531750533 0.5587598490879021  738568.4958044736
-0.45955726778384726 0.6082783260722264 0.7021319624861192 5.259599900238531 1.02474786356338 -0.252538208908212 0.7021033369198333 5.259392558820811 0.9852196319613937 -0.30466731527094815 738568.4958046722 0.4289741242775445 -0.05028090659839432 4.184180331703098 0.3401733728428458  738568.4958047176
-0.44844860185639546 0.6056448877149946 0.7227302573415887 5.2551557864319225 1.0565007473247159 -0.17312331490546018 0.7224129995670597 5.255018205357854 1.0229409945786876 -0.2650846670166239 738568.4958048913 0.8557840249703041 -0.07367922790018877 11.001549461959033 0.6947373675252715  738568.4958049597
-0.4369895358320111 0.6029647634821719 0.7278724118615674 5.270861141268189 0.9042622779367236 0.007586052307107607 0.7304416698786571 5.268933438737247 0.7481176924823574 0.23386519077369583 738568.4958051348 0.6123841112485862 0.012079736802355925 -51.59505509883154 0.525742898294413  738568.4958052028
-0.4251985609870625 0.6002981921546364 0.7461655632588136 5.271477765100663 0.9241940474558585 0.05789459864150881 0.7460294168998535 5.271667218550397 0.7635261980941103 0.181981834801404 738568.4958053648 0.7442869820088156 0.002972429318418077 2.79601371764155 0.6325375591760173  738568.4958054457
-0.4130669819672382 0.5976356461430575 0.7648520378632622 5.273042253885311 0.945903378141138 0.1086460120182884 0.7642604572949461 5.273242951579998 0.8307182676351219 0.12682268621847226 738568.4958055941 0.8757614953013491 -0.013345489747638313 19.771080293310376 0.7345930217043602  738568.4958056854
-0.40074844177892754 0.5948909611424509 0.7890021737638092 5.270858813613357 0.9671527082153022 0.1613590880772089 0.7876877566516136 5.271300461103252 0.9793753885504619 0.005958026990987519 738568.4958058244 0.842666255273464 -0.048427997788012093 37.73059931936949 0.6889759077638279  738568.4958059266
-0.3814895119865443 0.591289673946594 0.8157574841204753 5.270980394395507 1.0183548596473793 0.11293566861438795 0.8159206622097721 5.271025127377847 0.9670143221396286 -0.0022415793406737397 738568.4958061682 0.87046064000532 0.04149573593406828 11.385427556250153 0.7601452096553626  738568.4958061682
-0.36831076811515717 0.5888213389424158 0.8361144500422428 5.2734090826153714 1.0159562316368853 0.1254664873425055 0.8361293148546552 5.273190294358328 0.9654200457947559 0.054538922985745114 738568.4958064109 0.5590202609129645 0.13420463272535887 4.403618721509782 0.544733216543079  738568.4958064109
-0.3546120675470853 0.5863776915166828 0.8568063750439413 5.276478524643562 1.0392511174035064 0.16408701807393292 0.8565881599988645 5.276280778461488 0.9899631176714586 0.10835640678786015 738568.4958066425 0.7587832471334066 0.10737658787204941 8.982043632935016 0.6986378321898463  738568.4958066541
-0.34074184862145424 0.5843930286668717 0.8775248871278155 5.280306163294834 1.052370447726473 0.20742776476795544 0.8773020667548495 5.28013640659862 1.015357681509751 0.15517127747859505 738568.495806871 0.9181120381671575 0.24813459742326882 9.33220914285334 0.9074556400188539  738568.4958068941
-0.3267869530714342 0.5822770744260028 0.898528060181025 5.284355475063608 1.0753500426258074 0.24212473991984643 0.8982464074267685 5.284243493195216 1.0484133818707242 0.18697303503722354 738568.4958070929 1.048940538422057 0.19864603806137276 10.819967125329999 0.9895136750876545  738568.4958071435
-0.31258846072848917 0.5803744085253975 0.9175754060577692 5.288090111347787 1.055968379876019 0.2514680450150894 0.9177844141622062 5.288075122864063 1.0245205609406207 0.19111907090436894 738568.4958073207 0.872011628654611 0.24383044459741238 -4.4686718006359225 0.8641996810844427  738568.49580739
-0.2982441319881756 0.5784944053652323 0.9390984262159838 5.292585500318492 1.0421693756777866 0.24526767135693778 0.9391234844577484 5.292540037541195 1.0218302090794127 0.20293003920603295 738568.4958075633 0.342829744889928 0.2854454948475323 -0.846123105741007 0.4432052321805424  738568.4958076343
-0.28418970823169065 0.576741596126675 0.959810790697351 5.297383642446273 1.040499120750002 0.2543014562378959 0.9597659197227468 5.297312460489472 1.0268855507965995 0.2223355907034549 738568.4958077944 0.17062073178674197 0.27188343422134065 2.260937250848199 0.29238172359104786  738568.4958078754
-0.2699195126157029 0.5751461121520167 0.986515679076792 5.300036707048772 1.045414218453118 0.2877330607895732 0.985513247760107 5.300190693275524 1.1399516658800717 0.18030835999703776 738568.4958080252 0.20321304257684417 0.2803764515260999 27.97939463068052 0.32456553839903407  738568.495808113
-0.256108826431248 0.5736478494368372 1.0072235862201646 5.305701917409429 1.0407126656558805 0.2928310616191376 1.0073811188934896 5.305528980149745 1.122147936383173 0.22760169817654488 738568.4958082557 0.020998095628270264 0.2788005153802915 0.02818852839479291 0.17328975714714223  738568.4958083547
-0.24200332081340908 0.5722195999168856 1.0315403472970877 5.3073385502266905 1.0708693666705758 0.2587836843254192 1.0313221597528932 5.307591808437623 1.1463143605072974 0.1597255754720236 738568.4958084908 -0.07183265373511567 0.27185398442643693 3.4116146486091523 0.09287504966165078  738568.495808593
-0.22804891261154747 0.5709056378394619 1.0530327330846703 5.312750979121468 1.0752773356618062 0.2712103476838174 1.0532000009996771 5.31257202428937 1.1273559024741346 0.20880560893525826 738568.4958087206 -0.020806447976554447 0.25706663547141734 -3.116355612536644 0.12805948670745118  738568.4958088389
-0.20719795339453795 0.5689894512936658 1.0791338419756529 5.323317568356639 1.076925893204954 0.2700578821818921 1.0804228238760618 5.322917066700898 1.031163781970034 0.28112721263256757 738568.4958090696 -0.05855152760741127 0.23185420963057102 -15.307717383645674 0.08503766676402125  738568.4958090811
-0.1930824198542106 0.5676973787995352 1.1010085467963628 5.329033102103027 1.0894055593741354 0.28001197581906373 1.1010093990978227 5.32898789718103 1.0310677479935508 0.29345225600973013 738568.4958093007 0.04612284620671155 0.15332023854862908 6.751481256670402 0.12629330203577277  738568.4958093228
-0.17892779347575888 0.5664643584568732 1.1230264745512988 5.334941056464136 1.1006833328487786 0.29098296458711614 1.1227878559337223 5.334931036229638 1.0580374331306885 0.29619269721272623 738568.4958095311 0.13521709130537232 0.1154459669951684 11.955651506994066 0.17716715104823777  738568.4958095655
-0.16471000979388328 0.5651916961330783 1.1373955880601543 5.342263539296825 1.0384761737369694 0.3083374471629235 1.1384429777320935 5.342136588765957 0.9401680445881317 0.3307626126551259 738568.4958097625 0.14973045662201376 0.06971734416777689 -25.384369754721888 0.16206393334609906  738568.495809809
-0.15025937470249334 0.5641745778622818 1.1582240873085452 5.348935915383257 1.044830985584665 0.324797662286063 1.1580535140113422 5.348916551748785 0.9594481144294489 0.3360587042387364 738568.4958099929 0.2481069457781121 0.1427514611002954 3.8473794654498406 0.28437061338916986  738568.4958100488
-0.13601376677833954 0.5633234477055293 1.1789590167765682 5.355733327834177 1.0301959694997687 0.3221643672068822 1.1787910930918188 5.355745750462555 0.9777049139379577 0.33279058994182953 738568.4958102325 -0.04732544342999068 0.23967230721184887 6.495815216304059 0.10590851991910571  738568.4958102921
-0.12144534597311243 0.562586745954194 1.1997124143357272 5.3626917250336055 1.0634658651064768 0.3643824030910924 1.1992470513345153 5.3626183941068994 1.0345379531132115 0.354461006268725 738568.4958104457 0.7013236980627403 0.2581582032801895 17.814365818112684 0.7144799603269807  738568.4958105381
-0.10683329486447121 0.5620466560618871 1.2241294537588534 5.366199325231117 1.0218193066971746 0.33444417110305585 1.2236003862575036 5.366542360630837 1.0916167120433964 0.26490939002940594 738568.4958106871 0.23704123567120589 0.3285299508577508 14.350115267894198 0.3879736710171058  738568.4958107774
-0.09196489742715719 0.5613888597704768 1.2448235958210168 5.373009044909844 1.0353664311230688 0.3404309397740681 1.2448827002731346 5.372898644495975 1.0848936409910803 0.29529649031566774 738568.4958109161 0.31448738093988066 0.24779021715838145 0.48967770406238564 0.4003686885599679  738568.49581102
-0.07687359193856226 0.5607965768293788 1.2658553561495482 5.379972634885098 1.0572875798423846 0.3509716315462877 1.2658937071387364 5.379855615549358 1.0804804016935632 0.32788087973968094 738568.4958111423 0.5215496297813629 0.18205984288002297 0.30711213518806435 0.5222947624713246  738568.4958112633
-0.053734973750744645 0.5597033742091962 1.2925143426606758 5.391521604831562 1.0809323567541904 0.3491014277258749 1.2934185489270924 5.391353052662286 1.0123655120888018 0.35860503445261366 738568.495811488 0.5266718307259574 0.10592168819218427 -10.221692009050852 0.4763440948342447  738568.4958115022
-0.03799165512668858 0.5590749861176234 1.3144644652551296 5.398595616044343 1.0822418920994994 0.3360872598569966 1.3144832430805655 5.398618475663389 1.0103444380390276 0.352651471234931 738568.4958117299 0.24089683505704712 0.07982597477784367 3.4049290682634084 0.23694935543310902  738568.4958117416
-0.021780689137691718 0.5583823675148535 1.331436887624042 5.40516626050933 1.0534307338254538 0.33998587648528245 1.3319705077532455 5.40521430472313 0.9505544522223266 0.3396255517276226 738568.4958119624 0.4931660323839481 0.030170548941215923 -12.635268686704363 0.39874825814731535  738568.4958119855
-0.005289072363802382 0.5576328403955755 1.353143108553287 5.41224288420479 1.0844869740946796 0.34833037399378375 1.3527897940519422 5.412220136221356 0.9904002213315399 0.3458333087087707 738568.4958121933 0.7317546311543939 -0.02377327326985012 10.804140433577567 0.5444331712463688  738568.4958122283
0.01158119175465247 0.557191906764799 1.375098051761928 5.419518507358921 1.102895343173088 0.357526012705847 1.3747040531373556 5.419485340642993 1.0346407267195152 0.35484484627270185 738568.4958124253 0.8366637543837206 0.08625088124165489 14.38494970639285 0.692089985659245  738568.4958124716
0.028964885950980054 0.5566071206041338 1.397627839531568 5.426836925897623 1.1269459828991462 0.3613771914711503 1.3972908913611597 5.426817863710059 1.0723197034427783 0.3600028278693976 738568.4958126581 0.9125698257639574 0.07495345081975 12.216119012900993 0.7385150306813312  738568.4958127157
0.046524750681530794 0.5561507141057507 1.4203978424153951 5.4340804675453915 1.14587334962156 0.3619573144980009 1.4201308819470118 5.434074598202889 1.1023638875803994 0.3616011855239382 738568.4958128895 0.9096624849620122 0.09844356236799989 9.421071133124396 0.7479111771745335  738568.4958129626
0.06475737348633315 0.5556870920164605 1.4513521827796592 5.437587423249813 1.187875319102151 0.3315864985602652 1.44994177854292 5.437932749466282 1.258492122653897 0.2691018848610738 738568.4958131247 0.9043127665499228 0.09527754986771715 36.50122614531513 0.7399546380827217  738568.4958132046
0.08333841781861998 0.5555016137605715 1.475333764784494 5.444314542064232 1.2275115853755831 0.3498415768628803 1.475115644789282 5.444202603998277 1.2841959365581617 0.3010210071211899 738568.4958133458 1.4098334846555773 0.18905978647264127 9.574469509441421 1.1751087874452255  738568.4958134495
0.1020257406103962 0.5554422424597262 1.4996867617974763 5.451029867653418 1.216104319952905 0.3285644333198022 1.500039204100803 5.450980246008392 1.2461603161080808 0.31397920728877476 738568.495813587 0.8079374320797176 0.25771508350788824 -8.609034830137421 0.7708916066845463  738568.4958137
0.13101031529226612 0.5559507114007793 1.5305227819850036 5.462399271249824 1.2369387772452674 0.33222489886314954 1.531575633113397 5.462212025785391 1.1665127852801371 0.3482550158878321 738568.4958139313 0.8975439335779746 0.3513244020633843 -15.652403233284884 0.8961955846777359  738568.4958139429
0.15037592888560544 0.5567969220661033 1.554905910719952 5.46898393350085 1.241289269060312 0.3356866983755618 1.5548353283508065 5.4689894684685125 1.1746063309032548 0.3467192368768324 738568.4958141583 0.9324154005980899 0.5737892268688383 7.482738154080765 1.07190885126426  738568.4958141815
0.17011658701707602 0.5577486111876667 1.5828692029911422 5.472488587105304 1.2732980570249595 0.3008596477233955 1.5821399656854565 5.472797336391289 1.2567013890981644 0.26261359073342 738568.4958143897 0.7842594284457971 0.609755511526318 21.510920660588617 0.9885233253903322  738568.4958144283
0.18991253984176448 0.5588267582446155 1.6082218916985973 5.478170812028161 1.2648779087904307 0.28274284130380156 1.6081449136592556 5.478168682682269 1.265203518226322 0.2631826770167527 738568.4958146255 0.44689683983881706 0.551603917352718 5.666536356305725 0.7044585351416219  738568.495814672
0.2095947525715794 0.5602357720008727 1.6332446947712764 5.4835369795445015 1.2731235722369283 0.2822294130633618 1.6331325861385395 5.483510619330975 1.2782835295401067 0.27062466629479337 738568.4958148487 0.6198636928684899 0.5956244490573646 4.587237792772478 0.8596368787569842  738568.4958149123
0.22914635500830652 0.5619495620119024 1.6581511961437159 5.488791400685894 1.2444773552158657 0.259557979704595 1.6583313222027691 5.488814281744927 1.258467911862414 0.26453381156916506 738568.4958150854 0.10931788490571803 0.6134254419699748 -4.434931956503456 0.5078294692154199  738568.495815155
0.24866760753702402 0.5636911504760463 1.682825410132178 5.493644382303087 1.23349806391203 0.24414804403388768 1.682923032078091 5.4936846019068595 1.2474569488292713 0.253556735227183 738568.4958153163 -0.006028282968848789 0.5451830074661689 -3.4898020948061883 0.37962199048633377  738568.4958153971
0.2633348686751165 0.5651756468537432 1.6906439987087682 5.497856255044753 0.9465846507433054 0.18831609975074276 1.6933925079105494 5.497936293906628 0.9376288704840877 0.2317246340629632 738568.4958155473 -2.0475150685872667 0.3097961112606283 -82.40015585534312 -1.228637656047569  738568.4958156483
0.2873206133416188 0.5675302501292288 1.7137944304596937 5.504378563764275 1.0563302396656344 0.2565828350629948 1.7136333645217552 5.504230158700375 0.9551483653315257 0.2707851204101165 738568.4958157868 0.7023949308504203 0.4659343836041454 -3.6982790667887286 0.8250135382688734  738568.4958158906
0.3070528402166199 0.5700829253743935 1.7348020034821063 5.5096607805290985 1.0507176190843122 0.2596986532169813 1.7344633678704873 5.509658141593131 0.9933464526078742 0.27150541291237107 738568.4958160176 0.82467648111033 0.6098308251086274 12.05263488223471 1.0124745550582837  738568.495816133
0.335984543874766 0.5734517357181562 1.761355038069458 5.5184935180208665 1.026733881496582 0.23426807326741053 1.761813949532607 5.518430401833653 0.9588812222409464 0.282975430604364 738568.4958163643 0.4398157315362846 0.47546079906134375 -0.23532310696377756 0.6475813661632217  738568.495816376
0.3549614873301983 0.5760233653840402 1.7845167460074138 5.520209966576611 1.0361229970887187 0.18701535545236833 1.783899018441999 5.52055024735187 1.0296134493842017 0.1886934239462154 738568.4958165918 0.009249314322252844 0.4071661726115888 16.721337986365626 0.30068476987441334  738568.4958166148
0.37369084873683117 0.5785140518109696 1.8046667515305734 5.523411667238614 1.0033662755947574 0.15861190669772707 1.8046613367513298 5.5234961235157725 1.0302184511961316 0.1658595864415246 738568.4958168248 -0.4235071552194193 0.27436472135161394 1.338954797367954 -0.09278145680278768  738568.4958168595
0.39203165089563374 0.581246854187897 1.824171559384921 5.526245800532613 0.9706607678625009 0.13604117460468135 1.8243510212314866 5.5262972751755655 1.0100558941469215 0.15186571523719591 738568.4958170566 -0.6586190792899168 0.2716521784538452 -6.282501061237328 -0.25479851325306124  738568.4958171017
0.41041690868105724 0.5839081220923907 1.8435181077521021 5.528789136975728 0.9580997137654144 0.12100353665385444 1.8436535729006083 5.528835692183731 0.9946733854589567 0.1390737015493264 738568.495817286 -0.5299045570596705 0.2191191926520687 -5.656823871884278 -0.2032355811181075  738568.495817344
0.42835869491539935 0.5865025316614795 1.8624925714183382 5.530915186043964 0.9353850267100654 0.09769478214381293 1.8626821904753865 5.530980008313632 0.9734804258408736 0.12154277323983818 738568.495817519 -0.6584105918935534 0.11165507057953211 -7.20233358891039 -0.36836687020219994  738568.495817582
0.44594408331379753 0.5891043064155652 1.8773333555662752 5.532547184379959 0.8649803127282781 0.07189318059341544 1.878164388509456 5.532629135101592 0.8817582748905051 0.09965609641413566 738568.4958177549 -0.8596071440661959 0.032918868525867284 -25.845611333903797 -0.5622707392783006  738568.4958178281
0.46371796312975017 0.5917095326313788 1.8981544642174575 5.530675678639177 0.8657227762498511 0.06979418097427073 1.897642861166437 5.5310222998648 0.9422016025582106 0.0005634455901918356 738568.4958179754 -0.19467094149707032 0.0735230211499103 8.842346929064114 -0.07938227479863477  738568.4958180644
0.48096356503495474 0.5943571719231411 1.9150197226538694 5.531819602530306 0.8258440034706972 0.04604027180048355 1.9153358041287307 5.531748886851698 0.9075764874987517 0.01930816517656835 738568.4958182131 -0.5883482305143704 0.024615312037941824 -6.069580977285009 -0.3836406851715584  738568.4958183044
0.49805870415370385 0.5970956092496733 1.9311773848283493 5.532614610796489 0.8113178067703337 0.04318873749525873 1.9314298500641884 5.532570048700728 0.8779805608349469 0.031948745649682024 738568.4958184352 -0.3205136378417233 0.10898602556371595 -7.095575017746773 -0.13890686840206304  738568.4958185449
0.5233678395890138 0.6016515461507264 1.9519960543323953 5.536906035985865 0.7651014382897106 0.026514945933659488 1.952985643677393 5.536603407129601 0.8049036512823625 0.08602499364122754 738568.4958187878 -0.497503031969486 0.16048724124714003 -12.645687269918335 -0.21992765459233127  738568.4958187878
0.5399510093906824 0.6045505237528187 1.9670034676873698 5.534883220392568 0.7288779536757564 -0.012586226571452582 1.9673822699159578 5.535195645346256 0.7630355237769345 0.0024670431061562803 738568.4958190235 -0.6884772059150452 0.10769380980708887 -12.188552251009689 -0.3895138581104212  738568.495819035
0.5560911997609412 0.6078097136334313 1.981166713781662 5.534643055035531 0.6958158429551465 -0.017645340634767484 1.9813774741597776 5.5346971825699125 0.7390753196114416 -0.012422824709970658 738568.4958192526 -0.6296346127554636 0.23771554666011763 -6.614957317497933 -0.2543414790147059  738568.4958192757
0.5682989998078302 0.6102650917131358 1.9928175368744867 5.532805630080891 0.601848541123349 -0.07063851942145313 1.9932627358697932 5.532954354285612 0.6870220842951096 -0.054499969265599364 738568.4958194753 -2.039024799169962 -0.04836040352040938 -16.765448937614693 -1.425816938489091  738568.4958195215
0.5886157074074088 0.6149900894946113 2.007860732172818 5.5339502487188925 0.6569368071929762 -0.007136401315303572 2.007829427108428 5.533757792651749 0.690382049411402 -0.0045169108952983344 738568.4958197179 0.27959011484179985 0.5903830337152158 1.4015927636684893 0.6227073186784505  738568.4958197641
0.6046041698547495 0.6183092119565132 2.0210840528983955 5.533618897338493 0.6411559560027785 -0.015295233277742919 2.0211735339906745 5.533623263801777 0.6803199750064954 -0.005705022158078098 738568.4958199495 0.196009786641755 0.36646686879565 -2.019143399400261 0.4017936841149532  738568.4958200053
0.6200070281730762 0.6223874323135509 2.0333265257437474 5.544983695769314 0.579024590686299 0.07964766659672409 2.0335503230334027 5.543951029116504 0.6550412020567625 0.2765439518372067 738568.49582018 -0.32861093891790477 0.44945492817774324 13.437724734368512 0.11131120651266257  738568.4958202493
0.63560243620899 0.6261789633439376 2.0461297472824063 5.54383674245924 0.5399343756862621 0.06902707231086581 2.046198601340086 5.544341347381135 0.6472409018098203 0.1382177935504079 738568.49582041 -0.4376504321475322 0.3223617668967803 -6.393536145862278 -0.056696217375458796  738568.4958204923
