-0.36703471379350394 1.324323324505789 2.8896488852825213 0.717661422976942 0.1001507805645326  738541.5567604162
-0.3670347115955067 1.3243233234428182 2.8824696382833714 0.7180565714006472 0.10009769775667998  738541.5567605941
-0.3670347073114379 1.3243233283001357 2.868115333359586 0.7174084463881744 0.09961386786633612  738541.5567607777
-0.3670347130839271 1.3243233199332596 2.86094838414453 0.7164639548619092 0.0992672267670802  738541.556760953
-0.3670347186776727 1.3243233208230358 2.841642791100563 0.7624659261803126 0.11083206741004914  738541.5567611305
-0.36703471736627685 1.3243233306418576 2.8340315596214323 0.760710827194855 0.11053859787086161  738541.5567613052
-0.36703471384097547 1.3243233226409894 2.8188694761524316 0.7563987258454724 0.10994854232079282  738541.5567614915
-0.36668507861019145 1.3242765817532014 2.8036735354023374 0.7511386056922614 0.10923320510251727  738541.5567616763
-0.36668471577214207 1.324276531353312 2.7961881369779826 0.7478530341296672 0.10897520796267825  738541.55676186
-0.3666847226571462 1.3242765288440548 2.7813273796030726 0.7400635235213794 0.1083356050801697  738541.5567620368
-0.3666847195445305 1.3242765234069236 2.783023719807974 0.6300740001372989 0.10238575675739693  738541.5567622166
-0.3666847156700148 1.324276529576238 2.770548708968807 0.61972746320682 0.10116671330648994  738541.5567623918
-0.3666847172625463 1.324276532435503 2.7643894900457937 0.6139234285446568 0.10043293909169031  738541.5567625762
-0.3668551983550189 1.3243131375609525 2.752325531052871 0.6013664434460498 0.09882859420980632  738541.5567627535
-0.36685537444827493 1.3243131724023633 2.740431609017961 0.5885976542749903 0.09694344752686929  738541.5567629335
-0.36685537649276456 1.324313175389392 2.7345775544840643 0.582389487953125 0.09598893808357704  738541.5567631231
-0.36685537875618957 1.3243131741943774 2.72366582835778 0.5646639416118056 0.09880548015277608  738541.5567632965
-0.36685537792826 1.324313170463941 2.718052446011257 0.5594175990107981 0.09799601296446263  738541.5567634766
-0.36684860299499156 1.324312811192514 2.7069689593061788 0.5503980666810315 0.09655869040455752  738541.5567636549
-0.36684859980594275 1.3243128057567546 2.70148903561445 0.546650334957937 0.09596155054525939  738541.5567638304
-0.36684859208972415 1.3243128133441966 2.690625688442003 0.5407092218148118 0.09496213931483635  738541.556764002
-0.3668485962093127 1.3243128127782806 2.68523334032236 0.5384379116320279 0.09454076373265229  738541.5567641848
-0.3668485987988527 1.3243128127840993 2.6745051100320087 0.5351236608360255 0.0937320767299252  738541.5567643729
-0.3668485916595595 1.3243128050935378 2.670748310422495 0.5175281978040875 0.10085430696683631  738541.5567645401
-0.3668485927578679 1.3243128102295842 2.660418198809349 0.5159560130105494 0.09991349100581744  738541.5567647185
-0.3668485960177894 1.3243128080007533 2.6501109692525313 0.5150948095134116 0.09870447129996571  738541.5567649045
-0.36686139788344724 1.324322852398247 2.644974950990951 0.5149091338213263 0.09798134457756734  738541.5567650767
-0.36686140882763957 1.3243228621356162 2.6346800133920016 0.5147292047737131 0.09629037447166953  738541.5567652528
-0.36686141325964483 1.324322866306831 2.6295327949391103 0.5147711891412065 0.09536860290128879  738541.5567654326
-0.3668614148640469 1.3243228613857865 2.6213495029259053 0.4918707547705203 0.09805654059959294  738541.5567656145
-0.36686142182263215 1.3243228618819523 2.6164273057514253 0.49237952846109506 0.09701590734134495  738541.5567658
-0.3668614090852252 1.3243228623167518 2.6065599620034803 0.49426333794970595 0.09487557456150021  738541.5567659806
-0.36703994875926166 1.3243130681903061 2.6011562649855504 0.49570354430536595 0.09382572539641472  738541.5567661591
-0.36704013106157435 1.3243130651744355 2.5912021569788735 0.49938402065313187 0.09175821263581885  738541.5567663412
-0.36704014122277495 1.324313060054569 2.581161255253452 0.5042248211646112 0.08972826531368105  738541.5567665144
-0.36704013589975637 1.3243130607953992 2.5761019492441366 0.5070056905052304 0.08871819707452099  738541.5567666867
-0.36704014244377375 1.3243130648414285 2.5679548963510066 0.4938644673722372 0.09391400779781657  738541.5567668729
-0.3670401366583391 1.3243130569426411 2.5629960872591644 0.4971416688878853 0.09287144829975223  738541.5567670466
-0.36704013563911847 1.3243130621529262 2.552976724507596 0.5040964454352846 0.09065720226192348  738541.5567672226
-0.36685486127564954 1.3243214572870199 2.5478661649191348 0.5076816221547438 0.08938284776910933  738541.556767408
-0.3668546795344634 1.3243214665405223 2.537636457712794 0.5148138838184423 0.0869210490835802  738541.5567675873
-0.36685467269315236 1.3243214666654413 2.532469404642096 0.5183713957175677 0.08561258777273224  738541.5567677697
-0.36685467680261136 1.324321463542072 2.523161686830505 0.5126341464107874 0.09224269231799705  738541.5567679475
-0.3668546725734333 1.3243214682213962 2.5180152132824056 0.5162370564692549 0.09088499707955144  738541.5567681225
-0.366854673472171 1.3243214620868278 2.5076109793856105 0.5236286484358856 0.08811482776174683  738541.5567683077
-0.36671535019903856 1.324283384138188 2.4969779112620545 0.5313344283337036 0.08520356283283338  738541.5567684907
-0.366715209051666 1.3242833419833773 2.4916432287654993 0.5351665708448445 0.08377009948607746  738541.5567686689
-0.3667152046274101 1.324283335345038 2.480855581253133 0.5429806604436879 0.08082068575489876  738541.5567688531
-0.36671520740253416 1.324283337447961 2.4754026958964372 0.5468970361790753 0.07931843093571223  738541.5567690398
-0.3667152080814221 1.3242833446084163 2.4658603322093353 0.5407706889134064 0.08497370186145714  738541.5567692104
-0.3667152135311087 1.3242833426295828 2.460431780965459 0.5445691350283755 0.08342298758956547  738541.5567693834
-0.36671521457437084 1.3242833400861262 2.449460453642309 0.5521622662755499 0.08031534120187349  738541.55676956
-0.3667176023057105 1.3242779613753803 2.443913784824024 0.5558593047561243 0.0787487743399204  738541.556769743
-0.3667176115953108 1.3242779623428265 2.4327212613473113 0.5630812113294854 0.07555719691158175  738541.5567699284
-0.3667176129809 1.3242779617926377 2.421384595810093 0.5700454143815095 0.0723115650446683  738541.5567701118
-0.3667176127871573 1.32427796158811 2.4225672484945875 0.4916043427794868 0.07051014086914507  738541.5567702965
-0.36671761512820183 1.3242779612243436 2.4126584584457107 0.4981437092577097 0.06704692118374823  738541.5567704717
-0.3667176064503587 1.3242779587053533 2.4076562810705933 0.5013132927166735 0.06528082141233459  738541.556770656
-0.3667174354818642 1.3242797997396725 2.397560056633697 0.5074939801361484 0.06171343460329939  738541.5567708325
-0.36671743589427136 1.3242797980972585 2.3873383293754378 0.5135793309379711 0.058168410059010904  738541.5567710178
-0.3667174324664877 1.3242798074237718 2.3821809154564297 0.5167563571765883 0.05640320753231666  738541.5567712031
-0.3667174338655766 1.3242798036480874 2.360100370373619 0.647717067574544 0.08409212900380744  738541.5567713781
-0.36671743489683656 1.324279806186095 2.353602168318931 0.651277125981671 0.08258678143365185  738541.5567715609
-0.3667174347242198 1.3242798051244828 2.339836298025303 0.6592302345188815 0.07945693010965747  738541.5567717453
-0.36671743814406393 1.3242798041041228 2.333223404342095 0.6631055708368496 0.07796338184572885  738541.5567719251
-0.3668808810540669 1.3243107851863007 2.3199703654522055 0.6703737830715565 0.07491968378286279  738541.5567720988
-0.36688104916711195 1.3243108150383056 2.3132490995902724 0.6737125410892557 0.07322331172245701  738541.5567722829
-0.3668810470787546 1.3243108150437677 2.299720710975298 0.6790356790948328 0.06946644457352834  738541.5567724586
-0.36688105128506815 1.3243108158362653 2.2929229090973333 0.6808379696016895 0.0674011772253117  738541.5567726381
-0.3668810575926512 1.3243108120227551 2.2910791040537717 0.5814934160110423 0.05970555667040874  738541.5567728133
-0.367040232303863 1.3243104117533506 2.279502726312135 0.5811810957020592 0.054915773845933526  738541.5567729997
-0.3670403911813345 1.324310411822992 2.2736930639844135 0.5805098101915666 0.05241156161123484  738541.5567731785
-0.3670403896087206 1.3243104146685873 2.262098242140698 0.57870020695645 0.047362423436101135  738541.556773357
-0.36704039533504984 1.3243104173245852 2.2563148388793888 0.5778015607838538 0.04486971701634286  738541.5567735523
-0.36704039404006644 1.3243104118685367 2.24430504503845 0.5814946249805645 0.05389743385564067  738541.5567737166
-0.3670404011033366 1.3243104185455008 2.2384897900687224 0.58132129705734 0.05172889730913815  738541.556773894
-0.36704039761822854 1.3243104139513102 2.2268540509355526 0.582029057820088 0.04759895122989817  738541.5567740798
-0.3668491910989235 1.3243077212404908 2.2209577783207513 0.5830014691478066 0.04551278783485114  738541.5567742554
-0.3668489961180673 1.3243077231672158 2.209267175732206 0.58572951148949 0.041668938456160896  738541.556774433
-0.36684899739078913 1.324307720335645 2.2033988401207503 0.5874294494758262 0.03975154394638885  738541.5567746048
-0.3668489896149621 1.3243077223944388 2.191608435661466 0.5912254136136124 0.035715546209393816  738541.5567747778
-0.3668489917319201 1.3243077186898153 2.1798646464743308 0.5938316293901893 0.044155485763151356  738541.556774954
-0.3668489862092852 1.3243077243706023 2.173918023849898 0.5954198267168141 0.041903769923014984  738541.556775143
-0.36684899690245687 1.324307726210617 2.1619818919418186 0.5979630121340775 0.037313558583671164  738541.5567753215
-0.3666967359315503 1.3242740291533 2.1559115429139997 0.5990831524514845 0.03486277131213796  738541.5567754956
-0.366696577620547 1.3242739925944529 2.1439156368145267 0.6005844701367051 0.030100728462986445  738541.5567756773
-0.3666965860603522 1.324273991962119 2.1379081091760277 0.6011320046360751 0.027737000750545093  738541.5567758641
-0.3666965765760722 1.3242739938216277 2.127181135030355 0.5876789255693516 0.03597894280777088  738541.5567760309
-0.3666965748847797 1.3242739911506713 2.121302695490956 0.588283103937431 0.033697189426181044  738541.5567762147
-0.36685768877752933 1.32431075917295 2.109617179406394 0.5897094110548415 0.02925976990003318  738541.5567763901
-0.36685785651946684 1.3243107970545227 2.103716303959358 0.5906070292762476 0.02698815189465197  738541.5567765685
-0.3668578593658473 1.324310792713297 2.0918848196800184 0.5926390390042529 0.022402311634851044  738541.5567767533
-0.3668578538589699 1.3243107973177752 2.080009119419141 0.5949208343711633 0.017708303176440073  738541.5567769313
-0.366857858829914 1.3243108007941977 2.0740533363179505 0.5961385347162598 0.01531440442958276  738541.5567771281
-0.36685785744700966 1.3243107987482035 2.0625789291247276 0.5940910690321424 0.024647779418503622  738541.5567772939
-0.3668578569228347 1.324310798469689 2.056035300305715 0.5953867062973067 0.021958144099342058  738541.5567774667
-0.36685362038043606 1.3243219098288774 2.044112989937393 0.5974554475659608 0.017096316807374636  738541.5567776494
-0.3668536243038662 1.3243219208149861 2.0381332009172084 0.5983353715664949 0.01469304205264967  738541.5567778348
-0.36685362318453413 1.3243219163370403 2.026150095123059 0.5998190090941425 0.00982038484771962  738541.556778018
-0.36685362111999 1.3243219200491427 2.02014859546531 0.6004455749707082 0.007363379129776735  738541.5567781938
-0.36685362639353525 1.3243219195534524 2.009248737365866 0.5891897261387833 0.01664418656032723  738541.5567783795
-0.36685361806279737 1.3243219155364727 1.9974531320561784 0.5903060777381872 0.01239448757315142  738541.5567785781
-0.3668536169715007 1.324321920275863 1.99154624253307 0.5909273162923699 0.010096389516929165  738541.5567787512
-0.3668567085153263 1.3243202832747685 1.9797104216338164 0.5924534308414633 0.005183865675389366  738541.5567789241
-0.36685670846598445 1.3243202890949342 1.9737805755179916 0.59328727556308 0.002565688156782789  738541.5567791036
-0.36685671400673037 1.324320281295353 1.9618948385736064 0.5950346797695413 -0.002385938586805955  738541.5567792804
-0.36685671349651067 1.3243202864371844 1.9559380763603451 0.5959963801131245 -0.0047221007343769775  738541.5567794578
-0.3668567180335644 1.3243202838247898 1.9437080205148904 0.6003577466905244 0.0066648141373215775  738541.5567796364
-0.36685670928952135 1.3243202806283163 1.9316754145593105 0.6024335532929829 0.0018013220016354422  738541.5567798136
-0.3670663859725779 1.3243127733152276 1.9257133965129827 0.6033595699110219 -0.0005873823506026808  738541.5567799847
-0.36706660127956475 1.3243127650606694 1.9136225641632174 0.6052936304832192 -0.005286263242744165  738541.5567801567
-0.3670665978900499 1.3243127701474458 1.9075638223118176 0.6061383471685737 -0.007965607064165353  738541.5567803414
-0.367066608017194 1.3243127673372501 1.8954224381361313 0.6077024090927984 -0.01281680725663873  738541.5567805181
-0.3670666057322139 1.3243127652713214 1.889730381537668 0.6039874871233554 0.0016851483610708048  738541.5567806932
-0.3670666095209906 1.3243127647343529 1.8776349960740257 0.6052765362935981 -0.002930182219285144  738541.5567808775
-0.3670521390904637 1.3243107201829212 1.8715707131210708 0.6059118913911955 -0.005536160669614024  738541.5567810633
-0.36705212070406057 1.324310727347332 1.8594378642906884 0.6071461750096321 -0.01018078170106044  738541.5567812434
-0.36705211875139143 1.324310718545843 1.8533624620709632 0.6077700182802032 -0.012443647278338583  738541.5567814235
-0.36705213000202086 1.3243107253298978 1.8411940385145134 0.6089741644586091 -0.017257491905144515  738541.556781605
-0.36705212566926876 1.324310722407557 1.8290030449292647 0.6100374193307749 -0.02210078878171998  738541.5567817915
-0.36705212171038326 1.3243107207758362 1.8232945180500573 0.6069542045772226 -0.00822413151735983  738541.5567819674
-0.3670521179188313 1.3243107233051243 1.8111425447726521 0.607960717612275 -0.012704278375118784  738541.5567821425
-0.36705665222881434 1.3243158024435269 1.8050651432657896 0.6084613681309896 -0.014893504080732601  738541.5567823193
-0.36705666220610045 1.3243158222059401 1.7928825234717578 0.6094042634439754 -0.019145427699687235  738541.5567825008
-0.36705666263922704 1.324315810676018 1.7867843791663878 0.6098480850591695 -0.021095460915022894  738541.5567826735
-0.3670566603343641 1.3243158129622672 1.7745767392925558 0.6105463368541464 -0.02531718245576432  738541.5567828564
-0.36705666173530155 1.324315815273129 1.7694077660909595 0.6002185496665161 -0.007777743414951481  738541.5567830254
-0.3670566572187251 1.3243158132504975 1.7567955096249568 0.6005971018452889 -0.011849675205463412  738541.5567832061
-0.36705665887363187 1.324315812888288 1.750787195220239 0.600737157062926 -0.013572559264187475  738541.5567833772
-0.3670585519408655 1.3243065180492453 1.7387599209664264 0.6008876431077935 -0.01718271777687721  738541.556783563
-0.36705855235572915 1.3243065098087596 1.726735896472073 0.6012130790558797 -0.020826922706206  738541.556783746
-0.36705855242115504 1.324306513994947 1.7267359003966194 0.6012312822914533 -0.020673637169082864  738541.5567839232
-0.36705855728172465 1.3243065182216758 1.7147044026098837 0.6016725807404614 -0.024280067837588286  738541.5567841079
-0.3670585559318706 1.3243065112761612 1.7096733180156323 0.5923019704663425 -0.008004786750707062  738541.5567842722
-0.3670585579325397 1.3243065153645632 1.6978174481560595 0.5931070389140567 -0.011488074488356214  738541.5567844501
-0.36705855448555263 1.32430650956814 1.691883252963033 0.5935411794606082 -0.013251779944503555  738541.5567846348
-0.36686856978088866 1.3243056938303488 1.6799308958965709 0.5946360427803877 -0.016985944203390724  738541.5567848112
-0.3668683682248825 1.3243056928143153 1.6739819658344535 0.5951563051913581 -0.018778000912177708  738541.5567849848
-0.36686837751820467 1.3243057004646246 1.6620689299740572 0.5961853221528323 -0.02234268806598962  738541.5567851708
-0.3668683714346222 1.324305694687277 1.6500766112380956 0.6731545599770266 -0.002709277763372313  738541.5567853426
-0.36686837097994146 1.3243056947006646 1.636605845371559 0.6739023334522779 -0.005726980728222276  738541.5567855183
-0.36686836821914276 1.324305697143837 1.6298657153787544 0.674141553668788 -0.007067930777739688  738541.5567856937
-0.3668823925010019 1.3243247516710297 1.6164031361867688 0.6743386750235209 -0.00942359575917886  738541.5567858763
-0.36688240690450036 1.3243247690357345 1.609659452279765 0.6743227957541043 -0.010448735517441703  738541.5567860542
-0.36688241416049855 1.3243247756908094 1.5961738343293255 0.6740668038422555 -0.01240352774644755  738541.5567862325
-0.36688241119143594 1.324324774671649 1.5826957907274781 0.6734701614714577 -0.014537932469146515  738541.5567864155
-0.36688240662144955 1.3243247722354785 1.5913720138035177 0.5192233861074687 0.004130759343563235  738541.556786594
-0.36688241039571085 1.3243247756871634 1.5809967038627977 0.5178273406659979 0.0014103380169394647  738541.55678678
-0.36705708464746073 1.3243071489210343 1.5758673355408435 0.5167792343128152 -3.9773449192120274e-05  738541.556786966
-0.36705726097186064 1.3243071347133588 1.5655445975830715 0.5144496517306352 -0.0037870756141401164  738541.5567871425
-0.36705726718492815 1.32430712728371 1.5604007778980329 0.5132770621918464 -0.005845090423305895  738541.5567873267
-0.36705726755601026 1.32430713338316 1.5501456598073151 0.51150839173734 -0.010147024569273777  738541.5567875246
-0.3670572654391625 1.324307124441013 1.533963934855539 0.5812667101979666 0.009628739738177175  738541.5567876993
-0.36705726197449706 1.32430712583041 1.5281498753232892 0.5815717224106172 0.007716643326262301  738541.5567878837
-0.36705726648477865 1.3243071352859845 1.5165049773225634 0.5835807061114027 0.00416072755963202  738541.5567880628
-0.36671880775299254 1.3242831132201085 1.51051892690586 0.585467507624497 0.002142045825540508  738541.5567882386
-0.36671846216100573 1.324283085998642 1.4987827442796426 0.589802396114047 -0.0010125492890668416  738541.5567884226
-0.36671845990638746 1.3242830888708057 1.486954028637438 0.5946795623883984 -0.004244077246141685  738541.5567885987
-0.3667184616078966 1.3242830963415593 1.4820033083684425 0.5845163305221044 0.015266303209149375  738541.556788784
-0.36671846060670066 1.3242830938525312 1.4696856625446424 0.5889862308477902 0.011664285164497386  738541.556788964
-0.3667184553361383 1.324283087992094 1.4637894410857817 0.590705598626579 0.009743239932692747  738541.55678915
-0.3669042801463289 1.324284817431749 1.4520220862848794 0.5931874602576793 0.0056834956561059745  738541.5567893338
-0.36690448167814715 1.3242848244512349 1.4460867739329633 0.5940433173122147 0.003323651191853995  738541.5567895201
-0.3669044802784912 1.3242848221877939 1.4341952957106547 0.5951422133148497 -0.0016367048862118091  738541.556789706
-0.36690447614298183 1.3242848261480844 1.4222876993973015 0.5957189164977029 -0.0066940800246929315  738541.5567899027
-0.36690447605352305 1.3242848196041779 1.4185702386890462 0.5725343475787217 0.012894182704811246  738541.5567900669
-0.36690447735236664 1.3242848166250896 1.4071154844165934 0.5732235902678391 0.008371844472498873  738541.5567902502
-0.36690448055655983 1.3242848220661305 1.4013826150568267 0.5737132922273629 0.006200571115202309  738541.5567904267
-0.3670556653109298 1.3243052878741892 1.389975597939602 0.5749855530789142 0.0022104353618955094  738541.5567906094
-0.3670558222544587 1.3243053055228065 1.3842236006609714 0.5758922463012992 0.0002292370320168442  738541.556790787
-0.3670558138928489 1.3243053091559982 1.3726903666774988 0.5780982712002868 -0.0036409766003606967  738541.5567909792
-0.36705582047486923 1.3243053084215 1.3603800210025956 0.5886394017271975 0.021621744335538144  738541.5567911507
-0.3670558231161088 1.324305307149273 1.354487574606892 0.589991223123685 0.019867629482906476  738541.556791326
-0.36671593131217284 1.3242755933311123 1.342507179915148 0.5929377171198208 0.015812606229834034  738541.5567915044
-0.3667155771109035 1.3242755641807116 1.336573846078262 0.5943094499031993 0.013886036208616498  738541.556791685
-0.36671556677649386 1.3242755590894892 1.3246677755237963 0.5969800038857556 0.009790198525087793  738541.5567918645
-0.36671557644614305 1.3242755632974352 1.3186952397411518 0.5982359032361456 0.00758413328072491  738541.5567920503
-0.36671557918025305 1.3242755621730506 1.3077482426015228 0.587903149142629 0.021955747613340012  738541.5567922285
-0.3667155777846251 1.3242755673059436 1.3018660918679372 0.5889585803391489 0.019595765292096654  738541.5567924113
-0.36671375816542784 1.324274929939548 1.2900700778507597 0.5909340345403369 0.01458424751309974  738541.5567925954
-0.36671375524858296 1.3242749258063184 1.2782369109424008 0.592929075602467 0.009332277591192116  738541.556792774
-0.36671374790090283 1.324274931143214 1.2723057481664655 0.5939805511064634 0.006640572148184231  738541.5567929499
-0.36671375104763176 1.324274923358433 1.2604113726209554 0.5961731883365284 0.0012781361866181155  738541.556793126
-0.3667137528093427 1.3242749291371625 1.2544472057849898 0.597311300874611 -0.0013830568853550104  738541.5567933121
-0.36671375075391965 1.3242749285113873 1.2428603389904285 0.5956114013785959 0.024319267239094267  738541.5567934831
-0.3667137511448073 1.3242749328348786 1.2369010154626783 0.5967481638637473 0.022128468653947117  738541.5567936574
-0.36671374879645996 1.3242749299946668 1.2249497863974226 0.5988725077954075 0.017926198732241896  738541.556793843
-0.36687111112597687 1.3243098648798284 1.2190510751167243 0.5997072939491447 0.016106653769101562  738541.5567940252
-0.3668712767505745 1.3243099049116966 1.2070431340079626 0.6014552990953701 0.01191831444276428  738541.556794211
-0.3668712756061114 1.3243098970358524 1.1950032010383198 0.6029822496224854 0.007366275690646598  738541.5567943975
-0.366871270815196 1.3243099020050098 1.1899413193098225 0.5915698407387497 0.03166210615073801  738541.5567945826
-0.36687127511721696 1.3243099052216523 1.1775088375577505 0.5928288310322494 0.02671785716302308  738541.5567947668
-0.36687127691471727 1.3243099056211824 1.1715799785336074 0.5933505440683483 0.024187755753362985  738541.5567949505
-0.36671669174046967 1.3242850415429257 1.15962524103642 0.5944340212224143 0.018701243763319594  738541.5567951286
-0.3667165267817105 1.324285020355126 1.153681668092686 0.5949130485226517 0.016016319827625584  738541.5567953037
-0.36671652752354117 1.324285014731602 1.141780057215225 0.5959204231696412 0.010593346936744297  738541.5567954856
-0.366716527688038 1.3242850096902905 1.129857856744453 0.5970258987914785 0.005160011373218117  738541.5567956793
-0.3667165247893722 1.3242850156770873 1.12512025944964 0.5848064012556518 0.03438550962241782  738541.5567958403
-0.36671652589665976 1.3242850157254191 1.1134167954566696 0.5860174577555888 0.02956723017676534  738541.5567960201
-0.3669036226648076 1.3242781858454151 1.1076222621412488 0.5865283178210241 0.027448672195999627  738541.5567962009
-0.3669038122507784 1.3242781738857594 1.0958822837032682 0.5877731913955869 0.0224619942941974  738541.5567963625
-0.3669038111120903 1.3242781783524904 1.0900029641879465 0.5883814810144019 0.019851409427283476  738541.5567965392
-0.36690381810170414 1.3242781733167128 1.078226381382813 0.5896067492994296 0.014172682549464955  738541.5567967333
-0.36690381161668123 1.3242781773242134 1.0726602890878347 0.5858902053098012 0.043253541296521265  738541.556796898
-0.36690381291930724 1.3242781829942787 1.06093315209963 0.5871010587760636 0.03742077165020406  738541.5567970732
-0.36690381646765835 1.3242781836459556 1.055060208045922 0.5877899891422136 0.034288015802363396  738541.5567972488
-0.36704830463617677 1.3243188682921876 1.0433870197860189 0.589101898320803 0.027891963835524787  738541.5567974327
-0.36704844870850367 1.3243189127805577 1.0374923279037869 0.5898681809240869 0.024445617801863974  738541.5567976108
-0.3670484539232627 1.3243189100495363 1.0256784024299508 0.5915799599197977 0.01716504323766546  738541.5567977872
-0.3670484433760628 1.3243189141610794 1.013830923778165 0.5933595676877982 0.009524963695033004  738541.5567979617
-0.36704845020323346 1.324318908659851 1.0090980119970183 0.5818866221986452 0.03925713990528629  738541.5567981486
-0.3670484557659389 1.3243189117012728 0.9974433595848408 0.5834367086381962 0.03209692091375359  738541.556798332
-0.36671786007700136 1.3242791589337923 0.99143686266662 0.584387181122282 0.02784690566632865  738541.5567985163
-0.3667175179212437 1.3242791164817476 0.9797392855599025 0.58566995104839 0.020335908121610895  738541.5567987021
-0.366717519872238 1.3242791208929616 0.9738815411025591 0.5862754972525124 0.01645317351635384  738541.5567988759
-0.36671752231876537 1.3242791131374108 0.9621482500813708 0.5875249989379031 0.008328282109994018  738541.5567990482
-0.36671752052763534 1.3242791235457885 0.9448581827848369 0.6507340584302393 0.04589529731877351  738541.5567992283
-0.36671751377430345 1.3242791223454549 0.9383486520184766 0.6515090662301192 0.0420586698149101  738541.5567994101
-0.3667175211676997 1.3242791289268536 0.9253058399920299 0.6531327273355798 0.03416396140248462  738541.556799594
-0.36687295016789623 1.3243214615423413 0.9188737112689295 0.6537876971255536 0.03037733407765452  738541.5567997774
-0.3668731093525826 1.32432149828179 0.9057843686591355 0.6552284406967964 0.021813862502517618  738541.556799962
-0.3668731013876869 1.3243214996769512 0.8992297509054283 0.655788606155077 0.017297698672101514  738541.5568001467
-0.36687310516173427 1.3243215007742308 0.8997099911573915 0.500379951027866 0.03032133212782304  738541.5568003219
-0.36687311019514796 1.324321501451053 0.8897027900096844 0.5001006174131922 0.02097367699738221  738541.5568005075
-0.3668731026009878 1.3243215020152679 0.8847028550332026 0.49964053621029986 0.016167730759441157  738541.5568006923
-0.3668669291731433 1.3243174537809435 0.8747145219641079 0.4982014711457313 0.006670914472966598  738541.5568008774
-0.3668669224800643 1.3243174502956612 0.86973475343798 0.49744716495950586 0.0020254011138043627  738541.5568010627
-0.36686692041552077 1.324317453980341 0.859794242483943 0.496533734300254 -0.0071616029962492745  738541.556801248
-0.3668669228618565 1.3243174502887756 0.8498617898462881 0.497078200347885 -0.01613579488167576  738541.5568014297
-0.3668669261791704 1.3243174510375986 0.8369704033224331 0.5826391713724365 0.04170490469764238  738541.5568016071
-0.3668669227056575 1.324317456493482 0.8252870792243493 0.5861687742121158 0.034383804128331835  738541.5568017797
-0.3668890083771304 1.3242850877698982 0.8193935679954023 0.5887327138885622 0.03077808661874804  738541.5568019659
-0.3668890256858339 1.3242850555146177 0.807562230941531 0.595107948958179 0.02311171108270879  738541.5568021465
-0.3668890272436319 1.3242850540974227 0.8015967182169426 0.5986418453649535 0.018912584105117248  738541.5568023277
-0.3668890320246613 1.324285057208506 0.7895612345208938 0.6057528618789944 0.009510224164403724  738541.5568025218
-0.36688903388264976 1.3242850574045832 0.7850681203036143 0.5895423833193284 0.045782822302897465  738541.5568026953
-0.36688903226288627 1.3242850585454435 0.773225212066429 0.5952029411008557 0.03502929139901962  738541.5568028808
-0.3668820503380851 1.3243150707239943 0.7613093638099002 0.5991617355965776 0.02255654231952418  738541.5568030783
-0.36688204235260596 1.324315101336123 0.7553136514669343 0.6005136682784759 0.01583169512769387  738541.5568032516
-0.3668820426499357 1.3243151066215948 0.7432908471047733 0.6020054847182 0.0018671554666843029  738541.5568034288
-0.36688204343838265 1.3243150964150776 0.7372699613228207 0.6023649312222684 -0.005304308188534596  738541.5568036108
-0.3668820437929036 1.3243151043402848 0.7263475304000825 0.590024771458325 0.031184368148901603  738541.5568037971
-0.3668820465325201 1.3243151027264597 0.7145433682115845 0.590418042133412 0.018518660374128994  738541.5568039807
-0.36688204725114887 1.324315100753936 0.7086378648095443 0.5907677864925313 0.012346682247723673  738541.5568041558
-0.36689187857785666 1.3243006238691268 0.696804923756976 0.5919304520025336 0.0003484962883842187  738541.5568043304
-0.36689188930914995 1.3243006110520723 0.6908831837443624 0.5927452352910684 -0.005651347390383157  738541.5568045027
-0.3668918943348538 1.3243006159908668 0.6790113225363494 0.5948665162127359 -0.018084819307306297  738541.5568046849
-0.3668918899786441 1.3243006134410182 0.6730592177150901 0.5960815498541205 -0.024587891373170204  738541.5568048612
-0.3668918891046964 1.3243006132914643 0.6543933671618292 0.6655792421934472 0.02847219787441884  738541.5568050435
-0.36689189022076574 1.3243006077028283 0.6477316969818382 0.6668253773348822 0.02232516995863725  738541.5568052189
-0.3668918920116012 1.3243006095901135 0.6343708817462392 0.6691766861928158 0.00889680946069831  738541.5568054023
-0.36687956370767094 1.3243164081001695 0.627682568774707 0.670189229198598 0.0015211233782067848  738541.5568055823
-0.366879554939333 1.3243164304525796 0.6142618911710702 0.6717444428553851 -0.014304889786372288  738541.5568057596
-0.36687954782789095 1.3243164304474024 0.6075422076088713 0.6721585293821228 -0.022789485239947754  738541.5568059348
-0.366879545177919 1.3243164262628817 0.6076026751762151 0.5076122464579695 0.003704497935928034  738541.5568061114
-0.36687955450316806 1.3243164305531145 0.5974577668919714 0.5064853844673559 -0.01295517746591414  738541.556806293
-0.36687954171307074 1.3243164300719508 0.5923959858235577 0.505543098260308 -0.021363275250484943  738541.5568064795
-0.36689136503245456 1.3243269148416899 0.5823186773928443 0.5032432030012911 -0.03841211370480045  738541.5568066606
-0.36689137942655126 1.3243269210705648 0.5772902813300456 0.5020881826572565 -0.0469594776322116  738541.5568068385
-0.36689138183381076 1.3243269295238573 0.5672643407545498 0.5003412473354804 -0.06371142152434288  738541.5568070122
-0.3668913799189639 1.3243269279792946 0.5622619541758361 0.49995844527650496 -0.07194126790170058  738541.5568071841
-0.3668913808805261 1.3243269255488583 0.5429095326249412 0.5964694631235927 -0.001507154578986391  738541.5568073692
-0.3668913832971844 1.3243269190047942 0.536938855272467 0.5976899865400348 -0.008166008181680406  738541.5568075526
-0.3670788680026818 1.3243226417391016 0.5250252546398481 0.6015536332607494 -0.020547060352346828  738541.5568077371
-0.3670790662271881 1.3243226334436362 0.5129381158869847 0.6072199013927418 -0.03427267063986584  738541.556807914
-0.36707905655014084 1.3243226332564886 0.5068498881936636 0.6103907164263118 -0.041516637569793576  738541.5568080981
-0.367079056711937 1.3243226414467661 0.4945793748263002 0.6166259153445816 -0.05735377938366668  738541.5568082952
-0.3670790573769019 1.3243226383452522 0.48983565391958134 0.6015303224924295 0.006964681902290152  738541.5568084683
-0.3670790625122214 1.3243226374770523 0.47775497044229476 0.6060664307500773 -0.009149645856693306  738541.5568086435
-0.3670790632624128 1.3243226330743747 0.4656018545009686 0.6087132921462244 -0.027894721419773436  738541.5568088252
-0.3667238080173313 1.3242484913033918 0.45928875679825054 0.6096895199085252 -0.03986402156317849  738541.5568090022
-0.36672344131930285 1.32424841194851 0.4531916043331187 0.6099923933568046 -0.05067735987838511  738541.5568091776
-0.3667234372825553 1.3242484141573623 0.4409953469215538 0.6097834453896721 -0.07302707180943886  738541.556809363
-0.36672344398935847 1.324248406270059 0.4288081501598829 0.6091534881664008 -0.09618282418040566  738541.5568095397
-0.3667234455217939 1.3242484094932612 0.42398907325685936 0.5963872451380213 -0.00918725348744925  738541.5568097115
-0.36672343909926564 1.324248412607134 0.4120636554870534 0.5965562459193947 -0.02669933267630459  738541.5568098853
-0.3667897814218464 1.3244030216551368 0.40626621436184474 0.596676592955448 -0.03517275700495365  738541.5568100711
-0.3667898544229352 1.3244031753015044 0.3943201729925543 0.5979411133460606 -0.05205779990075165  738541.5568102559
-0.36678984997820996 1.3244031753026622 0.3883356083312162 0.5988300560461695 -0.06074101124199512  738541.5568104362
-0.3667898523502931 1.3244031800598148 0.3763367709977397 0.6009541106049082 -0.07973286843941432  738541.5568106194
-0.3667898539543165 1.3244031744375495 0.3703206599350935 0.6021093823208427 -0.090260135589982  738541.5568107934
-0.36678985289296984 1.3244031715816886 0.35819510663978643 0.6050598140641138 0.015114363749859753  738541.5568109698
-0.3667898534602513 1.3244031771066562 0.35213905367560183 0.6061322146202328 0.006260109567215813  738541.5568111432
-0.3668278042582057 1.324325404370254 0.339944376759043 0.6080678350829554 -0.013133909601601792  738541.5568113201
-0.36682785511729865 1.3243253277192568 0.32716012030802566 0.6095685115752119 -0.03771631674969686  738541.5568115002
-0.36682785135993634 1.3243253239980728 0.3210625884546241 0.610126161317157 -0.05076805385488068  738541.5568116794
-0.366827856009602 1.3243253216443889 0.30885312566161044 0.6109880977651635 -0.07960901520885275  738541.55681187
-0.3668278533458179 1.3243253220232227 0.3045773169304058 0.5928741084012924 0.028867504512447337  738541.5568120343
-0.3668278492129143 1.324325327612888 0.29271473831258044 0.5934660107689489 0.006078324805042114  738541.556812217
-0.3668278587627003 1.3243253249864224 0.2867792382926682 0.5937257950472592 -0.00571132115853817  738541.5568123901
-0.36686174680334627 1.3243276418094512 0.2749180909128778 0.5942030413757263 -0.028859945386524564  738541.5568125698
-0.3668617796252654 1.324327643259067 0.26897514689552793 0.5944741137406088 -0.040699087828015956  738541.556812748
-0.36686178916400014 1.3243276466833998 0.2570812375473503 0.5951173256275828 -0.064921462449844  738541.556812931
-0.36686179376428996 1.324327643922773 0.24517482601225568 0.5959063447963555 0.09619017656470429  738541.5568131076
-0.36686178128551067 1.324327647435767 0.23921393433095006 0.5964476141148248 0.09099892574015656  738541.5568132845
-0.3670392964188167 1.3243209092181916 0.23332353126191904 0.5968999794956383 0.08820745155128626  738541.556813459
-0.36703947716083485 1.3243209022113318 0.22137527818095787 0.598052648297044 0.07576448752617908  738541.5568136423
-0.36703948478064996 1.3243208946306342 0.20940369260673578 0.5992726017266053 0.05982489078679063  738541.5568138234
-0.3670394741900818 1.3243208972181357 0.2034088679302263 0.5998862513843595 0.050186980265765756  738541.5568140068
-0.36703947503847506 1.3243209025959104 0.1914011556811806 0.601232824888097 0.02667582230772593  738541.5568141873
-0.36703947450132823 1.3243208991352593 0.18646367902550645 0.5907269902173684 0.22183059850121487  738541.5568143721
-0.3670394734494381 1.3243208926031103 0.17463498722347706 0.5921620206857123 0.21775395086313418  738541.5568145472
-0.3670394669500779 1.3243209015717092 0.1627770083531199 0.5935822402278298 0.21369809932184877  738541.5568147433
-0.36686528287794223 1.3243269990407458 0.15675810210501379 0.5943784697820433 0.20704153801779066  738541.5568149079
-0.3668651056051472 1.3243270058052394 0.14486031866110569 0.5955621789613647 0.2051598386565761  738541.5568150824
-0.3668651067836412 1.3243270012486714 0.1389026683909465 0.5961127150688502 0.20539519642613996  738541.5568152623
-0.36686509870855044 1.3243270073566666 0.12153248789886568 0.6557438953021352 0.7904909062821518  738541.5568154387
-0.3668651048825127 1.3243270007411339 0.11497700242648573 0.6554826474484774 0.8651307584694855  738541.5568156204
-0.3668651054576413 1.3243270040521553 0.10187749224470154 0.6545052455375416 1.0617260242491215  738541.5568158026
-0.36685518481773705 1.3243178486230545 0.09532395031343763 0.6536897423695112 1.191520448437011  738541.5568159831
-0.36685517783737653 1.3243178356840348 0.08227609402483396 0.6509974250675628 1.5473446643304725  738541.5568161666
-0.36685517630546505 1.3243178369526207 0.06929992025138355 0.6462667280275524 2.1059726729338277  738541.5568163521
-0.3668551753016321 1.32431784078016 0.0768134338090566 0.4913498690834204 1.7774715704363369  738541.5568165382
-0.3668551777759396 1.3243178394358321 0.06704487174467438 0.48505196541106077 2.233806099558769  738541.5568167227
-0.366855173058094 1.3243178374923648 0.06221375079205189 0.4809158409836244 2.536968706276827  738541.5568169093
-0.3670302013740519 1.324304826561151 0.05281083931294305 0.4694028756698657 3.405153853296733  738541.5568170921
-0.36703038340711786 1.32430481218603 0.043570713553079475 -0.4388609106993551 5.476954005717476  738541.5568432254
