-1.2009413315463724 1.3640224925650237 2.192521115294576 0.710430011772543 -3.12365721793807  738546.5994934366
-1.2009413315463724 1.3640224925650237 2.167153679952059 1.0823911820080763 -1.1147335957448081  738546.5994937968
-1.2009413315463724 1.3640224925650237 2.141202115441251 1.2258492110296206 0.128258772368399  738546.5994941643
-1.197318755975597 1.3541604614763323 2.108671647423413 1.4929653376044811 0.9436103797234189  738546.5994945333
-1.197318755975597 1.3541604614763323 2.0820841290243215 1.3839057258378733 0.921338194227076  738546.5994949025
-1.197318755975597 1.3541604614763323 2.069390467282701 0.8844239666666495 0.5641985406360923  738546.5994952646
-1.197335996667677 1.3541637433287175 2.0557911057310005 0.748120040612225 0.7004506252404311  738546.5994956329
-1.197335996667677 1.3541637433287175 2.0406827576882254 0.752984948296583 0.9743956280346843  738546.599495985
-1.197335996667677 1.3541637433287175 2.0216165228192398 0.8865361450650486 0.9676792283180176  738546.5994963509
-1.2004045111081314 1.3636221150012457 2.0121078740086853 0.6124670087068328 0.42788207901617026  738546.5994967193
-1.2004045111081314 1.3636221150012457 2.000335108632754 0.5965811820999827 0.5916536261381424  738546.5994970893
-1.2004045111081314 1.3636221150012457 1.9870300228814926 0.6423632524087127 0.8690822169972275  738546.5994974496
-1.1973249765709075 1.3541549746066242 1.9708302774878856 0.7541125972564667 0.7989531149652528  738546.5994977996
-1.1973249765709075 1.3541549746066242 1.9576227294152937 0.6916224681718883 0.37319239220916806  738546.5994981563
-1.1973249765709075 1.3541549746066242 1.9463297247153548 0.6069743127219256 0.39710529434461206  738546.5994985228
-1.1973249765709075 1.3541549746066242 1.9417555113608362 0.3547985493912597 0.6686661129663218  738546.5994988953
-1.2006770804537596 1.3639666504688899 1.9410362389498879 0.14224193016203282 0.7924221180445514  738546.5994992405
-1.2006770804537596 1.3639666504688899 1.9359585978857643 0.21666867885813024 0.5458438242772794  738546.5994996093
-1.2006770804537596 1.3639666504688899 1.9283059254184023 0.3273119751981102 0.42880432282425496  738546.5994999728
-1.1973191561373389 1.3541395147636457 1.9124695286591737 0.6369838837069886 0.37940254259495576  738546.599500323
-1.1973191561373389 1.3541395147636457 1.900891713358266 0.5982551379325912 0.2974450425798398  738546.5995006864
-1.1973191561373389 1.3541395147636457 1.8940620243425332 0.4270746798352851 0.3452830353184891  738546.5995010495
-1.200911159438516 1.3640255513806492 1.8949584506948352 0.11247734820169789 0.17330831744011022  738546.5995014199
-1.200911159438516 1.3640255513806492 1.8892255912403328 0.22858776455064184 0.01463333757330132  738546.5995017737
-1.200911159438516 1.3640255513806492 1.8856731954907096 0.19460911317098903 -0.03068247938035995  738546.5995021297
-1.2006764860127996 1.3639763007580292 1.8801014363795665 0.2505950080950982 -0.00022382384677405165  738546.5995024894
-1.2006764860127996 1.3639763007580292 1.873493073216838 0.303810441455982 0.220585675938474  738546.5995028435
-1.2006764860127996 1.3639763007580292 1.8663894604124045 0.33805724063311077 0.19454112043116595  738546.5995032202
-1.2006888100022355 1.363254312079067 1.8623772227587168 0.24642700200062798 0.24946110660312898  738546.5995035659
-1.2006888100022355 1.363254312079067 1.8570591429749526 0.2594116601256823 0.20299393893590922  738546.599503924
-1.2006888100022355 1.363254312079067 1.8505746775467564 0.3026194009817653 0.2206599876420121  738546.5995042945
-1.2006888100022355 1.363254312079067 1.8463916378981178 0.2403077886152098 0.27723289413900437  738546.599504649
-1.1973278472910698 1.3541492115036273 1.8326329044554805 0.5387270442929775 0.26957060379727027  738546.5995050134
-1.1973278472910698 1.3541492115036273 1.824155429826007 0.462158169080111 0.2982724782819168  738546.5995053638
-1.1973278472910698 1.3541492115036273 1.8178317025897228 0.36484363090284255 0.17476543905059  738546.5995057295
-1.197316270392808 1.3541503291431143 1.8114473370706574 0.33442672760312686 0.18837288494911858  738546.5995060913
-1.197316270392808 1.3541503291431143 1.8043396796280193 0.3483974906223099 0.1603361036815349  738546.5995064534
-1.197316270392808 1.3541503291431143 1.7974547759238542 0.3456292870129427 0.288451015917024  738546.5995068047
-1.197316270392808 1.3541503291431143 1.7897310531987853 0.3726671865066096 0.26333360290679747  738546.5995071644
-1.197320014470744 1.3541507585484367 1.7813101021964235 0.40492076224759765 0.3177921736287307  738546.5995075204
-1.197320014470744 1.3541507585484367 1.7723596565900348 0.43332177429548874 0.23228223701147704  738546.5995078793
-1.1973040548629479 1.3541396088093545 1.7704783772797814 0.20714990177360923 -0.070744778228499  738546.5995082364
-1.1973040548629479 1.3541396088093545 1.7655940147194318 0.23186205260285742 -0.02139853697421379  738546.5995086062
-1.1973040548629479 1.3541396088093545 1.756358975961478 0.38512197613274757 -0.09047245813334293  738546.5995089588
-1.1973040548629479 1.3541396088093545 1.7486510149888144 0.38530602446636764 0.2868109220638112  738546.5995093287
-1.1973245706614972 1.3541475902839735 1.7406444808283001 0.39531981350592915 0.32341089776299753  738546.5995096858
-1.1973245706614972 1.3541475902839735 1.7321745343857582 0.4141048192533735 0.44701387176406987  738546.599510045
-1.1973245706614972 1.3541475902839735 1.726118650616402 0.3398977320630014 0.2745776420083898  738546.5995104132
-1.2006790060839085 1.3639679799477489 1.7249256314283694 0.15306655028875069 0.06137152287795017  738546.5995107754
-1.2006790060839085 1.3639679799477489 1.7167595114579308 0.3232261824442034 0.05395903122935075  738546.5995111355
-1.2006790060839085 1.3639679799477489 1.709583442338172 0.34694436480669666 -0.020223982802393736  738546.5995114901
-1.1973235664313147 1.354142421277543 1.6953321043556417 0.5906927210199053 0.32813081146505696  738546.59951186
-1.1973235664313147 1.354142421277543 1.6839690257522606 0.5756668604526738 0.3218842308314045  738546.5995122152
-1.1973235664313147 1.354142421277543 1.6761430322526971 0.452755403469674 0.37114755707618496  738546.5995125652
-1.1973235664313147 1.354142421277543 1.6682243144355944 0.41487572839331605 0.2687663850762776  738546.5995129261
-1.200700640553408 1.3639732973265912 1.6654133623027783 0.23199031389164335 0.023349509986271832  738546.5995132928
-1.200700640553408 1.3639732973265912 1.6584016352220126 0.3110543406560717 0.053280410280479695  738546.5995136524
-1.2007104437119533 1.3639750688719126 1.6519046820143588 0.3202498871404832 0.23376586872105853  738546.5995140071
-1.2007104437119533 1.3639750688719126 1.6408113530883384 0.47652759324751087 0.1799998906244275  738546.5995143745
-1.2007104437119533 1.3639750688719126 1.6298459276867479 0.5243567111355206 0.21082027762209843  738546.5995147319
-1.2007104437119533 1.3639750688719126 1.619150912416659 0.5312860793814697 0.4521257714427358  738546.5995150921
-1.1973293765925064 1.3541568341921004 1.6029869803782608 0.715893094407096 0.59535416851352  738546.5995154516
-1.1973293765925064 1.3541568341921004 1.5898804085024485 0.6755167606627764 0.4160321149568006  738546.5995158065
-1.1973293765925064 1.3541568341921004 1.5859852262143868 0.355011663156316 0.009911075629225108  738546.59951616
-1.1973199450308007 1.354146160951644 1.5799623741415831 0.31909895681222655 -0.14019940136608877  738546.5995165204
-1.1973199450308007 1.354146160951644 1.5717189963766551 0.38114557776834174 -0.04467582085291588  738546.599516882
-1.1973199450308007 1.354146160951644 1.5625354296572995 0.43316741656796764 0.1834321452763482  738546.5995172499
-1.2007190782177342 1.363963350083974 1.5579715530287275 0.2965183598083914 -0.04120395470321919  738546.5995176045
-1.2007190782177342 1.363963350083974 1.5472464469060647 0.4563429906915545 0.04225684089221976  738546.5995179592
-1.2007190782177342 1.363963350083974 1.5411057672538888 0.3568036519697154 0.34355491229715596  738546.5995183391
-1.2009146761008922 1.363998995937097 1.534511941698729 0.33872873582856733 0.13647319093166516  738546.5995187021
-1.2009146761008922 1.363998995937097 1.5232297280326175 0.4889833674799049 0.2379286839096264  738546.5995190468
-1.2009146761008922 1.363998995937097 1.5119903961944021 0.5376388504338131 0.12386185714488146  738546.5995194091
-1.1973146609896832 1.354149627843511 1.4931546656936332 0.8070706335035688 0.7474598494806398  738546.5995197748
-1.1973146609896832 1.354149627843511 1.4781322675365414 0.7697701497375828 0.4488908259124364  738546.5995201273
-1.1973146609896832 1.354149627843511 1.4653232895630781 0.683555982361304 0.2990088496406478  738546.5995204902
-1.1973146609896832 1.354149627843511 1.4559408583961322 0.5405996996852991 0.33132182604819976  738546.5995208527
-1.2004107224860636 1.3636533487475129 1.4504672386414885 0.3626538917165553 0.14728383936063222  738546.5995212045
-1.2004107224860636 1.3636533487475129 1.441570056171357 0.4174573795765719 0.14038196255869906  738546.5995215722
-1.2004107224860636 1.3636533487475129 1.4331350447894642 0.4203195059219498 0.26840014081770935  738546.5995219231
-1.19732898756126 1.354147417679663 1.4188030082637377 0.617841052831531 0.5505043920414736  738546.599522292
-1.19732898756126 1.354147417679663 1.4087731482818961 0.5402756836718956 0.4912023665335401  738546.5995226592
-1.19732898756126 1.354147417679663 1.394444672721467 0.6577077465716024 0.45513271102372665  738546.599523019
-1.19732898756126 1.354147417679663 1.381350051935497 0.6557232750561978 0.3326569612868706  738546.599523375
-1.1973205145888501 1.354147834942027 1.3689059476690824 0.6333779005658906 0.5013691915267449  738546.5995237363
-1.1973205145888501 1.354147834942027 1.3532895070481055 0.7316739875545266 0.05261687869895182  738546.5995241064
-1.2009441236202494 1.3640200457591714 1.3534200544385298 0.23953974950403228 -0.53635058405272  738546.599524451
-1.2009441236202494 1.3640200457591714 1.3481098605609896 0.25685304575268153 -0.4359470065074963  738546.599524811
-1.2009441236202494 1.3640200457591714 1.3386070900939169 0.4023766974866509 -0.15728589984105856  738546.5995251813
-1.2009441236202494 1.3640200457591714 1.3266877682973797 0.5314362923801235 0.3288941787844254  738546.5995255501
-1.1973238269096957 1.3541553388627072 1.3103293810958645 0.7224250041772122 0.650500453637634  738546.5995259127
-1.1973238269096957 1.3541553388627072 1.2992815409188756 0.6090696739587006 0.5286513843798697  738546.5995262815
-1.1973238269096957 1.3541553388627072 1.2843260160194674 0.701540721299841 0.24185906308181182  738546.5995266361
-1.1973093326730997 1.354150426046114 1.2711205938784906 0.6740276451325042 0.5303277181970072  738546.5995269995
-1.1973093326730997 1.354150426046114 1.2587231966645673 0.6379224555082784 0.5023564464065817  738546.5995273578
-1.1973093326730997 1.354150426046114 1.2488998430065636 0.5400859404362154 0.5363510891159244  738546.5995277115
-1.1973180693643082 1.3541471587523832 1.2379688270979508 0.5443958437658348 0.3952931602382981  738546.5995280684
-1.1973180693643082 1.3541471587523832 1.225662105961252 0.5916893191452373 0.22561165208276412  738546.5995284392
-1.1973180693643082 1.3541471587523832 1.2121336316191733 0.6481789177843692 0.2834687594529349  738546.5995288047
-1.2007076290656071 1.3632836324771138 1.2048307351628986 0.4594895211372792 -0.17699381433265626  738546.5995291553
-1.2007076290656071 1.3632836324771138 1.1936943584475932 0.5243757308892745 0.07332434377458608  738546.5995295176
-1.2007076290656071 1.3632836324771138 1.1765627767937858 0.7458446320900028 -0.05058836421562707  738546.5995298743
-1.2007076290656071 1.3632836324771138 1.1710532771687805 0.432264864863514 -0.10968398510645405  738546.5995302433
-1.2007129912202643 1.3637499518946088 1.1628735787909368 0.41674490088262817 0.09591631029104986  738546.5995306136
-1.2007129912202643 1.3637499518946088 1.1522999869381167 0.4913680287215431 0.17155806301969556  738546.5995310006
-1.2007129912202643 1.3637499518946088 1.1424275985037382 0.4928689573864655 0.41559311850263225  738546.59953133
-1.2007067765774164 1.3639719767221474 1.1343133184209866 0.4347656552205435 0.490253867057612  738546.5995316999
-1.2007067765774164 1.3639719767221474 1.1208474329995983 0.5937847324531222 -235.1664953036393  738546.5995320644
-1.2007067765774164 1.3639719767221474 1.099631835158047 0.9051148388694206 -97.74903651629235  738546.599532415
-1.197316092166848 1.3541457154571483 1.0796770865492678 0.9668632332491133 -14.17808256695818  738546.5995327764
-1.197316092166848 1.3541457154571483 1.0632126379267641 0.8711026984998249 13.976276805481163  738546.599533136
-1.197316092166848 1.3541457154571483 1.0556464100195355 0.5425751630742293 14.104666468329595  738546.5995334988
-1.1973151910202282 1.3541565747588566 1.0460912102799291 0.4993650456782889 7.550633884257075  738546.5995338591
-1.1973151910202282 1.3541565747588566 1.0341912597731198 0.563120032119741 2.59220425924782  738546.599534226
-1.1973151910202282 1.3541565747588566 1.0245700649360097 0.5084131719435825 -0.027706520971950255  738546.5995345754
-1.1973151910202282 1.3541565747588566 1.0114120051815187 0.6080730491308926 0.8040086719525392  738546.5995349704
-1.200716332548712 1.3637714562689989 0.9967896914948392 0.6901014725996161 1.2860557031861852  738546.599535308
-1.200716332548712 1.3637714562689989 0.9833256628358021 0.6788347795011077 1.0704712816743858  738546.5995356669
-1.2004316227352243 1.3636162215949685 0.97375565729028 0.54527844468444 1.258497191224882  738546.59953602
-1.2004316227352243 1.3636162215949685 0.9635302955602166 0.5226048725635932 1.398149134054697  738546.5995363805
-1.2004316227352243 1.3636162215949685 0.9526488286593271 0.5369171875508496 1.3194094673509351  738546.5995367471
-1.20072868706024 1.3639674425783828 0.9421014828884603 0.53055058821251 1.655915990017328  738546.5995371175
-1.20072868706024 1.3639674425783828 0.9314446355998849 0.5320784390233508 1.716601071322085  738546.5995374781
-1.20072868706024 1.3639674425783828 0.9208932711745891 0.5290716271843098 1.7145026644781989  738546.5995378329
-1.20072868706024 1.3639674425783828 0.9106180095761156 0.5188659290105525 1.8718638545131348  738546.5995381968
-1.1973277479070779 1.3541623352089323 0.9080660478728618 0.25802069977864334 2.8506989594675365  738546.5995385555
-1.1973277479070779 1.3541623352089323 0.9039840937475317 0.2220720374372172 2.1820216056182145  738546.5995389072
-1.1973277479070779 1.3541623352089323 0.9030087974473346 0.10653388915230927 1.6438492493711219  738546.5995392761
-1.1973229179984164 1.354142564729358 0.9007773131794646 0.10989410531310345 1.8774050418832453  738546.5995396342
-1.1973229179984164 1.354142564729358 0.8981474580712008 0.12429320537983019 2.0090590286397125  738546.5995399976
-1.1973229179984164 1.354142564729358 0.8969903363432798 0.08000179272397367 2.0872541364235686  738546.5995403517
-1.1973229179984164 1.354142564729358 0.8962557723545806 0.05115273053129846 1.7695635379605101  738546.5995407108
-1.1973223580344063 1.3541422725224415 0.8960753088087728 0.023066361704025998 1.5844133386316526  738546.5995410568
-1.1973223580344063 1.3541422725224415 0.8965957422765042 -0.009658995023035986 1.380058653732391  738546.5995414248
-1.1973227160610336 1.3541518011835887 0.9005334751344382 -0.13447742693881087 1.0892162127089338  738546.5995417715
-1.1973227160610336 1.3541518011835887 0.9053615500610088 -0.20576163986529247 1.4438366474690254  738546.5995421297
-1.1973227160610336 1.3541518011835887 0.910057004396666 -0.22510235781033805 1.2952366435619351  738546.599542496
-1.1973227160610336 1.3541518011835887 0.9181074908292113 -0.3433836670216207 0.9240473077377253  738546.5995428475
-1.1973211702781437 1.354138637782347 0.925922317711032 -0.3749554517345631 0.9371762984556317  738546.5995432066
-1.1973211702781437 1.354138637782347 0.933814267855716 -0.38805015540098764 1.082620154038955  738546.5995435603
-1.1973211702781437 1.354138637782347 0.9446612237060674 -0.4909152468120439 0.9534282049851085  738546.5995439179
-1.2004113210530383 1.3636510848710601 0.9536060268913862 -0.4617985217813061 0.7432331151431423  738546.5995442752
-1.2004113210530383 1.3636510848710601 0.9634394969550499 -0.48171517604922776 0.960960520264124  738546.5995446313
-1.2004113210530383 1.3636510848710601 0.9752906111530725 -0.5556088652838266 1.0510813380165953  738546.5995449926
-1.2004113210530383 1.3636510848710601 0.9875608592669765 -0.5942112255580755 1.3172410565851576  738546.5995453486
-1.2004434060261173 1.3631106330790677 0.9998355874852949 -0.6072280157966392 1.1898115200284898  738546.5995457028
-1.2004434060261173 1.3631106330790677 1.0148012741414427 -0.701265560470476 2.0033472572225515  738546.5995460759
-1.2004434060261173 1.3631106330790677 1.028819357344715 -0.7010246269325695 1.379544739154993  738546.5995464221
-1.1973110207143491 1.3541538713298593 1.043683775592847 -0.7291554839152543 1.6789912654626136  738546.599546784
-1.1973110207143491 1.3541538713298593 1.056901096840259 -0.6836292028854862 1.3585316189765024  738546.599547142
