-0.9695511799376774 0.01479642271072832 5.884999999999936 
-0.9695511799376774 0.01479642271072832 5.884999999999936 
-1.1967872093848178 0.014037618397315432 5.8999999999999355 
-1.271892929889715 0.012237383336345881 5.924999999999935 
-1.3068691758649693 0.009259864634635339 5.944999999999935 
-1.3216925656150658 0.008196443664830154 5.964999999999934 
-1.323343562379004 0.003892545123837284 5.984999999999934 
-1.3185959212671239 0.0006886778295664151 6.004999999999933 
-1.3027629598080799 -0.003979377439625394 6.019999999999933 
-1.3151323092508602 -0.0068930905351856885 6.044999999999932 
-1.3138437903779494 -0.010614816792285979 6.064999999999932 
-1.310393927368755 -0.01312333221851868 6.084999999999932 
-1.3024325592900006 -0.01607763838800452 6.104999999999931 
-1.3045160727275307 -0.020170632667854155 6.124999999999931 
-1.2991553147124035 -0.023662518866846217 6.14499999999993 
-1.2977387629639563 -0.026548258636468605 6.15999999999993 
-1.2867797586491252 -0.030626704031863017 6.184999999999929 
-1.2859233896278008 -0.03498908378661162 6.199999999999929 
-1.282463390967816 -0.03941612662878917 6.224999999999929 
-1.275710513557071 -0.043173900773240355 6.244999999999928 
-1.2736040196879503 -0.045455625136609557 6.264999999999928 
-1.2720404427270604 -0.051642290679426904 6.284999999999927 
-1.2639574381296332 -0.05602119280430101 6.304999999999927 
-1.2593427607613779 -0.05732157181327177 6.3249999999999265 
-1.2494708855011487 -0.0640688045677088 6.344999999999926 
-1.2517001633676 -0.06557019730837835 6.364999999999926 
-1.239314561360586 -0.0747871426306435 6.379999999999925 
-1.239449553462954 -0.07402982515544956 6.399999999999925 
-1.2342033456201433 -0.07721155508161558 6.419999999999924 
-1.2245312528881744 -0.08017951972241384 6.444999999999924 
-1.2175906559888539 -0.08513612365521324 6.459999999999924 
-1.2165411736759517 -0.08783040377648478 6.484999999999923 
-1.217787549684531 -0.09391304725958904 6.499999999999923 
-1.2100473112646752 -0.09710351177063326 6.524999999999922 
-1.2044047100243622 -0.10074343587430161 6.539999999999922 
-1.1957677270644458 -0.10164086594935415 6.564999999999921 
-1.18497582519345 -0.10506586665625203 6.579999999999921 
-1.1765129982219276 -0.10723771423760899 6.599999999999921 
-1.166365753553518 -0.10971167258761025 6.62499999999992 
-1.1632095569679322 -0.11378672533504336 6.64499999999992 
-1.1466677575324615 -0.11781409875440976 6.664999999999919 
-1.149829434112139 -0.117111620025351 6.679999999999919 
-1.1409274180050653 -0.11773922414447578 6.6999999999999185 
-1.1328314402813353 -0.1185653508322263 6.724999999999918 
-1.1246450503050327 -0.12166525303773908 6.7449999999999175 
-1.1085678375639023 -0.12342261347022943 6.764999999999917 
-1.1017278945324107 -0.12367044463107035 6.784999999999917 
-1.0912384271723217 -0.1231517972729111 6.799999999999916 
-1.0825699616269677 -0.12153363047616943 6.819999999999916 
-1.0796020810429603 -0.12200179859263399 6.8399999999999155 
-1.062949503647958 -0.11957110367678352 6.869999999999915 
-1.0477539623244165 -0.11995333172088826 6.8849999999999145 
-1.0364182315635493 -0.1166031035335975 6.904999999999914 
-1.028407708523507 -0.11822030762819195 6.924999999999914 
-1.0058271076311271 -0.11444263178816964 6.939999999999913 
-0.9867248074822983 -0.11098901510761325 6.959999999999913 
-0.9638164835863089 -0.10242758703282541 6.9799999999999125 
-0.9794371180592647 -0.10727439654973503 6.999999999999912 
-0.9528566277405119 -0.10394355263144044 7.019999999999912 
-0.9359336558743145 -0.09743568460135167 7.039999999999911 
-0.9234764043746123 -0.09263618894657258 7.059999999999911 
-0.9026496186664411 -0.08898032462315468 7.08499999999991 
-0.8815414626886271 -0.08093812939038313 7.10499999999991 
-0.8631252075970485 -0.07660426989792472 7.1199999999999095 
-0.8540522072751817 -0.06722245183503026 7.144999999999909 
-0.8308085697848229 -0.06575755354169341 7.159999999999909 
-0.8173894555899751 -0.06699066240185048 7.179999999999908 
-0.8079860064285116 -0.046506105337540085 7.199999999999908 
-0.7872763611997969 -0.04014889153774636 7.219999999999907 
-0.7746302329118222 -0.03377705086076021 7.244999999999907 
-0.7665235460122015 -0.022530532384391448 7.2599999999999065 
-0.738501024551288 -0.017509003512235662 7.279999999999906 
-0.726680581293678 -0.013837223245710547 7.299999999999906 
-0.71209340652711 -0.00434814271907113 7.319999999999905 
-0.6939360130475959 0.007273995503780191 7.339999999999905 
-0.6743277643168114 0.017951424584891417 7.364999999999904 
-0.6569504046895335 0.027726995715406374 7.379999999999904 
-0.6373576715454605 0.03668423721733801 7.404999999999903 
-0.6173870994066074 0.046079804932605196 7.419999999999903 
-0.5978941591438005 0.04490029006121232 7.444999999999903 
-0.5898000015316873 0.06032741701926399 7.459999999999902 
-0.567582724616572 0.06124764975118633 7.479999999999902 
-0.542204257040765 0.05595972327529306 7.499999999999901 
-0.5359111426960421 0.0799707687949001 7.519999999999901 
-0.5152642735898266 0.09003406016074099 7.5449999999999005 
-0.4931404330200476 0.08912725153171794 7.5649999999999 
-0.4775240565791307 0.11201383445019683 7.5799999999999 
-0.46209759330174255 0.1204185416054661 7.599999999999899 
-0.45061720719234694 0.12265143867949721 7.619999999999899 
-0.4322285672168942 0.13058203906212204 7.644999999999898 
-0.42007044131209453 0.13122326960175482 7.659999999999898 
-0.40918593890287275 0.14132745936548177 7.679999999999898 
-0.39585468960251896 0.15071183992119452 7.699999999999897 
-0.38242501492063813 0.1556445872430079 7.719999999999897 
-0.3707387826950057 0.1615609090318737 7.739999999999896 
-0.36024554993063057 0.16860863624926106 7.764999999999896 
-0.34694640482141287 0.16555864237141846 7.779999999999895 
-0.3360485619128287 0.17530389054603374 7.799999999999895 
-0.3270562398045261 0.18004641864027876 7.819999999999895 
-0.317489729768331 0.18432141462542553 7.839999999999894 
-0.3044642358681198 0.19473339919636515 7.859999999999894 
-0.2990904779441353 0.1916969628509266 7.879999999999893 
-0.2917852087832446 0.1964958084351924 7.904999999999893 
-0.28478879053898837 0.20082149827354515 7.9199999999998925 
-0.27502550906125006 0.21732613737706924 7.939999999999892 
-0.26547884504916974 0.2144706931644369 7.959999999999892 
-0.2640083566531178 0.2079229211060696 7.984999999999891 
-0.25292839723083094 0.20344143503557893 8.00499999999989 
-0.24614257283762683 0.21404473266457963 8.02499999999989 
-0.24050081683402633 0.21735291962552883 8.03999999999989 
-0.23578809547088644 0.21922969218613111 8.05999999999989 
-0.2343604233658257 0.224841393545792 8.08499999999989 
-0.22547496385262739 0.2286745595671032 8.104999999999892 
-0.22622538880002052 0.23766723853173355 8.119999999999893 
-0.220014569087082 0.2450367007019147 8.144999999999893 
-0.21896043557650857 0.2452722135565749 8.159999999999894 
-0.2162415446808856 0.25015453343113325 8.179999999999895 
-0.2154695950871203 0.23661301894114886 8.199999999999896 
-0.21304127694106206 0.24440291230789932 8.219999999999896 
-0.20769068170256905 0.2633739014373827 8.239999999999897 
-0.2063153051231224 0.2534923135706848 8.259999999999899 
-0.203500369253286 0.2593162590696746 8.284999999999899 
-0.2012786285222248 0.2667438025676279 8.2999999999999 
-0.1979665512882394 0.26938883903218785 8.3249999999999 
-0.19682557658797148 0.2774333768536261 8.3399999999999 
-0.19450869345886085 0.2764300724075506 8.3599999999999 
-0.19235707210310027 0.2819546208406818 8.3799999999999 
-0.19121265909786206 0.299079663996691 8.399999999999899 
-0.18978423730158028 0.2969760436675418 8.419999999999899 
-0.18732250447525298 0.2961454511658694 8.4399999999999 
-0.1874106068353939 0.30506569391729943 8.4599999999999 
-0.18605303025110337 0.30761041489616997 8.4799999999999 
-0.18431203317445793 0.31163896510385947 8.5049999999999 
-0.18089810330031084 0.29727198359040147 8.5199999999999 
-0.18024284384688427 0.3086622354695287 8.5399999999999 
-0.18152794592754284 0.33072671842021145 8.5599999999999 
-0.17888259564772566 0.3397674081051303 8.579999999999899 
-0.17802762531401942 0.34631027110600887 8.599999999999898 
-0.17508427129713136 0.34836913065842495 8.619999999999898 
-0.17355839574526846 0.35896013013026434 8.639999999999898 
-0.17036977983914117 0.3653748517741287 8.659999999999897 
-0.1683362917784108 0.37106944646990087 8.679999999999897 
-0.16627639551778411 0.37722923695506755 8.699999999999896 
-0.1636675806406831 0.38434651028876754 8.719999999999896 
-0.16220517227616535 0.3926072758108436 8.739999999999895 
-0.15940155188610847 0.39761394990871696 8.764999999999896 
-0.15741193178570295 0.40557342966672716 8.784999999999895 
-0.15665008294169916 0.4086057913393181 8.804999999999895 
-0.1538853016703123 0.42056188603736644 8.819999999999895 
-0.15650348635611447 0.427008778331739 8.839999999999895 
-0.14956765445215361 0.43189343199550967 8.859999999999895 
-0.14918189668296183 0.4361345283931849 8.879999999999894 
-0.1491553180764325 0.4589742056530581 8.899999999999894 
-0.14267676773197366 0.4547857661506083 8.919999999999895 
-0.1425234869118331 0.45424381474307657 8.944999999999895 
-0.1428173854738921 0.4650930485251998 8.959999999999896 
-0.1459384090447095 0.47272680543181766 8.979999999999896 
-0.13858692037807188 0.46734215281543917 8.999999999999897 
-0.1394858853505738 0.48009779813145387 9.024999999999897 
-0.1378829455291634 0.4676390419118527 9.039999999999898 
-0.1412193679552803 0.47169152002310255 9.059999999999897 
-0.1374248583610924 0.48798818956184287 9.079999999999897 
-0.1430595249490227 0.48767700879024944 9.099999999999897 
-0.14166422943784962 0.4945097658273024 9.124999999999897 
-0.13701366662945344 0.5306095427524377 9.139999999999898 
-0.13926348720852616 0.5247385479091741 9.159999999999897 
-0.13852308677176883 0.5246653045186946 9.184999999999897 
-0.14097269937170742 0.5241622465030631 9.199999999999898 
-0.14085537988520544 0.5361013456348795 9.219999999999898 
-0.14317288368294925 0.5344940119020652 9.239999999999899 
-0.14550397886445782 0.5471311633202681 9.2649999999999 
-0.14237272340817914 0.5456489138355243 9.2799999999999 
-0.141983896446361 0.568765010023282 9.299999999999901 
-0.14589274570336072 0.5705392636091711 9.3199999999999 
-0.14437357007333973 0.5692015002239754 9.3399999999999 
-0.1437224171662247 0.6048811906918065 9.3599999999999 
-0.14107210417263932 0.5868419832961629 9.3799999999999 
-0.14300995854376328 0.5940139726624274 9.3999999999999 
-0.14517263130411248 0.6126446553426292 9.4199999999999 
-0.13995186554947076 0.611928353327047 9.4399999999999 
-0.13820544179275684 0.6270767628871791 9.4599999999999 
-0.1386983995485144 0.624753410033782 9.4799999999999 
-0.13697377888501513 0.6437388422388876 9.499999999999899 
-0.13544978537645383 0.6362684008580315 9.519999999999898 
-0.133463275761845 0.6404563253383099 9.539999999999898 
-0.13237904320340416 0.6499977846154955 9.5599999999999 
-0.1308588481732651 0.6626883156478529 9.5849999999999 
-0.13218620228506417 0.6755671838037942 9.5999999999999 
-0.13059047488184214 0.6795025582436446 9.6199999999999 
-0.13130793979811853 0.6879424600142557 9.6399999999999 
-0.1317747376106464 0.6953004159055329 9.659999999999899 
-0.13043852505107228 0.704679126666022 9.679999999999898 
-0.13137695074149028 0.7126222384341392 9.699999999999898 
-0.13050800977104665 0.7208019787958582 9.719999999999898 
-0.128280078095517 0.7333542651517617 9.739999999999897 
-0.12911106094145486 0.7391284947543185 9.759999999999897 
-0.13001591307479532 0.7434509520152668 9.779999999999898 
-0.1279752816273078 0.7453455603393353 9.799999999999898 
-0.12801089928071288 0.7570520826173164 9.819999999999897 
-0.12707087773938278 0.7503938094604475 9.839999999999897 
-0.1256210160273693 0.7685475862547175 9.859999999999896 
-0.12460869766881406 0.7726632863775095 9.879999999999896 
-0.12761336229109974 0.7797807109579376 9.899999999999896 
-0.11907068609061733 0.7928349964538013 9.919999999999895 
-0.12310531862460915 0.8002347022338948 9.939999999999895 
