-1.2056879540206271 1.7656791313710543 3.1257910031569143 2.061525636155107 -0.593887695530372 0.14078252001585673 3.0832110883615282 2.1042474171284478 42.234136080990915 -42.813494089079065 738561.6368581977 0.0016735076280675945 -0.03086331592561563 -25.267839984019837 0.013068915975823473  738561.6368582095
-1.204300845148029 1.7489898101501933 3.083144272822877 2.0721604231726447 -0.6498597697323099 0.16842541256902502 3.154041179416587 2.0015771584259943 15.203269998645414 -15.902210244845353 738561.6368586834 0.002442700995739149 -0.03999464122823855 -23.64972647063962 0.017080240110704678  738561.6368586834
-1.2036166007664844 1.7405794715054208 3.0558841010918325 2.07840075986349 -0.6706448026115919 0.17038002951144393 3.0723709852995436 2.0621897659581854 2.4316747258328224 -3.3443339038596633 738561.6368589225 0.0039616121118657725 -0.058426928876823075 -14.00161112382633 0.02493836309382343  738561.6368589225
-1.2026392127196548 1.7321022587287735 3.035229151017907 2.082781786820299 -0.6868956882788607 0.17207395695085595 3.038798538580039 2.0790923295970405 -0.2342078208872671 -0.5887744564347464 738561.6368591705 0.005965005282632901 -0.07510632482840959 0.45054596338651187 0.031595136992524225  738561.6368591705
-1.201861723946893 1.7234849917199628 3.0240733076055295 2.0859111449280108 -0.5965515073570029 0.1578052796485281 3.0244630748225045 2.0851375182928855 -0.5274360212353405 -0.006762588634432687 738561.6368594166 0.007493699725597667 -0.09180657232801928 17.23533308909962 0.03870582124307787  738561.6368594166
-1.2007195186213655 1.714709048025323 3.0050266356143207 2.089999233481242 -0.6119991884807872 0.15842165615913578 3.005360264172927 2.089799074263101 -0.7811809050245997 0.14547071464953854 738561.6368596602 0.009832284939848161 -0.10869442725330165 5.042973301594788 0.04539636042660046  738561.6368596602
-1.1996435440857807 1.7059686349415784 2.985981001417942 2.0940957433319514 -0.6266018089808569 0.15880157929875982 2.9861028808482146 2.0940455317705213 -0.8744537621088496 0.18389701663315663 738561.6368599021 0.011974063078435617 -0.12514459059867847 -9.7305964465029 0.052168213821715353  738561.6368599021
-1.198448155503624 1.69738976102071 2.9669615112635994 2.0981199177271104 -0.6405179955430107 0.15903143290944535 2.966973330622827 2.0981154733530856 -0.8832285012617183 0.1871965375304079 738561.6368601515 0.014167631696029422 -0.13960341118359704 -9.805441436536714 0.058008492876067005  738561.6368601515
-1.197265239064286 1.688739399000904 2.9478305231991664 2.1021496162286883 -0.6549507442031004 0.15957287255242478 2.947848245294458 2.102146783866762 -0.8966213266791471 0.18933699147649063 738561.6368603966 0.01634279480651711 -0.1542649678139892 -2.2606392221108553 0.06407665183322052  738561.6368603966
-1.1959768633277694 1.680075569630188 2.929658388858835 2.1072989155901407 -0.6575087692046471 0.17344556691012303 2.929618117028005 2.107254978432879 -0.8665255937371292 0.22217187690227333 738561.6368606443 0.018618492784196992 -0.16802076540889724 6.7668022994715145 0.06987834966861255  738561.6368606443
-1.194656507370307 1.6716699163185929 2.9107652990508015 2.111507365303917 -0.6735189706339895 0.1748908112401926 2.9107995080423734 2.111521848753792 -0.8928784211833147 0.21101458059390268 738561.6368608847 0.021043253040680686 -0.1816343430752089 3.01485403223297 0.07545421824565784  738561.6368608847
-1.1931525353149752 1.6630178178734294 2.8858455210738683 2.117277138254781 -0.6944471569443856 0.17654253544581427 2.8860832178569087 2.1172266473544927 -1.0714933235570623 0.24895546944558183 738561.6368611312 0.023653455623739026 -0.19443914697624903 -9.064505424540478 0.08083834055197478  738561.6368611312
-1.1917477375304502 1.6546235972547023 2.866609459895565 2.1214934156821337 -0.7126669099522416 0.1784128469190795 2.8665074071357126 2.121527441077432 -0.9920574325187401 0.2224707609736749 738561.6368613691 0.02614572379525371 -0.207231648100162 -6.8430285249352885 0.08616012547575187  738561.6368613691
-1.1903777636866468 1.6461090554261777 2.84714615014361 2.1257585109773642 -0.7309823349976423 0.1799804534558057 2.847072034146934 2.1257795607783985 -0.9366021433465554 0.20672081688975238 738561.6368616166 0.028248440468020032 -0.2185031926221117 1.383530836665523 0.09112284584591668  738561.6368616166
-1.1888190535115777 1.6377926584390483 2.8306719952632493 2.1306452771074924 -0.7180007136301383 0.1880504412079349 2.830562754094875 2.130619547919369 -0.8510320020927307 0.22687485126016127 738561.6368618531 0.030959195019265504 -0.23018853127706743 10.584648884366018 0.09601069041850731  738561.6368618531
-1.187240487122744 1.6295327706680744 2.811654320046695 2.1349463398108264 -0.7358546874362532 0.18835119689381416 2.8117002006714165 2.1349626673189634 -0.8862056612847222 0.2143576239957875 738561.6368620946 0.03347490341615075 -0.2405308483437549 3.5962591247351163 0.10032355349321127  738561.6368620946
-1.1855671576907432 1.6213509824902128 2.7925133772982247 2.139187171279006 -0.7533427773028885 0.1881471567721141 2.7925515942908525 2.139194585357185 -0.9159285507207392 0.20859139774819396 738561.6368623327 0.036199218570747586 -0.25058064991710693 -5.522913671986432 0.10437414892597542  738561.6368623327
-1.1838519445014641 1.6135379051588818 2.7735258293550675 2.1433188469892595 -0.7701809460121908 0.18758288338775728 2.77353511050437 2.143325078161941 -0.9231657446774282 0.2037324946314722 738561.6368625702 0.0389277717582882 -0.25929724603119714 -6.44450018237564 0.10775509603874953  738561.6368625702
-1.1820435282299924 1.6056927885962176 2.7543241780859167 2.1473983570055406 -0.7868697619773005 0.1869228493264476 2.75429955154865 2.1474104462901473 -0.9048191756252537 0.19472607637514822 738561.6368628187 0.041451938484965485 -0.2664157690295381 -1.3111431815322145 0.11049416181322413  738561.6368628187
-1.180193903561633 1.5977668654158985 2.737892394988523 2.1520780706765854 -0.773472837696488 0.19268728687463277 2.7377910266977303 2.1520544204886107 -0.8273422005703991 0.21280219277622214 738561.6368630611 0.04412549592627776 -0.27388161374142395 7.667229156615589 0.1135088897105255  738561.6368630611
-1.176358046503051 1.5821358889837114 2.711394074101592 2.1571859272385128 -0.8006313228233475 0.19430468558550565 2.711750813897386 2.1571604936048283 -1.0975224580987497 0.23206459573706428 738561.6368633056 0.051073236759158536 -0.29791732279850613 -7.594578364956854 0.12231360456476499  738561.6368633056
-1.1743376680297877 1.5742477710491283 2.686369236073475 2.1627830364127116 -0.823559267092138 0.19246279260594612 2.6864559065289835 2.162754480094575 -1.163082500159462 0.2536654216144747 738561.6368635504 0.053694467214321404 -0.30358624249646293 -13.242399199516164 0.12484691136090077  738561.6368635504
-1.172069652395296 1.5661520366588146 2.6665884434361136 2.166771330868612 -0.8429120724576991 0.19165060478523743 2.6664348408803775 2.166817478961707 -1.0425115475435065 0.21744128771737314 738561.6368637864 0.05705705459859744 -0.3101852604061582 -2.1016990278722965 0.12689141973792883  738561.6368637864
-1.1700608645978774 1.5581092552074343 2.649141839667884 2.1716502230589136 -0.8352416736810702 0.20025831168308528 2.6489387251090197 2.1716435529440323 -0.8910650861948523 0.22241466481652464 738561.6368640347 0.05928232888285535 -0.31493170649788943 12.99374641955645 0.1291464845017773  738561.6368640347
-1.1676218930009301 1.5496953673203075 2.6285758185907016 2.1759223459592807 -0.855296758890391 0.19861351378695394 2.6286447752035182 2.1759372899591303 -0.9438102842506543 0.21098393758638967 738561.6368642768 0.06254106918488968 -0.3206579669689946 6.53836993519091 0.13097564858353516  738561.6368642768
-1.1651885080052224 1.5414216777505472 2.6085185864929827 2.1799596710726856 -0.8745393732670547 0.1966937788204886 2.6085317909518553 2.1799757882805095 -0.9538829902169537 0.1986893106748669 738561.6368645196 0.06560952105478224 -0.32551691820508594 -4.40688099555421 0.13244661615379  738561.6368645196
-1.1625966626448934 1.532850703707953 2.5879367434646605 2.1839532239164683 -0.8939859237321324 0.1944620838275241 2.587947515709 2.1839634767188842 -0.9619716186812902 0.19099071910515733 738561.6368647662 0.06874406208468936 -0.3302075369043264 -7.379533388980132 0.13379730447960203  738561.6368647662
-1.1598230499708413 1.5241684719080475 2.566969064222897 2.187848798324651 -0.9134317770567011 0.19196077928097516 2.5669803611630044 2.187857745788331 -0.9703731038514118 0.18433652932464578 738561.6368650153 0.07203210018822086 -0.33445575362857377 -3.5805623588948885 0.13477889045030453  738561.6368650153
-1.1570863643877174 1.5154962451782208 2.5490615166283503 2.1923955861738014 -0.8969414683564908 0.19728690662057022 2.5489803085869807 2.192365657049293 -0.9071704016354032 0.20762980806890338 738561.6368652532 0.07550729086293587 -0.33932447210847627 6.375645152707592 0.13621734701117844  738561.6368652532
-1.1540955370097705 1.5065691133596057 2.52809346693123 2.1962931029536987 -0.9171409253665954 0.1945453462747899 2.528156435223478 2.1963128132918666 -0.954495252246905 0.19281618082915095 738561.6368654995 0.0790413089149351 -0.3434426139688822 2.397609305564265 0.13700906958403597  738561.6368654995
-1.1512747931955678 1.4977422356528747 2.500912740680952 2.201459250802094 -0.9435769906786947 0.18897173524654717 2.501193433725374 2.201416829258183 -1.1664325986000261 0.2248465771049567 738561.6368657448 0.08206450897496172 -0.3469876398358672 -12.136109397999574 0.13833345666316765  738561.6368657448
-1.1480281761738895 1.4888662351599218 2.4855875487212216 2.203795648036723 -0.9592721397816228 0.18817140918013878 2.485251774549437 2.203885550870019 -0.9053299088396789 0.15493687718394272 738561.636865983 0.08620787511663425 -0.35090548442622643 -0.8442338101860276 0.13807793776705002  738561.6368659829
-1.1449656680172904 1.4798467455105526 2.45739277207265 2.2086384708434372 -0.9881687931594736 0.1808212310555201 2.457764107473227 2.208575514238073 -1.1948974949808258 0.20403047886736256 738561.6368662204 0.08974390643397283 -0.3547728355654807 -7.14724094057943 0.13915549547848888  738561.6368662204
-1.1418741984399003 1.470922668021834 2.4365843854586173 2.213501852119143 -0.997025195327833 0.1903197107789859 2.436444524938679 2.2134733387194334 -1.0865380245299925 0.22612175162002449 738561.6368664595 0.09309039090542547 -0.3577920959730363 1.1722637598620738 0.13993074103004793  738561.6368664595
-1.1386023448211826 1.4620562582210521 2.4144532192415005 2.21703489411535 -1.0188949853202467 0.18437471394938254 2.414417168155887 2.2170830008741267 -1.0591608600586324 0.18958951896199905 738561.6368667033 0.09645197002505759 -0.359776623403944 2.996613653902682 0.13965019596678838  738561.6368667033
-1.135486124320095 1.4532699424876279 2.39223507090097 2.22045891882674 -1.0398319007455263 0.17792204478345613 2.3922228959335765 2.2204848850106185 -1.049985388330102 0.17002051492455128 738561.636866949 0.09919712589595028 -0.36100361373678264 0.030403958582472246 0.13938802381729515  738561.636866949
-1.1320173542473655 1.4444507424346562 2.369544412346816 2.2236249197065594 -1.060551402733909 0.17090154601092516 2.3695844678094207 2.2236397222229534 -1.0810284014535518 0.15854855377878363 738561.636867188 0.1028700334523232 -0.3625096709196118 -4.71995552025046 0.13848460022358663  738561.636867188
-1.1287312150699285 1.435542261867331 2.3466696456803944 2.2267185782097574 -1.0805329980089295 0.1637075738889116 2.3466832818648364 2.2267278557166033 -1.0914766385626695 0.1514399970033499 738561.6368674297 0.1057865716053728 -0.3635688917182266 -4.835775608909178 0.1379028121686793  738561.6368674297
-1.1252609700163756 1.426627054178242 2.3260918619794166 2.230982144875934 -1.0733291879511486 0.17030995697874762 2.326002034136171 2.230938717305771 -1.022784957852454 0.18464921895366163 738561.6368676719 0.10891611432650969 -0.364207968183763 4.447943696785809 0.13732502881071407  738561.6368676719
-1.1217183086929305 1.4178375316320755 2.3032608437970485 2.23391719733577 -1.092529661218189 0.1624652164372619 2.303311745953066 2.233953092364198 -1.0615853425126187 0.15728808104954656 738561.6368679148 0.11197853803285276 -0.3641125208193797 1.7771938100594928 0.13589266159919464  738561.6368679148
-1.1180460199663602 1.4089887199374855 2.280090459184239 2.236648546542035 -1.111682037474165 0.1541993296506249 2.2801422425035893 2.236670677763783 -1.1016989233572774 0.140144287180741 738561.6368681538 0.11532759689936808 -0.36411974314937257 -5.244578093952712 0.13423497795241113  738561.6368681538
-1.112608412988751 1.3957966839809146 2.2450525408588575 2.240402250060995 -1.1412698073351364 0.14129028732458593 2.2455113106436464 2.240373175073169 -1.444063969002661 0.1618420097951265 738561.636868402 0.12189036405939548 -0.37249394628163235 -23.183937846796663 0.1356283154869033  738561.636868402
-1.1068164707971997 1.3827212794826986 2.2253198484985366 2.243944303803901 -1.0680499440348459 0.14224460249793336 2.224840393197577 2.2439457106314236 -1.0997952303184995 0.16083184944066778 738561.6368686599 0.12819163279580897 -0.37867916413919833 2.462955520545968 0.13585937433300926  738561.6368686599
-1.1028144523694938 1.3742158836253946 2.2034404868597965 2.2459697955433624 -1.0842536371206415 0.13156811821231568 2.2033665338840582 2.246024826057663 -1.0438209883350558 0.11917982268746236 738561.6368689046 0.13117224612764142 -0.37589320556111083 15.407347716545058 0.13255269484390425  738561.6368689046
-1.0989703458890026 1.3658120098198332 2.181579858618155 2.247794156093028 -1.098911830428139 0.12037954146790976 2.1815838971039963 2.247822422840929 -1.0469312065760195 0.09741033818472215 738561.636869145 0.13378111445931234 -0.3728623966418094 6.576280642622901 0.1293051862236438  738561.636869145
-1.095081097918745 1.3575363894167811 2.1596519490293757 2.249324684397629 -1.1124824906670974 0.1086372935975808 2.1596748492323945 2.249344088387448 -1.064890429335245 0.08219298071017586 738561.6368693812 0.13650282395515473 -0.36954074920047697 -6.845840524989075 0.12567445392018467  738561.6368693812
-1.0912139005343584 1.3495172235811244 2.137811728733119 2.2505362318480127 -1.1250774542793978 0.09636435990234886 2.137795100835746 2.2505573292407823 -1.052173856077038 0.06605825635528247 738561.6368696233 0.13867082855706087 -0.364958800579196 -8.184323293782294 0.12156040126206298  738561.6368696233
-1.0870820223482907 1.3414983375302607 2.1025556715088842 2.254915300699909 -1.2756614683924656 0.12463458112429028 2.1030491561491864 2.254798496552659 -1.4149191418742038 0.15191736992477695 738561.6368698752 0.14078914468029266 -0.35963477770211516 -17.65100457911096 0.1181775277358334  738561.6368698752
-1.0833543397980876 1.333860274891245 2.0780779416865935 2.2563587897832984 -1.2878213462326278 0.11246803764793316 2.077924089195317 2.2564201415325984 -1.294054454567819 0.10372016536026124 738561.636870111 0.1425096338777357 -0.35405737518069685 -5.722846094692239 0.11384528677480132  738561.636870111
-1.0795471617752617 1.3264443803838137 2.0535859022246887 2.257442925372097 -1.2998241801161676 0.09953118376227217 2.053466295191354 2.2574896301864165 -1.2034362113048482 0.06833505373644672 738561.6368703553 0.1438519929252719 -0.34734989770102664 6.906504284404463 0.10894982017508323  738561.6368703553
-1.0755582243377997 1.3190528778635695 2.0288624182520967 2.258178512672676 -1.3113136567141743 0.085623634566532 2.02885436417386 2.2582072982622092 -1.197184258902652 0.04599033217515236 738561.636870594 0.14568635763468113 -0.34067978456016873 5.889376330637674 0.10356438269319755  738561.636870594
-1.0718366327502045 1.3120476264979906 2.0044942605416707 2.258606769306665 -1.3201069631158848 0.07060076470031347 2.0044904699185295 2.258628368224532 -1.1942151491898696 0.029072386382462505 738561.6368708303 0.1467835029998208 -0.3330278918220618 -1.5825587820053624 0.09801125063548971  738561.6368708303
-1.0680902940843415 1.3052834952918662 1.9824050041089927 2.2592803232506724 -1.2181055483706016 0.05767809384102259 1.9822903316823612 2.259278542923366 -1.1064036508117927 0.03043568890399092 738561.6368710722 0.14754229307633063 -0.3245068668298187 0.6580781817604668 0.09224738019300512  738561.6368710722
-1.0641424063014688 1.2985660369802516 1.9602062122710886 2.258957326897272 -1.2178384396083206 0.04026204618519889 1.9601679573759072 2.2589955280663854 -1.0770116700680106 0.0010849869442363658 738561.6368713132 0.14862837777415583 -0.3158158970403711 2.256646050998111 0.085777459792303  738561.6368713132
-1.0603422431842802 1.2921880719154366 1.9384690909647004 2.25823779784922 -1.2140330256840857 0.02239589423160151 1.9384433602001496 2.2582690073610703 -1.0571658796457213 -0.022986487113365886 738561.6368715534 0.14923073915330978 -0.30628957171760746 1.6777921365590411 0.07902340303176938  738561.6368715534
-1.0565072377298905 1.2858595257977692 1.916902779856589 2.2571341140026306 -1.2085452499188858 0.004471606643150431 1.916867384448794 2.257160005411884 -1.0304685039481907 -0.042515367361997264 738561.6368717989 0.14954225281676803 -0.2965012397162999 0.8814760033332815 0.07221364643797477  738561.6368717989
-1.052614205493027 1.2796784205119787 1.8955859968172561 2.2556019918006474 -1.202851562050849 -0.013558120171233506 1.8955716428982625 2.2556285987812923 -1.0195323853586593 -0.06278698069456212 738561.6368720419 0.1499165256936681 -0.2864019092858454 -0.2356216508341612 0.06503900939103122  738561.6368720419
-1.0488082863094312 1.2738694414029337 1.8751394148519513 2.256436216972257 -1.1936887358641732 -0.0024737407323902655 1.875119367343033 2.2563523456248364 -1.0039102166208203 0.0025703835053560165 738561.6368722796 0.15013598607361703 -0.2755154346080981 3.8176582747701278 0.058240311590390406  738561.6368722796
-1.0448411479106066 1.2680385498596107 1.8544078000514292 2.2546339246223592 -1.189900814572819 -0.020377140029954912 1.8544165339609444 2.254704760272995 -1.0107558455140202 -0.05295052334894916 738561.6368725158 0.150640064738375 -0.26472931464332633 0.40013352987973194 0.05047943356953341  738561.6368725158
-1.0410936016924222 1.2621297967948804 1.8338610608521673 2.25260461703099 -1.1867517692299054 -0.038347876586549916 1.8338393284888455 2.252644410637078 -0.99409811574392 -0.08345209038874957 738561.6368727575 0.15025985584020232 -0.25409135504214436 -2.0042674807345415 0.043460959966951776  738561.6368727575
-1.0371346264644403 1.2564881285001515 1.813482194614807 2.250044578630298 -1.1833674273528174 -0.05719378221009917 1.8134466042756283 2.2500772269375493 -0.9674549428770856 -0.10789283790594165 738561.6368730048 0.15001735857142062 -0.24284683241368782 -1.0023444428154984 0.035838112878748454  738561.6368730048
-1.0333006352563563 1.2509488897480228 1.793362675920266 2.2471419364826013 -1.1788205539788792 -0.07667021788416668 1.7933469067605012 2.2471679972207284 -0.9555351582603847 -0.12759194616899472 738561.6368732498 0.14943447981525745 -0.231459473654688 0.38913255152461645 0.02834265049384005  738561.6368732498
-1.0292973366966547 1.2454980953113788 1.7735260658135046 2.246591319222403 -1.171101319347623 -0.06654605521233285 1.7735242452498217 2.246508276718601 -0.9541341059961918 -0.06368487767501611 738561.6368734904 0.1492566300564905 -0.2199803876889867 3.8930488346571748 0.021150139942772553  738561.6368734904
-1.022030777103273 1.2353235887393477 1.741450776302094 2.2418650735328276 -1.1669396966689694 -0.09550823647054567 1.7419022454077928 2.2419953041754095 -1.2857008986741976 -0.15932853506866196 738561.6368737426 0.1554238192403794 -0.21852966975574453 -19.595751435483983 0.014165512750260983  738561.6368737426
-1.0183115035440355 1.2305338089487718 1.7225510527340466 2.238037996671208 -1.1569840024735338 -0.11594113106699419 1.7222300716575998 2.2380605891891823 -1.0445028357469415 -0.17630545979061932 738561.636873989 0.15393103862413124 -0.20548549777145889 -5.216952020051719 0.006241172282182503  738561.636873989
-1.0147149700455582 1.2257347483435665 1.703911909205577 2.2339019306683694 -1.1465558689029451 -0.13609644650036115 1.703752136113001 2.233917628733957 -0.9248328571700238 -0.1880633042579292 738561.6368742363 0.15203514829166306 -0.19262887159963754 13.242832091781368 -0.0012404842071432193  738561.6368742363
-1.0112679147583192 1.2211581978992077 1.6866536524063802 2.2319787776863893 -1.1260017501904325 -0.1253924300875714 1.6865432368728992 2.231894800914744 -0.8425595735065174 -0.1254901812842587 738561.6368744848 0.14968501662460174 -0.17946767766371133 19.44111524021936 -0.007939172730841257  738561.6368744848
-1.0076947534450624 1.2166642557755378 1.6688236318497436 2.227635803800075 -1.116255478701324 -0.14484053911173003 1.6688330097091442 2.2277019946367402 -0.8497898472953532 -0.17652292244148515 738561.636874725 0.1477309592310684 -0.1662133829596424 4.538772803338375 -0.015499277241789441  738561.636874725
-1.0043083820936476 1.212080129574005 1.6511967697292322 2.2230706172578145 -1.106674492189787 -0.16402455006235572 1.6511901575860952 2.223107959054036 -0.8447395597507379 -0.2050442058501535 738561.6368749674 0.14519926558385712 -0.15339438304633113 -6.936798334217714 -0.022280956758084433  738561.6368749674
-1.0008672105475647 1.2075931239763793 1.6337676049697298 2.218103238109034 -1.0969648785529842 -0.18337813851199875 1.6337502322522812 2.2181300505351738 -0.8315901814015464 -0.22533848259847333 738561.6368752121 0.1426697331951372 -0.14058318173395482 -5.6358838052631235 -0.02903185446431257  738561.636875212
-0.9973047864828425 1.2033454310202212 1.6166102177464818 2.2126497083018486 -1.0867949682115163 -0.20306735698053138 1.6165942005922014 2.212678802531867 -0.8194402415550921 -0.24740814231548336 738561.6368754562 0.1403524906046583 -0.12744651827570286 0.8152686870354859 -0.036120788023453074  738561.6368754562
-0.9941211092845258 1.19913641362951 1.587532216415181 2.2044012411686125 -1.1311314102979557 -0.22600720596641852 1.5880076740503528 2.2045249157207745 -1.1823833987275143 -0.3418157805633955 738561.6368756988 0.13713305368344422 -0.11444202203769892 -20.363474646627694 -0.04275948159806578  738561.6368756987
-0.9908149100734935 1.1949913891247728 1.5698301922072782 2.198291918837105 -1.1199779860661339 -0.2454696639811537 1.569588878594863 2.1982612797694054 -0.993819061649715 -0.3178741743209194 738561.6368759357 0.13425908648883259 -0.1014665597347145 -5.76951714335854 -0.04910981476346521  738561.6368759357
-0.9874569874238174 1.1909828753506044 1.5523706810915823 2.1917804346280185 -1.1084493051991735 -0.26459585509746547 1.5522390677378413 2.191777281336466 -0.8917738337366614 -0.31542929812878123 738561.6368761746 0.13141425838296644 -0.08845439577605818 12.21667427640944 -0.05541410299597617  738561.6368761746
-0.9843755218161118 1.1870112794966463 1.5352655092450798 2.1850898441092808 -1.0962588584685398 -0.28280932774541523 1.535171594422879 2.18508397431295 -0.8224201387638597 -0.3110946036180682 738561.6368764254 0.12770524631429567 -0.07581642498425253 15.028589371122623 -0.06065910949221194  738561.6368764254
-0.981154680435968 1.1831684273998464 1.5183521324588471 2.177983316588184 -1.0836985329902924 -0.3004311969178562 1.5183323398401 2.1780053659332856 -0.8073778955563979 -0.32785194208966295 738561.636876669 0.12437726904957444 -0.06306094342023473 4.650848818912065 -0.06616558865599323  738561.636876669
-0.9781789415227707 1.1793684474530701 1.5155870308309145 2.1816484281017092 -0.9434594736106199 -0.20317275062217405 1.5150129431968016 2.181224994344179 -0.3736249659365895 -0.00792581598082559 738561.6368769141 0.12044797036428218 -0.050526363606445086 32.67535807795761 -0.06968592086581879  738561.6368769141
-0.9752087931076288 1.1756729787425773 1.5017849531670615 2.1763776862812274 -0.9320664759432173 -0.21486577271337923 1.5019992706736434 2.176564900614586 -0.5364180298312248 -0.15013162743552302 738561.636877158 0.11651057102321873 -0.038037076399531654 11.738371628374402 -0.07413941698458999  738561.636877158
-0.9721981863979071 1.1721090112386932 1.4881976788753084 2.170870224907392 -0.9208199746665013 -0.22570794501904712 1.4883018288677572 2.170972650732454 -0.6162447447579805 -0.22863683848853422 738561.6368773995 0.11268585303804153 -0.0255238163642526 -14.048565381864403 -0.07858555814387116  738561.6368773995
-0.9664551557317868 1.1652192776409016 1.4660531840286477 2.1622201752546975 -0.914387137889393 -0.24072136203336136 1.466403630049911 2.162370111070221 -0.8724352738519798 -0.3382461180308246 738561.6368776528 0.11443500279786734 -0.020487289868209618 -30.87565728463855 -0.08357539298362467  738561.6368776528
-0.963542619797837 1.16180176780956 1.446211266022485 2.1563423992488353 -0.981180546456368 -0.2523551548051708 1.446279969527252 2.1562969983799034 -0.9243454975396462 -0.3039426386106604 738561.6368778979 0.11017349131860751 -0.008155218592764754 -16.0692835122082 -0.08731271695102467  738561.6368778979
-0.9607015806544348 1.1584595870561287 1.4316309785991979 2.1502779750622794 -0.9766077547755966 -0.26416453467847767 1.431451492829956 2.150267042772978 -0.7856283647085271 -0.2954935240454334 738561.6368781376 0.10581028559005728 0.004111126491858085 12.505049193094354 -0.0907876103321549  738561.6368781376
-0.9579396395192886 1.1550438882377092 1.416969813836942 2.144109779982026 -0.9748534524170693 -0.2763336265797561 1.4169001023501677 2.144111974180576 -0.7316187515154998 -0.29719349947881757 738561.6368783766 0.10128360454540167 0.015867072728401047 18.725636686655466 -0.09369579463479251  738561.6368783766
-0.9550158612399378 1.1517024679915369 1.4021735003414368 2.1376335521489898 -0.9752150242818971 -0.288945527711527 1.4021608734174555 2.1376482739509357 -0.7217924779847201 -0.308650007255353 738561.6368786145 0.09717479135134828 0.02746847916343949 5.315137014360818 -0.09672664988101864  738561.6368786145
-0.9520847581495521 1.1482722391831859 1.3871633763873639 2.131002526807901 -0.9765757630960428 -0.30137562490647185 1.387169852351421 2.131014599135987 -0.7268336522377435 -0.318047636548199 738561.6368788524 0.0931021268932002 0.03850784532413589 -6.560900203531714 -0.09933261663583144  738561.6368788524
-0.94908566101426 1.1447895059880644 1.3674495558009394 2.1256645139238413 -1.0267524238799108 -0.2972117484369899 1.3676438143860665 2.125618352900018 -0.8788199530996859 -0.28193163554730555 738561.636879089 0.08922825200568632 0.049086471441505 -13.124782768938458 -0.1017016155949384  738561.636879089
-0.9459628229962769 1.1412205150457528 1.350970829346054 2.1189338817421977 -1.0271654836364348 -0.3089456042431022 1.3508998281621116 2.1189645304632414 -0.8247026871588766 -0.3052921613214267 738561.6368793321 0.08557258436407922 0.05906838596374901 -3.1349302086023094 -0.103816352768313  738561.6368793321
-0.9426156975143427 1.1376264195456636 1.334246655306964 2.1119046834353306 -1.0264601531299216 -0.3203875212143287 1.3342165586639583 2.1119293461390742 -0.8018863079273789 -0.32398905058508526 738561.6368795764 0.08241914668043553 0.06864633251903685 5.2471844191296295 -0.10600339497212297  738561.6368795764
-0.9391986759096168 1.1338336880879492 1.31722822317734 2.1047492323810952 -1.0249484034964191 -0.33122041552372905 1.3172136723988659 2.104756003560632 -0.7911274333698457 -0.3289956742081309 738561.6368798268 0.0793166619950359 0.07742800382505474 5.091327313146044 -0.10768214854859948  738561.6368798268
-0.9355717402147703 1.1300222126035557 1.300010203977724 2.097314325194814 -1.0232916344526026 -0.34176465272116746 1.3000279739982363 2.0973332149814556 -0.8045489195474316 -0.3432629064899321 738561.636880072 0.07678464321977313 0.085848839214578 -0.6984940637453771 -0.10952636539001237  738561.636880072
-0.931773731517766 1.1260952466477292 1.2905030512172606 2.0988662128768243 -0.9446795211434665 -0.24931714621464637 1.290222501346546 2.0985226422915533 -0.5861844667638247 -0.07584662626094435 738561.6368803099 0.0748301820919813 0.09365522837830886 17.802668632176463 -0.11182669134920381  738561.6368803099
-0.9280448013286443 1.12221141235554 1.2745409169179647 2.093190017675448 -0.9455480876850552 -0.25474110957690704 1.2746796391999946 2.0933401101460203 -0.6927113946913546 -0.19110489307383666 738561.6368805511 0.07260333193755213 0.10127045934064517 6.11582293214529 -0.11344953441066233  738561.636880551
-0.9239234262471006 1.1180428746598507 1.2580093488030444 2.08731578109756 -0.9476045949535802 -0.25959405901065014 1.2581008189265073 2.087398029319745 -0.7631946372254398 -0.2544821049194924 738561.6368807914 0.07129950169435582 0.1079042478470318 -9.864040005147562 -0.11528723675850248  738561.6368807914
-0.921944630020005 1.115989777715881 1.238656838250151 2.079767999702447 -0.9509053648012531 -0.2612610346224452 1.238775844842909 2.079853544263756 -0.8514343204411629 -0.31791073366849626 738561.6368810411 0.06505649605887982 0.11890188030804874 -15.552421005191835 -0.11474877975447455  738561.6368810411
-0.9155788608956683 1.1095209645698345 1.2180632965045985 2.0729427021216194 -0.9594513682666223 -0.2673472009791641 1.2181689721311073 2.072949245064045 -0.9311001361377939 -0.32284326979455247 738561.6368812867 0.0686425084028982 0.11976225928479675 -9.968406584568662 -0.11781123467325037  738561.6368812867
-0.9112543291874164 1.1050152382856062 1.2008264696783792 2.071914050433824 -0.9647220503215767 -0.22185145706044576 1.200748091970616 2.071687753260447 -0.8706067557548477 -0.14818288000613283 738561.6368815267 0.06773160834404149 0.1247193601094136 9.165232793254717 -0.11931969182158855  738561.6368815267
-0.9067917075457435 1.1005607857122437 1.1830845890446182 2.066805419666342 -0.9722486886598077 -0.2254638179768268 1.1830498261604372 2.0668745384623533 -0.8444778002113351 -0.20013489695606684 738561.6368817731 0.06685098153888941 0.1296688680603363 10.689228170419982 -0.12050662415944156  738561.6368817731
-0.9023024595651212 1.0961403498644122 1.1651151435465523 2.061645215304061 -0.9809774137244264 -0.22932395056010693 1.1651406649409537 2.0616904212053258 -0.8644143810417498 -0.23544844959314587 738561.6368820101 0.06635933015139406 0.1342156296442883 -0.21893553778711983 -0.12179034017338172  738561.6368820101
-0.8975172143225855 1.0915608071956033 1.1466093646067896 2.0562998205327063 -0.99026379918161 -0.23365973796840625 1.1466261274704572 2.056318108824824 -0.877214626116163 -0.2494135229682426 738561.6368822526 0.06626596795251889 0.13827180771144243 -6.682212734518502 -0.12313333422060341  738561.6368822526
-0.8927989108148531 1.0869739736110182 1.127870096981047 2.0509786426693064 -0.9996308973149214 -0.23785137147121163 1.127890106817448 2.05098459871504 -0.892598612342381 -0.2539926571344942 738561.6368824935 0.06602832991516677 0.14201370445850528 -4.874481601771371 -0.12416316928625987  738561.6368824935
-0.8830690594093238 1.0777938382468293 1.1039546924380472 2.0487527392460065 -1.0039090807966318 -0.19372017789984544 1.1041483774868412 2.0486246906342984 -1.0374729823014404 -0.1582136485799065 738561.6368827411 0.07641464121684197 0.135642698377741 -4.368720009933778 -0.13024233846747546  738561.6368827411
-0.8781370484237183 1.073311130663662 1.0784891357214341 2.043017446330014 -1.018861249407917 -0.19361625957205295 1.0786241842948328 2.0431058104778534 -1.138076365131226 -0.22403983222463447 738561.6368829897 0.07589518593069759 0.1396144164500914 -8.114078630881536 -0.1310950039389908  738561.6368829897
-0.8731699713793246 1.0689347097897648 1.0592101131120613 2.0384498255918175 -1.0262601881267404 -0.1951628878151496 1.0589984284000697 2.0384415202061126 -0.982058215834549 -0.21791850728476803 738561.636883241 0.07528211666121985 0.14362276947539315 3.1680835339728635 -0.13194310064692213  738561.636883241
-0.8682102573447508 1.064574594249501 1.0397240320426477 2.0339139525475054 -1.0335926547515564 -0.19631139323813895 1.0396814712066118 2.0339145316368987 -0.9491768224233751 -0.2183658966675842 738561.6368834807 0.07509645992990259 0.14712757695295317 8.383202696208315 -0.13291380566971006  738561.6368834807
-0.8631560388218535 1.0602336177702718 1.0292670106853457 2.035184392013466 -0.9448174274224094 -0.12911437100334244 1.0289006587155995 2.034953478054044 -0.6649255100034244 -0.03920049988489899 738561.6368837194 0.07511235798758988 0.1504023100304324 23.756121061234886 -0.1345191925480823  738561.6368837194
-0.8581611888271607 1.0560452582244588 1.0114029649135394 2.032022974734194 -0.9517273874930432 -0.12654350407180956 1.0115592332069836 2.032108144752779 -0.787249846034238 -0.10587023655110678 738561.6368839559 0.07501672909647508 0.1537364434210158 6.238464897668823 -0.13559795484888795  738561.6368839559
-0.8531872933798783 1.0519093331508111 0.9933870327903833 2.0289749797806165 -0.9579017115672653 -0.12335255171521108 0.9934422580403436 2.0290099804221824 -0.8286764158510234 -0.13212555495179504 738561.6368842028 0.07432973996551155 0.15720772345644882 -8.908065454348172 -0.13619872949884065  738561.6368842028
-0.8482794963445482 1.0479004555517442 0.9753088060576488 2.026061322892528 -0.9639604427644192 -0.11950843970216628 0.9753296661300044 2.026066946040986 -0.8443805256841088 -0.13635883561766615 738561.6368844488 0.07347801766263433 0.16068493985056223 -8.846099880473073 -0.13664710216311327  738561.6368844488
-0.8433067072704198 1.0439636621721966 0.957057062014992 2.0231993698005453 -0.9705104016723535 -0.11529645072677754 0.9570839480042863 2.023200381101338 -0.8650181799448998 -0.13713510893581704 738561.63688469 0.07292692625620169 0.16395695460666085 -1.1662832215002101 -0.13726061398734798  738561.63688469
-0.8383550407673867 1.0401798367135828 0.9268123887737586 2.0245832747718633 -1.1071315824391859 -0.06222091032126359 0.927289857986609 2.024411691005799 -1.2254422026818663 -0.007612807734264926 738561.6368849353 0.07209378128028744 0.16741054726255494 -11.515445234987453 -0.13818557454753622  738561.6368849353
-0.8335158698332931 1.0364968334576456 0.8979248437413112 2.0238700680479274 -1.1203803459131376 -0.04655005024719163 0.898073571680111 2.0238853599434408 -1.3391452023961006 -0.019303512286516368 738561.6368851776 0.07108661920616398 0.17076293822610367 -16.004023768954525 -0.13866266593442278  738561.6368851776
-0.8287574920190425 1.0328852511005813 0.8766652652803965 2.022755479175461 -1.1272591112676773 -0.03675320183939132 0.8764158898673343 2.0227847358496023 -1.1458500536864813 -0.04198086090476881 738561.6368854165 0.0699883098568779 0.17394379373190189 2.170594959035064 -0.13892727467126198  738561.6368854165
-0.8239298255920454 1.029347147277641 0.855227456486129 2.0217986365794522 -1.1325879365813267 -0.025976157524608568 0.8551274439632343 2.0218033648746188 -1.0684466469994567 -0.045640264178812465 738561.6368856558 0.06899769376318673 0.177041794818182 13.052512643865269 -0.13926548640023928  738561.6368856558
-0.8191748004738557 1.025865932727409 0.8336974451743241 2.0211705689033113 -1.1351635462853729 -0.014301195308360545 0.833658366405819 2.0211575948832707 -1.038631936378898 -0.03574188027653745 738561.6368858985 0.0676562202692381 0.18007978062885596 9.022130392904018 -0.13929900669054446  738561.6368858985
-0.814307200530353 1.0225751230005973 0.8347841762909782 2.024901390766413 -0.9220828194684664 0.041441985164267045 0.8338908159518542 2.024722445879403 -0.33862145705997004 0.10447398855227132 738561.6368861349 0.06681928696939328 0.18316683437118716 39.462653384693525 -0.1403950601250235  738561.6368861349
-0.8094084795027418 1.0194431763004104 0.8175755240652215 2.02542853868825 -0.9178609656452478 0.054338609448615474 0.8179352211532733 2.025490667144033 -0.6047493341466077 0.058507216528092126 738561.6368863852 0.0654373439455049 0.1865778790016733 13.832313730080969 -0.14072268963597973  738561.6368863852
-0.8048532557549648 1.0163488323805685 0.8005525899289865 2.026639784912775 -0.9110027900461614 0.068427440700114 0.800732773753493 2.0266436562564327 -0.7401315320911243 0.05559845923632246 738561.6368866316 0.06341437484999075 0.18973387630130636 -14.803869569824542 -0.14046374524999364  738561.6368866316
-0.800106722066756 1.0131043395940444 0.7827453004497578 2.028329521564005 -0.9033508823617407 0.08412611014293928 0.7828444044760385 2.028308690831403 -0.8157994800912741 0.07150314899003746 738561.6368868742 0.06195379812286604 0.19220498151904783 -18.299287599588613 -0.14048546536303588  738561.6368868742
-0.7952604152153084 1.00993928708028 0.7656338622981707 2.0299933535992505 -0.8958151829409056 0.0998109557104781 0.7656175496741279 2.0299877356035685 -0.8037140583919324 0.07566531485269003 738561.6368871242 0.060417781254659346 0.19472945922954848 -2.3734461469897656 -0.14046866186813037  738561.6368871242
-0.7904528179967143 1.006792567806402 0.7292336500782369 2.047366359519013 -1.0068180483153202 0.25908435226106274 0.7300047067484785 2.0467356376273846 -1.3833051919246997 0.5497690094596509 738561.6368873705 0.05891070514139405 0.19696251090517816 -12.696969479224794 -0.14269991722040457  738561.6368873705
-0.7857064491873382 1.0037317036740925 0.7099874126206811 2.0528497923662807 -1.0021460690771355 0.2892493021061764 0.7096170700309005 2.0530706320763707 -1.1033219719105407 0.38281167091908685 738561.6368876154 0.05730295750205862 0.1990993647625781 -0.3877126000112625 -0.1430753765376514  738561.6368876154
-0.7757524479188159 0.9976986852089738 0.6856745360961505 2.0543710751160353 -1.0061909684680677 0.3118971153056156 0.685691656566785 2.0546454039642263 -1.1161748915045204 0.17686367431386127 738561.6368878621 0.0670969271567046 0.19446069191897733 0.20762648451277554 -0.1498174095186538  738561.6368878621
-0.7705314015525682 0.9947119333013797 0.6662226786074577 2.060567226740549 -1.003153550543878 0.3455173982452204 0.6660568826435319 2.0604800234589766 -0.9907860506318266 0.2428141241181035 738561.6368881069 0.06619757998850659 0.19643721332769884 5.992718737288332 -0.15082416315793842  738561.6368881069
-0.7651993657181668 0.9916597854366174 0.6587809966158912 2.0677789564036595 -0.8768092120999084 0.3764523144113264 0.6582366289284252 2.067691733174347 -0.57759006017624 0.3090199064529951 738561.636888351 0.0655465899502446 0.19799660130303728 26.36954898861308 -0.15201700486840908  738561.636888351
-0.7595947691363005 0.9885365291187226 0.6414557837262037 2.074984029337709 -0.8722734379346767 0.40498178892652037 0.6416457218618954 2.07494983836232 -0.7234714522809779 0.3352801783514545 738561.636888592 0.06561327335301557 0.19908430936085766 10.46302290023594 -0.1536257377249138  738561.636888592
-0.753662062945068 0.9852458776714916 0.6238523880549705 2.082511076341038 -0.8663035956111458 0.43091037669280974 0.6239493566849846 2.082493528769402 -0.7965052181211574 0.34849646528637424 738561.6368888379 0.06609399811959651 0.19968924762329107 -8.73326946363135 -0.15541020793887794  738561.6368888379
-0.747623370104404 0.9819908784289904 0.6062885174848147 2.0904642387964842 -0.8590014055212465 0.45480622994776615 0.6063259731432116 2.0904381095912754 -0.8250465514551023 0.3684070045090402 738561.636889081 0.06689697832625886 0.200077394827826 -11.574775823921541 -0.15742233345377651  738561.636889081
-0.7413879642539667 0.9785765099042747 0.5885778451609479 2.098850374389445 -0.8511615818508598 0.47823670619262654 0.5885970159929742 2.098822325445294 -0.8397012132527708 0.389848316484779 738561.6368893232 0.06810603984080565 0.19986756457075602 -2.7729193666730136 -0.15953321299485324  738561.6368893232
-0.7349866194030383 0.9750936539927123 0.5700572687304971 2.119393822830797 -0.7924394764895649 0.5580317426964903 0.5700913264888997 2.118899449075689 -0.8655699158071118 0.7653518205731462 738561.636889567 0.06948989621821523 0.19936038231478 7.9868212490052475 -0.1632573776522071  738561.636889567
-0.7284040617540545 0.9716150307685995 0.5533415809183174 2.129682246911041 -0.7855279400528505 0.5858420430643546 0.5533038607500499 2.129876704355165 -0.8360442008944288 0.6131389508653734 738561.6368898036 0.07169418461731618 0.19841254684251142 5.675056488726829 -0.16599231155010408  738561.6368898036
-0.7216232279773039 0.9680929915386891 0.536578461929561 2.1404248308761096 -0.7793691103837244 0.6164358922581247 0.5365196897710979 2.1405366518044513 -0.792835033614698 0.5309284395546732 738561.6368900555 0.07315602542659703 0.19773850942727844 0.1846221802160981 -0.16824897491333984  738561.6368900555
-0.7147380680001827 0.9644826187063783 0.5197537105672368 2.1518750115044543 -0.7755785447565899 0.6496286947458377 0.5197702193980279 2.1518595208261253 -0.8056410729424306 0.5429446894276394 738561.6368902943 0.07565859165806181 0.1962032720890076 -3.8513102690072323 -0.17094188123264958  738561.6368902943
-0.7077431338205128 0.9608985296132013 0.5029285663228444 2.1639594705966934 -0.7736878454635466 0.6841403816508043 0.5029438750901781 2.1639191585623267 -0.8176305462059045 0.5745161443791229 738561.6368905307 0.07845908538802185 0.19447981707932777 -2.989324413433626 -0.17376805917574734  738561.6368905307
-0.7005601704686351 0.9573298538039752 0.48986231628273397 2.182985220153596 -0.736016556363096 0.7813670577643145 0.4897146477466866 2.182694013876993 -0.7024584516649346 0.8016385749089949 738561.6368907681 0.08146956359160365 0.19268940531064693 9.126253958089862 -0.177404981818784  738561.6368907681
-0.6931921328727768 0.9536698739176376 0.47349941582709953 2.1975824410910407 -0.7371531001990052 0.8164659785043 0.47357440902909387 2.1976415089426697 -0.7612346104218711 0.7553439597644045 738561.6368910044 0.08485677378863013 0.19048626285474332 4.3342988689305395 -0.18045565381713688  738561.6368910044
-0.6856643347318455 0.9500735079202445 0.45705177903783567 2.212726221004382 -0.7399591381550162 0.8497001015988042 0.45708851709938403 2.212742169676575 -0.7899102978274842 0.7428953133450046 738561.6368912417 0.08835923418122857 0.18835073917703504 -4.2319675729001345 -0.18354415141337305  738561.6368912417
-0.6779878860119423 0.9464333096112626 0.4404072115787508 2.228547028588891 -0.7444475725194298 0.8817083075895542 0.44043007629808684 2.2285208681784696 -0.8078484009408887 0.7634189914508247 738561.6368914777 0.09214208153015396 0.18592596286850724 -6.615475545254174 -0.1865820917966663  738561.6368914776
-0.670476589462971 0.9429112843148504 0.42386263660168794 2.245381104340891 -0.7497234211681753 0.9136661246413519 0.4238566598515573 2.2453385940082877 -0.8032271421794829 0.7962882335472945 738561.6368917172 0.0950253192360862 0.18381930456106244 -2.2864712684135506 -0.18902016933724  738561.6368917172
-0.6627132008453738 0.9395076436059445 0.4110888867258622 2.26346704946222 -0.7187520557072584 0.9473384382438411 0.41091876931636995 2.2634168580472456 -0.6747785086704667 0.8341856991068943 738561.6368919625 0.09782750125888506 0.18209051525339953 8.622730459396045 -0.19156453031389975  738561.6368919625
-0.6550663901622602 0.9361251653244071 0.3950493462096538 2.2816472780462793 -0.726129966195637 0.9780637643381321 0.39510336660247425 2.281636013562481 -0.7149487879596765 0.8425621183922928 738561.6368922115 0.09990225261518858 0.1804137882109134 4.650190991100338 -0.19342280219630748  738561.6368922115
-0.6473413172269772 0.9327794194638022 0.3744752630314607 2.314919497319658 -0.7382227235986045 1.0343024855353589 0.37470166011047074 2.3142937536032617 -0.8879689991526885 1.3207763711424225 738561.6368924538 0.10252330112207207 0.1784312295147461 -7.827456029980322 -0.19628084593113176  738561.6368924538
-0.631812770804307 0.9261954871591647 0.349808906301982 2.327136935202458 -0.7634288092165794 1.0669970945432794 0.35004792862321266 2.327748715032334 -1.067483480137853 0.8613074057673973 738561.6368927003 0.1218367077711617 0.16934813355911965 -23.93865597287736 -0.20483578744136002  738561.6368927003
-0.6240332645434143 0.9230460905379232 0.33727314653615936 2.352348006715771 -0.7314094205881282 1.1500777248913412 0.3368821211200972 2.352091834286454 -0.7713199720901551 1.055332965782878 738561.6368929449 0.12355635150564497 0.16785441930734601 3.7210505970339156 -0.2059365229015975  738561.6368929449
-0.6161862358405658 0.9198509586651228 0.32111806119672887 2.375410963090755 -0.7448871441622444 1.1996857310440614 0.32111157492134135 2.375349818652472 -0.7662938004024002 1.102713384621625 738561.6368931838 0.1257121182177506 0.16592478837931848 15.861121971548856 -0.20672674012451203  738561.6368931838
-0.6082401616306894 0.9167687526404386 0.30469828156258044 2.3993838068783915 -0.7595035566298332 1.2553386595408085 0.3047184080262186 2.3993382483250243 -0.7818037001669063 1.1378218174215025 738561.6368934242 0.12779942252216225 0.16419729059152685 6.543491574916455 -0.20739154283546424  738561.6368934242
-0.6001556489635123 0.9136008836409286 0.28783270732298255 2.4248311426485682 -0.7753429644651929 1.321125894927875 0.2878636358064931 2.424749418909981 -0.8058148914123323 1.201267680062483 738561.6368936627 0.13017920299774946 0.16208533616434787 -6.483400112324041 -0.2077229356672811  738561.6368936627
-0.5918937470910127 0.9105277812698369 0.270595009163808 2.4514423924957334 -0.7919021495202311 1.3974644106224743 0.27060075747047335 2.451395831731873 -0.8101426863575194 1.2363224275230171 738561.6368939086 0.132128761007732 0.16036368269950094 -8.399360886452852 -0.2077846920135777  738561.6368939086
-0.5836059200569738 0.907481444479147 0.25658743076302315 2.48755492990357 -0.7696957276147299 1.5701889098656416 0.25648836928195407 2.487115143642818 -0.7322728524458932 1.582027768406284 738561.6368941442 0.13487763109021583 0.15820356845098318 4.460315410310862 -0.20761467810604006  738561.6368941442
-0.5752421507645452 0.9044554941869226 0.23946114862823986 2.5200989534868175 -0.7864477620993661 1.686910714857138 0.23953661453044384 2.5200880099459373 -0.7906713092116933 1.5904963069156155 738561.6368943836 0.1372448509688117 0.1561400833185264 3.1625917717087626 -0.20685423777874323  738561.6368943836
-0.566856170948556 0.9016649384589993 0.2221545960079502 2.554900740184928 -0.802823667656695 1.8311494006807454 0.22216737742081488 2.554881131001037 -0.8001479100785864 1.6050352636826153 738561.6368946333 0.13857691930619281 0.15485563646935566 -2.3423301182501053 -0.20567760533838367  738561.6368946333
-0.558504189728687 0.8988835710432006 0.20459101006371472 2.5936383963760137 -0.8189069947430526 2.021006156974164 0.20462230972240725 2.5934355947778576 -0.8240083760278158 1.7596356915911424 738561.6368948763 0.14021232379182352 0.1532619604681865 -5.920868810946944 -0.20386568765197122  738561.6368948763
-0.5500589249755491 0.8961764136983572 0.18671448227064957 2.63686377526762 -0.8338964296615 2.2742705339563773 0.18673804197374677 2.6366059941745115 -0.8419434325876296 1.9558740934875425 738561.6368951194 0.1418443559873026 0.151738771313948 -4.8995419691269015 -0.20140949385052187  738561.6368951194
-0.5415933421207927 0.8936139532535201 0.1676724528223226 2.721771429652871 -0.811818089460954 2.7939956062465288 0.16772134317569193 2.720022847971443 -0.8788539520518529 3.2759925573400692 738561.6368953647 0.14316448375134655 0.15049204082056258 0.5667384354681992 -0.19577703029815804  738561.6368953647
-0.532983026462546 0.8909981009555809 0.15002258732589782 2.784063062718872 -0.8174801641705401 3.309770600849562 0.14999644387240854 2.784237842184082 -0.8588226974597577 3.1420755916062793 738561.6368956065 0.14493965965152378 0.14890159387151203 0.5967227207660031 -0.1902089312484169  738561.6368956065
-0.5242821083045437 0.8884452924487506 0.13234849026097295 2.8594309053544493 -0.8152783306543085 4.053690892321047 0.132347202588829 2.8590105552167877 -0.8578219074430233 3.4687753833827126 738561.6368958447 0.14704565372447037 0.14724483694634963 -2.4293464278027526 -0.18236445296196427  738561.6368958447
-0.5155042460377964 0.8859110541737234 0.11487349584354549 2.9544132337125077 -0.799138533809109 5.163561946200391 0.11485209773487706 2.953509992009548 -0.8415135163094223 4.1571735595161865 738561.6368960878 0.14869125087068713 0.14567657160794398 -2.5150414630444344 -0.17080174774880805  738561.6368960877
-0.5066414103707975 0.8834623285131598 0.0979841471072601 3.0784085579804863 -0.759496390268555 6.859984210814383 0.09795133076062265 3.0769079165170297 -0.816534015345644 5.299448027080468 738561.636896331 0.15030765345102287 0.1442093413615288 0.35023539700579365 -0.15341231402796207  738561.636896331
-0.49755392930110914 0.8810011131649005 0.08750520000796251 3.2383614442161606 -0.634552354388363 8.753323772608134 0.08723749449964857 3.2363526468463704 -0.6124674007462074 6.830714534262624 738561.6368965739 0.15226962618847878 0.14260040755411593 16.99408653417102 -0.1272212976112236  738561.6368965739
-0.4884075316733206 0.8786037202991355 0.07488904048442624 3.453978697185397 -0.4989255327314293 11.757210486263535 0.07486359019623262 3.4510662805782513 -0.5932602312139617 9.02869669840994 738561.6368968193 0.1539337278484266 0.14110733964357183 14.593964848393348 -0.08696970023045264  738561.6368968193
-0.4790898992755575 0.8761727028450416 0.06607509322991957 3.741253264554494 -0.2717691728070827 15.02575495568078 0.06592276904520214 3.7373139813192378 -0.4784764074144474 11.997141883990924 738561.6368970651 0.15574413202849693 0.13945060134814496 12.773243842892201 -0.027224143191226638  738561.6368970651
-0.4696463326613494 0.8737547084292464 0.06316563973266004 4.086538852150799 0.04131523434139954 16.562505104948684 0.06287970579531939 4.082504509902841 -0.2574873399848609 15.11515417508131 738561.6368973047 0.1582291032148811 0.13754613195039214 25.80460839345261 0.04766655137129598  738561.6368973047
-0.46007248210665996 0.8713170744612602 0.06735060225308016 4.432028176353653 0.36178059740126733 14.86340923348691 0.06695101370836494 4.431005967355375 0.04080553975942458 15.878233271891288 738561.6368975528 0.15996340039677415 0.13576616516782752 46.32523237569458 0.11615091442213983  738561.6368975528
-0.45044624681981205 0.8689664067105947 0.08334131333505945 4.722699317278467 0.6031445104395771 10.445520490111365 0.08271958169726774 4.724215088770105 0.5200468152304832 14.709850936458967 738561.636897793 0.1623646519875614 0.13386500248622152 82.53206349121687 0.16373619095632969  738561.636897793
-0.43074216975526725 0.864204437037633 0.10269606189784396 5.011348960764078 0.8202849103838319 6.985644061009989 0.10233449477113034 5.012238344299149 0.7951155035438103 14.033236431641598 738561.6368980365 0.187025863808379 0.12652140119933927 85.9691982750584 0.21599391999732784  738561.6368980365
-0.42073981493193535 0.8618042971005806 0.12179740100769758 5.14544138872622 0.9006269481310043 5.317370492857897 0.12166570623391038 5.151529216778767 0.8987237456933248 9.24375887764102 738561.6368982717 0.18971732145937228 0.12434694613533767 41.35095300637111 0.22438571075879335  738561.6368982717
-0.4106184243938907 0.8594392902669062 0.1417121227862918 5.247121873874437 0.9568859203781335 4.216514285882042 0.14166113674481876 5.251021193713595 0.9377801603989223 6.256795224296406 738561.6368985135 0.1917297784984509 0.12239572017256684 3.6446734478110585 0.22733945244373222  738561.6368985135
-0.4004733766057721 0.8570468182082958 0.1601694579551339 5.299359070675425 0.957399112934965 3.394585727430968 0.1602358884954434 5.302808217259944 0.8883601744212262 3.6908552959472254 738561.6368987624 0.1928411827680076 0.1205256282414571 -14.827454323742685 0.2273159343817519  738561.6368987624
-0.39022938742940366 0.8547196545897349 0.18102460265199957 5.365838984514496 0.9891875555128135 2.8855165765469777 0.18092980161274555 5.366378706566377 0.9615184510288958 3.2743499973399066 738561.6368990024 0.19484558344827776 0.11846881468728857 8.905757268784669 0.2267263351783898  738561.6368990024
-0.38001475996927175 0.8524056792311788 0.20241112710561407 5.422100552446013 1.015288187965167 2.5090142411110627 0.20236952275649014 5.422656095196395 0.9928303634544893 2.8562421236455653 738561.6368992485 0.19591239974923141 0.11656194677108932 25.646265119878638 0.22456283598555116  738561.6368992485
-0.3699417637194074 0.8501348655065557 0.224119048677918 5.4704651649921585 1.0377530535980646 2.2242288237056473 0.22405696562453672 5.470877018236573 1.0416586594729085 2.532319715852176 738561.6368994839 0.1975174512976674 0.11436900554354779 25.101383045448472 0.2220609105539515  738561.6368994839
-0.3598347609631156 0.8479073906525425 0.24618915779167552 5.513327824161089 1.0573717502398663 1.9995539987428552 0.24617866088365728 5.513756448210137 1.0496581549602733 2.2056734177062096 738561.6368997269 0.19817871299979437 0.11245464838618956 9.190084549297806 0.21868245556811122  738561.6368997269
-0.3498906155838476 0.8457835647552431 0.27389279957448404 5.542000445908877 1.0563055343443581 1.708225543946513 0.2737213001039482 5.5428397668174965 1.1726058597381954 1.603965558408007 738561.6368999853 0.19698345203861695 0.11108544994884852 12.716466195582516 0.2149401285672944  738561.6368999853
-0.3400033392770086 0.8437109290444644 0.2959192348846108 5.574626689629996 1.070387382276669 1.5829403220786507 0.2959936121371329 5.574671501095893 1.114601037897685 1.569018299567304 738561.6369002226 0.19728819614542484 0.10923552908698604 2.72064135071842 0.21132592771819753  738561.6369002226
-0.3303343305207161 0.8417244519014111 0.3179387695975786 5.604443457513316 1.083047188243769 1.4785894131454311 0.31801160602436435 5.604590794260445 1.0599459345308193 1.4584595379770706 738561.6369004694 0.19604332061080226 0.10776722111987014 -8.348268054450148 0.206960826211136  738561.6369004694
-0.3206113417981893 0.8397024019935414 0.3402238097570578 5.632139046574605 1.0958494967261052 1.3887290292464498 0.34019814705038603 5.632224343071081 1.080122312471779 1.3913982426920535 738561.636900705 0.19577021100151296 0.10585666240564327 -2.043716976948473 0.20284416584624143  738561.6369007049
-0.31101350356076884 0.8377807249702409 0.36254264598269786 5.657996098951839 1.1077592287651141 1.3106846834962091 0.36256667167841705 5.658147532940851 1.0620264971348055 1.277340296860972 738561.6369009509 0.1941006933368978 0.1043932583427978 2.024661659408201 0.19824509134551582  738561.6369009509
-0.30145831667513817 0.835947792706097 0.3827281339868732 5.670915073988892 1.0932647892455531 1.1746401549830374 0.38280720061308615 5.671469427617117 1.0013378230322194 0.8518385612705276 738561.6369011921 0.19256675439570575 0.10295973872071917 -8.926188805853885 0.1949298944681212  738561.6369011921
-0.29202458076783855 0.8341379302974611 0.40468398421791485 5.692436587497248 1.102786990841635 1.1206767014165266 0.40464347247043436 5.692307861347033 1.0324466916151969 0.9506870469387783 738561.6369014333 0.19061190608255524 0.10151406190237523 -2.2861650364294563 0.19047744627202295  738561.6369014333
-0.28265249222009203 0.8323972557230354 0.4266906759454827 5.7128465547449965 1.1118531252382386 1.0688935767628012 0.4266620182877106 5.712810670010516 1.054639994536931 0.9784772030268378 738561.6369016725 0.18854607226630035 0.10012136420779183 7.57006737682885 0.18607323697799222  738561.6369016725
-0.2732232095461332 0.8307703862436052 0.44882208049439326 5.732430743964719 1.1208242289462327 1.0186014182656502 0.44880373920539524 5.73245131354952 1.0689014457396493 0.9624831183182446 738561.6369019105 0.1865653483266338 0.09891427425706541 9.631901012874163 0.1819231201345638  738561.6369019105
-0.2639157735385361 0.8291293068218973 0.4709934224737844 5.750770949999722 1.129152904425938 0.970185345961351 0.47101113975134323 5.750853338294067 1.055513316494336 0.9002260853555547 738561.6369021557 0.18362788018044682 0.0977500262706797 1.5549430322003825 0.17743212508831896  738561.6369021556
-0.2546436899080272 0.8275785710871021 0.4905609649598742 5.759565778232378 1.109121109763527 0.8683452602707197 0.49066634416777904 5.759974102556465 0.9752914441832484 0.5893816366287261 738561.6369023989 0.18064247957206564 0.09668908666974543 -18.113676284084434 0.17405868843625377  738561.6369023989
-0.24541005255761217 0.8260434900146275 0.5188252161297614 5.779322822535972 1.1183937320860156 0.8180715717877076 0.5185200185201988 5.779045110034127 1.207281395854631 0.80047932502161 738561.6369026426 0.17744617569261323 0.09560332584842139 23.30423206952277 0.16939522304499538  738561.6369026426
-0.22691057246528898 0.8232026336467079 0.5495433738779683 5.799455753676138 1.1409983615851549 0.7586114521352292 0.5492916133033694 5.79929519246226 1.4039357963169283 0.9258963777234884 738561.6369028796 0.196771534113053 0.0912081791190944 62.823118144359356 0.17225885030413618  738561.6369028796
-0.2176408224448504 0.8218987871393669 0.5715546142847048 5.812815792934725 1.1483676481348335 0.7167293021515895 0.5718721948584491 5.813071711889711 1.1677368011550624 0.7355579092907039 738561.6369031286 0.19249044884622898 0.09068469075541613 1.393047352921208 0.16807610691928  738561.6369031286
-0.20840106202868916 0.8206678005653989 0.5901102663404596 5.817942262086807 1.1170249457610077 0.6167837883886677 0.5903635535795939 5.818366512579254 0.9751313204407152 0.41294801263590464 738561.6369033721 0.18843308115022717 0.0901727517299297 -63.855014097861506 0.1651271427338418  738561.6369033721
-0.19899014398447445 0.8194554644254598 0.6116810394432584 5.8286753203838595 1.1236683058970476 0.5801667101742511 0.6116575832857246 5.828614135505288 0.9927842988627875 0.4589954242647099 738561.6369036182 0.18450858599123707 0.08966014974157667 -40.94072797429476 0.1615608633792308  738561.6369036182
-0.18963270247845324 0.8183290977260884 0.6332764095266097 5.838725528542369 1.1298970470665226 0.5431582981438687 0.6332629463659633 5.83871465092664 1.0028328726711528 0.46711421058722796 738561.6369038663 0.18025438285221446 0.0892859207612792 6.731968552862433 0.1581151898417859  738561.6369038663
-0.18018947868706264 0.8172941929320818 0.6556577630954106 5.84840631221514 1.1362412184861534 0.5045324449723205 0.6556161002272713 5.848416494875475 1.0341393227692155 0.45946272229852536 738561.6369041128 0.17623858141918766 0.08901526924509143 27.868134040145204 0.1549670166268229  738561.6369041128
-0.17072802262018608 0.8162990068399111 0.6775092527634924 5.8571237102601295 1.1423925351119957 0.4671277141319361 0.6774928504256194 5.85715721472335 1.0467723652978294 0.4336576625539823 738561.6369043532 0.1726354110817917 0.08868902745337766 13.511525786575701 0.1521083657208018  738561.6369043532
-0.16120663081255074 0.8154065639545396 0.700815896437957 5.859042000121841 1.100765798775725 0.36012418111439537 0.7007659531866225 5.8593324097565915 1.0846653541223503 0.21331780181011512 738561.6369045973 0.1688266589763059 0.08855368876615745 -4.782561400605411 0.150186039399353  738561.6369045973
-0.15159604304401547 0.8145707422842768 0.7219985356649169 5.86512678904412 1.1048792746882783 0.34618063221870643 0.7220695536067469 5.865076010622754 1.0310974840557638 0.25161927616704244 738561.6369048428 0.16505169638876588 0.08847216508121852 -16.27252585224344 0.14786167616805862  738561.6369048428
-0.14188168790660588 0.8137944796776944 0.7433516891935636 5.870645547759094 1.1107811044454567 0.3130909300737468 0.7433809965157971 5.870637657797186 1.009135036517198 0.25753188985141484 738561.6369050898 0.16133151363581114 0.08844795742060463 -10.905304912848802 0.14571148221844105  738561.6369050898
-0.1320887712631747 0.8130853745847858 0.7648515493360396 5.875590938052376 1.1171516299730828 0.2804539471856066 0.7648253837341501 5.875605301302369 1.029430272516726 0.24639109708227905 738561.6369053286 0.15838310375444983 0.08842967308020797 4.160631670503777 0.14396862244113506  738561.6369053286
-0.12211804310368539 0.8124663356457483 0.7865833666292714 5.880041123671447 1.1237546101251552 0.2480809953784767 0.78657189416005 5.880069253234292 1.0382309901126172 0.22481245224807622 738561.63690557 0.15554977418677107 0.08854944954854181 8.860220122379824 0.14247472570139738  738561.63690557
-0.1120654626411545 0.81185832527676 0.8045553615174726 5.878506265438538 1.0941300606242441 0.17489489680408546 0.8047105786843024 5.878758156149686 0.9203004848396577 0.03343156670487246 738561.6369058138 0.15263461207991208 0.08861493116940763 -18.250785111814544 0.1415532693535158  738561.6369058138
-0.10191664626587445 0.8113309931439098 0.8258854541122684 5.880980494503996 1.1007622142048459 0.14557781912306622 0.8257938406967571 5.8809190415621275 0.9917340452301436 0.08134815631804615 738561.6369060513 0.15041220794324636 0.08874519211850848 -8.429545974018462 0.14054192232341356  738561.6369060513
-0.09165726569881198 0.8108226583187044 0.8474042837279542 5.882908878716752 1.1068897764828836 0.11587288101786503 0.8473647851677873 5.882896950199001 1.022125050761343 0.09052620350306029 738561.6369062919 0.14807229620300696 0.08884221044543004 8.724113513846211 0.13951929423864096  738561.6369062919
-0.08129790922140222 0.8103903958046179 0.8690728593381514 5.884357109723362 1.1126510663000662 0.08680047131384686 0.869049402594907 5.884373530323323 1.0402870549871863 0.0778121194210902 738561.6369065312 0.14602011207539609 0.08901874510893228 13.193229747502931 0.13873752995359434  738561.6369065312
-0.0707711354931247 0.8099734868741477 0.8909685601632527 5.885307005822997 1.1182127925365082 0.059016583707505406 0.8909417316074042 5.885333241041625 1.061302730136893 0.05726122449897482 738561.6369067675 0.14454412708138217 0.08912755782522239 7.168353086059438 0.13817090963261403  738561.6369067675
-0.060042336097337445 0.80954497491431 0.9075031716147172 5.882375518515475 1.0716441112971002 0.004422892112292091 0.9077153320947481 5.882541016310722 0.8965376045126536 -0.0712653748966056 738561.636907006 0.14323918453643045 0.08912473105202186 -29.377611116027275 0.13794796583737262  738561.636907006
-0.049214754865879555 0.8091881402021731 0.9287380327050907 5.881874157951623 1.076061369442023 -0.019558237550425815 0.9286400298770433 5.881841779082792 0.9722302521325822 -0.046257501576755684 738561.6369072457 0.14192733680289138 0.0892057230830974 -14.16068117069448 0.13755875320110786  738561.6369072457
-0.03843405232754407 0.8087893598470857 0.9555998503338514 5.878106092780135 1.0805439537069732 -0.0529532593527421 0.9553203438431724 5.878217510218176 1.1899290412750787 -0.13303702963688413 738561.6369074836 0.14060252565039894 0.08908885857831844 37.032919281835404 0.1372892720010876  738561.6369074836
-0.027711876176652134 0.8084953572329403 0.9768107850240333 5.876494519026124 1.0825295786625933 -0.07442487750867384 0.9769521219197759 5.87645152946361 1.082395925073366 -0.10032935201983079 738561.6369077269 0.13849450201175031 0.08914831476941652 19.741727797224065 0.13666149729456045  738561.6369077269
-0.017129055185938585 0.8082970132688277 0.9926964965121673 5.8718320400113 1.0315606675776845 -0.11971601608770215 0.9929766836865126 5.871932473453599 0.8690958334408501 -0.1767870360495688 738561.6369079702 0.13600421025540355 0.08933325455923619 -40.11315179974148 0.13626241761572447  738561.6369079702
-0.006700964040456661 0.8081180170336305 1.0125796314957751 5.868899502160029 1.0322138920126391 -0.13763468032596937 1.0125149418207728 5.868874478593777 0.9191102412971868 -0.15744022609125588 738561.6369082096 0.1334267794911102 0.08946379936283631 -33.363391483328016 0.13560463995009744  738561.6369082096
0.013690173327697867 0.8077935540386553 1.041647307363332 5.869371722578247 1.0436777992081627 -0.1515857317662385 1.041268700060016 5.869217076155625 1.2022066872876656 -0.04180629022687904 738561.6369084574 0.15187874861178635 0.08919371628486855 41.978680878397995 0.14273627691747462  738561.6369084574
0.023887523321795653 0.8076548578853511 1.0613072360353824 5.865680080329413 1.0430966208968984 -0.1663884262840842 1.0615067959119986 5.865786747236705 1.0488317818317356 -0.1237868321007313 738561.6369086984 0.14789122917443778 0.08924211274959258 25.67361462876466 0.14154363430263764  738561.6369086984
0.03400560401986808 0.8076594659996998 1.0808405455389338 5.861799376646448 1.042426948069353 -0.1792488135650744 1.0809283755724757 5.861857231961969 0.9803720936187565 -0.168882532311036 738561.6369089358 0.1439616249207953 0.08953568880264264 -19.82914400866389 0.14058735082556473  738561.6369089358
0.04406141967514914 0.8078178892389652 1.0950860511404634 5.8564652499032555 0.9888704813387162 -0.20410366170238828 1.095322983246877 5.856542560234608 0.7952961495534858 -0.22927233248523857 738561.636909173 0.13989298933705754 0.09009893556341925 -59.33509493930137 0.13991951818354165  738561.636909173
0.05440612176483928 0.8080642369194309 1.1136810473204026 5.852126094957155 0.9877161175948362 -0.21348855991320917 1.1136161509960165 5.852109767703521 0.8446392259321257 -0.21685811749274023 738561.6369094165 0.13593676231607066 0.09073178933166406 -26.3336346978555 0.13923089321582754  738561.6369094165
0.0649815131436769 0.808467682504019 1.1328886693883733 5.8473686094382975 0.9865236721302335 -0.2215627666386305 1.1328295179393626 5.8473755166707235 0.8895643792487242 -0.22210411705671637 738561.6369096603 0.1324541010416409 0.09160916842866546 16.121427884025607 0.13896167197475434  738561.6369096603
0.07611119995317236 0.8090680774692113 1.152050528183591 5.843228726965109 0.9860851112519747 -0.227182894231599 1.1520154806562406 5.843211387057849 0.9167563851970135 -0.2086507610854267 738561.6369098991 0.13069187537550422 0.09287124933800703 25.590382452548226 0.1396888281218645  738561.6369098991
0.08767561328280998 0.8099643367048921 1.1714781648148829 5.839329469920001 0.986097924663806 -0.2309695789108151 1.1714492099385054 5.83931415090525 0.9394212734075028 -0.1966595595928487 738561.6369101356 0.130109146695131 0.09473702918527209 8.963597126204597 0.14142935906043116  738561.6369101356
0.09976681053452513 0.8110872299948626 1.1852777778112422 5.834724161815505 0.9294944995435063 -0.24031840107105415 1.1855022779808901 5.834744968698614 0.7658504052867311 -0.21274626799040086 738561.6369103752 0.1303151284400358 0.09693761424842419 -34.648629992031 0.1438539258569824  738561.6369103752
0.11235036758376439 0.812612580653912 1.2041569234649006 5.831248344589308 0.9316538501804252 -0.24004092521886652 1.2040558020738212 5.831209016530104 0.8426862486000816 -0.1828633266806063 738561.6369106189 0.13101609045170184 0.09980768449338744 -18.26049280120796 0.14700316870357238  738561.6369106189
0.1255327326427795 0.8143064530813972 1.223520458214082 5.828032553767871 0.9348988932953671 -0.23792581943284566 1.2234591280156017 5.828003967366535 0.8888016541900414 -0.16136863850664973 738561.6369108652 0.13259072104817404 0.10280590643224337 12.710479288704185 0.15062645431884567  738561.6369108652
0.13912480356378334 0.8164267839698648 1.2430964297536007 5.825215337050366 0.9396626632944703 -0.23379149903861562 1.2430373881938264 5.825194989698291 0.9350330086804188 -0.14543603695753798 738561.6369111016 0.13628699942758063 0.10691939761398661 25.893316689510804 0.15615787756880142  738561.6369111016
0.15322341748197985 0.818809743775078 1.2630583888421938 5.822726447052087 0.9455319786091505 -0.2280852888542495 1.2630313451301292 5.822704831649409 0.9559474642327217 -0.12871960477990105 738561.6369113411 0.14048672499602982 0.1113139978785069 13.848181377154534 0.16214707148266128  738561.6369113411
0.16759008103536127 0.821596998649112 1.2789670781422198 5.819674579187386 0.91058666161813 -0.23036118001458208 1.2791110530218543 5.819690572165078 0.8432212343370956 -0.14124142861844613 738561.6369115777 0.14553480368556415 0.11656547261941273 -21.1755623523853 0.1693337872037527  738561.6369115777
0.18245433655636886 0.8248115076913834 1.2985465884636798 5.817835786447582 0.9181792484566327 -0.2218471786785319 1.2984834607752165 5.817790332090978 0.8909153233853393 -0.1068998554631474 738561.6369118228 0.15007230599017457 0.12210390042470509 -13.44365112263756 0.17646267878376531  738561.6369118227
0.19758638674087553 0.8284734965701915 1.3182631605214838 5.816407432335339 0.9263109209265316 -0.2122459102610386 1.318231731854109 5.816371585720514 0.9145019771306759 -0.07999761103328663 738561.6369120695 0.15467362731366546 0.12826737997955814 6.929887532161137 0.18415057324411116  738561.6369120695
0.2132059940969125 0.83253175993691 1.3383486473667432 5.81543503232134 0.9358831804113326 -0.20122103594788934 1.3382962499996383 5.815406687554089 0.9552676863832983 -0.057945080449340144 738561.6369123076 0.1615735708188017 0.13559169225447382 19.295485645605048 0.1938772849579214  738561.6369123076
0.22893847726572367 0.8370859558036688 1.3584378405287632 5.814863415657532 0.9453923635504812 -0.18949647391106336 1.3584516433426288 5.814835438949666 0.9449699558575281 -0.03707277126636545 738561.6369125558 0.1666361120306817 0.1429865234802538 8.776120384801667 0.2028085303929885  738561.6369125558
0.24503764169286446 0.8421553515189788 1.3736183722685025 5.813765928250469 0.904013150371526 -0.18680776347090716 1.373787378446785 5.813778277621761 0.813198733700364 -0.04670136452037614 738561.6369127933 0.17409221661624263 0.15204311980349222 -24.47013134728769 0.21435062460504628  738561.6369127933
0.2613013571732628 0.8476453944401909 1.396798544783102 5.809594574759109 0.9215693017313074 -0.16692329792129426 1.3965636017313838 5.809722554940221 0.9915719044114703 -0.14386631801081973 738561.6369130372 0.18036998208959332 0.16110474757522852 0.6085042593515908 0.2256369678715494  738561.6369130372
0.27805032387106754 0.8535281921024522 1.416754391747145 5.810314326231696 0.9348221201171759 -0.15132474511701952 1.4167890292615242 5.810168451275815 0.9654743368878073 -0.03395711755670787 738561.636913283 0.18704617910680027 0.1704632718378446 15.11353567746147 0.2369464573399962  738561.636913283
0.2948224009364549 0.8599313984970068 1.4367231873718727 5.81146451123732 0.9484865935020349 -0.13523361116093863 1.4367624311663085 5.811383244060728 0.9364896517208865 0.026065200921647602 738561.6369135337 0.19255194349189603 0.18006847944929352 8.335493626792061 0.24790219623820078  738561.6369135337
0.32876338063352745 0.8742809066369448 1.4648534652250254 5.822303552424192 0.935181986710237 -0.11601686052772688 1.4644983595483103 5.821888130648562 1.2134238143702696 0.35003772269287997 738561.6369137712 0.24094542426292248 0.20944434032614276 51.54702841785175 0.29474865761205793  738561.6369137712
0.3458496522678725 0.8822216265483288 1.4841011192197786 5.824446828952627 0.9513951347270424 -0.09825861106639458 1.484326039074829 5.824635557101075 1.0403162283449254 0.2047847649871843 738561.6369140118 0.24704370976877946 0.22212896192838605 7.416000243733237 0.30855870048657474  738561.6369140118
0.36281568448343293 0.8906865016885888 1.5033230951018879 5.826981985189078 0.9684282981184246 -0.0801222907952259 1.5034164286059821 5.827056082367431 0.9674839229354748 0.1469634244494757 738561.636914249 0.25307622502763377 0.23591299904926183 -33.29180255578502 0.3232774776694005  738561.636914249
0.37977505698706204 0.8996180858792284 1.5226766304659756 5.8299078384579355 0.9856523178618687 -0.062329649453994704 1.522738945618245 5.829920261124542 0.9211481178698762 0.13772627686457672 738561.6369144982 0.256587656060898 0.24855272344996865 -31.530718760899298 0.33581646921849184  738561.6369144982
0.3966542401543217 0.909057625457955 1.5421035092340305 5.833221922841803 1.004246884489402 -0.04407263039701683 1.5420803393233915 5.833202204498741 0.9393265033680156 0.15319667065032855 738561.6369147341 0.2618648742805558 0.2636057849843562 0.025135443215567932 0.3512608244473241  738561.6369147341
0.41352655261250126 0.9190299938965654 1.5576436249455143 5.835897439432268 0.9770844487253267 -0.03765113802584906 1.5578176939512325 5.83591954921997 0.8079621712752119 0.13651111837630397 738561.6369149796 0.2650369732929746 0.2777741900941106 -5.609410664897451 0.3650820003362887  738561.6369149796
0.43053539234500604 0.929603293345055 1.5765764945601444 5.839899701573676 0.9964082339066389 -0.01953232108505163 1.5765058603147268 5.839855338769823 0.8616972243219561 0.17026015334173986 738561.636915223 0.2684928819145225 0.292917632278969 0.6710099446189028 0.37976558915976216  738561.636915223
0.44752582086774656 0.9407020478318264 1.6005254587254296 5.840828253578419 1.0262151592977937 0.005587960823089561 1.6003032893150069 5.840935277600607 1.0275799206840166 0.09035071242315675 738561.636915471 0.27078303149261934 0.3077834412399197 22.46348935019513 0.3940721207091205  738561.636915471
0.46450777884038313 0.9525041402606267 1.6199502649867406 5.845839709129132 1.0452353620498491 0.022884466958085138 1.6200301070690053 5.845719651026604 0.966927319511441 0.18155369716015268 738561.6369157148 0.27341170477843685 0.3241894220836357 11.691783243602194 0.4094762255417896  738561.6369157148
0.4817354889385251 0.9648324190423588 1.639810638711961 5.851278330632579 1.064270751490667 0.039691460407905256 1.639842873664057 5.8512105985034495 0.9427025127807864 0.23245489697366115 738561.6369159612 0.27580309309836387 0.34052108419688587 -4.260953926387447 0.4247028562851967  738561.6369159612
0.49912172809437433 0.977942018266316 1.655185630361641 5.856807115755026 1.0359385299910358 0.052514753901182105 1.6553755640605792 5.856781420417216 0.8001112299633214 0.2517454767978506 738561.6369162078 0.27815983041097625 0.3577323578107956 -27.748965745031896 0.4407446638560941  738561.6369162078
0.5164888631784892 0.9917758314846603 1.6744864950721847 5.863142819104549 1.0549199663905664 0.06890401656921613 1.674404884385406 5.863103206406207 0.8613134211193898 0.28145217370026254 738561.6369164548 0.28008624388455394 0.37564650103848357 -7.481067848736483 0.4572111168507753  738561.6369164548
0.5338078625033377 1.006323190282661 1.6939180713027917 5.8698875500157115 1.0738500521605319 0.08490762419235566 1.6938600171800025 5.869852259549394 0.9056081881127487 0.30837847811253966 738561.6369166975 0.2822756967436023 0.395145895440511 17.91729864067733 0.4752459720475463  738561.6369166975
0.5509405652998894 1.0217239717088595 1.7133075794135406 5.8770623809056035 1.0924674722638583 0.10047004626435813 1.7132744068632875 5.877027572129919 0.9314248663391921 0.3354685557351845 738561.6369169354 0.2845241949641435 0.4167752667223365 21.63473888735206 0.49527595414568887  738561.6369169354
0.5679079949611294 1.03785183383821 1.7327332849672188 5.884581730947554 1.1106411851795865 0.11527818982950426 1.732717736834609 5.884554302546354 0.9435752886596621 0.35690306922427056 738561.6369171725 0.2862070780442939 0.439354879913776 8.50467904744788 0.5159972261411494  738561.6369171725
0.5849418479373321 1.0545017221386073 1.7485283598105639 5.890794638082256 1.0877198679788822 0.11422539208189068 1.7486924850793697 5.8908463161531355 0.8191470829270143 0.31772439989388446 738561.6369174167 0.2864869359284571 0.46027010401059243 -23.629859514373067 0.534840599685878  738561.6369174167
0.6014166040510587 1.0720179817937345 1.7670907168197336 5.8985902495828135 1.1040846067373162 0.12791017231792517 1.7670232209316827 5.898539758987159 0.8720842929050026 0.35732431244065677 738561.6369176528 0.2864990966683897 0.48425254133012624 -11.205470082741947 0.5563679260609314  738561.6369176528
0.617723665810104 1.0898955883351449 1.785819475779669 5.906489196347653 1.11946414225148 0.1405696584617851 1.785781402081397 5.906463678765215 0.9018558301307215 0.37727765792447376 738561.6369178896 0.28570483387072265 0.5077463566370461 12.193984079950056 0.5772423369654732  738561.6369178896
0.6332861598547829 1.1080608132677998 1.809531651319307 5.911986684743875 1.1396210511344225 0.1549776874438228 1.809361429928194 5.912091977186076 1.0278511335674088 0.29934178207446144 738561.6369181399 0.2811297069501389 0.5273228767090974 29.59297274405622 0.5933835539284759  738561.6369181399
0.6484198822512095 1.1265736189542097 1.8235455054662595 5.919175220052311 1.1008795287384245 0.15778991700974185 1.8238692546850546 5.919151409559204 0.7888574004060758 0.31691883957958533 738561.6369183908 0.2754111429127565 0.5464095933299998 -17.786609196390415 0.6086600994936484  738561.6369183906
0.6759452943328889 1.164377674540466 1.8463208680915957 5.938991888945246 1.1223964439607668 0.17692620307277573 1.8460749837315082 5.938460279335188 0.9792025391860484 0.7284509311990398 738561.6369186299 0.29998207424162976 0.6125204861621012 17.78320899654547 0.6778200966484702  738561.6369186299
0.6884082453247524 1.1834770639380567 1.8618967391881691 5.946277168078771 1.1289505478492021 0.18640205707927307 1.862074507729698 5.946567545049632 0.8417730130309432 0.5039659398240045 738561.6369188695 0.2882454007059665 0.6322484514472171 -3.124033007043156 0.6919897015513012  738561.6369188695
0.700050818472665 1.2028471531162657 1.8769414722927795 5.953488059141459 1.1331354246103964 0.1949386900782417 1.8770534304032478 5.95363429897481 0.7564169554884912 0.39247374351635783 738561.6369191123 0.2744472403070019 0.6505365327569437 -29.03972249043263 0.7043530031414847  738561.6369191123
0.7107069500956308 1.2222737798747476 1.8913361624628935 5.960485089992004 1.1347395957608852 0.20241973146668568 1.8914041865765998 5.960542782236534 0.704908713130719 0.3487888507406945 738561.6369193569 0.2584629344145392 0.6673713868127036 -30.177078210647505 0.7148893609414182  738561.6369193569
0.7204781663074304 1.2419557672949113 1.9004605722331476 5.966687893624424 1.0817651061684952 0.20225808517289726 1.9006797285488342 5.966729771714895 0.534856203688248 0.3162938968403556 738561.6369195955 0.2408027372527428 0.6851684787233779 -35.87321733173665 0.7260845225202495  738561.6369195955
0.7292750471428393 1.2619740316050485 1.9123690025354367 5.973377012260678 1.0780836511477125 0.20853223661719844 1.9123448684281192 5.973373354560251 0.5534863586975985 0.3191174330516479 738561.6369198355 0.22109737159198167 0.7022395115391444 -12.514912118128812 0.7362146128581052  738561.6369198355
0.7371232828009547 1.2819391746163402 1.9235994141444777 5.979804379001955 1.0717019549682474 0.21381566048115494 1.9236102527718384 5.979812943427069 0.5451583535510468 0.31253684179690805 738561.6369200764 0.19952777335554966 0.7177159082913521 2.863730246727904 0.7445477953920898  738561.6369200764
0.7440232087824508 1.3016818975880213 1.9341647837343132 5.985885024088225 1.0627065117745649 0.21828780243867493 1.934186974432562 5.985896897302343 0.5277351909850907 0.3032145150529683 738561.6369203123 0.17602134272893782 0.7328541641834239 0.34236847335586384 0.7522681497201285  738561.6369203123
0.7499293809653942 1.321505935708844 1.9488272885349425 5.9893579383209925 1.0513430344603585 0.22147140233416507 1.9486926668644875 5.989478617139606 0.628554387427505 0.21283722676667594 738561.6369205596 0.1511446516313341 0.7442548421478951 5.667990564674303 0.7561320395172769  738561.6369205596
0.7551252821100576 1.3408070972748016 1.952541335446256 5.9942072068969345 0.9798702789345469 0.21937805834462853 1.9529145628477522 5.994196571778207 0.3437528986779352 0.22095264818161378 738561.6369208023 0.12498752113646591 0.75444125200804 -40.067565379406865 0.7587768400449459  738561.6369208023
0.7593322843699639 1.3600628288092926 1.9602767738899112 5.998989500785367 0.9633662861532354 0.22147707322491042 1.9602703973590478 5.998982972142512 0.34862200879346167 0.2259379108026034 738561.6369210448 0.09717445565577433 0.7635199066250711 -35.022268111886945 0.7601394928665446  738561.6369210448
0.7625488201674216 1.3789646545249536 1.9667708774261023 6.003608673852133 0.944520703137309 0.22275567114158162 1.9668093414815098 6.003617089347382 0.3198698889496062 0.21964727593867356 738561.6369212925 0.06825249128349936 0.7697229601848266 -11.696085779029342 0.7586706173006396  738561.6369212925
0.764966900268506 1.3970409294048594 1.9727432838163081 6.007612780178888 0.9237954614583785 0.2230916780569578 1.972782559204443 6.007642910103031 0.2908049306229894 0.1973502336635212 738561.6369215427 0.038574956029368 0.7727484759839206 -0.018857106989177197 0.7540885100003271  738561.6369215427
0.7666772417710951 1.4146536798284008 1.978153900188638 6.011191063516886 0.9014093641703067 0.2228057181756757 1.978184672238686 6.011215827426117 0.2674883756795789 0.1785861588200648 738561.6369217872 0.007538530541922345 0.774883467047778 -3.6831640134345958 0.7484217151312367  738561.6369217872
0.7674962392360463 1.431395881657544 1.9779180380381765 6.014294167890977 0.8266380301377841 0.22369993662285076 1.9781523875808282 6.01432037495844 0.08813327239870139 0.15852906274784287 738561.6369220291 -0.02494116520155312 0.7746073474299808 -35.78786121447506 0.7401467282002039  738561.6369220291
0.7677768590645611 1.447128499564289 1.981366437389783 6.016598696573487 0.8010099470936689 0.22187176284134302 1.981309864597835 6.016637053743221 0.1324594346979177 0.12847528473163056 738561.6369222654 -0.058482416836169324 0.7720576618740429 -23.672150471197725 0.7293786775076756  738561.6369222654
0.767305130778353 1.4614479233674251 1.9843892982656495 6.018011607485931 0.7737570653376631 0.2188536742842652 1.9843786243259784 6.018065744835985 0.14050250639934772 0.08768148210376231 738561.6369225112 -0.09147304998929356 0.7643880941588462 -2.2968842436681065 0.7136974581539608  738561.6369225112
0.7661301293934036 1.4743229007917897 1.99055830464796 6.015697691419261 0.7413056858905946 0.2127627677535033 1.9904308956824328 6.015867161932459 0.2361527501592965 -0.03954579605868766 738561.6369227578 -0.12487488081081433 0.7528968411672639 15.184018635591258 0.6931167288588319  738561.6369227578
