-0.20572431213620998 1.3869296473523876 2.9382675613029465 1.3566726129750561 -0.8058073972721668 -0.012127124870344223 2.685062082655826 1.3923096332176514 33.851142501535215 -68.75546835425978 738568.4566025386 0.0006393697173593476 -0.0008676443257297572 -21.52136073452022 -0.0008091352283559504  738568.4566025386
-0.20575165259991454 1.386918146429927 2.906026292595301 1.3560815902865981 -0.8061517274540164 -0.017422705172287927 3.0955241628351824 1.292673293394263 23.580842436858585 -19.710133634678137 738568.456603019 0.000178972397736811 -0.00100427889195337 -18.641395750284918 -0.0003888431149654852  738568.4566030308
-0.20575656004876625 1.3869215123676186 2.881833476393111 1.355495384044859 -0.8067968463824096 -0.02169581297230269 2.9909437869455315 1.3452756696326345 11.217639572301911 -3.1837900116281155 738568.4566032488 -0.0007891965032450793 -0.0006818852238835902 -18.014584436735902 0.000625296712402256  738568.4566032764
-0.20575288197105276 1.386917656862803 2.865701092691438 1.3550297314358069 -0.8064234009648791 -0.024825706491641654 2.921955135817514 1.3533648369168338 4.944763726279605 -0.5342377579801472 738568.4566034825 -0.0005827703018008307 -0.0005886944205325105 -2.0848124461157784 0.0004432200442599964  738568.4566035172
-0.20572848388937784 1.386933643341329 2.861051398326493 1.3558597027162795 -0.6882839758529761 -0.013807943289540544 2.886591685504998 1.3555635798916714 2.066469129714167 -0.05796672900379185 738568.4566037136 0.001400074602830158 0.0007667971959709271 18.910882080820784 -0.001204312033033619  738568.4566037655
-0.20578093340807155 1.3868913788430641 2.8472792186130405 1.3555582065440728 -0.686392851373401 -0.017036063323089542 2.860068709003045 1.3555326889765709 0.602590729754122 -0.01628326044625479 738568.456603941 -0.00177425956286455 -0.0017811953772173933 3.2125216154170158 0.001352891708687894  738568.4566040082
-0.2057063597725343 1.3869447658055343 2.8336225346436454 1.3551694325087353 -0.6826365929979787 -0.02076885044999907 2.8397795905180234 1.3551702882769734 -0.09102132659864759 -0.017659114974255034 738568.4566041722 0.002733018269418887 0.001501730391559136 -2.005777515938842 -0.002348418273276535  738568.4566042532
-0.2057568972349372 1.386921476159869 2.8199896224229346 1.3547245172000733 -0.6798430677319538 -0.02426531840177158 2.8228725166354915 1.3547268123681104 -0.4242330393744802 -0.021445099678956466 738568.4566043975 0.00021397065318154267 0.0007885919607953057 -2.746821229372597 -3.992549851841991e-05  738568.4566045022
-0.20575971997066975 1.386928515129422 2.8064142414176576 1.3542035541000277 -0.6779085057075313 -0.027916435382214878 2.8070001147596653 1.3542007728347314 -0.4679346330671792 -0.01848430174177466 738568.4566047466 -0.00023544073237015802 0.0008231664873509285 2.0529879109811677 0.0004068409002665474  738568.4566047466
-0.20575932645693576 1.386908957734598 2.7924923761947587 1.3546914675060613 -0.6815393806088836 -0.02030457128930701 2.793243324384411 1.3546717039887872 -0.5484943266015201 0.011774023283003796 738568.4566049894 -0.0003910875514065709 -0.0004947038275672489 0.09124381064087683 0.0002759131671072827  738568.4566049894
-0.20578869085702314 1.3869057596500083 2.7719995179222536 1.353995835329206 -0.6846954399632094 -0.025716116013853187 2.773681803990615 1.3540162245899523 -0.7419913425892618 -0.021695437729834267 738568.4566052158 -0.002328301255026311 -0.0010731969966912853 -12.733987958324597 0.002042946066251625  738568.4566052388
-0.20578513436841026 1.3869139702846527 2.7582730714339183 1.3534361428796533 -0.6883401884800022 -0.029513426450426615 2.7583863461237192 1.3534395232578176 -0.7548552907263678 -0.027174162728576565 738568.4566054451 -0.002062239631261711 -0.0003850265713652186 -2.719950283821074 0.0019306833994902292  738568.4566054798
-0.2057859412744645 1.3868972046498607 2.7444558562609758 1.352796141706365 -0.6927773841045373 -0.03360174935596399 2.744279911917544 1.3527984436574743 -0.7349733650285866 -0.03088653951346855 738568.4566056755 -0.0013626121532084052 -0.0011153651069737323 0.7697203770012151 0.001089133275773323  738568.4566057217
-0.2057277548689161 1.3869503099104297 2.7311905500410956 1.3533002803460836 -0.6895897260095464 -0.023982085390622698 2.731020607142898 1.3532756081984076 -0.7151144960507267 0.010259805292071413 738568.4566058984 0.003699670000748316 0.002861892150373917 4.078144541318152 -0.0029949544628124253  738568.4566059678
-0.20577843356572834 1.3869329282906722 2.717355656510033 1.3527761739082114 -0.6930643969265505 -0.028573415416619206 2.717141374897762 1.3527922546786897 -0.6921355634822911 -0.01435093139074449 738568.4566061413 0.0014757467468716613 0.002428717686691318 1.745162132926355 -0.0009154877593695577  738568.4566062039
-0.20575144717070082 1.3869249779431434 2.7034616534947795 1.3521461949462237 -0.6955751537255476 -0.033715979790540786 2.703385385360279 1.352154127029902 -0.683745522816283 -0.026804133723643046 738568.456606378 0.002274302711901367 0.0012594914643085282 -0.22584421960082057 -0.0019469552320055242  738568.4566064475
-0.20577736228833005 1.386913754659308 2.689518946186052 1.3514224757539235 -0.6973777094829088 -0.03890447739091913 2.6895303959107246 1.351426770230567 -0.6850224148595485 -0.03363919161874587 738568.4566066115 0.0004577287991474606 -0.00018195763535605418 -1.054671577459282 -0.00048635617789719965  738568.4566066856
-0.2057256150323767 1.3869310771107206 2.6748768427353036 1.3505334544578291 -0.698322675362028 -0.04480988715562155 2.6750330522837915 1.3505384420654891 -0.7026258043756705 -0.041660658970606515 738568.4566068426 0.003327313261104764 0.000518176126942304 -2.2010754325866673 -0.0031337112280037647  738568.4566069236
-0.20579805143619412 1.3869058737634632 2.663164857001827 1.3508598110699763 -0.6738845432829457 -0.035359198725222606 2.6628643101816385 1.3508342410726746 -0.6680618798968608 0.00030696746432257865 738568.456607069 -0.0014793837286659157 -0.0011455829643504836 4.368038200948358 0.0011938181356756414  738568.4566071616
-0.20577275366820832 1.3869064777062745 2.6496732232917353 1.3500915320552587 -0.6754774014955269 -0.04095329203485734 2.649674441961917 1.3501083793056585 -0.6682008289694509 -0.0271069634220497 738568.4566072974 -0.0009929359191092168 -0.001412455705815868 -0.07613578412520994 0.0006596395724340426  738568.4566074015
-0.20576527650049126 1.3869093308223432 2.6361535310956072 1.3492074573848731 -0.6773199210856897 -0.04667164931593281 2.6362452156795206 1.3492159098251575 -0.6788468447722315 -0.041113982317469655 738568.4566075217 -2.645682230362602e-06 -0.0009482206699259707 -1.9584136414973217 -0.00020581886959898372  738568.4566076477
-0.2057382986972585 1.3869306465403477 2.6158110033747155 1.347659971708325 -0.6805039320187568 -0.05551006790076052 2.6157111291295196 1.347666283998174 -0.6716027867850065 -0.04764811811132346 738568.4566078808 0.0009279066135366239 -0.00010872191747444678 -1.0892664394861171 -0.0009289611406706895  738568.4566078922
-0.20578632734973734 1.3869155302594096 2.602170381640535 1.3464890259116244 -0.6830509594643687 -0.06145047487232553 2.602195921407609 1.3464941538680768 -0.6744869467648572 -0.05591267470289057 738568.4566081114 -0.0018460580004913741 -0.00043826327596851447 -1.2699002316982997 0.001702327959274309  738568.4566081344
-0.20575541833457542 1.3869196907630117 2.588024829179231 1.3464689696541958 -0.6901573720121474 -0.05428664670598536 2.5881840977418746 1.3464449614001763 -0.6928317740149879 -0.016447233854188698 738568.4566083375 -0.00027402596020231263 -0.00017632683286541837 0.7856860144672082 0.00022793594018462627  738568.4566083706
-0.20572425655307053 1.3869348260061987 2.574218009229199 1.3452966221865736 -0.6919866424196778 -0.060855399694512466 2.574215384599463 1.3453149913395672 -0.6925391609142647 -0.04567446457262832 738568.456608571 0.002338304111712256 0.0009434997309524914 -0.5732586773020356 -0.0020681437392437523  738568.4566086172
-0.20574504551266767 1.386917088800065 2.560350038544925 1.3440043455497332 -0.6939773971538623 -0.06733524763454378 2.5604266853125464 1.3440139708231478 -0.7014611158073492 -0.06166459731218757 738568.4566087947 0.0012023619615078088 -0.00016439251645646155 -1.9384957962251559 -0.0012085368860424734  738568.456608864
-0.20578645018985317 1.38690837682897 2.5464419624083194 1.342592053350742 -0.695661600962346 -0.0736870341011704 2.5463216289303263 1.3425948978592632 -0.688573600649296 -0.06601232939617169 738568.4566090378 -0.002027369460494314 -0.001019834502542039 -0.3342743179534273 0.0017440924536662496  738568.4566091071
-0.2057821205139965 1.3869066065618563 2.532517240628692 1.3410412907399711 -0.6968055125429057 -0.0802340889951024 2.532525372439052 1.341046579979089 -0.6894896204473377 -0.07451555368595748 738568.456609269 -0.0025560306982827766 -0.0012425080989637198 -1.0021612526355361 0.002205896309293922  738568.4566093495
-0.20577972098902256 1.38690664368115 2.5194223455181053 1.3407050533809746 -0.6892089620268921 -0.07287073246325151 2.51931740990922 1.340679280911977 -0.677657836543258 -0.03304343876221577 738568.4566095 -0.0019874099784557226 -0.001012861570068403 2.743247504043395 0.0017040332621354277  738568.4566095948
-0.20576824554172107 1.3869169923150133 2.5056497462194693 1.3391661835859194 -0.6894120863273363 -0.07938263513653272 2.505716099806376 1.3391856880893784 -0.6852917055721033 -0.06506835583292786 738568.4566097263 -0.00044582496584255485 8.652946427895221e-05 -1.0965239433041472 0.00045378261362387167  738568.4566098389
-0.20573867783915983 1.3869271003597061 2.4918798221956897 1.337494725003678 -0.6892978483654296 -0.08580995813559181 2.490728575183027 1.3374878404129311 -0.6008893074929097 -0.057864961100975575 738568.4566100815 0.000750902152112188 0.0005589711854873867 3.097296940414499 -0.0006013299399513583  738568.4566100815
-0.2057265296293843 1.386931515932188 2.471215985550905 1.3347592622360551 -0.6889195845051926 -0.09522005012232508 2.4724870855166845 1.3347955901097281 -0.749445361629914 -0.11845809880940197 738568.4566103043 0.002454907902857946 0.001157300928620355 -15.191799474810438 -0.002116202598109156  738568.4566103275
-0.2057356981029434 1.3869388428101392 2.4583026044684546 1.3343711909241462 -0.6792628432736676 -0.08287602620451048 2.458118092698089 1.3343261933966928 -0.729159805965679 -0.047854912946134406 738568.4566105412 0.001759705515078694 0.001532213405471915 0.48933547265062494 -0.0013518648090707405  738568.4566105637
-0.20575374264955096 1.3869208070537498 2.4514968399530694 1.333529329453572 -0.6795548265703757 -0.08572439033970194 2.450156619708196 1.333525112196405 -0.5825514247045646 -0.04127097809453258 738568.4566107793 -0.00014422785928389385 0.00010899332322153628 10.332094850144278 0.00016580573146757012  738568.4566108023
-0.20577375997105762 1.386896708056775 2.4378818669560984 1.3317554586407436 -0.6800886441111588 -0.09147028754589158 2.438013131778934 1.331777017418322 -0.5975722842393005 -0.07647914183407598 738568.4566110069 -0.002362657377948318 -0.002207525283467233 -1.7092885295581972 0.0017727987397238142  738568.4566110412
-0.20574076178171838 1.3869312531856242 2.417507577581104 1.3288665645865263 -0.6799054291590317 -0.10006812429256964 2.4188756440819237 1.3288976235273193 -0.7514322243250078 -0.12633059315029493 738568.4566112384 -0.00044148366379981015 -0.00019140037590179883 -13.919879878666551 0.0003827714790025714  738568.4566112804
-0.20571819300682606 1.3869268411009734 2.403919326291885 1.3267964911029293 -0.6799483918293413 -0.10575473412535555 2.403903456583963 1.3267868162162588 -0.7496500672294157 -0.11082473695126714 738568.4566114703 0.0017605781481542836 0.0002242527848812752 -2.283692901822887 -0.001654252517821964  738568.4566115199
-0.20572737329574023 1.3869437483078035 2.391076069263212 1.3260968915188722 -0.6718670317404574 -0.0940729792258744 2.3907986061769564 1.32606397888816 -0.7175105567448087 -0.05641589815623685 738568.4566116951 0.0013962727759460523 0.001510686671354107 5.066169991101611 -0.000988691977633246  738568.4566117633
-0.2057400121672337 1.3869335950394257 2.3776270215103743 1.324160815436954 -0.6724279112950547 -0.09926746936139126 2.3774525668265962 1.3241784056460928 -0.6977629143017849 -0.08483278117513299 738568.4566119252 -4.648183829346038e-05 0.0008529369191144921 1.9073086450027743 0.0002533135634659258  738568.4566120077
-0.20573652639470144 1.3869383719294313 2.3641735516672613 1.3221192119390504 -0.6728768752546921 -0.10439420544077888 2.3640562516967507 1.322127213445489 -0.6846202372240588 -0.09762749299357783 738568.4566121576 -0.0004432448806082645 0.0006880909641948077 0.3334571329900784 0.0005989644759453653  738568.4566122564
-0.2057440701720818 1.386918302421419 2.350696655515002 1.3199766122516168 -0.6735181984278485 -0.10941762145775287 2.3495822291075537 1.3199597883497896 -0.6001588533264404 -0.07943021879547907 738568.4566125012 -0.0007669051120103972 -0.00012242098525341752 4.176635734224696 0.000712523453962179  738568.4566125012
-0.20573979068081258 1.3869313554752485 2.330484394929717 1.316573453297141 -0.6743443311346499 -0.1168708135668062 2.331596166876588 1.3166134672265226 -0.7237293060412615 -0.14290232984214302 738568.4566127355 -0.0006400680111630491 0.0001514640555959621 -12.046335784708102 0.0006575878050463075  738568.456612747
-0.20575597275641902 1.3869201426707911 2.317825839321739 1.3159300504552338 -0.6604961162009687 -0.10245619022153983 2.317730387603027 1.3158815996962947 -0.7129104999520777 -0.06452887646720418 738568.4566129652 -0.0016287459580768356 -0.0005715452224215779 1.6074269666686671 0.0014320369078216167  738568.4566129836
-0.20574677989268123 1.3869141171879638 2.3045992568019624 1.3138275957838308 -0.6619859696153062 -0.1070793764482637 2.304408646453279 1.3138446420567136 -0.6915630095311179 -0.09177486711729063 738568.4566131978 -0.0010162338810059425 -0.0010989258207617343 1.490573500286012 0.0007035736725322103  738568.4566132207
-0.20572983096862976 1.3869297925175301 2.291358535378428 1.311634114488499 -0.6634953533918313 -0.11156761008174768 2.29113000806717 1.3116406203568656 -0.6670028258938908 -0.10175351244918203 738568.4566134401 0.0004365908938240312 -4.84335008985265e-05 1.2158508904645742 -0.00043442304231085916  738568.4566134631
-0.2057318108422526 1.3869303823053278 2.2780766835989006 1.3093590231369423 -0.6654298689978336 -0.11578668493195458 2.2781061486007737 1.3093661862944999 -0.6704389290046119 -0.11367518073550377 738568.4566136635 0.0007605375774486793 0.0004465911191006836 -1.076406653714971 -0.0006192640272114717  738568.4566137128
-0.20579466914789554 1.3869063967304864 2.2647229943804885 1.307018918141379 -0.6682310207491906 -0.11955731908705346 2.2646535518533537 1.3070190198502392 -0.662857550885453 -0.11383365335734365 738568.4566139019 -0.0033348703044632664 -0.0010148905501221534 -0.13028743170098311 0.0029549122092162048  738568.4566139563
-0.20577726462426818 1.3869243759289351 2.251261758831595 1.306611087791564 -0.6722888115073582 -0.10210174628759532 2.251325581781952 1.3065700621767031 -0.670183662325619 -0.04662509838255838 738568.4566141288 -0.0028493243067357456 -3.5533084397996757e-05 3.035010994248175 0.002741190134697969  738568.4566142014
-0.20575114254302107 1.386922947196991 2.2378013838099577 1.304524977951711 -0.6752753242040695 -0.10581854692202461 2.237864846956983 1.3045504432738542 -0.6774734380710903 -0.08837106811334597 738568.4566143556 -5.644241867126766e-05 0.00025981942000371616 -0.6226898222095039 0.00012282116638603593  738568.4566144384
-0.20573639708938463 1.3869443006366267 2.2242899950090327 1.3023689501087936 -0.6781777124365479 -0.10937158416424633 2.2242115398969915 1.302376753090773 -0.668970867668638 -0.10043982138439786 738568.4566145958 0.0018956695302141473 0.0016767363800515062 -0.40035178142078043 -0.0013830876271750257  738568.4566146827
-0.20577404847984684 1.3869115592288812 2.210676120011775 1.300155982680915 -0.6818478145097018 -0.1126559786316731 2.2107510235590246 1.3001618065725444 -0.6775988084179081 -0.11001376507734284 738568.4566148219 -0.00032647825992678523 -0.00047465914125155743 -1.4800842635631197 0.00018769499601964732  738568.4566149238
-0.2057514354963584 1.3869117750949285 2.197009955128561 1.2978661240736304 -0.6851354409589219 -0.11610655297422624 2.1959801455547083 1.2978440677382048 -0.5997866717500174 -0.08622912472442143 738568.4566151665 0.00015014466926518093 -0.0007217572225992016 3.291397023648984 -0.0003391398775378154  738568.4566151665
-0.20575742133911973 1.3869263775547902 2.1844163536431447 1.2971329770576598 -0.6768213847044958 -0.10254745476647842 2.1853137208430353 1.2971297129089951 -0.803139280248787 -0.07567256760678759 738568.4566152815 1.2351064576601706e-05 0.002905771156443831 -30.669350034799145 0.0007734230458817759  738568.4566154042
-0.20573122871512864 1.3869308344475244 2.164041216606823 1.2939745529485618 -0.6816562127096991 -0.1073434375024112 2.1635899668772276 1.2939944679548248 -0.7692936353842944 -0.09699020648801449 738568.4566156287 0.0008129836061813169 0.002993515374306943 -18.592744649004505 3.609474330130134e-05  738568.4566156518
-0.20578003556130015 1.3869015285714366 2.1503437370608816 1.291805180225551 -0.6853729759359641 -0.11017435925337532 2.1499476049187045 1.291809839945573 -0.7256816950438868 -0.10431167105707426 738568.4566158652 -0.0020020717916213217 0.0007687893489599757 -5.820621086021596 0.002136372966892737  738568.4566158998
-0.20575849331914126 1.3869254465375809 2.13661320188474 1.2895692566639136 -0.688377809167934 -0.11303237558540805 2.1363616877499427 1.2895714593534426 -0.698131841653712 -0.1077550355564189 738568.456616103 -0.0011708695516388513 0.0016082284526752685 -1.4511860533215426 0.0015712118896900721  738568.456616138
-0.205755958037494 1.3869256090292548 2.1236764268908783 1.2891604868367887 -0.6821776946718524 -0.09360768680089822 2.1234700248627294 1.2891212000673844 -0.674932609648564 -0.044734980156500986 738568.4566163346 -0.000432873794968915 0.0017582688111730982 3.5532492684367796 0.0009044905659163953  738568.4566163808
-0.2057460812350758 1.3869173591298594 2.1099933362103243 1.2872592760094967 -0.6856815500017263 -0.09597235780664802 2.110158799274353 1.2872826135488582 -0.695127187981603 -0.0853850789864904 738568.456616548 0.0007792497959634775 0.0009006663498614203 -2.0584319158469544 -0.0004961715602558362  738568.4566166244
-0.20576950787412934 1.3869105483037298 2.0962319063202934 1.285323325562711 -0.689354654068021 -0.09796112222799079 2.096116318720528 1.2853269223595938 -0.6827864620437027 -0.09086555385441626 738568.4566167919 -0.00046270202377431645 0.0001708113368901281 -0.41236337008297697 0.0004920782150539861  738568.456616861
-0.20576635756327316 1.3869173040799356 2.0824091598305157 1.2833454780689115 -0.6928705348319831 -0.0998416740019863 2.082424214772039 1.2833492988147064 -0.6844854510093775 -0.09701919893758015 738568.4566170226 -0.0005719291789836987 0.0004160073431347704 -0.8294827237165121 0.0006664044066651109  738568.4566170974
-0.20573097374009258 1.386922581668831 2.0685253140843365 1.2813194362928333 -0.6962532017731736 -0.10183744106232503 2.068538603000086 1.2813210472926493 -0.6859668049480081 -0.09958213395254488 738568.4566172563 0.0019260407026274787 0.0008495622234655123 -0.5715034892091799 -0.001603396242358837  738568.4566173417
-0.20573278268663706 1.38692769563966 2.0555135657489676 1.2811016011740293 -0.6896012151549605 -0.08235980063305744 2.055456646869607 1.281062832588559 -0.6794014150780593 -0.035762111830258236 738568.4566174821 0.0022999609340278275 0.00125322377142834 3.445063309734606 -0.0018461286416549133  738568.4566175846
-0.20573245358885345 1.3869314989612698 2.041687732301975 1.2794414722757137 -0.6932599894703015 -0.08384625220449671 2.0416548897943416 1.2794614025942612 -0.6758087317865547 -0.06687710285162352 738568.4566177202 0.0019055532460078638 0.0013925021852908516 0.734498897516715 -0.0014252482038155042  738568.456617824
-0.20573258144617135 1.3869470848971515 2.020818067093251 1.2768977301519904 -0.6984975757812077 -0.08605719032353727 2.0209726331697166 1.276911169107435 -0.687636572887409 -0.0815538437692691 738568.4566180605 0.0014799470482799314 0.0016901636638637632 -0.6583330402422192 -0.0009268730629765227  738568.456618072
-0.20574311225038885 1.3869410347612388 2.0068056886444987 1.2751675357978045 -0.702148053773443 -0.08747523316349766 2.0069103149264746 1.2751707079613603 -0.6996158201241622 -0.08673727239062347 738568.4566182878 -2.723744000729801e-05 0.0010246611005485088 -0.9309974951034379 0.00032458207765969325  738568.456618311
-0.205738937403912 1.3869363611343093 1.992720406813044 1.273403193647675 -0.7057532259404332 -0.0890032618466532 1.9927157543233174 1.2734032986484922 -0.6991007588113776 -0.08690316956997399 738568.4566185231 -0.0003515670316144491 0.0001620645834443195 -0.08552466213397658 0.0003836240985930592  738568.4566185578
-0.2057812601817348 1.3869269509211286 1.9797084186966207 1.2734797028278717 -0.6979276094163754 -0.07064926047753432 1.9795503652845572 1.2734388405162145 -0.6813364625989998 -0.021358122837115287 738568.4566187548 -0.0033526019664402605 -0.0009410740143632006 4.213793193399652 0.002929817123584371  738568.4566187981
-0.20577617023902622 1.3869122508750207 1.9649977963456313 1.2719798069388435 -0.7019583345501067 -0.07202264389632992 1.965042878763502 1.272002569762713 -0.6861793337400246 -0.056255651009180674 738568.4566189973 -0.003304985651525498 -0.0020957607063670086 0.25084217855206337 0.0025415573795833815  738568.4566190433
-0.2057685086215746 1.3869024623637447 1.950916777315017 1.2705190191828017 -0.7057093077596033 -0.07344645117505445 1.951104364448968 1.270528504223205 -0.7085371804074957 -0.07238953484520186 738568.4566192158 -0.0018731660738918344 -0.002882361123165912 -2.2128454533105195 0.0009367908026768311  738568.4566192791
-0.20576799857909134 1.3869176524672675 1.9367779670010095 1.2690335214835249 -0.709240056220527 -0.07487025887957474 1.9367508978789993 1.2690338365813367 -0.7055601467032369 -0.07288410486256823 738568.4566194526 -0.000891821294153165 -0.0014922362245929374 -0.5505420041554545 0.0004080252064782479  738568.4566195217
-0.2057749819774668 1.3869207172830933 1.9225630754872607 1.2675219817460381 -0.7128533397746826 -0.0763095380050304 1.9226003407734735 1.2675235638850917 -0.7097994437222154 -0.07545276620977297 738568.4566196814 -0.0006599316083441399 -0.00037818589832349704 -0.5794232736050283 0.0005168708168484473  738568.4566197622
-0.20571092057148962 1.3869486089273089 1.910740404485964 1.2680328965028191 -0.6914473467174118 -0.05620512983158812 1.9103756006258807 1.267987616782126 -0.6685963900268665 -0.0024655947037289794 738568.4566199121 0.0040961894084687 0.0020569267554362844 5.689255758697368 -0.0032965877292285206  738568.4566199998
-0.205776552458087 1.3869171916548102 1.896848887496961 1.266913198814607 -0.6953499683080266 -0.056995110033642264 1.8968232319468283 1.2669362375535653 -0.6657765939887305 -0.038603908407198774 738568.456620149 0.0006143529546889064 0.00041358292444711674 0.8700191170380895 -0.00046244892334345374  738568.45662025
-0.20572976873025892 1.3869298963470826 1.882916590805388 1.2657556570381112 -0.6984657361125928 -0.05798419978881569 1.8819437700088262 1.265756144883947 -0.5928642184293794 -0.03912573213065095 738568.4566204965 0.0014152468496081644 0.0004850731714199885 3.2087280496407655 -0.0012042286292718505  738568.4566204965
-0.20572484662419718 1.3869248444554194 1.8618868247359501 1.263994635489955 -0.7032686662181155 -0.059366434115728055 1.8632738573273435 1.264017359712771 -0.7553357545485413 -0.07711426094365295 738568.4566207188 0.0020561737311577464 6.087021543607347e-05 -13.161126921666202 -0.00194177591327565  738568.4566207359
-0.2057695099103624 1.3869240983227011 1.847772324325631 1.262813953760056 -0.7068398973000973 -0.06008568163402006 1.8478153854833337 1.2628060402658154 -0.7601401628112507 -0.06451354244913343 738568.4566209522 -0.0012673768888308702 -0.00014397721311444967 -3.0836247045108536 0.0011640984057523641  738568.4566209753
-0.2057515450370825 1.386929171664942 1.8336932714845786 1.2635626201315198 -0.7097103929636204 -0.042779091665779485 1.8334953390724442 1.263516267353148 -0.7380994945688366 0.009150648986541263 738568.456621186 -0.001020871170518454 0.00014633094029478045 3.8873910228347723 0.0010173215073319842  738568.4566212207
-0.20575128145204857 1.386924542913505 1.8194491935795918 1.2626926882140341 -0.7139072788027783 -0.04397807019326167 1.8194269569526633 1.2627151756226238 -0.7354961408091292 -0.028422405567645345 738568.4566214085 -0.0007318958702620634 -0.00012589118484701271 0.33328771640660637 0.0006592543874375243  738568.4566214662
-0.205762494239925 1.386920086884698 1.8051128698549497 1.2617995147317091 -0.7185887797594637 -0.0453747220571911 1.8049434550521686 1.2618067505436439 -0.7172589630093991 -0.03953886182709759 738568.4566216504 -0.0012174569608703221 -0.0004632868064516156 0.4867073407413197 0.0010189101696882709  738568.4566217085
-0.2057630067055375 1.3869170469600463 1.7906841939847382 1.2608727014995622 -0.723415518433829 -0.04707016196750651 1.7907400836645333 1.2608764649342925 -0.7237432844700038 -0.04577032623840681 738568.4566218748 -0.0011672782486350831 -0.0007061501717932556 -0.9939490942134203 0.0008962996078310642  738568.4566219561
-0.205720348285779 1.3869430149832394 1.7761888066321907 1.2598971135257464 -0.7277366118180157 -0.04918250124557632 1.77615702652299 1.2598981609285995 -0.7202346890316814 -0.04742063223238179 738568.4566221107 0.0019086567721057354 0.0010795075819072246 -0.2904756338906259 -0.001486916198647935  738568.456622202
-0.20573749347886622 1.3869334999440246 1.7631616647777575 1.2611185717005253 -0.7176697927908207 -0.02942205971590253 1.762821329298983 1.261068709868488 -0.6837642176247407 0.02883557456612771 738568.4566223538 0.0014357865776510547 0.0008386337200668955 4.953216190259664 -0.0011119137470371994  738568.4566224458
-0.2057533843270692 1.3869311152967845 1.7631572068281474 1.2611239137932888 -0.7178069909521573 -0.02929558958272427 1.7609484447689645 1.2611354518685882 -0.43147065717053273 0.01002667375502763 738568.4566225817 -0.00022971532345544485 0.000360227091943517 16.376126483099764 0.00032856655728555567  738568.456622694
-0.20575265619165498 1.3869166073300627 1.7270093490881586 1.2595634061405374 -0.7270973946572918 -0.03300330091205301 1.7303676090377214 1.259605548233623 -0.6832263493353029 -0.03506059270802408 738568.4566229291 -0.00045913509563031514 -0.00022900468821220412 -5.015370277669167 0.0003669480546630522  738568.4566229407
-0.2057501657919878 1.3869211308452014 1.7124343264587216 1.2588865738746369 -0.7301569419648232 -0.034541329496880185 1.7131281716535463 1.2588870517871869 -0.7616730340253245 -0.035831732758797766 738568.4566231595 -0.000385863027814788 -0.0003068513573246142 -0.5176541978615905 0.00027307928327984963  738568.4566231825
-0.20575331291941723 1.3869028272006008 1.6998662915366958 1.2600174415300098 -0.712541171106127 -0.01691082104098085 1.6997160216044376 1.2599769762466277 -0.7435386751247025 0.03386068277677036 738568.4566233753 -0.0005197613020244943 -0.0016540087546409604 6.570911902945892 -1.0933889496466472e-05  738568.456623431
-0.20580812958484282 1.3869165414813551 1.6855753289651751 1.2596814021541134 -0.7160345103447953 -0.018267544517934487 1.6853384261807376 1.2597040589397703 -0.7181676450878263 -0.0007682450725362416 738568.4566236184 -0.0037974369247230433 -0.0007855267864000512 3.5686879687149338 0.0033746672031571457  738568.4566236761
-0.20576018126355888 1.3869205491947527 1.6712299948070999 1.2592793690673822 -0.7195078007941824 -0.0204483017766224 1.6712051813765205 1.2592885812822106 -0.7153565949450014 -0.015662495548152498 738568.4566238483 -0.0008010146255872166 6.175893034527139e-05 0.3431734152420667 0.0007813908553762076  738568.4566239207
-0.20574445178534986 1.386940126525881 1.6568198938273822 1.2588358375133235 -0.7230811805021936 -0.022784692014372644 1.6568668392393604 1.2588390821653075 -0.7207186264466904 -0.02095153910507935 738568.4566240762 0.0016877702163483545 0.0017747288586940635 -0.7322070096262492 -0.0010615989396546843  738568.4566241674
-0.20574750963848587 1.3869229654256743 1.6423053467535669 1.258349191111623 -0.727344333927384 -0.02522528595943082 1.642233321665657 1.258350394799303 -0.7129381955130942 -0.022807233626343782 738568.4566243173 0.0020389412705648035 0.0008880927949421973 0.056434514359519405 -0.0016672350415645352  738568.45662441
-0.20576415336328766 1.3869058593963386 1.6217985901515584 1.259665505853443 -0.7208476302296605 -0.008418409024195023 1.6227885149120873 1.2596256605619705 -0.8243911978784526 0.04121626579069142 738568.4566245486 0.0006778427316741268 -0.0007822835076637876 -4.349399174987967 -0.0008847827857909648  738568.456624654
-0.2057406307761263 1.3869322847750314 1.6066238198953433 1.259454357729059 -0.7250992339711709 -0.011003050298059716 1.6065888521318068 1.2594766417188366 -0.8204322130839323 0.005209696571851455 738568.4566247787 0.0017223413391275115 0.0006443004556332977 -0.40737102730442176 -0.0014421642498905298  738568.4566248936
-0.2057294955866277 1.3869445769953452 1.5920889430093192 1.2592030909966359 -0.7291629210673728 -0.0134827976579425 1.5904846908780528 1.259212750077148 -0.6996890535446434 -0.005165552048002111 738568.4566251247 0.001967560032699767 0.001145146604677644 4.4544057435658075 -0.0015217408588993947  738568.4566251362
-0.20576359503516603 1.3869175976466708 1.5774373748127912 1.2589177602176096 -0.7336226749579876 -0.0157062949808142 1.5772279696534837 1.2589220128067322 -0.6767255287249225 -0.011821001864866341 738568.4566253622 -0.0005468757193741029 -0.0005425374832216862 -0.6204104600408265 0.0003540177238986753  738568.4566253737
-0.2057591435082677 1.3869191616346188 1.5627175545065226 1.2585799170221965 -0.7375688131899719 -0.01798345820720371 1.5629918050666674 1.258582584845122 -0.7093584926036843 -0.01635142548021589 738568.456625581 -0.0011704838031124844 -0.0010445918910488173 -3.626163969434019 0.0007930309987319928  738568.4566256155
-0.2057437265655757 1.3869406276271734 1.5506193278459932 1.2603446747274671 -0.7163048089719198 0.0004838280890860539 1.5502862245809066 1.2602975309795725 -0.672577119851687 0.05794124424517242 738568.4566258169 -0.00014502516799055226 0.0003877937149674355 3.6985005958658106 0.0002565589492480684  738568.4566258629
-0.20577794732784785 1.386918588890584 1.5362466506411365 1.2603459423476262 -0.7196236760496684 -0.0010725313582286293 1.536365034712124 1.2603706322793502 -0.6860474083839552 0.01784752617967726 738568.4566260458 -0.0021453182777706244 -0.0007513065801940837 -0.9330070367599252 0.0018132488684320025  738568.4566261035
-0.20572982118615876 1.3869290899461824 1.521840130842215 1.2602890861373295 -0.7221750279448209 -0.003135286901309436 1.5218662554837417 1.2602993273244594 -0.6888553198337019 0.002138249643399426 738568.456626288 0.0006618544085725073 -0.00033211847644770226 -1.1480297542601543 -0.0007316797068949854  738568.4566263468
-0.20575087823046365 1.3869171941318241 1.5073634368689237 1.2602080974825927 -0.7249415043141442 -0.005109686464915 1.5075693439808815 1.2602110731708778 -0.7130035421609917 -0.0028422632513622507 738568.45662651 7.891611895114261e-05 -0.0009911342635675281 -2.206978433069456 -0.00037804953387703854  738568.4566265953
-0.20576454921410964 1.386936149876991 1.492845521718527 1.2600912291403588 -0.7275407115119366 -0.007284604894133157 1.4928811560435462 1.260092624993431 -0.716945768573837 -0.005046131096426843 738568.4566267454 -0.0010488826943987103 0.00024533944884945285 -0.8765515878480017 0.0010736679835051627  738568.4566268438
-0.20574412730033595 1.3869341780119562 1.4717642787848404 1.2625929487305858 -0.7251834502418367 0.013199882595780636 1.4717536337785035 1.2625333367704852 -0.716135145603378 0.059739575388712184 738568.4566270874 -0.0004485633566169166 0.00033373438302893076 1.16175982159076 0.0005286644773674768  738568.4566270874
-0.2057242971548971 1.3869413569315605 1.4572367514238802 1.2628179500678982 -0.7281648874344883 0.010494571570064622 1.4572553378169275 1.262838575505895 -0.7182147871988184 0.026803687671358732 738568.4566273201 0.0013678272743186397 0.0007635858236261905 -0.6602163449934189 -0.0010720008522677276  738568.4566273318
-0.20578121910081076 1.386887989300293 1.4425959155433163 1.2630126753326743 -0.7320333462069233 0.008027647245602192 1.4426857140365201 1.2630205962907888 -0.7285078069637655 0.013846096021049767 738568.4566275474 -0.0023573605136718865 -0.003055015685737 -1.5619454863977615 0.001321073483466018  738568.4566275704
-0.20573900663725914 1.3869438673228371 1.4279585264118435 1.263132870990218 -0.734452444089251 0.004889225537624783 1.4279461922574925 1.2631366756711295 -0.7271421584655801 0.007834073383309131 738568.4566277826 -0.00032690610289845025 2.8323701051870438e-05 -0.7527670905352899 0.0003201331601195319  738568.4566278172
-0.20582597491689988 1.3868029160866628 1.4146342643648846 1.2652406302324886 -0.7234838637720596 0.02355078135922589 1.41437310603991 1.2651969138729595 -0.6985508524956132 0.07613819691559634 738568.4566280204 -0.005172632248032544 -0.007962319437239254 3.5168269091224325 0.0025377853382317233  738568.4566280552
-0.2057830513780367 1.386932540449972 1.4002185413300126 1.2656775207657995 -0.7246245495806715 0.020217829181225985 1.4002417821393562 1.2657010632071843 -0.701158296906735 0.0384428171168592 738568.4566282525 -0.0027891278210323838 -0.00016731232224007336 -0.1686041150207509 0.002610039838491759  738568.4566282987
-0.20578656269687248 1.3869072586169238 1.385721014962642 1.2660369414872206 -0.726430413406509 0.016334869866106074 1.3858227798715426 1.266046512724198 -0.7127209900854444 0.02292245543014272 738568.4566284817 -0.0013746222694217033 0.0011301701053034532 -1.5307049301666014 0.0016504015226739852  738568.4566285384
-0.2057820729343971 1.386906717257792 1.3711815384418184 1.2663131633349507 -0.728132937065422 0.012040264538386731 1.3712573524091904 1.266317415832911 -0.7213024466529437 0.016052898707068622 738568.4566287118 -3.8988062280434065e-05 0.0015200418832394384 -1.32983129355579 0.0004929034783625884  738568.456628781
-0.20571624502005062 1.3869321857365884 1.3566322749912707 1.2664768459677005 -0.7293799241185964 0.006976639613441024 1.356689188374879 1.2664804041369244 -0.727775505684874 0.010277332378493906 738568.4566289408 0.005226188543839385 0.0032715053579672635 -1.0141867503805035 -0.004005763927077606  738568.456629025
-0.20579519608268715 1.3869154207484682 1.343800951577746 1.2685053707425413 -0.7135185711826384 0.022882779880783327 1.3435265831616359 1.2684644488952173 -0.6970095215282726 0.07576578694718086 738568.456629173 0.0006831663855006928 0.0021318248294347484 3.6074480109803493 -1.7528103060344925e-05  738568.4566292745
-0.20581562360758265 1.3869149852880929 1.322329790634156 1.2691074283360537 -0.7170408999174014 0.016193798565855233 1.322402170551426 1.2691436975295767 -0.7024814203128855 0.036633909286025945 738568.4566295175 -0.0006784725919286934 0.001654575035830148 0.8254394194117443 0.0011394593305696337  738568.4566295175
-0.20574271090862842 1.3869357718481603 1.307985203973244 1.2693560718409962 -0.7191762775739838 0.01098083370646141 1.3080264814312406 1.2693679069897474 -0.7070892695441899 0.01777867850471947 738568.4566297508 0.0035607338977349753 0.00235331270752069 -0.6377010832528629 -0.0027014912332346793  738568.4566297625
-0.20579264993902033 1.3869330024747468 1.2935652060346194 1.269542503138946 -0.7219920216381867 0.006341205743146514 1.293541475644192 1.2695468397813177 -0.7045050844914561 0.01103890734933561 738568.4566299899 0.0011993424485132013 0.0018783727341879944 -0.394501657252695 -0.0005879836902271966  738568.456630013
-0.20576252520385366 1.386919778157343 1.2790872607580355 1.2696047630709126 -0.7249187763727927 0.000989327382633942 1.2791444191552428 1.2696084297283765 -0.7109322689683301 0.00515475540331785 738568.4566302215 0.0022552127965921216 0.0003222413935846202 -0.8487926067248315 -0.0020580958181345274  738568.4566302515
-0.20575493116574303 1.386931483944024 1.2656306145585514 1.2723743483105816 -0.7176958939686566 0.023109557258051885 1.2654948987558208 1.2723144581740156 -0.6958166691704112 0.10035171624559018 738568.4566304553 0.0027155224150306407 0.0004112888107393963 3.440477216615699 -0.0024745768005016953  738568.4566304899
-0.20579851703465854 1.3869223361421426 1.2512276204213528 1.2727946453043242 -0.7208068941452492 0.018127449178079513 1.251378400599535 1.2728270801818344 -0.7135323386099943 0.04596430428741 738568.456630677 -0.0009172471963794283 -0.0004305463279308333 -1.2619835123989045 0.0007504066959421243  738568.4566307327
-0.20576083451773017 1.3869188346717942 1.2360571208402347 1.273086713803362 -0.7235956992934743 0.01187716328907847 1.2362099271622797 1.2731016945374005 -0.7306086622352036 0.022071949056854057 738568.45663091 0.0006656820573748426 -0.0009331173924101478 -2.240559286737702 -0.0009101118398144891  738568.4566309701
-0.20572428835220946 1.3869324531792395 1.221573186078426 1.2732317353015978 -0.7257997427857444 0.005315854128570168 1.2216421968000535 1.2732384652806248 -0.7385946694941004 0.010957200101946164 738568.4566311351 0.003693133711121805 -1.5694826845561653e-05 -1.554228603501303 -0.0035354345304664113  738568.456631217
-0.20578848380554016 1.3868959367685303 1.2069968652604017 1.273285599232606 -0.728750407846858 -0.0009209637976881106 1.2069187740340694 1.2732895901273207 -0.7300192698305731 0.004702662429564145 738568.4566313722 -0.0003746274441454884 -0.002145462373408832 -0.23710245055631907 -0.00027075367087968594  738568.4566314645
-0.20569463103346902 1.3869523486034643 1.195482523250551 1.2755951630386644 -0.7025399235057148 0.014761937882194685 1.1949894082081571 1.275545391937068 -0.6742298653152663 0.08506518180063562 738568.4566316024 0.004566192073703794 0.0013963293880403706 5.406438931734586 -0.003962437864432611  738568.4566317033
-0.20578447090669583 1.3869233559065823 1.1813823453721815 1.2758577144572176 -0.7053059857717399 0.008552847298907906 1.1813292833997477 1.2758902556144942 -0.6684548702481985 0.03452066640324827 738568.4566318416 -0.000674341212867218 0.0003644945132488186 0.6067021934529704 0.0007511748225041662  738568.4566319425
-0.20578899242185222 1.3869080079624792 1.1601451157252283 1.2759603075931847 -0.7094900213327323 -0.0019207586917514984 1.1615015560526345 1.2759734957166309 -0.8290129797549389 0.01224209329818212 738568.4566320616 -0.003120835733881992 -0.0013217663114233216 -11.22491413823294 0.0026020883113454826  738568.4566321856
-0.20575725204922368 1.3869227267117987 1.1459373539843831 1.275828601089392 -0.7122395552134609 -0.009527645128630361 1.1443133635192768 1.2758404049761134 -0.7112102707705275 2.2137055575386505e-05 738568.4566324205 -0.002142698107819603 -0.0009479432837808971 -0.5355984960420361 0.0017745826291732463  738568.4566324322
-0.20572658974513366 1.3869318358726357 1.1318613988473816 1.2783650825504647 -0.7133500642430902 0.012300142281649424 1.1317393504769908 1.2783082865597741 -0.6964309997521229 0.0981769325863431 738568.4566326357 0.0015867438536578482 0.00031825353222460066 0.4578373577080722 -0.0014276334723400822  738568.4566326694
-0.20576877966355397 1.3869146623972768 1.1175469484151446 1.2785510615426599 -0.7170879850375291 0.005255592474493595 1.117519975895043 1.278591150111203 -0.6934879469698092 0.035750302736670785 738568.4566328743 -0.0004628877809198994 -0.0004971507017535208 -1.2876381914783046 0.00030003045581932625  738568.4566329089
-0.20578742410102904 1.3869058637670937 1.103155821853448 1.2785906294287257 -0.7210294024538144 -0.002028765259253445 1.1031531035235909 1.2786073219391763 -0.6931930093522749 0.009902568214728437 738568.4566331144 -0.0022829300239212043 -0.0012147235846260316 -1.4200693023932267 0.0018362389946677102  738568.4566331488
-0.2057623914612007 1.3869310062822007 1.0887171337142887 1.2784564384873094 -0.7244967024121622 -0.01005335753403859 1.0889405456813812 1.2784640245994257 -0.7199155260033616 -0.0030472298446230575 738568.4566333321 -0.0005830039204842126 0.0007327497932869984 -2.788887429480731 0.0007694421397949079  738568.4566333947
-0.20574661851901066 1.3869384982346276 1.0742043112985957 1.2781534159266865 -0.7279206537558273 -0.018514327719329343 1.074144109443838 1.278158965351437 -0.7134628816146756 -0.011536075587136452 738568.456633575 0.0010290715751143029 0.001626526717673838 -0.7053583166624802 -0.0005160938040027724  738568.4566336322
-0.2058409339792177 1.3867990579295066 1.061066897227167 1.280476765293159 -0.7174653521969808 0.0029797828543599823 1.0608950059207165 1.2804194663893644 -0.6939642412442747 0.0812258051830339 738568.4566338046 -0.005033568988181185 -0.007956663251110045 3.176648384247911 0.0025452645273184747  738568.4566338792
-0.20576298705146362 1.386928353365184 1.0467646588482717 1.2804288967286197 -0.719507837640919 -0.005707965742131287 1.0467574184365231 1.2804660165144108 -0.6931667215142747 0.022873710843505292 738568.456634041 -0.0007482513281769285 -0.0008145918866400981 -0.012650358056076616 0.0004837074327984889  738568.4566341153
-0.2057352197798078 1.386933966066869 1.032384805228404 1.2801960648426969 -0.7217865154813283 -0.014938259814013274 1.0325635199616547 1.2802119807322256 -0.7141938359428099 -0.003851617658042039 738568.4566342623 0.0032953139003872043 0.002772576909622231 -2.3180991322797313 -0.002362728993329734  738568.4566343632
-0.2057393786378225 1.3869366433332602 1.0106726447457954 1.2795290287047525 -0.7257260204764885 -0.029014693757645423 1.011874428125535 1.2795426502665475 -0.8484932460334472 -0.025576009703508786 738568.4566344954 0.0036536908770493258 0.003610630522821594 -9.450898766385148 -0.0024629483642643647  738568.4566346116
-0.20579151713160618 1.3869238861017519 0.9961104293641921 1.2788745476957903 -0.7286179042787226 -0.03861986152539054 0.9945723993043213 1.2788723691729038 -0.7327859313763345 -0.02323700587334699 738568.4566348415 0.001586399353131122 0.0028493236877281114 0.9960844424863584 -0.000699266807989569  738568.4566348532
-0.20581799466656153 1.386798893875471 0.9828304150533846 1.281057390061624 -0.7202136683008423 -0.019057640522715972 0.9823521438493842 1.2809977165988553 -0.6792560403204077 0.07208127069861328 738568.4566350742 -0.0019580437040160946 -0.006684000119575723 3.090486302992779 -3.320306243700835e-05  738568.4566350903
-0.20573045823082775 1.386926284528616 0.9684786214325583 1.280547793998059 -0.7218200284637489 -0.029613051980140977 0.9684774014285512 1.2805910606376538 -0.679121716845891 0.004095716645250588 738568.4566353107 0.0031277736059852393 -2.348001669792016e-06 -1.192409389752083 -0.0029976194986340615  738568.4566353335
-0.20575271881341675 1.3869221682325978 0.954037854327398 1.2798645017169195 -0.7243032528566191 -0.03988553634385642 0.9541629738551615 1.2798827025579758 -0.6931202468458626 -0.024966023022742537 738568.4566355435 0.0028541942970071147 0.0022588110403927502 -2.374701629820963 -0.0020863238058295573  738568.456635578
-0.2057789801723742 1.3869053659692896 0.9395134942644501 1.2789853058064675 -0.7273805453142466 -0.0503487154072723 0.9397119808891934 1.2789946300326676 -0.7162051449164291 -0.0404428643660147 738568.4566357674 0.00022900880237418245 0.001490986860923635 -2.6357845753579032 0.0002096104413978196  738568.4566358252
-0.2057839566288236 1.386921735976924 0.9249427382706609 1.2778825111213934 -0.730236514899792 -0.061511587741236544 0.9249481190616068 1.2778888116699303 -0.7167935790758619 -0.050276246889224156 738568.4566360055 -0.0009489582382151216 0.0020488927188773297 -0.9812138777304398 0.0015001426216290313  738568.4566360627
-0.2057876315786723 1.3869011397413862 0.9122190246961013 1.280559716650583 -0.7157499104942591 -0.032975618209007115 0.9119925125676782 1.2804772985267308 -0.6909667301226415 0.0838381808980341 738568.456636234 -0.0014187413246430352 0.0003825408290405745 4.225155588559611 0.001468879288084091  738568.4566363107
-0.20576137436249659 1.3869186815662773 0.8978882027603003 1.2797716557853576 -0.7184657707639338 -0.044481697517987424 0.8979346707252872 1.2798252450509424 -0.6961964384894993 -0.002236305165538355 738568.4566364653 0.0005575883346720168 0.0009151583644100839 -0.3586425787963732 -0.00027155193592667435  738568.4566365567
-0.20577799174954978 1.386919878679789 0.8755494846126023 1.2781154835982402 -0.7228068133745 -0.06282680818736448 0.8758663922536737 1.2781524785161587 -0.7205252438958482 -0.042768764649455004 738568.4566368045 0.0002920952757518688 0.0008733713207575988 -1.9192307692077741 -2.7688407956012772e-05  738568.4566368045
-0.20577019299990412 1.3869333497510032 0.8610761079297702 1.276735556305927 -0.7255080793231116 -0.07563282221773185 0.8611192564058024 1.2767480440655892 -0.7253426407943127 -0.06266653042227327 738568.4566370378 0.0006064725455032052 0.0014836890057018817 -0.7895925120926324 -0.00015040558331100507  738568.4566370493
-0.20575015328738042 1.3869218150784148 0.8480822776967281 1.278387275835096 -0.7130423320206595 -0.05306092219798909 0.8478899879733297 1.2783227142711575 -0.7033027857974721 0.04294212554238963 738568.456637265 0.002026118760482874 0.0004584943477934126 3.4083700604178224 -0.0018079490087625808  738568.4566372877
-0.20575309072018627 1.3869261521269374 0.8337916475251843 1.2772023225929285 -0.7162581246946257 -0.06615571186927865 0.8336878095211452 1.2772477912944533 -0.6921606653605122 -0.026687952849669475 738568.4566375077 0.0018406415674482712 0.0002022470846914218 0.8289848264476252 -0.0017033513154534354  738568.4566375233
-0.20575021825920317 1.386925458091207 0.819436374894412 1.2757538406052094 -0.7194573509297132 -0.07966543180373027 0.8194757902567127 1.275775304483194 -0.6965436413872146 -0.06075108491903699 738568.4566377419 0.0015051232522143778 -0.00010828706929638746 -1.0026497765944271 -0.001471574327182417  738568.4566377649
-0.20575267347958962 1.3869268277115547 0.8050179329726613 1.2740344655732125 -0.7225730963189202 -0.09348176856792705 0.8051564309440552 1.27404696098485 -0.7125128380550249 -0.08131297532795331 738568.4566379677 0.000767582485070513 -0.0002298216638860188 -1.895460297698933 -0.0008012358721544105  738568.4566380023
-0.20574420912851185 1.386916225796942 0.790532972902234 1.2720207335462081 -0.7256476533304892 -0.1079564637806509 0.7906131811582098 1.272030061751956 -0.7216181172491122 -0.09642578195802065 738568.4566381971 0.00080748005564067 -0.00106941695735896 -1.3738788570298226 -0.0010864899239712825  738568.4566382437
-0.20570219311755555 1.386953659943236 0.776209616110273 1.2737996230650939 -0.7261637086542125 -0.07724731906763674 0.7761400182074576 1.2737151951048207 -0.7140026846557171 0.03541735796356127 738568.4566384351 0.0031874877026617354 0.0011885749722495378 2.4442424425202383 -0.0027001024471503825  738568.4566384811
-0.2057183906750085 1.3868922372642603 0.7616219917640787 1.2721101199251603 -0.7294458331870749 -0.09094485991634227 0.7616941158841944 1.2721619344206947 -0.722239392535691 -0.04903216976281999 738568.4566386632 0.001996145087746838 -0.002640924795251687 -0.753158983515009 -0.0026848949076939445  738568.4566387325
-0.20576049196990057 1.3869263175072033 0.7470105958195756 1.2701962496050483 -0.7318989885820993 -0.10416326080658278 0.7470169459371099 1.2702181089964613 -0.7229440705488208 -0.0836515938787353 738568.4566388978 -0.0018848184237574648 -0.001158200401797396 -1.0014669610406626 0.0014573657187594864  738568.4566389685
-0.20574832589085057 1.386876923317215 0.732323316958322 1.2679506941941452 -0.7347052717651915 -0.1191407270071242 0.7323596653378036 1.267964048101198 -0.7270311233936924 -0.10508081389907517 738568.4566391294 -0.0022702152027754305 -0.003768626391054577 -1.1011307147702238 0.0010429556477534341  738568.4566392174
-0.20574102895578408 1.386923887683284 0.710273641117817 1.264015659047617 -0.7371830891157446 -0.14302286674180717 0.7115210665015624 1.2640580277140174 -0.8698315658192328 -0.17430097174257672 738568.4566393569 -0.0015867902978877369 -0.0005358947566061127 -10.338941725831187 0.0013508687072395322  738568.4566394595
-0.2058153003935592 1.3869057359888008 0.6971213428575092 1.2661432437740687 -0.7244188714679636 -0.10681691401859313 0.6952527988031157 1.2659787491058794 -0.7296003569458012 0.0018828300206402693 738568.456639704 -0.003574850135345997 -0.0004745431981848582 3.305803672287734 0.0032678870726057527  738568.456639704
-0.2057571559794721 1.3869420251836577 0.6826563357986266 1.2638312411314663 -0.7250097921297847 -0.12171717942584885 0.6822311778650101 1.2638804457550847 -0.6838449270381869 -0.07369093900430372 738568.4566399459 -0.0004482823947707824 0.0019934209732899995 -0.2611398448987514 0.0010296734441527762  738568.4566399459
-0.20576507838148594 1.3868676701088973 0.66810955264374 1.2612220860447034 -0.726510795564148 -0.13670044325556538 0.6683594825634612 1.2612514472998493 -0.7144634235204088 -0.12502587719396202 738568.4566401584 0.0006182520068027711 -0.003317310358711601 -4.726743881180845 -0.001599491417220762  738568.4566401931
-0.20572978696078156 1.3869346789671886 0.653616625202522 1.2583221982078001 -0.7263058220900551 -0.1515451770974268 0.6536353464828147 1.2583305194357353 -0.716521099405419 -0.13807861625103304 738568.4566403953 0.0032430185315614236 0.00023882387843067628 -2.1890362440613487 -0.0030125605041281304  738568.4566404433
-0.20579045225597462 1.3869153382085595 0.6390758298588869 1.2552000594736095 -0.7267976862906392 -0.16529513688691005 0.6390560169803816 1.2552068291949106 -0.7143457250101346 -0.14868653149459668 738568.4566406326 -0.00035640807499116335 0.00014306486208611353 -0.8048637277442621 0.0003832105568281812  738568.4566406906
-0.20570877367891294 1.3869334534564621 0.6264875087007048 1.2577134041697555 -0.7096022619207664 -0.11913870928774097 0.6262463287925845 1.2575910856045625 -0.6868061994370924 0.05064707402614094 738568.4566408606 0.0041852111831340065 0.001312590434416834 4.42641660050636 -0.003577493231174878  738568.4566409391
-0.2057989376985185 1.3869107390508615 0.6122613103575186 1.2552883105922443 -0.7106831374628735 -0.13051667182501434 0.6122783681322141 1.2553631502920128 -0.6887055252400845 -0.06828033196930666 738568.4566410945 -0.0011714673920019706 -0.0001425570894834278 0.10171093374344053 0.001069407044633784  738568.4566411852
-0.2057376109528055 1.3869289222562229 0.5909410271091129 1.251051529585175 -0.7116910734865364 -0.15119152761685734 0.5922625657765938 1.2511193683424737 -0.8452954375777326 -0.18299913449711544 738568.4566413143 0.0016717260347413345 0.000636124475746409 -11.722307793460374 -0.0013870463307311411  738568.4566414244
-0.2057410918505085 1.3869324308495836 0.5767031429377383 1.2478894791478439 -0.712672512124824 -0.16566187944376332 0.576314227186086 1.247874520663586 -0.8041793406445225 -0.1604299039910368 738568.4566415607 0.0019458764887016412 0.0008758093884887839 -0.362888981828009 -0.0015673919918264309  738568.4566416714
-0.20572606815308642 1.3869387453174487 0.5633966902381221 1.2498611048023738 -0.7046433275608012 -0.11882998936176047 0.5617501364449395 1.249712232029029 -0.6758091116247066 0.00521439235973295 738568.4566418946 0.0021774149992250208 0.0009322225583926866 6.493494381935046 -0.001772164468304501  738568.4566419177
-0.20583518544831858 1.3870985786362229 0.5493626183635705 1.247551090724266 -0.7050719499301111 -0.12818633674081278 0.5490690916676698 1.2476021854240695 -0.6444263135447114 -0.07274935826563682 738568.4566421382 -0.004884449923261298 0.010401771157619318 0.18553053048560386 0.007935556878432485  738568.4566421537
-0.20583585566919 1.387087590402125 0.5352441650130396 1.244893197620691 -0.7066289661956011 -0.14033645800729713 0.5353810358459395 1.2449212070003184 -0.6597281655616997 -0.11743925926758964 738568.4566423711 -0.006431982978908193 0.010469213318719126 -2.7417999532929387 0.009445286536276729  738568.4566423942
-0.20581622615059522 1.3870977329295782 0.5210857257704199 1.2419023188124838 -0.7082433442643461 -0.15457854976403285 0.5212555052746985 1.2419172374221326 -0.6787711713534516 -0.14132019853398453 738568.4566426034 -0.0039905483168915686 0.008114787448401703 -2.5060474670506356 0.006397703607989665  738568.4566426316
-0.20580560571333534 1.3870985402842932 0.5061734023671067 1.2384274925564431 -0.7101790010803388 -0.1709610949792233 0.5063702736929455 1.2384411237094688 -0.700477513300392 -0.16276932365958638 738568.4566428395 -0.0012739002928953904 0.004663210430551738 -2.147403103978079 0.0027257093035950595  738568.4566428742
-0.20578723776642013 1.3868985402582488 0.4939102704029758 1.2415513308384534 -0.6935934545052782 -0.10990920499100242 0.49370718302450195 1.241409570219259 -0.6771638095399841 0.06948122938957452 738568.4566430664 0.0017204228521029846 -0.012864932872936777 3.8966541258333116 -0.005787614950359709  738568.4566431126
-0.20581429361259201 1.387096525606298 0.48010218221941836 1.2393101471822225 -0.6944282451009592 -0.12094503788070451 0.48020345295336025 1.2393873320181026 -0.689058449730466 -0.05990026173054874 738568.4566432881 0.0008054681778532571 -0.0026053184909846025 -0.5245694057141614 -0.0016095156677025932  738568.4566433516
-0.20575246893270463 1.3871129030923905 0.466244993352924 1.236714940361363 -0.6957604042353785 -0.1346417080961249 0.4662198972582244 1.2367474604962578 -0.6863019732015823 -0.11087714838263987 738568.4566435253 0.0046732267494455125 0.0013792049650844422 -0.6088982547020977 -0.003962609675170458  738568.4566435935
-0.2057564191240783 1.386928791004051 0.4522001991068031 1.2338005489300814 -0.699895614670509 -0.14964076531101916 0.45227734634589456 1.2338176449707943 -0.695101894520485 -0.1387080168853732 738568.4566437536 0.005004282337152536 -0.011006964355129958 -1.1778485555767064 -0.008362292465234738  738568.4566438344
-0.20579144477253417 1.3869228571336452 0.43814279229144387 1.2307181026532825 -0.7031384553091808 -0.1627224791386404 0.4380857590178205 1.2307227793193614 -0.6889464336638281 -0.14591148189083347 738568.4566439948 0.00194967048509243 -0.01338416757489692 -0.07928618898237172 -0.006302444222668114  738568.4566440831
-0.20576415780142313 1.3869275005413098 0.4166923476092418 1.234434915439541 -0.7107671577174945 -0.08674444444650956 0.41796157367401265 1.2342872484209715 -0.8351095340169605 0.09678030875304286 738568.456644221 0.002290399979063444 -0.011147531731145717 -6.335740947721687 -0.005841344267637962  738568.456644325
-0.20579020206312768 1.3869041587503028 0.4024361748597078 1.2326548091180587 -0.7144588153333636 -0.09532713601864673 0.4009624329152333 1.2327560391297894 -0.7231624176303514 -0.012961867769917118 738568.4566445638 0.0011784311776190685 -0.009729945554766995 2.0488803465641148 -0.004339457827083795  738568.4566445638
-0.20576085293099466 1.3869155909720776 0.3881450531091811 1.2306590973641485 -0.7177609057878243 -0.10511429719622709 0.3879529997534629 1.2307006253918962 -0.7008696959786087 -0.08175662062063979 738568.4566447882 0.002171473416860062 -0.005155083410640098 -1.2782713333208444 -0.0037668879920120454  738568.4566448112
-0.20575163270006516 1.386924181458859 0.3737795510911538 1.22846590200483 -0.7212455955582929 -0.11563136774384378 0.37373294956394437 1.2284782187670475 -0.6957891513237767 -0.10092032645768212 738568.456645027 0.002586447965654424 -0.0015605958443595585 -1.2326506909988768 -0.002960234978659326  738568.4566450616
-0.20575599643164014 1.3869198186757892 0.3593263938069292 1.2260693315547146 -0.7249508400475212 -0.12690382563285615 0.3592938137098255 1.226075851201661 -0.6922980943351114 -0.11089047106873091 738568.45664527 0.0018374855309150088 0.0002790988929283638 -0.5652952176666547 -0.0016350635078347011  738568.4566453046
-0.20574784272897195 1.386914855409355 0.3468579722286509 1.232815241995055 -0.7102754580341111 -0.03448884233774535 0.3466297405779216 1.2326136461463904 -0.6666522756465837 0.21240163177034965 738568.4566455018 0.0015735092679838821 0.001174760602949786 3.913798632774711 -0.0010949588657311678  738568.4566455473
-0.20580213082541687 1.3869240428767178 0.3326141072735249 1.232203517994754 -0.7140105910342154 -0.03704655159300059 0.33283369287962616 1.2323033814769488 -0.692703488385492 0.04331720959661495 738568.4566457213 -0.003146272707076684 0.0025359047198233453 -1.576204048839649 0.003809963251617994  738568.4566457906
-0.20579406524379898 1.386923569352019 0.3183012238390096 1.2314290209514622 -0.7175537159301695 -0.04152677410619204 0.3183973767268947 1.2314682957713043 -0.7034605566695696 -0.019390163759696585 738568.456645954 -0.003516199642857615 0.0028859492228088175 -1.6187247214834317 0.0042763600806605085  738568.4566460365
-0.20575531585946039 1.386919421408447 0.3039239406829903 1.2304498127986954 -0.7209594271314794 -0.04840268846852114 0.30398668670333895 1.2304639956109886 -0.7105134371490757 -0.04214195051306156 738568.4566461857 -0.00032398054193525554 0.002539910700578384 -1.1143121438429608 0.001153253825704248  738568.4566462748
-0.20577978818940132 1.386902687548035 0.28322001323013235 1.2403187779612384 -0.7161682146961456 0.08745071910908647 0.2842562199932437 1.2400779745690027 -0.826433183536847 0.34231384809937515 738568.4566464185 -0.0008445309044040486 0.0011245701672412721 -4.503432673391241 0.0011637483577630016  738568.4566465197
-0.20578213160967262 1.3869123982818712 0.2688563226163233 1.2421541756103667 -0.7201214949739827 0.09584752840943428 0.2686523302957381 1.2422628647170928 -0.8036852388382854 0.16933731836751834 738568.4566466521 -0.0010142919847985887 0.0013803548667504083 0.7798716000471337 0.0014055293513253984  738568.456646761
-0.20576402018560758 1.3869192764695621 0.2544185915009485 1.2441187675178986 -0.7242073375770305 0.10468429232046672 0.2528427190155417 1.2441911814767235 -0.6853592762705845 0.09173868384670869 738568.4566469989 -0.00033869563161622283 0.0016219502815037685 4.617715845948535 0.0008412640091145954  738568.4566469989
-0.2057467616124514 1.3869324393867382 0.23990194595495903 1.2462561987567211 -0.728386758651826 0.11398616390047579 0.23977796254429518 1.246251043826764 -0.6714197702139442 0.10001009081763226 738568.4566472305 0.0013729764199615982 0.0025548333449928553 -1.04005879612909 -0.00048663631761142537  738568.4566472421
-0.20582448829829575 1.3869050460104593 0.2252514648539779 1.2488074992482507 -0.7336698218219029 0.12777085754068987 0.22541740485610917 1.2487951879041665 -0.6900036326164649 0.119687285138086 738568.456647463 -0.003620503804888613 0.000630621343832159 -2.341359719263184 0.0036340011152652123  738568.456647486
-0.2057819519503906 1.3869350924897932 0.21231478974258797 1.2636913265505711 -0.7201013854263544 0.30050720267322706 0.21220190888616705 1.2634100541185538 -0.6773119377082406 0.5710225949429655 738568.4566476947 -0.001676454300095237 0.001980429863511244 2.2536584257214516 0.0021967022214000893  738568.4566477293
-0.20577539002545417 1.3869015272396146 0.19785231807693135 1.269916887976816 -0.7252640998643932 0.3315432699997023 0.1979720200819458 1.2700284917534082 -0.6907237466849502 0.39256392965298725 738568.456647927 -0.00014846357989890834 -0.00016171322506256186 -0.7757358004732109 9.386866367868924e-05  738568.4566479668
-0.20575857979014983 1.3869265281457122 0.18331757670212084 1.276847736873855 -0.729964983850767 0.36869028622535227 0.1834462560241091 1.2768714144338325 -0.7051628325510717 0.354646342319869 738568.4566481592 0.0016066220673413044 0.0008928314247419005 -1.5137833183443106 -0.0012790263587925006  738568.4566482053
-0.2057591952927458 1.3869304051826066 0.16868117871516658 1.2846727100571078 -0.7347376214470558 0.4155737779440551 0.16884006483218444 1.2846530237391014 -0.7234674070095805 0.3870139794682604 738568.4566483853 0.0018677091916996951 0.0014058847546897092 -1.6528875148322801 -0.0013949870455054868  738568.4566484524
-0.20572501531188883 1.3869322156510755 0.15394998176454747 1.2934332685418028 -0.7393895591679186 0.47214659168794465 0.1539550678646951 1.293414550774669 -0.7240246151095042 0.41627970995273234 738568.4566486229 0.0037200830258089183 0.0014028342671747668 -0.5521496863802218 -0.0031937798386306986  738568.4566486924
-0.20575985540745903 1.3869407874982735 0.14040898560773452 1.3243493556348256 -0.7215927988647586 0.854155113220046 0.14037479298458483 1.3238313250305602 -0.7199764652166896 1.2915705794498558 738568.4566488429 0.0008705404518110729 0.0017032059145535604 2.8753064629093377 -0.000428723538603096  738568.4566489346
-0.20577500052396924 1.3869176207281757 0.11866087593708807 1.3539658664136316 -0.7266354378229373 1.139521018450609 0.11979415745761512 1.3538783850900131 -0.8454543992924528 1.429805482777459 738568.456649078 -0.0013447085954703874 -0.00014377234297625386 -6.6420485357107015 0.001282290694673323  738568.4566491776
-0.20575156480662735 1.3869306037273694 0.10410396715536657 1.3793263649131107 -0.7290760966505797 1.4269879299459818 0.10389875462394335 1.3793996209642172 -0.8224546080981024 1.3126301124061692 738568.4566493104 -0.00040706636502638063 5.7046368204134035e-05 -0.04217890934579405 0.00041048350403665297  738568.4566494176
-0.20579082075117106 1.3869237701094115 0.08949514980948738 1.4120560308880308 -0.7306995734968857 1.8661689914449775 0.08775258628186397 1.412229586565503 -0.6949708671924069 1.1314219236263419 738568.4566496664 -0.0014183178313087828 -0.00015120346097198753 4.385981599389604 0.0013765841897297871  738568.4566496664
-0.2057547293760965 1.386924055633001 0.07487992099960514 1.455462754892363 -0.7278850282850953 2.677509419961561 0.07477428519931853 1.454985722427679 -0.6827649695469874 1.9180679411324033 738568.4566498918 0.0006369536668758471 -0.0002999206200996719 -1.730176130853966 -0.0006672363154038869  738568.456649915
-0.20573521412910334 1.3869317962705625 0.06358111626778025 1.5506635517087897 -0.6827788053814864 4.4194990619876675 0.06325989628112343 1.5493452025237866 -0.6453835095307348 4.10762854454174 738568.4566501155 0.002650311405321257 0.0002571071684307497 3.3722362527072542 -0.0026445983687949505  738568.4566501617
-0.20573806737529682 1.3869397828688839 0.05008010791884726 1.658360654940489 -0.6565858087331804 6.9427686262974335 0.05007209571553899 1.6578023797100447 -0.6445040883064325 4.982141316623541 738568.4566503528 0.0024966645106254052 0.0008668573388742763 -0.1241363419467123 -0.002562907839173306  738568.456650399
-0.20574482866460264 1.3869269319275679 0.03738578917383243 1.83923657602634 -0.5920523302175508 12.197635579978112 0.037369020411408035 1.8373790563336743 -0.6426030059627683 7.987568141838196 738568.4566505825 0.0013388500249150441 -2.653898946610735e-05 -0.42853123050796665 -0.001032287256630751  738568.4567202808
