-0.23445783293878183 1.0969087795930073 2.7451616766669886 0.36941433566400356 0.08903501755417384  738534.4880360279
-0.23445783573502751 1.0969087774263524 2.7469037900967863 0.30350052480403256 0.08660399934608957  738534.4880362028
-0.23445783420632546 1.0969087840079272 2.740772523698607 0.30971776402287743 0.08480110462997453  738534.4880363855
-0.23445782188422515 1.0969087768459602 2.734527052345681 0.31503440312729425 0.08264738357706733  738534.4880365719
-0.23445783276494045 1.0969087819230914 2.731366435011941 0.3174139684735186 0.08148016608843148  738534.4880367485
-0.2344578326712416 1.0969087889413431 2.724973735015838 0.3221493598524491 0.07914493786886201  738534.4880369239
-0.2344466750245919 1.0969290525541904 2.7217553868596154 0.32473968391276825 0.07804361602845844  738534.4880372004
-0.2344466674190117 1.0969290775511804 2.711115875922783 0.34183839999716514 0.09922083851659695  738534.4880374437
-0.23444666768564307 1.096929081371458 2.70417800921492 0.3513433470083963 0.09854957267767316  738534.4880376246
-0.23444666589990795 1.0969290707059853 2.700271241148604 0.3576165814734111 0.09849217884981133  738534.4880378034
-0.2344466611562698 1.096929074347842 2.6929708373384935 0.37093263077846717 0.09887344536324821  738534.48803798
-0.23444665109030643 1.0969290779722956 2.689213852359871 0.37828047342360827 0.09921899626577253  738534.4880381653
-0.2344069593568164 1.0968603565134185 2.681390533074502 0.3940816144110421 0.09995947550971457  738534.4880384674
-0.23440691753215914 1.0968602875422975 2.6765657698661047 0.3493818121819018 0.10058109300820477  738534.4880387129
-0.23440691821070103 1.096860284248632 2.6693945163424266 0.3654984594067107 0.1001648414779389  738534.4880388966
-0.2344069146375356 1.0968602818791935 2.6656899278892854 0.3733428299704364 0.09973771660932056  738534.4880390769
-0.23440691254680845 1.0968602894031625 2.658049293907087 0.3886900843557634 0.098543644994656  738534.4880392533
-0.23440690915441167 1.0968602854313658 2.654115345014397 0.3962047173466199 0.09783878142967979  738534.4880394398
-0.2344443054724994 1.0969268843018778 2.6460967238521564 0.4109551438703728 0.09642108958788657  738534.4880396259
-0.23444433975343773 1.0969269539185253 2.6494861002965844 0.3188258714147954 0.08451721281610207  738534.488039812
-0.2344443419281836 1.09692695044871 2.6462525968117605 0.32617233101775744 0.08396992347672921  738534.4880399815
-0.23444434143670956 1.0969269572120133 2.639565251182919 0.34081004802829706 0.0832137819908012  738534.4880401546
-0.23444434148032123 1.0969269522204437 2.6361112375458933 0.3481568125689724 0.08300496076346815  738534.488040341
-0.2344443438132848 1.0969269517437485 2.6289798437447773 0.3630037007781381 0.08290642745412195  738534.4880405207
-0.23444433896558123 1.096926951626367 2.625300480211097 0.37057801014754793 0.08298208092271801  738534.4880407024
-0.23445849127348214 1.0969182956220058 2.59609709882801 0.5258014344797742 0.15405037328241114  738534.4880410653
-0.23445850098753526 1.0969182855503488 2.590785961734818 0.5334894239643897 0.15461437715550838  738534.4880412471
-0.23445850334855126 1.0969182871152983 2.579931556196067 0.5489159871820268 0.15565645914324558  738534.4880414255
-0.234458500191147 1.096918279380875 2.574390354013937 0.5564804462384947 0.1560416525236543  738534.4880416035
-0.23418063066811012 1.0970232024030586 2.5630829910652655 0.5708088622125559 0.15612429911580636  738534.4880418238
-0.2341803515695231 1.0970233185881413 2.5573348422098037 0.5773049396527639 0.15591527060020138  738534.4880419758
-0.23418035599100062 1.0970233167670784 2.559670914783972 0.45007250788691444 0.12630007686072114  738534.4880421547
-0.2341803448128985 1.0970233064557116 2.5505670026241303 0.45913323843528164 0.12334069755476867  738534.4880423368
-0.23418034486472278 1.0970233158029763 2.54595506648211 0.4626923752711242 0.12151082118252135  738534.4880425178
-0.2341803440246249 1.0970233139304346 2.5366372683738776 0.46835872652650634 0.1174338285615372  738534.4880426986
-0.2343892904034271 1.0968744117500138 2.5318844178803754 0.47078024221356574 0.11547575121274443  738534.4880428726
-0.23438949887678265 1.096874261224025 2.5207241759421715 0.44646926148025207 0.12458600157624862  738534.4880432372
-0.23438950466194874 1.0968742565342955 2.5117285765845367 0.4520169799174995 0.12131234853664091  738534.4880434165
-0.23438949974347537 1.0968742636627786 2.5071826660550895 0.455338714877646 0.11991326819632972  738534.4880436007
-0.23438950384291987 1.0968742587997549 2.497512159162498 0.4635371772948122 0.1174098173677381  738534.4880437799
-0.2343895082553218 1.0968742651727852 2.48812299179246 0.4728802254561303 0.1152891211370587  738534.4880439639
-0.234389508498656 1.0968742691904951 2.4833545928325678 0.4780032174530315 0.11419342042493531  738534.4880441483
-0.23418153630995486 1.0970238890069912 2.477183437165697 0.4142599240826052 0.10925262955296428  738534.4880445038
-0.23418132226385355 1.0970240391274568 2.4687717532443774 0.4248495674797217 0.10566340463668805  738534.4880446861
-0.23418131769727835 1.0970240481374232 2.4644889320914416 0.4298811855017127 0.10365071649979943  738534.4880448674
-0.23418132066013161 1.0970240425904285 2.4557782526327103 0.4393558203173478 0.099307950261912  738534.4880450488
-0.23421774391045624 1.0970830742944613 2.446949626799513 0.448347740284818 0.09480667841286534  738534.4880452951
-0.2342177873106882 1.0970831388242521 2.43197507184065 0.47426071905542777 0.11685261404891839  738534.4880455742
-0.23421778735458396 1.0970831296002597 2.4271898093007995 0.47926635794196265 0.11497801111676248  738534.4880457566
-0.234217787845566 1.0970831386506539 2.4174596281411525 0.49015463429799905 0.11151023326491903  738534.4880459333
-0.23421778017048478 1.0970831330102235 2.412508775141008 0.49603352537960593 0.10986302756036055  738534.4880461124
-0.23421778965480514 1.0970831413671314 2.402424264774975 0.5084857464240378 0.1065733406075697  738534.4880462888
-0.23418125490208647 1.0970265702394784 2.3972213016695108 0.5150090928464255 0.10484854788355928  738534.4880465653
-0.23418121633214303 1.097026509318419 2.385033833638126 0.4997859019525977 0.11242761502178883  738534.4880468367
-0.23418121321833812 1.0970265124112817 2.374888162619973 0.5117828817594262 0.10775992114755485  738534.4880470196
-0.2341812063056939 1.0970265155616992 2.364514026259797 0.5229452871176161 0.10251634861729422  738534.4880471977
-0.23418121612867163 1.0970265053373174 2.35924630329931 0.5282585900347256 0.09971291751846316  738534.4880473808
-0.23442094607011815 1.0966966687185795 2.3483666988559633 0.5387578256848459 0.09412008834169394  738534.4880476038
-0.23442119282273352 1.0966963272113692 2.342947390511365 0.5437801390888822 0.0911314548637837  738534.4880477432
-0.23442119261549244 1.0966963328628014 2.3351252558009747 0.520175038808428 0.0965763833179328  738534.4880479198
-0.23442120040178263 1.096696324049655 2.329893031412743 0.5252438511394725 0.09360985006505868  738534.4880480971
-0.23442119720378102 1.0966963256395865 2.3192773417573904 0.5354938322233879 0.08776291430774111  738534.4880482688
-0.2344211989257862 1.0966963261273754 2.3138936092863567 0.540628658462195 0.08491291502884946  738534.488048447
-0.23417929978367846 1.0970129533465267 2.3031511704963714 0.5505639180365317 0.07904154683291426  738534.4880486222
-0.2341790481593277 1.0970132748521573 2.292035367284993 0.5605143152901627 0.07345216525941067  738534.4880488045
-0.23417904413901136 1.0970132734807927 2.2891707656416957 0.5377055741372605 0.08660387484529708  738534.488048989
-0.23417904916547555 1.0970132756700544 2.2783189511815585 0.5470759575428363 0.08077534522661173  738534.488049175
-0.23417904374647525 1.0970132780238417 2.272824743516522 0.5515018369916849 0.07769478778425246  738534.4880493521
-0.23417905235993283 1.0970132821751324 2.2611500879161115 0.5601478798889109 0.07078554228698214  738534.4880495362
-0.23417904929194272 1.0970132777705448 2.2555303534016304 0.563931414591427 0.06728398088346149  738534.4880497222
-0.23417905266221292 1.0970132754833062 2.2441826005097507 0.5710098353111983 0.05992719859591768  738534.4880499237
-0.23418598525965392 1.0970178197194682 2.236434032131398 0.5369233345137048 0.06627284053846612  738534.4880500808
-0.23418599096251846 1.0970178196323195 2.2310480790734353 0.5402002988683682 0.06247592038909381  738534.4880502562
-0.23418598784674977 1.0970178251974303 2.2201768583772052 0.5468138523018486 0.055016915331806436  738534.4880504417
-0.23418599090296754 1.0970178214656479 2.2146909151209635 0.550227243690688 0.05140830919330495  738534.4880506283
-0.23418599758799508 1.0970178251480982 2.203614210165696 0.5573565431196478 0.04451999383110289  738534.4880507988
-0.23425124726776328 1.0969215486620791 2.1979660743946927 0.5611472711859629 0.04134029994263979  738534.4880510811
-0.23425131231841745 1.0969214483200016 2.1829722002686056 0.553059278165083 0.052370902070965696  738534.4880513324
-0.23425131695143367 1.0969214523997453 2.1718364496184797 0.5608152271821981 0.04711944792394765  738534.4880515172
-0.2342513153332976 1.0969214504281595 2.166211724059925 0.5645698042643339 0.04459953925304114  738534.4880516924
-0.23425131168812055 1.096921443187639 2.154854559104479 0.571668369936072 0.03967488487977425  738534.4880518776
-0.2342513162306587 1.0969214511185084 2.143363313835463 0.5781154290900073 0.03475155311534162  738534.4880520629
-0.23417931179849677 1.0970223303905096 2.1376265901593032 0.5810304682972556 0.03216722721316559  738534.4880523643
-0.23417924541976676 1.0970224326009654 2.117548681805022 0.6138024639553601 0.05214822012652208  738534.4880525983
-0.2341792376239052 1.097022433128088 2.105224097468397 0.6193890012363895 0.0473116395487411  738534.4880527734
-0.23417923443802105 1.0970224321935576 2.0990197996776367 0.6222948160901867 0.04493045023650121  738534.488052958
-0.23417924352586755 1.0970224301096134 2.086522725271491 0.6282522687981213 0.04035413570849616  738534.4880531434
-0.23418323310941705 1.0970248640601505 2.073911030961596 0.6342374908854325 0.03602677435251444  738534.4880534001
-0.23418323471754737 1.097024868056895 2.0636366387159724 0.5536665710047679 0.04079919852523466  738534.4880536812
-0.2341832345022645 1.0970248628007881 2.0580897725471226 0.5562395240451763 0.0386488963775888  738534.4880538671
-0.23418323397977656 1.0970248639375149 2.0469239135765585 0.5608673095759358 0.034196882226969746  738534.4880540498
-0.23418323427787388 1.0970248627708779 2.041307929175685 0.5629506480698938 0.03190031106125498  738534.488054232
-0.23441549579097132 1.0968596989797001 2.029981647421611 0.5667976873151778 0.027458568978355986  738534.4880544107
-0.2344157354273511 1.0968595199817461 2.024308177046033 0.5685536457355912 0.025123938851837283  738534.4880545802
-0.23441573304182725 1.0968595224937192 2.021414817812815 0.4850802975636941 0.038041094075613256  738534.4880547663
-0.23441573589745254 1.0968595206612748 2.011689986177724 0.48820099854364474 0.03406629483129945  738534.4880549422
-0.23441572924993997 1.0968595281245304 2.00680460536318 0.4897249830429132 0.03226865022114284  738534.4880551243
-0.2344157294925864 1.0968595201319151 1.9969877368713502 0.4929126490396073 0.029051502165706712  738534.4880553029
-0.23441573358234755 1.096859523022221 1.9920549178904872 0.4946614678749816 0.027608624527939805  738534.4880554867
-0.23417921126775607 1.0970381648264638 1.9816787251664618 0.4988294966689804 0.024543521584722977  738534.4880557142
-0.23417897168668989 1.0970383419555767 1.9559528331461082 0.6109571304445176 0.0555741506908502  738534.4880560209
-0.23417896661558973 1.0970383463532378 1.9498333645100436 0.6141085814414221 0.05445101854185894  738534.4880562003
-0.23417897081952896 1.097038340677922 1.9374923693955945 0.6211848041211243 0.05191846780711204  738534.4880563722
-0.23417897386185768 1.0970383461830506 1.9250023382366983 0.628859642264598 0.04878381618986025  738534.4880565535
-0.23421968042139737 1.097080832067485 1.9187561766379282 0.632654702965535 0.04693286114042373  738534.4880567358
-0.23421971330333236 1.0970808780162862 1.9060361477225798 0.6400475281519038 0.042538392699632374  738534.4880569115
-0.23421971576711578 1.0970808814594704 1.9148745802149465 0.48987421807440656 0.04747609499942073  738534.4880570966
-0.23421972256581938 1.0970808775354135 1.9050250306389753 0.4954737089462191 0.041841992487992315  738534.4880572765
-0.23421971898244404 1.0970808838801733 1.9000612876191865 0.4976879262116361 0.03875163677037496  738534.4880574603
-0.23421971980298836 1.0970808754807104 1.8900736759068522 0.5011143037307579 0.03217088401650944  738534.4880576461
-0.2342197133117904 1.097080877406921 1.8800247597403312 0.5037247220423277 0.02530306025032322  738534.4880578294
-0.23444667435832017 1.0969288057455446 1.8749597627319066 0.5050546508319231 0.022098103309654633  738534.4880580114
-0.23444690312993174 1.096928651911972 1.854818893029545 0.6180961392594803 0.05829168543659594  738534.4880581909
-0.23444690676797575 1.0969286488876382 1.8486267388701154 0.6202452564557578 0.05535839620656011  738534.4880583702
-0.2344469080259509 1.0969286525676494 1.836163705998418 0.6260548429807156 0.0497474894911825  738534.4880585484
-0.2344469030743968 1.0969286505072309 1.8298819558823574 0.6296870125077964 0.047008688437909986  738534.4880587253
-0.2344469005174796 1.0969286562365035 1.8171983353474963 0.6379640131270399 0.041353252448622785  738534.4880589038
-0.23447317848684773 1.0969218895845363 1.8107998712243047 0.6422732258206817 0.03831831734173881  738534.4880591877
-0.23447320300126262 1.0969218849529188 1.7952413429266325 0.5615207646673449 0.03824674331333517  738534.4880594519
-0.2344732070822673 1.096921876463504 1.789610205536305 0.5640648940750809 0.033932608415952206  738534.4880596363
-0.2344732050237813 1.096921881940838 1.7782882742711932 0.5674116021779166 0.02486369948268042  738534.4880598161
-0.2344731988789669 1.0969218842263067 1.7726077328462728 0.5683406794920869 0.02025557376427263  738534.4880599964
-0.2344732102783154 1.0969218844159399 1.761227314113546 0.5692630083000093 0.01124883558095049  738534.4880601797
-0.23444409590147522 1.0969221343133684 1.7555176958789456 0.5695022919369257 0.0069781796584852274  738534.4880603605
-0.23444406769546686 1.0969221384707102 1.7409408325279767 0.5465056351736239 0.02886803066861735  738534.4880607156
-0.23444405365126014 1.096922136877751 1.7299855511030422 0.5485890453423183 0.02316093597670392  738534.4880608995
-0.23444406947954002 1.0969221367252873 1.7189725128043936 0.5519824878796158 0.018385299636346396  738534.4880610773
-0.2344440692708355 1.096922133308671 1.7134368042695611 0.5541150041992443 0.01620999816959698  738534.488061257
-0.23444406534717183 1.0969221369673001 1.7017362108346143 0.5591795963066181 0.011650870730511988  738534.4880614945
-0.2343986398347222 1.0968443702894257 1.6938935936874873 0.47570645249593735 0.02927085722768071  738534.4880617897
-0.23439858260308846 1.0968442810648766 1.6891217693056615 0.47807942461653063 0.026506385626144647  738534.4880619621
-0.23439859192450602 1.0968442844341428 1.6795097109069856 0.4825516633296347 0.020499671598644676  738534.4880621484
-0.2343985879195779 1.0968442823052489 1.6698089743965447 0.48689620369994635 0.014092945309513702  738534.4880623337
-0.23417646025117408 1.0970130881773605 1.6649570662005457 0.4891110158900201 0.010558951660369454  738534.4880625231
-0.23417622677844227 1.0970132647830246 1.655115615092629 0.49404774400192214 0.004216001690037691  738534.4880626933
-0.23417623065320306 1.097013259620159 1.6447371487609037 0.5508461514704163 0.03698428935128836  738534.4880628795
-0.2341762231305531 1.0970132605707437 1.633639243232043 0.557011766078887 0.03197936370505513  738534.4880630594
-0.234176226499602 1.0970132610924546 1.6280400479019062 0.5604012226243765 0.029831814132030114  738534.4880632432
-0.2341762254485338 1.0970132661205851 1.6167351476890264 0.5675512664056912 0.02625067463962866  738534.4880634214
-0.234176223190344 1.097013258651261 1.611028829481441 0.5712060543488894 0.024685589289156817  738534.488063608
-0.23417622140629737 1.097013255797176 1.5995084846000716 0.5784984075128968 0.021551027628171515  738534.4880637992
-0.2342256256638417 1.0970690079317011 1.5848875712389903 0.6187569626025169 0.0571385316736797  738534.4880639731
-0.23422567274358136 1.0970690650165869 1.5786747337732214 0.6219641350616627 0.0550826089151245  738534.4880641575
-0.23422568191431217 1.0970690704553958 1.5661580159424302 0.6279168594559911 0.05002636034076375  738534.4880643279
-0.2342256801710021 1.097069068989897 1.5598575980945832 0.6306309310595398 0.04702643752689169  738534.4880645057
-0.23422567850341097 1.097069063131226 1.5471808866977237 0.6355374651476945 0.0403722860126551  738534.4880646908
-0.23422567360812216 1.0970690590359142 1.5408085202521926 0.63774832703887 0.03677332204541192  738534.4880648754
-0.23443932223985978 1.0967501127563126 1.5321431508287182 0.4902963720383805 0.035458560711275317  738534.4880652443
-0.23443953797793457 1.0967497760908953 1.52723177914379 0.49167711737378506 0.03199197293852628  738534.4880654279
-0.23443953895782582 1.0967497811054252 1.5173740258466888 0.49392767617741257 0.025291194871209913  738534.4880656037
-0.23443954308895834 1.096749781239919 1.5124295993333403 0.4949190694174705 0.021996894982905177  738534.488065783
-0.23443954072614573 1.0967497806050028 1.502510251640674 0.49703420264404236 0.015399764173488411  738534.4880659634
-0.23421356113762679 1.0970694957287426 1.5026642014829636 0.49682164890713204 0.014976845305659556  738534.4880662463
-0.23421332392760613 1.097069823374535 1.4650173873537358 0.6153111997717168 0.056537689826897636  738534.4880665017
-0.23421332148458865 1.097069822442888 1.4588447160535194 0.6182534045942414 0.05322752388393857  738534.4880666866
-0.23421332372579692 1.097069827648902 1.4464018474072373 0.6251980879487946 0.04617161055754925  738534.4880668722
-0.2342133227771714 1.0970698191332966 1.440125766231551 0.6290053723055767 0.04236231196558285  738534.4880670455
-0.2344203712346524 1.0968745675628424 1.4267688040638484 0.6370610416208914 0.03390452257626164  738534.4880672869
-0.23442058212899192 1.09687437424869 1.4171769080983323 0.5498621079689102 0.03612100330562489  738534.4880675822
-0.23442058340426403 1.0968743732376396 1.4116669967084339 0.5520598104223423 0.030760411993076827  738534.4880677594
-0.23442058810570976 1.096874369076723 1.4061378787906642 0.5537364663216218 0.025208216749472368  738534.4880679367
-0.23442058599150314 1.0968743682479327 1.4061378769600463 0.5537372433903193 0.025207387539748858  738534.4880681158
-0.23442058613137426 1.0968743706232371 1.3727699298191673 0.5578325948315088 -0.009559176467593654  738534.4880685594
-0.23419490770463208 1.096851796018708 1.3630498405681195 0.5007842208225103 0.006491239691261553  738534.4880688391
-0.23419468024289258 1.096851775710267 1.3580345628728858 0.5027043285003925 0.00127228328217211  738534.4880690225
-0.2341946751430019 1.0968517704803278 1.3479381963851897 0.5075510411525108 -0.008922838273216348  738534.4880692047
-0.2341946750766187 1.0968517701398641 1.337733635356229 0.5135457075884764 -0.01902256204972201  738534.4880693909
-0.23419467331232452 1.0968517736838894 1.3325842690648908 0.5168375936350481 -0.02412837988714105  738534.4880695755
-0.23416875799956102 1.0970171354374165 1.31192518679739 0.6399504580393177 0.011340927040742951  738534.4880697479
-0.23416872867909905 1.0970173103081862 1.305508216810489 0.6434812717053887 0.006332898382803874  738534.4880699198
-0.23416872702357394 1.0970173128339842 1.2925702705746835 0.6503834828616762 -0.00397981078044999  738534.4880700957
-0.2341687273165585 1.0970173095020197 1.2860514609989597 0.6536432624081906 -0.009295237071401142  738534.4880702744
-0.2341687337148067 1.09701731429806 1.2729233202885155 0.659371136386188 -0.02027184639317457  738534.4880704543
-0.23416873457121692 1.0970173156011902 1.2663202380874596 0.661656882802138 -0.025930202475025657  738534.4880706406
-0.23417685250256803 1.097011032088307 1.2634023105972454 0.4978866363602339 -0.014959625103525023  738534.4880709974
-0.2341768614630083 1.0970110240451705 1.2534409311700443 0.4980978665837614 -0.025707087506296578  738534.4880711795
-0.23417686660609355 1.097011024574144 1.243490967265467 0.4967227028188883 -0.036205938519395554  738534.4880713607
-0.23417686436334464 1.0970110263291253 1.2385283046660054 0.4957454239592274 -0.04130724741042584  738534.4880715369
-0.23417687053178943 1.097011029556561 1.2286312647753723 0.4940447678445008 -0.051166975353994185  738534.4880717138
-0.23422426754459533 1.0970880441251691 1.223783850986987 0.4934966550703629 -0.055932172414159154  738534.488071912
-0.23422432734049417 1.0970881250458462 1.2079341169948166 0.556069413816009 -0.015376719974713913  738534.4880720868
-0.23422432437942248 1.097088120319671 1.2023661877158083 0.5572784812819133 -0.019510514709814828  738534.4880722715
-0.23422432330318316 1.0970881239017742 1.1911780973717183 0.5614580932973786 -0.027713998464053792  738534.4880724432
-0.23422432676998317 1.0970881270685362 1.185547197414475 0.5643088132137081 -0.03184655944660301  738534.4880726169
-0.23422431997657703 1.0970881163958097 1.174191345101852 0.5709165179479672 -0.04039868485071314  738534.4880727989
-0.23422431929291354 1.0970881229911351 1.1626996079504095 0.5777416666722031 -0.04957129804291099  738534.4880729947
-0.23418133651610964 1.097024642066523 1.1403620095419393 0.6241127595007615 -0.02458061675480083  738534.4880733383
-0.23418129223516604 1.0970245728097998 1.1341102756528867 0.6261765484115325 -0.02949926758358603  738534.4880735134
-0.23418129766951504 1.0970245677404828 1.1278402325559593 0.6278416119391981 -0.03449934851196142  738534.4880736885
-0.23418128923975093 1.0970245725824483 1.1152596532934136 0.6301132117809768 -0.04468069647015183  738534.4880738636
-0.23418128921093168 1.09702457248911 1.1026444431524647 0.6313931362232893 -0.05503489274744168  738534.4880740402
-0.23418129928195502 1.0970245695255187 1.0963287943476718 0.6318230276434024 -0.06024312221220737  738534.4880742311
-0.23417243952121375 1.097044391292126 1.0952640324241545 0.5245444228213858 -0.016285888318238576  738534.4880743952
-0.23417242880958605 1.0970444132993764 1.0900165146678273 0.5250161521056459 -0.020833673734579557  738534.488074581
-0.2341724241123639 1.0970444100908043 1.079505886808143 0.526137168291688 -0.029963432534595564  738534.4880747605
-0.23417242873133012 1.0970444125647596 1.0742413522281857 0.5268679166972994 -0.034567434649939215  738534.4880749378
-0.23417242575444244 1.0970444065112392 1.0636866731432442 0.5288686370202387 -0.04395644349725438  738534.4880751073
-0.23417242403283547 1.097044414729247 1.0530841236899764 0.5318131083283014 -0.05365981277389453  738534.4880753894
-0.2341826953843828 1.0970222175772117 1.047795868624788 0.48037319137687534 -0.00959534918956015  738534.4880756357
-0.23418270191665183 1.0970221908631814 1.0381399121637802 0.4855336884494083 -0.018743997655063287  738534.4880758189
-0.23418270366295574 1.0970221919637086 1.0283730075720794 0.4915354044089447 -0.028046195735264973  738534.4880760035
-0.23418270523457602 1.0970221971375487 1.023443451167376 0.4948089574157188 -0.03278469272076409  738534.4880761887
-0.23418270389755158 1.097022194831821 1.0134835047331638 0.5017990512414414 -0.042496669766225195  738534.4880763744
-0.2341827021276233 1.0970221914094056 1.0084505520936227 0.5054984566774217 -0.047492298241258696  738534.4880766583
-0.23417786600345783 1.097015635097856 0.9826767463261873 0.5663071966911666 -0.012763851190875147  738534.488076925
-0.23417786990883696 1.0970156275579774 0.9770002694311328 0.5704896564345366 -0.017679998423176465  738534.4880771103
-0.23417785410237446 1.0970156281298846 0.9655234400170603 0.5788504278813623 -0.027726929975260602  738534.4880772966
-0.23417785896674773 1.097015624865993 0.9597230985595341 0.5829534431492774 -0.03282065075741055  738534.4880774738
-0.23417785965218813 1.0970156283898993 0.9480021805133314 0.5907798375789421 -0.04324649551786469  738534.488077695
-0.23416859122903275 1.0970290708707775 0.9420907996453665 0.594432971390732 -0.048687474231576294  738534.4880778347
-0.23416859295036682 1.0970290827046825 0.9258456555735248 0.6443797855451802 0.005095146965504831  738534.4880780128
-0.23416858558658543 1.0970290839514878 0.9129124319546302 0.6501501836700171 -0.004986455035250134  738534.4880781925
-0.23416858014526157 1.0970290830919014 0.9064042152107739 0.652671258904927 -0.010251640565530623  738534.4880783734
-0.2341685838235321 1.0970290797559417 0.8933171956165068 0.6569358634457138 -0.021336699782111317  738534.4880785585
-0.23416858483780506 1.0970290832588818 0.8867437178589865 0.6586419438908847 -0.027125061911355827  738534.4880787446
-0.23417242146493003 1.0970258456424518 0.8735504349086465 0.6611864259034241 -0.039190196531659435  738534.4880789218
-0.2341724263262344 1.0970258466760887 0.8774072791130092 0.5066634603060639 -0.002200637955953226  738534.4880791077
-0.2341724268250931 1.0970258408976243 0.8723399409710227 0.5070628163382325 -0.007757718541392652  738534.4880792857
-0.2341724259760809 1.0970258469083047 0.8621962199271768 0.5073846541867698 -0.018898479114366998  738534.4880794714
-0.23417243260903478 1.097025844702584 0.8571224002604028 0.5075086991881743 -0.024428547340686394  738534.488079656
-0.23417243200627863 1.0970258432794837 0.8469690780938417 0.5082449382351447 -0.03534020917989214  738534.4880798368
-0.2341724251764596 1.0970258420107477 0.8418853761812174 0.5090576828325237 -0.040718078449297264  738534.4880800134
-0.2341748897381514 1.0970173058554824 0.8153676471494308 0.573632760492725 0.01698078668467195  738534.4880803758
-0.23417489706795425 1.0970172950277448 0.8096225182408482 0.576680021273394 0.01261432505467777  738534.4880805486
-0.23417489581198858 1.097017297978205 0.798033972454536 0.583779887694419 0.0036957935923399676  738534.4880807276
-0.23417489231651717 1.0970172960569469 0.7921846164323803 0.5876001106317245 -0.000982339352999717  738534.4880809134
-0.23417507314890518 1.0970238002849246 0.7803769101347579 0.5951607230561915 -0.011089045448107723  738534.4880811729
-0.23417507092501452 1.097023813763167 0.7656965914857929 0.5724915604005634 0.028926378549654744  738534.4880814657
-0.23417507453648168 1.0970238047064556 0.7599639577321641 0.57514118335109 0.023209555193022823  738534.4880816435
-0.23417507695846426 1.0970238086622548 0.748425496912542 0.5794825999470776 0.011000651746865549  738534.4880818225
-0.23417507452511235 1.0970238104724297 0.736807944503659 0.5829055722414048 -0.002006256716090511  738534.4880820047
-0.23417508029000747 1.097023812516133 0.7309745436424937 0.5844374846373502 -0.0086767661227577  738534.4880821821
-0.2341750081944646 1.097026028318525 0.7192638886462867 0.5874955810877062 -0.022232950144592176  738534.4880824522
-0.23417500905114114 1.0970260252516284 0.6980938151923664 0.6224032836287656 0.04443449282292907  738534.4880827266
-0.23417500175075068 1.0970260241041263 0.6918631521415337 0.6244831152105553 0.03926767077976047  738534.4880829091
-0.23417500620047807 1.0970260265973029 0.6793361827642331 0.6289811244363235 0.028892560251451628  738534.4880830949
-0.23417500445180478 1.097026028439142 0.6667173625580098 0.6335987848956557 0.018110147314308867  738534.4880832712
-0.23421386275807818 1.0969475323151474 0.6603310853478144 0.6358624032758633 0.012634992757692741  738534.4880834898
-0.23421390674729398 1.0969474481521073 0.6550370847701688 0.5560862510485246 0.07198240910706798  738534.4880836233
-0.23421391126715355 1.0969474535456527 0.649469356473286 0.5577794596918401 0.06636626936109419  738534.4880838007
-0.23421391177793788 1.0969474583699352 0.6382884928243393 0.5604958770296983 0.053801289444970576  738534.4880839791
-0.23421391791696136 1.0969474535382022 0.6326796707387431 0.5615483792079776 0.046868886837402854  738534.4880841523
-0.23421391128852004 1.0969474502142516 0.6214339957230868 0.5632423424287413 0.03192122862328081  738534.4880843309
-0.23421390794185154 1.096947448532395 0.6157988410425977 0.5640344335664368 0.02401537802645117  738534.4880845061
-0.23418325288446706 1.0970269323683581 0.6045501457418421 0.5657891296039138 0.007288519806385172  738534.488084685
-0.23418322604364264 1.0970270136271139 0.6060006176944467 0.49523935235568495 0.06482351851989715  738534.4880848628
-0.23418322386320206 1.0970270186111606 0.5960679924515793 0.49824209081160964 0.05011301241634641  738534.488085044
-0.2341832299474511 1.0970270184265998 0.5905767900744162 0.5002892765847206 0.04208103452418103  738534.4880852305
-0.23418322974083816 1.0970270156143214 0.5805281883890893 0.5048589023003675 0.02762108745220223  738534.4880854083
-0.23418322273038703 1.0970270189617677 0.570375529776598 0.5105200653878305 0.013963779559738885  738534.4880855855
-0.23422337154260905 1.0970861168539707 0.565325140163527 0.5136928392804139 0.005210848959504844  738534.4880858023
-0.23422340812192258 1.097086182045962 0.5521502234199176 0.5519699248384293 0.09636794628133222  738534.4880859421
-0.23422340324016142 1.0970861823165317 0.5466103094823822 0.55590445441157 0.08995106324311401  738534.4880861128
-0.2342234100124988 1.0970861716453864 0.5354091001853963 0.5641511303845205 0.07642301009392201  738534.4880862944
-0.23422340605022776 1.097086178715245 0.5297459663633739 0.5683549733191675 0.06927809440175502  738534.4880864803
-0.23422340858800028 1.0970861803006229 0.5182940875557867 0.5766261033195118 0.054154334490278865  738534.4880866571
-0.23422341352932496 1.0970861826216904 0.5125071500378742 0.5806036598843499 0.046237872126609465  738534.4880868355
-0.23444844066539686 1.0969157709332311 0.5008136036606761 0.5881573572973363 0.03068180510143752  738534.4880870212
-0.23444868209961237 1.0969155914031186 0.49221407834308 0.5656644965603902 0.10618678128163953  738534.4880872004
-0.23444868286939977 1.0969155836249342 0.4865394537891628 0.5688386428129235 0.09926400356644391  738534.4880873822
-0.23444867864313776 1.096915594448901 0.47510051442466833 0.574730963724317 0.08486815536319199  738534.4880875633
-0.23444868398911062 1.0969155903530503 0.46933849174054326 0.5774708266591342 0.07781411654274109  738534.4880877407
-0.2344486831078583 1.096915590273836 0.457734039032109 0.5827202226289011 0.06294179851814528  738534.488087924
-0.23442005021164708 1.0968470469710292 0.4518207635167056 0.5853739949555881 0.05545295155611459  738534.4880881092
-0.2344200208179161 1.0968469761089146 0.4365189076183839 0.6289766451771639 0.18748054584681367  738534.4880882925
-0.2344200266897973 1.0968469773279792 0.43021485164026413 0.6313123212997215 0.18376589164023202  738534.4880884709
-0.2344200236719771 1.096846978054178 0.41753686105370336 0.6358724099880433 0.17653090684748424  738534.4880886499
-0.23442002144224625 1.0968469768120972 0.4047696549732373 0.6401735863609386 0.16973952254018676  738534.4880888254
-0.23442002275435994 1.096846968971626 0.3983551575211386 0.6421452385163913 0.16614746260229185  738534.4880890019
-0.23442002601667805 1.0968469711298574 0.38547271171492814 0.6455025411117126 0.1582033799652626  738534.4880892675
-0.23415757145895066 1.097136263227606 0.38399351433126366 0.48850593732317665 0.18369386456968284  738534.4880895371
-0.2341572909885219 1.0971365579755266 0.3791014330493743 0.4891543644383691 0.17707150175930694  738534.4880897134
-0.23415729285758108 1.0971365578239103 0.36930322040395497 0.4898359969011005 0.1620127690140897  738534.4880898994
-0.23415729637684368 1.0971365601946035 0.364400654553391 0.4899320469379245 0.15459196241254744  738534.4880900808
-0.23415729712223496 1.0971365590490194 0.35459203615724205 0.49023711613475035 0.13750817867749526  738534.4880902641
-0.23418102274069733 1.0970207225393407 0.3496103366208957 0.48374651920044254 0.1300601104580603  738534.488090554
-0.2341810391412064 1.0970206105181872 0.32440511278870143 0.541625764767965 0.36844093677125384  738534.4880908058
-0.23418104129872822 1.097020601306403 0.3189653110185111 0.5441700293147638 0.36953728778396444  738534.4880909887
-0.23418104225320374 1.0970206052503888 0.3074369386439959 0.5515781350242892 0.37233826144121657  738534.4880911745
-0.23418103922538516 1.0970206064442722 0.3018835310352116 0.5560247312436387 0.3739430211937245  738534.4880913442
-0.23417580509104963 1.0970176093403792 0.29062313511503163 0.5662983127227879 0.3750021543287161  738534.4880915991
-0.23417580286781495 1.0970176077804716 0.282560168790279 0.5388888885441686 0.519255139698785  738534.4880918913
-0.2341758040020442 1.0970176095408328 0.2716631302933816 0.549353275109979 0.5123225900527965  738534.488092069
-0.23417580604695992 1.0970176109295717 0.2661404015060498 0.5542545531259672 0.5049183492542998  738534.4880922388
-0.23417580522364673 1.0970176148168522 0.25496053393287144 0.5631252292204981 0.4815205386546446  738534.4880924206
-0.23417580462859233 1.0970176082558054 0.24930818231206012 0.5670791998981999 0.4654678039014075  738534.4880925963
-0.23418379060398456 1.0970188433429664 0.23789951775271162 0.5741295692790814 0.42540331830026046  738534.4880927722
-0.23418379056402985 1.0970188468228934 0.21807672386321839 0.6019009640152929 0.7227359791298914  738534.4880931267
-0.2341838006115997 1.0970188416169084 0.21204803435557273 0.6044454697022257 0.71539458963582  738534.4880933124
-0.23418379278627166 1.0970188416583284 0.19991578745311223 0.6098132178526299 0.7015239788671099  738534.488093497
-0.23418379317632543 1.0970188449007643 0.1876777387577745 0.6155895702137562 0.6894832311836194  738534.4880936827
-0.23418349799180824 1.097019029841316 0.18151611983169508 0.6185672165943993 0.683922972713589  738534.4880939003
-0.23418350163422738 1.0970190355673193 0.17575669814956665 0.5376394617148571 0.8457456026125284  738534.488094034
-0.23418350379334063 1.0970190310699532 0.17038097004346975 0.5398983981926958 0.8438623853994156  738534.4880942038
-0.23418350276100444 1.0970190330673137 0.1595685909051734 0.5435921876622042 0.838437682419161  738534.488094383
-0.23418349979169342 1.097019031698775 0.15413698477652812 0.5449278964911295 0.8342249009740429  738534.4880945595
-0.23418350233305638 1.0970190290288122 0.14323837647846352 0.546661144771769 0.8210772014331176  738534.4880947456
-0.23417166635623715 1.0970266487573244 0.13777149939659616 0.5472050959948215 0.810737644235284  738534.4880949215
-0.23417165174303298 1.0970266565173008 0.12683434650596465 0.548003082582171 0.7833031876119189  738534.488095107
-0.23417165982407293 1.0970266556452943 0.12136000035965949 0.5484750993857453 0.7654011260862543  738534.4880952865
-0.23417164893293335 1.0970266546917944 0.11815295918133013 0.4782426633553842 0.9632756910268264  738534.4880954664
-0.23417166163955264 1.0970266528591428 0.108591858296695 0.480431903348198 0.9243328527898613  738534.4880956486
-0.23417165518506458 1.0970266555486812 0.10379442617729319 0.4821728619115204 0.8982657324228466  738534.4880958324
-0.2341716569856957 1.0970266492914078 0.09414435032948301 0.48714169200620855 0.8294615843893096  738534.4880960082
-0.2341916783522172 1.0970139447651523 0.08929306047423476 0.4903898662972232 0.7850418709741426  738534.4880962184
-0.23419169583827332 1.0970139397647296 0.07135344177302125 0.5864892221055966 2.921437083912135  738534.4880963692
-0.23419169453016372 1.0970139392860403 0.06553230880596848 0.5864296978083855 3.2726192501779203  738534.4880965545
-0.23419169680843507 1.0970139369238807 0.05391973603302815 0.5845930387052222 4.337392556841163  738534.4880967272
-0.23419169968627201 1.097013933323872 0.048146286905037854 -0.4983344377576606 -5.321313403623307  738534.4881132267
