0.4950232483068124 1.0000000039828907 2.544237637244497 0.4567023828123218 0.09267511875323102  738532.6867772905
0.4949834455281955 0.9999999991423819 2.5401678602932036 0.4512882803920335 0.08118384284271958  738532.6867774765
0.4909925157565277 1.0000000058506817 2.5314203383200793 0.44771469446466666 0.09325366242712611  738532.6867776483
0.4870435097979193 0.9999999982666066 2.5265961246279 0.446206715626519 0.0908423548595402  738532.686777845
0.48304219588115316 1.000000003795928 2.517727364486636 0.4455287996086796 0.08746731203310448  738532.6867780213
0.4792326431620564 0.9999999995330793 2.5129289917944875 0.44573660861259384 0.08498850882382239  738532.6867782053
0.47501357316162607 1.000000004701487 2.503907348054968 0.45252376564143554 0.0823979862560034  738532.686778391
0.4712481509408176 0.9999999968997604 2.4947030364125995 0.46773084610704685 0.07866958247727289  738532.6867785633
0.4675271062044761 0.9999999993728872 2.486601310696234 0.5093550497191036 0.09126043290476796  738532.6867787337
0.45984839312134995 0.9999999970714004 2.475187674782386 0.5424231273106312 0.09652230654763701  738532.6867789088
0.4597839800602887 0.9999999956505169 2.469364007196651 0.5587041480235541 0.08537336693797397  738532.6867790944
0.45217232916699607 1.000000001641689 2.456724319335988 0.6054030940454315 0.09083296165113584  738532.6867792757
0.4482952691755448 1.000000001595023 2.450048491935924 0.6287335045504219 0.08866555597120955  738532.6867794537
0.44826471701743514 1.0000000034271361 2.4373583967070953 0.6750922859945196 0.07587730541936161  738532.6867796263
0.44049867943841825 1.0000000039004582 2.4292464558989835 0.703643858467263 0.08294000865548949  738532.6867798165
0.43653190859311347 1.0000000018777582 2.4324597937259735 0.6214164547916118 0.0883922572180215  738532.6867799868
0.43650043440460584 1.000000000826172 2.4199306116214534 0.6676914610190549 0.07474896918382257  738532.6867801825
0.4286265537129007 0.9999999978762693 2.4119188952630704 0.6955696470469145 0.08180385128351529  738532.686780366
0.42856009849014126 1.000000001218257 2.397870146739598 0.7416095007845785 0.06768338320666381  738532.6867805482
0.424413607945072 0.9999999977123272 2.3897547689238823 0.7668712456383375 0.06605345514436167  738532.6867807078
0.42096109407301435 0.9999999995382886 2.373537348462993 0.818570286629599 0.06034073385160715  738532.686780883
0.41327567887860805 0.9999999989267917 2.349773313916251 1.022245455474268 0.08728125220747761  738532.6867810714
0.4132107652709873 0.9999999996635971 2.3288272339174942 1.074952982468494 0.07404306920931288  738532.6867812371
0.40952761213033373 0.9999999990719629 2.317311999500583 1.1040361519862845 0.07249231288394098  738532.6867814115
0.4017644871532952 1.0000000008643177 2.2933110923018423 1.1681799551923617 0.07981797504881599  738532.6867816097
0.4016988072331602 1.0000000002595966 2.2692804039834207 1.2276718336556696 0.06706529909778823  738532.6867817842
0.3974670992607912 1.000000003080144 2.2561183202591746 1.259485301377333 0.06706702014308097  738532.6867819796
0.3898155710990607 1.0000000048432365 2.2517831859123816 1.0770012750568618 0.0873204588510043  738532.6867821512
0.38975085401567805 0.9999999967865731 2.2408655852108694 1.1049762545873039 0.07535762868537507  738532.6867823348
0.38568550611762953 1.00000000483144 2.2174739504890253 1.1667333526077495 0.07059713958246205  738532.6867825201
0.38181761344506837 0.9999999990329085 2.1928621295200497 1.2278041436012717 0.0645035754407123  738532.6867827036
0.37785626002528955 1.0000000024945344 2.179776813632357 1.2583109687925127 0.06228789314510962  738532.6867828912
0.36985570559484576 1.0000000022382116 2.152630898721712 1.3226176388969353 0.0676158747640197  738532.6867830754
0.3660124693880644 0.9999999934539325 2.138602722180877 1.3532192464504276 0.0649791072409792  738532.6867832635
0.3659817539290512 1.0000000010419736 2.1005651288251017 1.5065206947427956 0.06965810863574042  738532.6867834352
0.362052890751996 0.9999999994895564 2.0845129027101814 1.5384293604249077 0.06814195434620872  738532.6867836252
0.3581976073198541 0.9999999976308395 2.0355703871485944 1.6371610948843622 0.06055796029354414  738532.6867838001
0.3541705022297742 0.9999999983468288 2.0011369948751168 1.7041320840178125 0.05479953259241156  738532.686783979
0.3503066004293018 0.9999999976913049 2.0005955166010443 1.703871995061195 0.05509298111958554  738532.6867841514
0.3426216668209717 0.999999993242293 1.9644667085053502 1.7717764354735641 0.059408226507654295  738532.6867843476
0.34255661809276855 1.0000000027345022 1.9329120170103535 1.9553461682079847 0.06195124490337466  738532.6867845143
0.33849440010757675 0.9999999939612811 1.8922862723335916 2.015740768213678 0.053215575835368754  738532.6867846971
0.334791152054987 0.9999999972371988 1.850736286692131 2.0699481729507467 0.04431943901634017  738532.6867848815
0.32706047274402644 0.9999999973260816 1.8078052952667227 2.120470914832649 0.047945823077332535  738532.6867850566
0.32301833866213675 1.0000000013333152 1.8072780319881483 2.12020525431268 0.04932900385471609  738532.6867852537
0.3229858829789411 0.9999999989149211 1.7646342013724172 2.157703517512486 0.025189098918008305  738532.6867854234
0.31535297831828785 1.000000001981441 1.7633338009185813 1.705384319104931 0.05645377379646321  738532.68678561
0.3152884401803204 1.0000000001891323 1.7463844935254933 1.7152644600586708 0.039478688934039635  738532.6867857833
0.31108656527084666 0.999999999648782 1.711694443732375 1.7348862036849373 0.032700772431340674  738532.6867859794
0.30338501077618063 0.9999999990854469 1.693546362522867 1.7443175996406233 0.04446192116860372  738532.6867861642
0.3033198883159013 0.999999994471524 1.658998965138946 1.7514762550143301 0.02175569849195496  738532.6867863488
0.2991181372451551 0.9999999949340073 1.6237869253848183 1.7578884070534586 0.01579036932447755  738532.686786522
0.2951266402058661 0.9999999939481574 1.6058953598776537 1.7606861665809943 0.014153830375661444  738532.6867867127
0.29125422218956465 0.9999999979719993 1.5542175488354157 1.9300704878892065 0.03694572220296308  738532.6867868725
0.2839997472940532 1.0000000043202448 1.5341608992767242 1.9359849899936687 0.05056015652332897  738532.6867870499
0.28393863152502824 0.9999999955900358 1.4955244006497663 1.944565814374233 0.02779688037398869  738532.6867872329
0.28002210453250337 1.0000000007677297 1.4756204115106422 1.951910548029709 0.02679872665405065  738532.6867874125
0.2758928481520399 0.9999999970996059 1.4359606684757562 1.9707855525023004 0.02191671152786255  738532.6867875963
0.2681894950823809 0.9999999987843584 1.39551363880892 1.994950172195994 0.034217185885845415  738532.6867877931
0.26812437224193975 1.000000002759574 1.3851972353833508 1.8831367231212814 0.049412667551203944  738532.6867879577
0.26042926373009156 1.0000000050371893 1.346657097253907 1.9045686045634038 0.06313206414845358  738532.6867881529
0.256388897434283 1.0000000021518571 1.3272743721295852 1.9123503880996422 0.06255890910633748  738532.6867883268
0.25635654923693624 0.9999999997981331 1.2892233582117147 1.921834101951419 0.03479010456667696  738532.6867885068
0.2485679794347989 0.9999999964030601 1.269315463456382 1.9278874792481855 0.05438900088146599  738532.686788702
0.24850213586790923 1.0000000013525305 1.231049757221193 1.9315733856545914 0.024597337167344673  738532.6867888719
0.24076117228043073 0.9999999987301721 1.191872294495069 1.9381091737376666 0.03847649177200466  738532.6867890634
0.23673177099256898 0.9999999939197478 1.1772708697162049 1.889593133064548 0.08270833273751235  738532.6867892368
0.23301889836828077 1.0000000020900877 1.137454186327111 1.8957047902040949 0.07527841624046683  738532.6867894201
0.23298949759571153 0.9999999981520895 1.1185965919075866 1.897649200903095 0.05046178523195529  738532.6867895826
0.2255604747729687 1.0000000020995492 1.080026760123636 1.9091064140769687 0.06850120949846056  738532.6867897668
0.22549785025871294 0.9999999909983119 1.0610046366503725 1.9129408770825713 0.04293007983560901  738532.6867899372
0.21779143319782582 0.9999999986508095 1.0220795806520113 1.927192249766451 0.06463788653866406  738532.6867901267
0.21377373917474765 1.000000004394889 1.0112102583352076 1.824182031376393 0.11030612306032286  738532.6867902998
0.21374158704526688 1.0000000041836343 0.9747777253319357 1.8355539469002926 0.0780349895835662  738532.6867904849
0.2097779355045636 1.0000000034029792 0.956141021692468 1.8415616189830968 0.08002720759796073  738532.6867906636
0.20216039341245134 1.0000000010058794 0.9187587225099032 1.8541395932672378 0.10427829371670078  738532.6867908505
0.19833398959035475 0.9999999986433745 0.9000000808494975 1.8590310904816183 0.10473111840961222  738532.6867910145
0.19444714745660843 1.000000001142158 0.8626208794289941 1.8687440753253153 0.09794071239469021  738532.6867911945
0.1904943852009262 0.9999999909237856 0.8250367612171767 1.8785873491067073 0.0905128134075532  738532.686791389
0.19046280633723428 1.0000000046307993 0.8092750568544058 1.8522548726992936 0.12228225042700074  738532.6867915625
0.18650350752430567 0.9999999992034947 0.7719656021433899 1.863478695563572 0.11930221942400558  738532.6867917449
0.17877942902265653 0.9999999974912672 0.752871415230823 1.8700655071149086 0.16441889762316902  738532.6867919215
0.1787141283719052 0.9999999961806003 0.7154193476732428 1.882607128952038 0.12026131579679683  738532.6867920953
0.17474387078790354 0.9999999982645945 0.696366021853247 1.8894153333694783 0.127482182008088  738532.686792279
0.17125369972895238 1.0000000017154045 0.6583056464874544 1.9040207693132503 0.11921855403973472  738532.6867924521
0.16704035230179307 1.0000000023661548 0.6268834932524371 2.0641759249826 0.1961159682760646  738532.6867926298
0.16320203835970654 0.999999998395661 0.585333710155977 2.078668735650824 0.20081360729985429  738532.6867928277
0.1591753168996411 0.9999999957409981 0.5643822445569626 2.0853745374119246 0.21854082924407472  738532.6867930087
0.15180411994201065 0.9999999970829195 0.5223653261367439 2.098373439013759 0.2882858003331485  738532.6867931702
0.15174191636470866 1.000000001111292 0.4803305813277538 2.1101130148234106 0.22403248718089921  738532.6867933503
0.14763853824494488 1.0000000016352069 0.4591472746410804 2.1141999444834134 0.252678005562329  738532.6867935467
0.13997119413031112 1.00000000380861 0.46201413166655897 1.6185869068356704 0.4136140806348572  738532.6867937181
0.13607538947598033 1.0000000007498608 0.4458342584702314 1.6194241389017325 0.4392798024771836  738532.6867938968
0.1360442611586265 1.0000000024988387 0.4133818384782799 1.6222610701208815 0.37693956769793674  738532.686794078
0.1283890903453707 1.0000000001033564 0.39727587753182303 1.6189927070103511 0.4984671203138907  738532.6867942542
0.1245661983979411 1.000000005337854 0.36490317275040673 1.6175638820064766 0.5388381102015737  738532.6867944297
0.12453573136400536 0.9999999981577367 0.34865215868744387 1.6190909455537636 0.4800454562717133  738532.6867946133
0.12060312864937839 1.0000000018350408 0.3162723526339295 1.6209377797474727 0.5432162483344632  738532.6867947959
0.11307758140036121 1.0000000040232462 0.2675324151715448 1.785666240514348 1.206077754501193  738532.6867949745
0.10919051618884376 1.0000000034240488 0.2498289704025704 1.784617290532173 1.4076836589300867  738532.686795153
0.10516532185528871 1.000000000325123 0.21210513820298413 1.7891976090646575 1.869229708309828  738532.6867953395
0.10513305983375754 0.9999999931965843 0.1937686489811231 1.799256326931997 1.992851728849352  738532.6867955157
0.10135945249547271 0.9999999994781599 0.15749112271756754 1.8049997462305116 2.913244416045157  738532.6867956807
0.09359744713347051 0.9999999968731484 0.14080943276614855 1.7758562181504378 4.290575522741297  738532.6867958766
0.09353177779969339 1.0000000027150138 0.11546627250365614 1.6257619948222772 5.998525058225767  738532.6867960515
0.08578044490051395 0.9999999981972445 0.10178754652859699 1.5357745197320856 8.833575884669596  738532.6867962269
0.08571486229521966 1.0000000015149786 0.06870552710213464 1.3529605247888374 17.246148524430883  738532.6867964119
0.08175522238819105 0.9999999999063006 0.05792416024839061 1.0568092327416667 25.283403679714787  738532.6867965936
0.07782901384639888 0.9999999934136662 0.046789862264379166 -1.777846877038726 -24.15346592672723  738532.686813178
