0.3522036334816787 2.1118360647121888 3.6494659397640197 0.3900422493459707 0.009731419917396672  738533.6018621237
0.35220363181917347 2.1118360632019937 3.6416155009868216 0.3939807249464184 0.007210078672009841  738533.6018622973
0.35220363336798005 2.111836066899064 3.6376624193318357 0.3957184023813576 0.005912624023004611  738533.6018624693
0.35220362914077236 2.1118360638326075 3.630449935789797 0.39123609308844304 0.013196888041122035  738533.6018626554
0.3522036369423782 2.1118360607180584 3.6265289472379023 0.3922944715218293 0.011749430995622843  738533.6018628409
0.35220363265227306 2.1118360655885406 3.6186590521195408 0.3942352998263981 0.008912215705269276  738533.6018630163
0.35220363425039947 2.111836061648069 3.6147086363877765 0.3954889008616165 0.0075049756865700696  738533.6018631955
0.3522104744087739 2.1118380193202504 3.6067661574380825 0.398992226787884 0.004648261093298774  738533.6018633761
0.3522104771897881 2.11183801748551 3.5987394473367167 0.40420086711983294 0.0018025011516997192  738533.6018635618
0.35221048466046817 2.111838022058362 3.5904305008607307 0.4548551195313124 0.01631910475886691  738533.6018637473
0.35221047893140006 2.1118380260102114 3.5812796471007475 0.46216977794336195 0.01359946328423987  738533.6018639316
0.35221047961582447 2.1118380215315105 3.5766489510430493 0.4660156027446832 0.012234663689875564  738533.6018641082
0.35231044911890497 2.1118458731615313 3.567296610087365 0.47340698757358407 0.009413298427589242  738533.6018642952
0.3523105484177501 2.1118458780060343 3.5577801634007398 0.48002371588825343 0.0065002311829043015  738533.6018644641
0.35231054147077395 2.1118458780876073 3.552974470096715 0.48296696794278177 0.004997484229002893  738533.6018646397
0.35231055166532005 2.1118458753694735 3.5533911937449436 0.3856399594675826 0.008111246379813496  738533.6018648237
0.35231055186371113 2.1118458710497263 3.5495232706408233 0.3879875431386294 0.006499595310152409  738533.6018649953
0.35231054836377645 2.1118458781892944 3.5417231185145583 0.39214706772402713 0.003356781870513591  738533.6018651695
0.3523105479747353 2.1118458749449345 3.537792719862062 0.39418796024580827 0.0018154427775345294  738533.6018653467
0.3523105489544968 2.111845873956305 3.5298639399744562 0.39870159566058994 -0.0011501473229347246  738533.6018655306
0.35264777103395895 2.1117972787417427 3.525862399971827 0.40130021144897526 -0.0027451958708732955  738533.6018657137
0.3526481272599962 2.111797233377534 3.5177693415661055 0.40737184618905414 -0.005477086956419496  738533.6018658889
0.35264812391783307 2.111797228613524 3.5086696819560435 0.46298199611557267 0.008856664803429486  738533.601866075
0.3526481201869494 2.1117972324448275 3.4993311044946127 0.4706773995434865 0.006359999200804785  738533.601866256
0.35264812851662447 2.1117972294838876 3.4898347920994177 0.4787949754907513 0.003922432957337533  738533.6018664319
0.35228895482153605 2.111844878591367 3.4850217447653384 0.48281002374230747 0.0028238459821080157  738533.6018666071
0.35228858116598555 2.1118449416058587 3.4752866372846847 0.4901238105173508 0.0002816237412764147  738533.6018667833
0.3522885864797173 2.111844936958548 3.4703674863091947 0.49331876568495114 -0.0009888058011862846  738533.6018669539
0.3522885857540888 2.1118449349423685 3.4613456021636173 0.4891207914751279 0.008393482426774516  738533.6018671301
0.35228858934530916 2.111844937093769 3.456445726951032 0.49122873104227655 0.007010750849743433  738533.6018673129
0.35228858723052847 2.111844936995612 3.4465881808353327 0.4948341441683081 0.004278257777580814  738533.601867491
0.3522885875571953 2.1118449371917207 3.441634060100282 0.49641840469658255 0.0029305128113052453  738533.6018676611
0.3522885880745231 2.1118449351591857 3.431681313537252 0.4993733019692628 0.00029305415402833745  738533.6018678346
0.35220412601366013 2.1118428347091878 3.4266699165010555 0.5009022662570497 -0.0009477321434202634  738533.6018680191
0.352204039439225 2.1118428267716043 3.421155546127904 0.5025687475333109 -0.00236438618205015  738533.601868203
0.35220403401307715 2.111842827255957 3.4066420514105817 0.549121480043324 0.009586408569935763  738533.6018683852
0.3522040419059975 2.111842831610964 3.395644524905171 0.5521842253088591 0.0071609957457483865  738533.6018685609
0.35220403742643197 2.1118428293812532 3.395644522066409 0.5521789645391344 0.007200906599358418  738533.6018687348
0.3522040426527813 2.1118428256418937 3.38458804837663 0.5548672554962734 0.004742729374249521  738533.601868933
0.3522079183058337 2.111836151227145 3.373476441599158 0.5566977524557352 0.00221565764178135  738533.6018691085
0.3522079255394346 2.1118361438028037 3.367909795567291 0.5571930012075215 0.0009125900478159283  738533.6018692921
0.3522079231737512 2.1118361489914967 3.3670821849138677 0.43002410823108506 0.008063321043892707  738533.6018694715
0.352207925007838 2.1118361455395465 3.362783369261469 0.4297060288297438 0.006731206893514714  738533.6018696465
0.3522079203056443 2.1118361451543604 3.3542030243936742 0.42819871986981906 0.004053672595920223  738533.601869825
0.35220792245720217 2.111836145729386 3.349925521678812 0.4271358300392204 0.0027289477661113204  738533.6018700101
0.3522079176153625 2.111836148212847 3.3414031677395455 0.42511230835057057 0.0001673537369360638  738533.6018701886
0.3526563322828985 2.1117964066343724 3.3329366243390934 0.4240925269085086 -0.0025114991716345698  738533.6018703674
0.3526567969876749 2.111796363207854 3.3286943929053945 0.4242013371049758 -0.0037216462686184082  738533.601870548
0.35265679658171484 2.111796364216028 3.3134128679884074 0.4937695955722218 0.0090528857010862  738533.601870729
0.35265679395813143 2.1117963597970304 3.3084645514347937 0.4953220548460012 0.007950298363408752  738533.6018709092
0.3526567987722849 2.1117963654752576 3.298510966665637 0.49941752290336994 0.005734112127966981  738533.601871081
0.3522070341544431 2.111835619092749 3.2934772961111394 0.5018416747171331 0.004826518511000413  738533.6018712581
0.3522065689687307 2.11183565921956 3.2833860757383513 0.5065581809096984 0.002509209601285659  738533.6018714436
0.35220657804870004 2.1118356619078047 3.2783085206819536 0.5086210324408046 0.0012955325114836498  738533.6018716265
0.3522065719406452 2.111835661667346 3.264312140265423 0.5588648877273587 0.015014537585967904  738533.6018718114
0.3522065741936882 2.1118356628178523 3.2531202936076564 0.5603051670092163 0.012420907517563258  738533.6018719949
0.35220657493559754 2.111835660258502 3.2475159980129016 0.5605883777219555 0.011098162640958843  738533.6018721749
0.3522065775815133 2.111835659804787 3.236302793191009 0.5606277206248966 0.00838748719571556  738533.6018723467
0.35265831090704997 2.111815926830761 3.230739277450765 0.5603456019604002 0.006786043735439231  738533.6018725213
0.3526587851063721 2.111815911289692 3.2195367738633474 0.5595966042634027 0.003962858974371498  738533.6018727053
0.35265878013070423 2.111815907751397 3.2139416316750844 0.5590919069462507 0.0025380425239344413  738533.6018728905
0.3526587813839698 2.111815910879325 3.2148555912799095 0.4376027490624167 0.007493474718857281  738533.6018730623
0.35265878332005796 2.1118159112147503 3.2104821937390176 0.43685862993593466 0.006095025841818913  738533.6018732332
0.3526587827559495 2.111815909419971 3.2017607895673184 0.4350383137361593 0.0032956671222441137  738533.6018734126
0.3522061960612569 2.111832937464839 3.193035375850594 0.4330587334850754 0.0007596628949208425  738533.6018735974
0.35220573470592764 2.111832956535232 3.1887093143041523 0.43217166434813087 -0.0005934303331334355  738533.6018737721
0.35220572249659576 2.111832951383122 3.1800777557427553 0.43118786684578014 -0.0032988424963424014  738533.6018739579
0.3522057215124101 2.1118329523028803 3.1668660011651637 0.5434372068524816 0.01096788643074699  738533.6018741381
0.3522057260936946 2.111832948933105 3.1559875996233933 0.5446534168380073 0.008397377303152842  738533.6018743158
0.3522057267006753 2.111832953438589 3.1505356230547967 0.545772063745331 0.007118204805879167  738533.6018744909
0.35255392080303116 2.111819779925123 3.1396273830196066 0.5484961919492948 0.0043805499573300296  738533.6018746754
0.3525542800364631 2.1118197656476845 3.1341351553442776 0.5499241105215139 0.0030704173145976914  738533.6018748488
0.35255427756746505 2.1118197613644902 3.1225610677353584 0.5521917701215527 0.0001749620659919599  738533.601875027
0.3525542763641444 2.1118197645921772 3.1170367677487394 0.5526636553327936 -0.0012894380748186246  738533.6018752053
0.35255427787736654 2.1118197683664652 3.118914453249177 0.42358375248568475 0.005642565421386773  738533.6018753868
0.3525542793542669 2.111819766586884 3.110454106700834 0.42174871473710823 0.0025840720292008017  738533.6018755713
0.352554282805996 2.111819769140562 3.106239810104525 0.4205263697313759 0.0010890482010778892  738533.6018757523
0.35255427588328747 2.111819762841869 3.0978505887579018 0.4180828850548981 -0.001748282167963426  738533.6018759247
0.35220604775460573 2.111834134800538 3.0936412364103356 0.41724282238910537 -0.0029064961175097066  738533.6018761075
0.35220569196246915 2.111834149385952 3.0853023759702602 0.4169770973092759 -0.005425232244478045  738533.6018762931
0.35220568611128206 2.111834148260108 3.0716203117636853 0.5367583970069665 0.010507485524526098  738533.60187647
0.3522056921080673 2.111834153123709 3.060861511517123 0.5397801430811335 0.008234582027295557  738533.6018766551
0.35220568476862196 2.111834148294011 3.0500234046339942 0.5443554292201519 0.005911206633196252  738533.6018768382
0.35221970614125525 2.111840449245547 3.044576449926917 0.5467695802863278 0.004678942532622983  738533.6018770222
0.35221972772793886 2.1118404582719355 3.0335968113583105 0.5509767837005889 0.002040999901540713  738533.6018771975
0.3522197269419211 2.1118404558664827 3.0280784297176147 0.5525034248893093 0.0006160319991092655  738533.6018773783
0.35221972111171257 2.1118404531398927 3.028418547828106 0.42829769241652327 0.007932993721625606  738533.6018775558
0.35221971533419855 2.1118404560496873 3.0241371083625053 0.4279928335649357 0.006373209647454236  738533.6018777366
0.3522197177425121 2.111840459330859 3.01559558600392 0.42612813847350145 0.003204275677780994  738533.6018779143
0.35221971351620374 2.1118404586022543 3.011341330291201 0.42488860788955635 0.0016437161142668544  738533.6018780974
0.35221972227101084 2.111840455057403 3.0028670439409155 0.4227238112707291 -0.001352783483545924  738533.6018782825
0.3521977300393585 2.111843267102426 2.994419949270065 0.4222953428691272 -0.004159006186100702  738533.6018784593
0.35219771019712315 2.1118432721765754 2.9901940736285515 0.4229738924749483 -0.005505975798192532  738533.60187863
0.35219770550268176 2.1118432768791098 2.970262501847676 0.5413377974384885 0.010200051447037548  738533.6018788059
0.35219771072688916 2.1118432739467696 2.964839977273577 0.5437035756209115 0.008989906834128576  738533.6018789771
0.352197712311917 2.111843278947263 2.953917497144468 0.549306087408068 0.00653558402881849  738533.6018791544
0.35219771006807377 2.111843275942122 2.948413266309239 0.5522257726287483 0.005261199636670861  738533.6018793375
0.35229038994423667 2.111851352324386 2.937340367894077 0.5572990401680962 0.0025183636624787967  738533.6018795193
0.3522904913863357 2.1118513562287795 2.9317580074764207 0.5592083873611805 0.0010946832918937296  738533.6018796971
0.35229049770590287 2.1118513628319153 2.9317080255571097 0.4325688351642772 0.010706809575514753  738533.6018798688
0.35229049597872686 2.1118513579467963 2.9273812465050537 0.43272986519168305 0.009156687910032974  738533.6018800454
0.35229049237682936 2.111851354537895 2.9187364406306613 0.43155105610218664 0.006020861066613072  738533.6018802279
0.35229048962920373 2.1118513611977474 2.9144271896458536 0.4305247327342347 0.004467061972232594  738533.6018804045
0.3526491245449641 2.111789802997772 2.9058226633798845 0.428594889023072 0.001215525639940989  738533.6018805781
0.35264949088043057 2.1117897337203 2.9015397149811832 0.428082168242885 -0.00028234366982818966  738533.6018807607
0.35264949392291195 2.1117897323091985 2.892975489856727 0.4284186773298487 -0.0032290814003741275  738533.6018809463
0.3526495025449344 2.111789732054578 2.872474052168251 0.5493113853439501 0.013416720822320144  738533.6018811209
0.3526494952896506 2.111789736652125 2.8669717837626756 0.5514105759841783 0.01204820263428465  738533.6018812917
0.3526494903654864 2.111789734963977 2.8558996024591354 0.5565269159294579 0.009283970291246939  738533.6018814773
0.35264985097620005 2.111775900927087 2.8503105461880063 0.5592339067280457 0.007871546042617838  738533.6018816559
0.3526498447685858 2.111775879350523 2.839082441481126 0.564064912758117 0.004921931666963334  738533.6018818397
0.3526498489933133 2.1117758824535136 2.8334353777650163 0.5658119353059761 0.003351387978741776  738533.6018820246
0.35264985119410625 2.111775880788402 2.833336244356111 0.43788066766926126 0.010819027718427647  738533.6018822107
0.3526498484449334 2.1117758856133246 2.8245818879112212 0.43705340753955874 0.007329343749922257  738533.6018823959
0.35264984280134615 2.1117758881226263 2.820213819991438 0.4360201719861229 0.005544666264644239  738533.6018825778
0.3526498536078114 2.111775880603351 2.8115121236795777 0.43358842588177887 0.001994827336264302  738533.6018827613
0.3522973199569002 2.1118294070005175 2.8071899486973373 0.4325443499295578 0.00045277389076598534  738533.6018829453
0.35229696254882076 2.1118294681469925 2.798550325650804 0.4315914131197972 -0.0029450283819502307  738533.6018831104
0.3522969607472114 2.1118294656785386 2.794233868422355 0.4317452343924932 -0.004594063247351773  738533.6018832803
0.35229695690257673 2.1118294605446657 2.779221436089658 0.49814565105165687 0.010855999940373067  738533.6018834593
0.3522969552250389 2.1118294674782354 2.7742309137819685 0.4996856616323165 0.00934679893626115  738533.6018836356
0.3522969553471263 2.1118294600998744 2.7641946226940766 0.5036981412931028 0.006309895841551186  738533.6018838058
0.35229695601107797 2.111829467798379 2.759144515167602 0.5059615517799066 0.0047709510743802995  738533.6018839797
0.35222077493833714 2.111838978585257 2.7489802045536735 0.510211085297658 0.001580684680686926  738533.6018841553
0.35222069588279126 2.1118389846472505 2.7438685373278964 0.5119865843958173 -0.00014132606115194955  738533.6018843382
0.35222068558895747 2.111838981239184 2.734932435575448 0.4980913653593691 0.013427088710015337  738533.6018845232
0.35222069610740625 2.1118389859439177 2.72495903541889 0.49913574584434667 0.009702753760764482  738533.6018847065
0.35222069592790006 2.1118389886775657 2.7199674194319905 0.49920243225392974 0.007841124239999466  738533.601884882
0.3522206919450792 2.111838990974041 2.709487517174316 0.49880382171157045 0.004031320174338266  738533.6018850568
0.35220415603441524 2.111849358265747 2.704508642242126 0.4985863215642013 0.0022922870754156794  738533.6018852422
0.35220413916499266 2.1118493652611985 2.694539144099138 0.49840607671812875 -0.0010754506485238134  738533.6018854232
0.35220413640966747 2.111849359377387 2.6895546963691483 0.49853498423494336 -0.0027069021991216313  738533.6018856012
0.352204141148687 2.1118493622721193 2.6803369004920934 0.4917925013041493 0.00698914649479155  738533.6018857739
0.35220413395208616 2.1118493629787123 2.675414918408099 0.4924810969099499 0.005431913856088761  738533.6018859473
0.35220413818296925 2.111849359073496 2.66554733931086 0.4941733763693304 0.0023078144445214375  738533.6018861326
0.3522041396192782 2.1118493628953874 2.655642628468752 0.49609111115583243 -0.0009481165336262629  738533.6018863164
0.352644048473435 2.1118023914467954 2.6506811203942036 0.4969661949846431 -0.0029093120731548397  738533.6018864858
0.3526444978735989 2.111802339156011 2.6457063097598272 0.49778257335532317 -0.0046602757243626464  738533.6018866593
0.35264450060346647 2.111802343310543 2.6361162508938283 0.4942899079634203 0.009917058177338598  738533.6018868433
0.3526445050746644 2.111802345042038 2.626220866923836 0.495163663922281 0.006399248671410196  738533.601887028
0.3526445063250595 2.1118023377525184 2.6212671909369214 0.49552952082686974 0.004659601826091215  738533.6018872088
0.35264450405623154 2.1118023444237193 2.6113497757794852 0.4962134581821957 0.0012324686054963705  738533.6018873842
0.3526445005340351 2.1118023449011574 2.6063865155992567 0.49650258584653945 -0.00046379696446764755  738533.6018875691
0.3522955949790251 2.111851028416651 2.5964595941861672 0.4970219422902937 -0.0036825573822101723  738533.60188774
0.35229523480305175 2.111851084227327 2.591488431510394 0.4972556534882522 -0.005450518422687925  738533.6018879252
0.35229523616947217 2.1118510797847145 2.582261160759197 0.4906288151249638 0.005571404267597927  738533.601888109
0.3522952421801794 2.1118510854457577 2.5724426449072557 0.4912248279652934 0.0020353750465980374  738533.6018882863
0.3522952401856815 2.111851078709603 2.5675287916426335 0.49156390098504854 0.00030595187177459836  738533.6018884571
0.35221332191227916 2.11184203950175 2.557671480542964 0.4925310286993298 -0.0029426505317327063  738533.6018886297
0.3522132392514022 2.1118420283562633 2.552744359777057 0.49319938533775326 -0.004521166919668412  738533.6018888057
0.3522132377595451 2.1118420265100966 2.5428687145386215 0.4947841018082529 -0.00756039101375588  738533.6018889875
0.35221324291284195 2.111842028648954 2.5386730857790605 0.48601329792489195 0.0069740301027971545  738533.6018891655
0.35221323678087135 2.111842027452029 2.5289331305783724 0.4879533209225932 0.004167895809137103  738533.6018893393
0.3522132400347159 2.111842028257642 2.524048197639034 0.4889532076707222 0.0028055149679627788  738533.6018895142
0.35221323271654736 2.1118420268159404 2.514247783004736 0.49090685239075127 0.00017723353804197328  738533.6018896907
0.35221324204639337 2.1118420245281113 2.509333211325818 0.4918659125373545 -0.0010940881880927235  738533.6018898763
0.3522989902987686 2.1118587987229254 2.499502302965785 0.49375714437904233 -0.003637242973850746  738533.601890053
0.3522990727898511 2.1118588261804225 2.494559291119887 0.49475831976857754 -0.004883571562862325  738533.6018902373
0.3522990847242012 2.111858822392095 2.4854444807987477 0.4888770407789743 0.010201471002377954  738533.6018904127
0.3522990810340647 2.111858813860075 2.4805506883169355 0.4898884758796859 0.008961519699850285  738533.6018905905
0.3522990804751895 2.111858817904743 2.4702417406969643 0.4918841144361766 0.006171219012989171  738533.6018907746
0.3522202275037242 2.1118323475956577 2.460352926196643 0.49358823431910487 0.0032536873907203  738533.6018909586
0.3522201474033905 2.111832324717516 2.455414752518599 0.4942660335015036 0.0016551145742065853  738533.6018911393
0.35222013890232834 2.111832320025874 2.4455200649074964 0.49539121907027306 -0.0017125025047528978  738533.6018913194
0.35222014879742886 2.1118323197782427 2.4370723137180357 0.5389398408884971 0.021855082583781927  738533.601891491
0.3522201480762042 2.1118323205561116 2.4262843995895245 0.5397906532886438 0.01856492338858617  738533.6018916685
0.3522201439389869 2.1118323261372347 2.4208841981105764 0.5402379053511296 0.016965760656681865  738533.6018918488
0.35222015445151084 2.1118323209470695 2.4100708973243448 0.5411075722262091 0.013849435897079092  738533.6018920208
0.3522069550239158 2.11183656296655 2.4046610020108226 0.5414651081253323 0.012310025553051234  738533.6018921959
0.35220695169127614 2.1118365804216093 2.3938268783928063 0.541931772414333 0.009100469269219768  738533.60189238
0.3522069513267932 2.111836581845621 2.3884075227720793 0.5419445754185198 0.007388340609673293  738533.6018925544
0.35220694607062625 2.1118365800042045 2.3894341916323847 0.421995335168009 0.014463303489356141  738533.6018927317
0.3522069416566589 2.1118365771807666 2.381007897320091 0.4205979416322759 0.01061143947044528  738533.6018929115
0.35220695012155595 2.111836576754663 2.376807171412055 0.4196923975766558 0.008611743375088675  738533.6018930931
0.3522069396037049 2.111836576787188 2.368434573689825 0.41774911717861607 0.004585643933192175  738533.6018932735
0.35220031039969635 2.11184293710221 2.364267405604938 0.4169076551609082 0.0025861865009458355  738533.6018934449
0.3522003033123864 2.1118429333408164 2.355938961131884 0.4161504359048652 -0.0013395984793294347  738533.6018936265
0.3522003042783267 2.111842941887153 2.3433839127306983 0.5213078576790713 0.021302863774406662  738533.6018938019
0.3522003051946134 2.1118429338923463 2.332938908993105 0.5230649864024672 0.017802861902178304  738533.6018939787
0.35220030670496305 2.111842935981862 2.327699220901034 0.5246073439391997 0.01611074753098638  738533.601894149
0.35220030153795484 2.11184293388605 2.3171682448409103 0.5284712156788764 0.012776209751712713  738533.6018943333
0.35220244429182324 2.111843548020813 2.3118745078775196 0.530446734834372 0.011066144396422667  738533.6018945122
0.35220244725130917 2.1118435434706297 2.3012308542243276 0.5336971802162758 0.0074054352857375735  738533.6018946847
0.3522024443129133 2.111843541458587 2.2958879940820744 0.5347825167585732 0.005417756055385525  738533.6018948617
0.3522024455170935 2.111843548842254 2.297704982443153 0.41098088576965464 0.012703269253027847  738533.6018950447
0.3522024463048027 2.1118435401768867 2.289489262601768 0.4105035576471236 0.008147381158579851  738533.6018952199
0.3522024492326948 2.111843547566842 2.285387380674554 0.4099044424954417 0.005832764670791006  738533.601895397
0.3522024456427521 2.1118435468532777 2.277202643172554 0.4086257397256314 0.001346598950497073  738533.6018955723
0.3521950590455218 2.111846047989433 2.2731198889447217 0.4082831468002808 -0.0007897776545749484  738533.601895751
0.3521950547811565 2.1118460508942314 2.2649512377078804 0.40877490551347034 -0.00477470240419014  738533.6018959344
0.3521950522353845 2.1118460443656475 2.2569422784637525 0.4585421743430861 0.015109397226950854  738533.6018961169
0.35219504955414505 2.1118460496110334 2.2472791072103595 0.4626683144190171 0.011547673390521596  738533.6018962917
0.3521950517220507 2.1118460397854917 2.242643893053975 0.4653757866072496 0.009885668416133583  738533.6018964672
0.35219505427090414 2.1118460482170014 2.233288553462314 0.47146403033102674 0.006468272783433009  738533.6018966417
0.35219505588454003 2.111846044012305 2.2285639411405262 0.47450150938429064 0.004655052348051569  738533.601896817
0.352552816704974 2.1118056588970413 2.2190193196589845 0.479992464897241 0.0005046195271472372  738533.6018970007
0.3525531861892323 2.1118056086048353 2.2093814911548884 0.4842669260992406 -0.003772619739754201  738533.6018971967
0.35255318157413434 2.1118056121676667 2.206723978180095 0.4640245697100953 0.012586220273539384  738533.6018973569
0.35255318287573034 2.1118056112038 2.196955647265878 0.4669364292198099 0.008004621347131298  738533.6018975334
0.3525531839833414 2.1118056101024596 2.19228381471915 0.46816562909039156 0.005860639936420569  738533.6018977064
0.35255318574328814 2.111805612086991 2.1829041462698933 0.47067105334564086 0.0017368601071998803  738533.601897888
0.3522105335106615 2.111835195719285 2.178191487361741 0.47209600764717674 -5.044340993071567e-06  738533.6018980659
0.35221019014894395 2.1118352197735404 2.168730294563465 0.47534690984326816 -0.003960983872645046  738533.6018982412
0.35221018259688314 2.111835224208142 2.164325113599272 0.4725347908207495 0.014273464319955695  738533.6018984239
0.35221018933103554 2.11183522525105 2.1548479267475806 0.4764163801651075 0.010385838491270257  738533.6018986081
0.3522101834373119 2.1118352272911585 2.150079611449975 0.47841329048657716 0.008391008098463083  738533.6018987907
0.35221018282424515 2.1118352203362227 2.1404873626114376 0.4822211617277466 0.004312374661568696  738533.6018989771
0.3525559539691868 2.1118006871692265 2.13082153525467 0.4856109709456926 -0.00023201999944540906  738533.6018991539
0.3525563023836327 2.1118006547293158 2.1259645657269246 0.48714137838687827 -0.00244613608209126  738533.601899327
0.35255630491097895 2.111800644689734 2.1162072311599642 0.4898898848945472 -0.006977514448840838  738533.6018995016
0.3525563042050596 2.1118006461965444 2.1115048270168013 0.4889365317425058 0.010465781758903354  738533.6018996858
0.3525563071522147 2.1118006455962557 2.101709854380328 0.4913193085691092 0.006070329680170908  738533.6018998721
0.3525563049979458 2.1118006420479465 2.0967945120702867 0.49246257797496523 0.003910747949815033  738533.6019000438
0.3525563018532523 2.111800645336975 2.0869307775688877 0.49475437020196755 -0.00033640806173158985  738533.6019002203
0.352215162873344 2.111828357511482 2.0819781053311424 0.4958956223276074 -0.0021921290668777977  738533.6019004007
0.3522148198870966 2.1118283854075828 2.0720492195750277 0.498075619295995 -0.006532900977024968  738533.601900584
0.35221481696390305 2.1118283896016137 2.062942670910278 0.5501682477577142 0.014858680436864377  738533.6019007624
0.3522148196063549 2.1118283860410534 2.0519245503454875 0.5521699823381656 0.010484659553138759  738533.6019009389
0.3522148217285658 2.111828383539352 2.040868131936775 0.5539581486570925 0.0059775490344141785  738533.6019011188
0.3526578584387149 2.1117938078021514 2.0353335386894984 0.5546766835498306 0.0033208724922002917  738533.6019013033
0.35265831616863363 2.1117937625752594 2.0242332065384083 0.5555409565388245 -0.0013014600255044436  738533.6019014879
0.3526583180023258 2.111793772717349 2.018677563645214 0.5556206417998811 -0.003649927558491008  738533.6019016744
0.35265831387278435 2.111793771719509 2.014059742931871 0.48613737147482 0.007144112274419436  738533.6019018589
0.35265831858640395 2.111793768751221 2.0092026670491236 0.48551460668019464 0.004852620028517767  738533.6019020368
0.35265832613080605 2.1117937746029187 1.9995132432556664 0.48368348871889655 0.000295676584175973  738533.6019022079
0.3526583125691947 2.1117937706670062 1.9898668897754683 0.4814540272054231 -0.004146639227382212  738533.6019023926
0.35265831651408647 2.1117937714502455 1.985060383115549 0.48038635748457226 -0.006319299379684058  738533.601902573
0.3526654239047356 2.111788145672044 1.975468432092129 0.47879279540224473 -0.010621662919606858  738533.6019027384
0.3526654325255778 2.1117881350526906 1.9706835173968924 0.47833957068237987 -0.012724322457208758  738533.6019029133
0.35266543452420906 2.111788130984437 1.962060073694788 0.46465963251689146 0.00736243054233232  738533.6019030884
0.352665427728722 2.111788141268434 1.9574117540440612 0.464984084594535 0.005459878283492772  738533.6019032729
0.352665434130496 2.111788142431795 1.9481019011350331 0.46607779935906274 0.0017227281193004141  738533.601903458
0.35266642271790577 2.1118053066409748 1.94345541647715 0.4667616015397263 -0.00012081609526523485  738533.6019036341
0.35266642160125866 2.1118053246085635 1.9341070717314197 0.46824954259622836 -0.0039025572249413417  738533.6019038176
0.35266642624484257 2.111805325357304 1.9294216307667387 0.4689957975227748 -0.005853217741877711  738533.6019039914
0.35266642231910694 2.111805327098091 1.9205160575053033 0.4650846583882023 0.011881923161793383  738533.6019041665
0.3526664233738178 2.111805326401431 1.9158616354209383 0.4658045138790672 0.009877957290526004  738533.6019043508
0.35266642766093825 2.111805322796741 1.9065313517902231 0.467381036343931 0.005808719832548113  738533.6019045244
0.35266643048666313 2.111805323606843 1.9018544935966952 0.468268645061631 0.0037890521552548747  738533.6019046973
0.3526664294548171 2.1118053257605442 1.8924734157067644 0.4702794488501 -0.00024232761377974431  738533.6019048714
0.35257284767244235 2.1118028266032183 1.883038156540889 0.47270723543097254 -0.00424071924102944  738533.6019050532
0.35257275264885835 2.1118028199743764 1.878306454020237 0.4740814809542813 -0.006324326423501316  738533.601905229
0.3525727567611917 2.1118028173074945 1.8698764099178682 0.4669425510177152 0.013701204297777823  738533.6019054049
0.35257274999645993 2.1118028181832242 1.8652024339135647 0.4684793312694444 0.011620241397035337  738533.6019055772
0.352572751279706 2.1118028135249003 1.8558119948940606 0.4715823269172321 0.007356198083296531  738533.6019057563
0.3522126230089198 2.1118381527720027 1.8511002050126137 0.4731186242719835 0.0054609766350694495  738533.6019059427
0.35221225778432025 2.111838186068663 1.8416226957819768 0.47599048667398686 0.0007903874856953245  738533.6019061274
0.35221225638170794 2.1118381913086908 1.8368621515128698 0.47732426619091706 -0.0016468703359941064  738533.6019063035
0.35221225552374275 2.1118381869964242 1.8278511741721644 0.47346651396983414 0.01833671545204705  738533.6019064785
0.35221225603515793 2.111838181357512 1.818363885407144 0.47581485583620914 0.01352856382793551  738533.6019066642
0.3522122539253478 2.111838185616144 1.813602179766685 0.4770270044066212 0.011116611387141945  738533.6019068476
0.3522122579709698 2.1118381895299656 1.8040407444517113 0.47965681529351484 0.006202818549849331  738533.6019070324
0.3522122532461465 2.1118381891088394 1.799240742177313 0.48102160284331724 0.0037069153826164098  738533.6019072174
0.3525546729412153 2.11180177827482 1.789591772683793 0.4837936699770836 -0.001698763043273674  738533.6019073961
0.3525550307297904 2.111801730197832 1.7847512928093994 0.4852034295101086 -0.004281015889186306  738533.6019075759
0.3525550336747656 2.1118017350371807 1.7765395775453918 0.4739887102219249 0.014062519110298991  738533.6019077583
0.3525550220610936 2.1118017412776084 1.7670408237537125 0.47657052596511257 0.009178838740851557  738533.6019079417
0.35255502404667494 2.111801744703165 1.762272343608026 0.4777872894802046 0.006763892638453251  738533.6019081102
0.3525550301169468 2.1118017349398275 1.7526999716098992 0.4801038960910724 0.0020060916305456194  738533.6019082867
0.3522167101789518 2.1118366743034365 1.7479044706372577 0.4812336991564684 -2.092807705245917e-05  738533.6019084696
0.3522163712274534 2.111836714017529 1.7382606016112598 0.48356786298051857 -0.004731126612927848  738533.6019086528
0.35221636448030935 2.1118367123780413 1.7389006225412968 0.419964654918724 0.016779598830757348  738533.6019088373
0.3522163727940486 2.111836715226139 1.7304759713512825 0.4223997295239298 0.012392568044926673  738533.6019090143
0.35221636464047823 2.1118367095586628 1.7262439366550215 0.4237361262384633 0.010229334161082498  738533.6019091887
0.3522163695007354 2.1118367046676365 1.7177369741481756 0.42675734053181424 0.005936534958353032  738533.6019093728
0.35256225746420355 2.1118075441338626 1.7091589192719328 0.43032693934694727 0.0012419697081696237  738533.6019095588
0.352562607773582 2.1118075143312267 1.7048431238355375 0.4323588924284767 -0.0009754239170090635  738533.601909736
0.3525626116624605 2.1118075182800107 1.6961424776933867 0.43700858114572766 -0.0055008776280833106  738533.6019099235
0.35256261399148886 2.1118075163666297 1.6870746621109896 0.48573372159108297 0.02135381893494122  738533.6019100911
0.35256261227533514 2.111807518114424 1.6772983009791034 0.4913771096356337 0.017069466793339576  738533.6019102633
0.35256261613786544 2.1118075182180887 1.672367478111358 0.49441222220077213 0.014932064107038808  738533.6019104489
0.3525626021826429 2.1118075177203752 1.6624150698810594 0.5006312152187218 0.010639290855369668  738533.6019106238
0.3522105004638721 2.1118278160210466 1.6573879072301831 0.5037264430499597 0.008782271921316524  738533.601910796
0.352210136203593 2.1118278389758376 1.6472571734968608 0.5094163106676508 0.0040674548850930334  738533.6019109819
0.35221013162501197 2.1118278389600307 1.6433740955460312 0.4966082723812207 0.030742218977360812  738533.6019111559
0.3522101282636264 2.1118278387046208 1.6334033497790945 0.5005135100963389 0.025887778437214206  738533.6019113397
0.352210127187449 2.111827845790524 1.6233652810720085 0.5033077856789433 0.02080026848569391  738533.6019115255
0.35221013084041947 2.111827835117588 1.618328148696733 0.5044078725283092 0.01821638602196363  738533.6019117009
0.3522026394342029 2.111832010415017 1.6082283977218705 0.506271366036812 0.012911643344442001  738533.6019118867
0.35220263657448847 2.1118320125930605 1.6031636063425547 0.5071358034290526 0.010187324079325702  738533.6019120567
0.3522026379311092 2.1118320136216844 1.5930093131294734 0.5088242400416279 0.004679827411909409  738533.6019122435
0.35220263269050045 2.111832014265443 1.5884707311656476 0.5042515151348761 0.028932485531411926  738533.6019124079
0.3522026337806813 2.111832017084978 1.578375595891698 0.5061363903479167 0.023666776877644822  738533.6019125885
0.35220263071467656 2.1118320151765717 1.5733139987528246 0.5070726253712147 0.02098064548566348  738533.6019127629
0.352202634793672 2.1118320131049444 1.5631638943713102 0.5087402285527797 0.01542621220358359  738533.6019129382
0.3521852491149013 2.111831090733875 1.557565227371702 0.5094847086432054 0.01223833162505696  738533.6019131239
0.3521852265733599 2.111831081349205 1.5473694239542313 0.5104030523371027 0.006093253228092851  738533.6019133086
0.35218522792477275 2.1118310932708346 1.5422651806164882 0.5106944076839084 0.0028750684705205996  738533.6019134807
0.35218523009937236 2.1118310882630373 1.5275498102190554 0.5554740737843722 0.029400523595881283  738533.6019136604
0.3521852320808914 2.111831087470139 1.516438783446261 0.555654753140084 0.0230830380388869  738533.601913846
0.35228751944560294 2.111837623277185 1.510894613200958 0.5556465968989669 0.019774173846545125  738533.6019140264
0.35228761616436954 2.1118376338663856 1.4997823765599791 0.555396050418953 0.013337453923227563  738533.6019142045
0.3522876249757259 2.111837630139974 1.4942286364458621 0.5551068738945024 0.010073203979936014  738533.6019143807
0.352287626343305 2.1118376279443543 1.4831316358089177 0.5541853739468389 0.0033538403635365237  738533.6019145566
0.3522876221108221 2.1118376227539812 1.48970400381784 0.43245309142414545 0.016522193362677778  738533.6019147328
0.35228761874106584 2.1118376303331723 1.4810699352699856 0.4307573602526709 0.00968841685716438  738533.6019149168
0.35228762108603495 2.1118376279769833 1.4767675067218822 0.4297142464605638 0.006233549332863349  738533.6019150899
0.3522125438142685 2.1118357745899496 1.468189042458017 0.42758593469296147 -0.0006238579001252171  738533.6019152651
0.35221246270579687 2.111835768064389 1.4639177098180804 0.4267298543630996 -0.00408883093295135  738533.6019154444
0.3522124653515111 2.1118357724663785 1.4553920724256253 0.42601605739843784 -0.011022552640970365  738533.6019156222
0.3522124659659123 2.1118357792633393 1.4365592382077863 0.5406218626594512 0.020653823818513856  738533.6019158083
0.3522124636493529 2.1118357741051637 1.431148850632429 0.5417398313894831 0.017540511638380114  738533.601915994
0.3522124658961912 2.1118357784222326 1.4202883776583803 0.5449934024167995 0.011400242839743531  738533.601916167
0.3522068269959787 2.1118340481223847 1.4148295552418093 0.5468340865812242 0.008355973886464418  738533.601916343
0.3522068221326898 2.111834051596295 1.4038600226282878 0.5502552089780021 0.0021073679799631304  738533.6019165263
0.3522068249939354 2.1118340458919986 1.3983526893180658 0.5514429111317646 -0.0011147946919161172  738533.6019167107
0.3522068215432944 2.111834048833441 1.387312439136652 0.5523902451137204 -0.007892945874392479  738533.6019168961
0.35220681834529627 2.1118340409198044 1.3853463330885207 0.4695164385709392 0.007213527660759106  738533.6019170717
0.3522068213960505 2.1118340543760574 1.3806535780659763 0.46842303476773584 0.003718572010853882  738533.6019172498
0.35220681610178084 2.1118340467136187 1.3713037766890372 0.46569398526193573 -0.003251042610758662  738533.6019174249
0.35220681840044876 2.1118340543788925 1.3666496290460763 0.4643526025495083 -0.0066548360347015775  738533.6019176003
0.3522019377069757 2.1118360731221824 1.3573810616357134 0.4623772110556026 -0.013197193399711683  738533.6019177844
0.35220193644641395 2.1118360763247335 1.3527587149762326 0.46191386181139266 -0.016366362921417004  738533.6019179643
0.3522019397523471 2.1118360812078216 1.3436711301187125 0.46051497401599834 0.010470545972170134  738533.6019181437
0.3522019407250168 2.1118360785912844 1.3390630713026879 0.46126314279788977 0.007628605730083417  738533.6019183162
0.3522019335281857 2.1118360802634686 1.3298173992376099 0.4635711825040423 0.0018933292165026455  738533.601918499
0.3522019341847544 2.1118360748422407 1.3247116992151184 0.4650219148312565 -0.0013392253766937893  738533.6019186814
0.3526562613756655 2.1118006960780153 1.3153759417567032 0.4675799394826828 -0.008018840640219092  738533.6019188531
0.3526567281423392 2.1118006566271648 1.310697050542348 0.46864693756340675 -0.011022646657081369  738533.6019190296
0.3526567378147764 2.1118006577435633 1.3013112146011545 0.47013177031176284 -0.017523411122931987  738533.6019192116
0.35265673148732246 2.1118006552893935 1.2929961103829137 0.46107352684434955 0.0116732813019773  738533.6019193868
0.35265672972114304 2.111800649988978 1.2883843578256378 0.46130549040703617 0.008774548619000035  738533.6019195695
0.3526567264585947 2.1118006506386267 1.2791557352237655 0.46156321614040957 0.003052456096890369  738533.6019197451
0.3526567271976525 2.1118006605960726 1.2745393151886826 0.46174294925872655 0.00015066637272762717  738533.6019199253
0.3522058597855493 2.111847600940128 1.2653242017445951 0.46248229386325806 -0.005315597347179994  738533.6019201083
0.35220539347523033 2.111847646941273 1.2606949519572919 0.46318098225230014 -0.00859816907391179  738533.601920295
0.3522053927231021 2.1118476505037216 1.2518568389918403 0.46027229035298134 0.019188575658489228  738533.6019204718
0.3522053951816628 2.1118476575546343 1.2472450650897255 0.4615360142136037 0.015478440412453014  738533.601920655
0.35220538830152315 2.1118476507796355 1.2379801035154347 0.4642979199413613 0.008826470785687277  738533.6019208324
0.3522053938104435 2.111847649361049 1.2286580355343648 0.46712452877826216 0.0024446853686908355  738533.6019210058
0.35264674159959186 2.1118142201548893 1.2239607382431892 0.46854154048856544 -0.0012701753114036823  738533.601921189
0.3526471956577635 2.111814181034419 1.2145526770822241 0.4712897130043761 -0.007611476667921626  738533.6019213821
0.35264719882902884 2.1118141896212634 1.210756242068 0.46308609539081713 0.02061314694773195  738533.6019215513
0.35264719612329826 2.1118141886573656 1.201465560630457 0.4657065996664486 0.013769702511510905  738533.6019217223
0.3526471935412253 2.1118141923644664 1.196801117776982 0.46696465464418635 0.010066082788278087  738533.6019219016
0.3526471992668282 2.1118141893635305 1.1874348376213477 0.46947940340819994 0.002628105051051963  738533.6019220852
0.35255254862931074 2.1118142653488174 1.1827281522353517 0.4707923419617684 -0.0009259162727681285  738533.6019222683
0.3525524523170944 2.1118142676875813 1.1732816602982632 0.47352428674274905 -0.00822094149860644  738533.6019224459
0.35255246080708363 2.111814266379637 1.1685365525195077 0.4750639602010815 -0.011397839282245989  738533.601922633
0.3525524548173132 2.1118142607241364 1.1590416557259262 0.47837172248656595 0.023308714917236847  738533.6019227979
0.35255245968338145 2.1118142672913494 1.1494443784790018 0.4821145537707529 0.0185466649160769  738533.6019229782
0.35255245724976236 2.1118142627665684 1.1446182840169172 0.4839893752145093 0.0161606654023948  738533.6019231587
0.35255245002740915 2.111814266424154 1.1349096509939638 0.4876556691577511 0.011857415387057493  738533.6019233308
0.3522197818305517 2.111841634382664 1.1300433757817656 0.4894036209375482 0.010280988717142645  738533.6019235039
0.35221943507305054 2.111841656195121 1.1202257380050156 0.4928466298786526 0.005545702909361473  738533.601923683
0.3522194329915956 2.111841659923367 1.1158109265500231 0.4886047611150036 0.04310643603819288  738533.6019238645
0.35221943244323756 2.111841660101176 1.1060041443449284 0.4920876738377021 0.038941253690388825  738533.6019240503
0.3522194345271213 2.1118416647795386 1.1005805274375133 0.49398739792597773 0.036312845738525716  738533.6019242214
0.35221943465341415 2.111841661355738 1.0906684324202494 0.4971916675980309 0.03167376522022117  738533.6019243964
0.35221943653021637 2.1118416606952852 1.0906684318130033 0.4971966676528157 0.03161184075058149  738533.6019245761
0.35220823499055676 2.111854898040987 1.0807088898184498 0.5001318751020677 0.026445028546012685  738533.6019247535
0.35220822550671504 2.1118549013721024 1.0706806477611106 0.5027209958295031 0.020725549350155345  738533.6019249362
0.35220821802409125 2.1118549008075718 1.0670533222465122 0.48931732356492863 0.07401773383209298  738533.6019251224
0.3522082204207458 2.1118548999248468 1.0572480171044183 0.49121879422957393 0.06831878261492783  738533.6019253017
0.3522082233547216 2.1118549077772717 1.0523317500166272 0.49203440376204544 0.06532328950035805  738533.6019254782
0.3525533937760943 2.111809306056537 1.0419435139459707 0.4936084585169962 0.05806360230546035  738533.6019256642
0.35255374638507225 2.111809265324379 1.0370047744538826 0.494286509152819 0.05475509215614801  738533.6019258436
0.3525537613369983 2.1118092653289815 1.0271066841401855 0.4957863700424569 0.04761452622948926  738533.6019260142
0.35255376041771885 2.1118092654148177 1.0221464847555743 0.4966526286287052 0.04373993850802123  738533.6019261915
0.3525537586340774 2.111809263629426 1.0135901185824716 0.484201839834883 0.08976170815841582  738533.6019263621
0.3525537544282604 2.1118092622991305 1.0087441727764543 0.48519468143524824 0.08575379045746606  738533.6019265486
0.35255375627746716 2.111809262874052 0.9990215540632642 0.4872256808946551 0.07723015007379806  738533.6019267229
0.35255375400491035 2.111809260426033 0.9941455962653076 0.4882170937404539 0.0727119408716274  738533.6019268957
0.35220733752502176 2.111834386892675 0.9843902544877675 0.4898687446768328 0.06383895337633275  738533.6019270709
0.3522069834854726 2.1118344154121793 0.9745821641939595 0.49126707498079625 0.053487842142289195  738533.6019272567
0.35220698910892406 2.111834414418459 0.9698314972230021 0.48982499513790084 0.09094143478010822  738533.6019274411
0.352206987440874 2.1118344094493278 0.9600272682792877 0.49078816445299195 0.08038692010723146  738533.6019276199
0.35220698679548673 2.111834406885388 0.9551184519240677 0.49126748826627653 0.07494021909531455  738533.6019277998
0.352644815544878 2.111799285857369 0.9452499417676672 0.4924969083831061 0.06295718119068971  738533.6019279825
0.35264526444934835 2.1117992424839644 0.9403252327860646 0.49321588412225875 0.05733083965892383  738533.601928168
0.35264526635785837 2.1117992482780723 0.9304549213966997 0.49496794378981657 0.04593033982854769  738533.6019283485
0.35264526662103446 2.111799251048043 0.9165254561883741 0.5413367641472262 0.08043299743017773  738533.6019285306
0.352645265803281 2.111799247686533 0.9111092487357918 0.5423655996666089 0.07493454152839615  738533.6019287131
0.35264526488427705 2.1117992475579723 0.9002480147248251 0.5442853155787623 0.06358545700305693  738533.6019288879
0.3522202658342401 2.1118419516666846 0.8948519300378767 0.5449841261570038 0.058669626739558244  738533.6019290668
0.3522198277180814 2.111841991080577 0.8839433791862058 0.5459251478584658 0.04652783216801195  738533.6019292476
0.3522198346896822 2.111841999169972 0.8784834455642331 0.5460393831585405 0.04030454259078789  738533.6019294228
0.35221983285342495 2.1118419923112635 0.8675644235425106 0.5455788745537259 0.02755441605567731  738533.6019295923
0.3522198254412681 2.1118419904041597 0.8740195201387695 0.4259363252685462 0.04919752812581857  738533.601929765
0.35221982777677485 2.1118419944833233 0.8655174495810188 0.42451319500874507 0.03687045925679807  738533.6019299496
0.3522198241586025 2.1118419932394215 0.8570470669553409 0.4228181235753492 0.02459060822124251  738533.6019301335
0.3522198348463082 2.111841995791933 0.8528243761208346 0.422062287607275 0.01840631030095963  738533.6019303156
0.35228821040139896 2.1118389943935645 0.8443917252892058 0.4210120326536655 0.005921889154821682  738533.6019304941
0.3522882824390732 2.111838986034471 0.8401803826230738 0.42099520950481445 -0.00025091213426926265  738533.6019306688
0.35228827814609953 2.1118389849343475 0.8227280463182394 0.5232219788123325 0.06033512212358905  738533.6019308488
0.35228827782951594 2.111838987211744 0.8174851545358269 0.5244651669165754 0.05501573860480128  738533.6019310285
0.35228828591945804 2.111838990245125 0.8069532998183517 0.528097242178546 0.044587358315248495  738533.60193121
0.35228827849984656 2.1118389902611123 0.8016586996699177 0.5303341432061349 0.03950096825393206  738533.6019313851
0.35256781159345124 2.111781118030459 0.7909437103126669 0.5347884849782241 0.028823209097076335  738533.6019315657
0.3525681006087712 2.1117810512786233 0.7855906988322974 0.5365588027829546 0.023762913730368602  738533.6019317459
0.3525681040292329 2.1117810487353386 0.7748402333793534 0.5388766686357364 0.012960202592093326  738533.6019319276
0.3525681008534015 2.1117810541249806 0.7773843048967075 0.41778074278244 0.03667351630449986  738533.6019321097
0.3525680999122101 2.111781054780203 0.7732087710746617 0.41740493845977406 0.030812645625824545  738533.60193228
0.35256809996857635 2.1117810489855486 0.7648765031848277 0.41565009030871636 0.01879927040637233  738533.6019324516
0.3525681040316511 2.1117810528138263 0.7607238431817053 0.4146579477264393 0.012782178096144675  738533.6019326369
0.35221477154577757 2.1118280805847687 0.7525035670497006 0.4133554526987625 0.001775485402502155  738533.6019328198
0.35221441175794205 2.1118281328880415 0.7483701217763684 0.41342624522621924 -0.0041086621209330005  738533.6019329955
0.3522144068039128 2.111828132877296 0.7358658775177246 0.46501297712598555 0.06254079875119516  738533.6019331706
0.3522144167907363 2.111828133398235 0.7312050531534681 0.46672942043054744 0.05764414659649814  738533.6019333571
0.35221441399863196 2.111828131791448 0.7218179279660576 0.47151267782345646 0.04783544717976306  738533.6019335334
0.3525870992160942 2.1118390136323124 0.7170810994943124 0.4743614997880841 0.04181582622434375  738533.6019337089
0.3525874813346447 2.1118390217151974 0.7075321079121886 0.4802632059716858 0.03173326840825368  738533.6019338946
0.3525874918325244 2.111839028056806 0.7027165907445445 0.48304177545653854 0.02654119353957682  738533.601934067
0.352587479848135 2.1118390291852767 0.6930101434390851 0.48790226398956893 0.015672051975867494  738533.6019342418
0.3525874862788204 2.11183903173182 0.684977116408562 0.47435215462042113 0.07330832016991501  738533.601934421
0.3525874821256845 2.1118390242034932 0.6802312473553915 0.4758167312901085 0.06832064479213575  738533.6019346055
0.35258748546507723 2.1118390285011572 0.6706993070125412 0.47840641062192957 0.05823694039329996  738533.6019347918
0.3521974377266553 2.1118378423127933 0.6659336010031895 0.47967686555808686 0.054414636550881856  738533.6019349641
0.35219704333293417 2.111837842463168 0.6563221406610971 0.4828036725398963 0.044009195704574344  738533.6019351379
0.3521970385891425 2.1118378483534874 0.6514926316349978 0.48467004807898795 0.03853733680944488  738533.6019353205
0.35219703214414266 2.1118378361439083 0.6419569367153474 0.4860426337906713 0.10159236615481605  738533.6019355068
0.3521970295920053 2.1118378412882963 0.6365983662986937 0.4885746510340647 0.09592780971545586  738533.6019356839
0.3521970358918157 2.1118378468856447 0.6267837911417434 0.4932283399619505 0.08455090723074313  738533.6019358659
0.35219975278519344 2.111849168659593 0.6168886917452896 0.49750368057902544 0.07193273623547997  738533.601936043
0.3521997561886335 2.111849179961104 0.6119055210156329 0.4993637145907647 0.06513415362753142  738533.6019362248
0.3521997623981923 2.1118491840307128 0.60188972510289 0.5024125201182761 0.05075302393537592  738533.6019364005
0.35219974962820677 2.1118491873643146 0.5981625847249852 0.48785483984016065 0.11358611477807555  738533.601936582
0.3521997591576931 2.1118491876037364 0.5883890402899787 0.49006383692834893 0.10008021301565498  738533.6019367661
0.35219976125380364 2.111849181256853 0.5834867023172701 0.49113109750149403 0.09310567534445993  738533.6019369368
0.3521997629950466 2.11184918643223 0.5736495982486627 0.493356073766232 0.0786931385364731  738533.6019371147
0.3525470778554021 2.111789005222716 0.568627497449884 0.49471301564653236 0.06984389368008044  738533.6019373001
0.3525474381728304 2.111788939154659 0.5587225526168029 0.4974225680400527 0.05403749615980459  738533.6019374846
0.3525474360471653 2.1117889385652653 0.5487632105621518 0.5002815143253324 0.03684953694517702  738533.6019376592
0.3525474387961906 2.1117889431705676 0.5436178794733929 0.5025488841911856 0.11915177377486909  738533.601937835
0.35254743948150996 2.1117889365430207 0.5335489647914481 0.5052253858000192 0.10359288363623982  738533.6019380171
0.3525474437155789 2.1117889439265887 0.5284951365096553 0.5064547775041707 0.09551441508793723  738533.6019381925
0.3525474353138407 2.1117889445629734 0.5183525987639921 0.5086164671187391 0.0786955442898826  738533.6019383736
0.3522029418864897 2.1118429156138387 0.5133519342427522 0.5093768379844055 0.07145852317876548  738533.6019385481
0.3522025891506304 2.1118429648906747 0.503152157997446 0.5110050522441765 0.052822840692530425  738533.6019387242
0.35220258904166574 2.1118429688273848 0.4987137418458289 0.5029786113214538 0.14298451624175942  738533.601938908
0.3522025889010055 2.111842967485155 0.4886432220607372 0.5042943558657926 0.1260079352596939  738533.6019390798
0.35220258464964355 2.1118429653390214 0.48359798415989413 0.504873771986294 0.11708235010000698  738533.6019392653
0.35220258722984843 2.1118429689693228 0.4734897573744667 0.505944205999919 0.09841809892865036  738533.6019394419
0.3522025900602889 2.1118429733756203 0.4684277279496731 0.5009138315986575 0.0885169760545132  738533.6019396113
0.352290853351836 2.1118525048662398 0.4582890602232359 0.5073671148585687 0.06703760607341308  738533.601939786
0.35229094717289444 2.111852513095916 0.4481323328711806 0.5083033011250555 0.04401446161740746  738533.6019399676
0.3522909539472457 2.1118525200937217 0.444024705411526 0.4985393499639454 0.1300996242852753  738533.6019401484
0.352290943731462 2.1118525185593446 0.43404415956725145 0.4994673258581742 0.10895756355516704  738533.6019403302
0.3522909482751009 2.1118525163804294 0.42904730294780086 0.4998966963393709 0.09796461666167233  738533.6019405085
0.35220641189793495 2.111847341270439 0.41904760658340384 0.5005874553751202 0.075445048143887  738533.6019406818
0.35220632481551195 2.1118473450870776 0.4140402548080332 0.5008100420670266 0.0633261304816732  738533.6019408574
0.3522063232811195 2.111847339450337 0.4040201627947101 0.5010840600732575 0.037722198397357  738533.6019410391
0.35220632482899134 2.1118473467163374 0.3996211259776882 0.4870483161110433 0.14578499345009274  738533.6019412228
0.3522063220794979 2.1118473417487453 0.38987851340742335 0.48702893386607077 0.12322649999380476  738533.6019414092
0.35220632152950637 2.111847346201451 0.3850075819802904 0.48699828808060136 0.11139249183413777  738533.601941585
0.3522063216171211 2.11184733704997 0.3752658447551309 0.4870990715974584 0.08654549693274892  738533.6019417696
0.35230066444127883 2.11184446778188 0.36550201512990693 0.48764764291448937 0.05903881867317949  738533.6019419493
0.35230076102596064 2.11184446200421 0.3606238985028928 0.48810775289345637 0.044741302295755646  738533.6019421341
0.35230075635068486 2.111844462300099 0.35085245877663995 0.4895210444361217 0.014152715381810807  738533.6019423064
0.35230076719324643 2.1118444619601395 0.3465303214317744 0.483956169017923 0.14327473375048422  738533.6019424868
0.35230075954822143 2.1118444608469673 0.33683179832535765 0.4860062725568897 0.1168825433449673  738533.6019426645
0.35230076256797194 2.111844468309714 0.33196641108846353 0.4871173653431885 0.10295188647592192  738533.6019428481
0.3523007578385841 2.111844464624633 0.3222020552720751 0.4893296226991281 0.07355194382355268  738533.6019430201
0.3521977126112763 2.111836027331896 0.31731257088232523 0.49033972551357874 0.05886197323473186  738533.6019431918
0.3521976060147083 2.11183601971409 0.3074861410125009 0.49225740765998294 0.02495023837424124  738533.601943379
0.3521976081496171 2.1118360178322257 0.30255853476202177 0.4931313518351684 0.0063652097076734885  738533.6019435495
0.3521976078266596 2.111836017402731 0.2930839802450385 0.49023395741839865 0.13441903303498656  738533.6019437341
0.3521976084697945 2.111836013938466 0.28325923232805145 0.49174288787905157 0.10128572554558106  738533.6019439177
0.35219760867353656 2.111836023028599 0.2783351707316784 0.4925510108556075 0.08353337983486868  738533.6019440929
0.3525556394461915 2.1117848760250597 0.26834648239109193 0.4944136309593024 0.040549115688160754  738533.6019442746
0.35255600541328314 2.111784823236266 0.2633973081211844 0.49529385599477727 0.019024756928608166  738533.6019444589
0.35255601080099486 2.1117848290624233 0.25347125168244616 0.4971139577539632 -0.028314757421897936  738533.6019446441
0.35255600213337673 2.1117848246759037 0.2445402654349695 0.4894579480889677 0.12438169199097972  738533.6019448271
0.3525560061748464 2.111784832082525 0.23964021132632204 0.49043289758456826 0.10426125332656572  738533.6019450052
0.3525560011010832 2.111784827504722 0.22981249318267583 0.4924459612318436 0.061413224641956504  738533.601945177
0.35265185919626174 2.1118273742713596 0.22490650616559954 0.49348545439000285 0.036808208010350986  738533.6019453579
0.3526519506690111 2.1118274172259124 0.21502000435201682 0.49570694241945984 -0.013264600590891892  738533.6019455357
0.35265195122290116 2.111827420080471 0.2100602368525952 0.4968394213178796 -0.04087241936395875  738533.6019457149
0.3526519503683507 2.1118274238400585 0.19487884274499395 0.5577477430344032 0.20227569247644192  738533.6019458908
0.3526519446334445 2.1118274165258426 0.18929707566032544 0.5589552403387612 0.18444559632215146  738533.6019460639
0.3526519510183968 2.111827416749999 0.17809702096587607 0.5613573323206084 0.14388569614692778  738533.601946245
0.3526519492978749 2.111827426670574 0.1724790459878784 0.5625042632866275 0.1209823054553206  738533.6019464297
0.3522088876345836 2.111845859941216 0.16133333784003848 0.5642063256378053 0.08090754889534922  738533.601946616
0.35220842383884077 2.111845884944474 0.1500355642005554 0.5653656944375158 0.016611518531321652  738533.6019467991
0.35220842433092037 2.1118458810872522 0.14381446655561458 0.5656085457166445 -0.026191275205528188  738533.6019469782
0.3522084281893084 2.111845885303981 0.14657818398146485 0.4384092719145834 0.14946811158218865  738533.6019471543
0.3522084249573081 2.1118458792633197 0.14219534565975758 0.4379045107593693 0.1179370641142399  738533.6019473374
0.3522084249661611 2.111845879217086 0.1334485511396237 0.43654330384444084 0.04612264117257278  738533.6019475127
0.3522084266764013 2.1118458765034096 0.12908638447569656 0.4358222483601264 0.0056767635460177384  738533.6019476836
0.35220494781087297 2.111849282459987 0.12038458381164992 0.4348104749038698 -0.08637893324478915  738533.6019478572
0.3522049492853867 2.111849295144293 0.11560123422593047 0.4347151433890555 -0.14447416623048584  738533.6019480398
