0.49669034288476266 0.9999999942065326 2.493306700982949 0.36907082556968596 0.1455604285061741  738532.6911716494
0.49170303359110806 1.0000000025238673 2.4895952611478145 0.32606184360341917 0.15375817399228148  738532.6911718273
0.487384896976864 0.9999999988932226 2.48312811174963 0.3266535584045429 0.14822666865060974  738532.6911720111
0.4823273735552171 0.9999999998817206 2.4797528185577344 0.3270948839642334 0.145844628695674  738532.6911721874
0.47354438353706385 0.9999999943949546 2.4730435259740764 0.3308181744158485 0.15107956361151698  738532.6911723742
0.4688574610277049 0.9999999948003369 2.469653768829382 0.33340721263172335 0.1479826006548288  738532.6911725422
0.4688209700070816 0.9999999981251074 2.463095443028853 0.34341979451953103 0.13376104795689903  738532.6911727173
0.46432342382333475 1.0000000019221693 2.4595483845788926 0.35067964358913534 0.13105455538680597  738532.6911728936
0.4550825825011155 0.9999999996197002 2.4474540674602143 0.4156436905265589 0.1663543331002067  738532.6911730752
0.45500520038002196 1.000000003551279 2.4432596523883876 0.4282375274362961 0.1539714140207747  738532.6911732627
0.45019113537286864 1.0000000041096555 2.4342657257399156 0.45977934501776235 0.15316259557754233  738532.6911734458
0.4457321603627076 0.9999999979994657 2.429458844018062 0.4775223961925375 0.15191232128679955  738532.6911736274
0.43649089717573025 1.0000000032779528 2.4192811246208867 0.5167210931420464 0.1624271795969307  738532.6911737926
0.43641326413676645 1.0000000046967688 2.408459368740395 0.5585673598165737 0.15123318924292314  738532.6911739829
0.42708632401046165 1.0000000017573865 2.4130699065471193 0.45847677643761175 0.16230114640262608  738532.6911741555
0.4222585539627306 0.9999999960546742 2.4033798830758464 0.49834975381491264 0.16139942858000755  738532.6911743517
0.4174311635718264 1.000000003056601 2.398233510733631 0.5168977029338176 0.16061919769220148  738532.6911745265
0.4173928118978535 1.0000000051133027 2.3874402661168164 0.5536467331188383 0.1476250405203385  738532.6911747091
0.41270109032572133 1.000000003226177 2.381765828060047 0.570747587751334 0.14679192912561861  738532.691174885
0.4081403576460834 0.999999999112748 2.3699068359920887 0.6053263507140848 0.1449650804108829  738532.6911750606
0.4033528341695312 0.9999999935557163 2.3447698459629858 0.7731078972162985 0.18501386192211197  738532.6911752546
0.39856091210698824 0.9999999973569986 2.336888611848332 0.7904247232149348 0.18579869319521725  738532.6911754309
0.38971029620183256 1.0000000049910152 2.320586654280039 0.8261391233611681 0.1973941861302166  738532.6911756089
0.38487666948341076 1.0000000031435083 2.3121736716935515 0.844685229592096 0.1987588272312356  738532.691175794
0.3848379774409386 1.0000000042361683 2.2945863517448535 0.8846372171719972 0.18894293562232933  738532.6911759606
0.3754681731118096 1.000000000808546 2.285744970151787 0.9014743592625477 0.2024753218705186  738532.6911761587
0.37069838413142503 1.0000000012304908 2.2672173175535746 0.9366817936341062 0.20410042859416963  738532.6911763295
0.37066021505823854 1.000000001589581 2.257638789231295 0.9539151581274057 0.19265526271050934  738532.691176505
0.3658559311628346 1.0000000012373331 2.251253593030992 0.8693602274912597 0.19368651535289247  738532.6911766907
0.35661150131506375 0.9999999989243851 2.2337705923670197 0.8896105916047263 0.20409944717303258  738532.6911768861
0.356533278216573 0.9999999911598323 2.2246924296462183 0.900502992372026 0.19135328045946265  738532.6911770568
0.34669424302918583 1.0000000016110921 2.206727147061709 0.9145477782497915 0.20313055053260534  738532.6911772804
0.3379720683816945 0.9999999986170194 2.1806505309575805 0.915381339053752 0.23335036998611655  738532.6911775932
0.3331260501989943 0.9999999966991412 2.1715604376425386 0.9220216558231604 0.23333464740732698  738532.6911777902
0.3330873045593512 0.9999999996096641 2.15255586799742 0.9395204241218054 0.21963719950202318  738532.6911779608
0.3240477342446233 1.0000000024131817 2.133845441345112 0.9516554703286744 0.23101272666278544  738532.6911781421
0.32397151047134637 1.0000000030350296 2.1240779582341713 0.9611443251291498 0.21800144456762852  738532.6911783037
0.3195232112502369 1.0000000004465943 2.1046484585033043 0.9744454881705866 0.21612269964410513  738532.6911784941
0.31488696093955204 0.9999999960982112 2.0950343766851094 0.9797746637411817 0.21556183551143734  738532.6911786647
0.3059057467362633 0.9999999991342663 2.0808311107647492 0.9379200980768823 0.24124864132782  738532.691178842
0.30583002709193896 1.000000005008163 2.071197570032762 0.9444620575909861 0.22681267791272522  738532.6911790082
0.301263911705015 1.0000000092373305 2.052225439517691 0.9501523247259184 0.2229704001428255  738532.691179204
0.29144534903029573 0.9999999974113277 2.043437330654266 0.947732832580425 0.2363710315615783  738532.6911794118
0.2869915527066527 1.0000000028802138 2.0243708447283244 0.9510385767370568 0.23160154357903287  738532.6911795586
0.2825035326420521 0.9999999997111736 2.015054470449536 0.9521118673771346 0.2292601698829418  738532.6911797433
0.28246796521071216 1.0000000053258922 1.9990584025265026 0.9172267519754528 0.22994298202705726  738532.691179907
0.2731750855821526 1.0000000025266318 1.9906722821456337 0.914161707743106 0.2421456798484037  738532.6911800934
0.27309656044136066 1.000000003139057 1.971749603193792 0.9214154073829377 0.22441333903770636  738532.6911802801
0.26830116558980616 0.9999999945638256 1.953299147901468 0.9249522366376467 0.22068689572863007  738532.6911804775
0.2634831927097089 1.0000000046108313 1.944350061560169 0.9262394145473165 0.2194486688129347  738532.6911806521
0.2541798975275625 0.9999999972785474 1.9263915740224886 0.925875031927928 0.22853693398748223  738532.6911808262
0.2541012634750879 0.999999996652442 1.9167845311134368 0.931782300936927 0.21194029145979218  738532.691181007
0.24497023746091318 0.999999998706956 1.9037217235198682 0.8848181337419281 0.23839169287890166  738532.6911811815
0.24489313370350926 0.9999999953567553 1.8852601141037206 0.8902004951267543 0.2228300537489454  738532.6911813738
0.24024012652794402 0.9999999995881039 1.8766741523478827 0.8935165528139827 0.21457594932082602  738532.6911815401
0.2356357488727992 0.9999999941747404 1.858781835263522 0.8962286079681739 0.20752306768622156  738532.6911817256
0.22609699990883605 1.000000000201396 1.8509444557651304 0.8918937615470925 0.22003252716913949  738532.6911819098
0.22124213614482977 1.0000000059207603 1.8330393388232966 0.8948240992822266 0.2132470812630714  738532.6911820953
0.21644283280342752 0.9999999984374413 1.8280201515357541 0.8531176051287959 0.2353763903536081  738532.6911822857
0.21172451461583894 0.9999999990376014 1.810851467596562 0.8569904593679588 0.2281634960627826  738532.6911824625
0.20712960027765445 0.9999999972298939 1.79357442480057 0.8617741126028831 0.22036867368188487  738532.6911826398
0.20709305631254446 0.999999998692357 1.7844978353830379 0.8694069741900297 0.20178871809073343  738532.6911828156
0.20257630268110802 1.000000000784438 1.7670418166128132 0.8751830961805138 0.19371924900891166  738532.6911830095
0.1975531184695721 0.9999999988179691 1.758776313171933 0.8773219215422399 0.19163917760118265  738532.6911831899
0.18856365643130904 1.0000000064741124 1.7454791037046766 0.8409561079961353 0.21877254026802245  738532.6911833691
0.18848779690554357 1.000000002549865 1.7365765241415032 0.849593598046762 0.1995907957311262  738532.6911835279
0.1794605038679568 1.000000001078864 1.720400066816017 0.8506768056426224 0.20576683350724054  738532.6911837204
0.17493474901545092 0.9999999976756261 1.7122823414162132 0.8538703299133377 0.20125168084421122  738532.6911838818
0.1748987630313996 1.0000000040062718 1.694121174582849 0.8668202114588446 0.17639016775083746  738532.6911840662
0.16539394434612867 1.000000005999259 1.686938651258248 0.8635132896595196 0.18940459987156652  738532.6911842631
0.16531345862244823 1.000000008429305 1.6685573563898137 0.8768307882023281 0.16443256977130022  738532.6911844389
0.15626583321992388 0.9999999970744264 1.6554827402985017 0.8438388490994535 0.19754684888737814  738532.6911846037
0.15148940558727478 1.0000000014307922 1.6475328737736703 0.8471305721914119 0.19405908137391512  738532.6911847865
0.14693464385385716 0.9999999976193595 1.6304218032892448 0.8551989461070094 0.1848610293272813  738532.6911849737
0.146898396307708 1.0000000047423432 1.62130144995176 0.8654083124881831 0.16444164115685916  738532.6911851371
0.13788030449356567 0.9999999949853172 1.6049717228193412 0.8674263147078082 0.1714872823128464  738532.6911853246
0.133025149664824 1.0000000014359498 1.5968399121172239 0.87104268217507 0.1681719160823304  738532.6911855105
0.13298620835034258 1.0000000027388491 1.5811557693966607 0.8528719189623127 0.17027235263976348  738532.6911856926
0.1283075216512966 0.9999999974186233 1.5732034275192037 0.856470617685757 0.16683800331450607  738532.6911858589
0.11895501778849964 1.0000000017233768 1.557209599889378 0.8575312705411405 0.1754395797297083  738532.6911860432
0.11887585890531172 0.9999999996389313 1.5480297479361063 0.868168132088956 0.15439370961563992  738532.6911862169
0.1141946595584393 0.9999999996507201 1.530665435227823 0.8759531888386798 0.14569816478267503  738532.6911863955
0.10518560102166341 1.000000003221935 1.514243034754094 0.8770487140264527 0.1535548297824453  738532.6911865859
0.1003523534079266 0.9999999937316592 1.506072476707494 0.8804229945310286 0.1503602084127348  738532.6911867707
0.09574510234283912 0.9999999979662355 1.4978159817000862 0.8841901143293384 0.14621878296639165  738532.691186937
0.09570834949406143 0.9999999974483691 1.4823001415602102 0.8686582955974282 0.15260146120226353  738532.6911871238
0.08663026550751225 0.9999999998175827 1.4661191905307263 0.8689542848209952 0.1614869544108744  738532.6911873018
0.08655354754982673 0.9999999951453923 1.4558391073183246 0.8801802969125639 0.13906284652221165  738532.6911874664
0.07730976890169118 1.0000000047165265 1.4395126383154424 0.8797305300323347 0.1487253477988542  738532.6911876614
0.07723156145799565 0.9999999951376649 1.4300515762221602 0.8904831184042142 0.12628978876179067  738532.6911878457
0.07249849041516315 0.9999999984612421 1.4165281690040834 0.8495937967165993 0.1497639807818322  738532.6911880102
0.0632274229014625 1.0000000014040669 1.4100324870546912 0.8444605924242541 0.16524001475014896  738532.6911882049
0.05852670751481559 1.000000003590767 1.3930283929755876 0.8507480949239582 0.15591204031030745  738532.691188373
0.05848910832768814 1.0000000051426003 1.374546832663984 0.8648860620470925 0.12688881482445763  738532.6911885525
0.05357667225439795 1.0000000014110446 1.3666788074089458 0.8670822472898327 0.12447581821317402  738532.691188739
0.04484617141217154 0.9999999994763408 1.3505539040609342 0.8662336398143462 0.13243467422823266  738532.6911889138
0.0447725389983424 0.9999999992697816 1.3411736284284128 0.8772720521830356 0.10860796851562295  738532.6911890946
0.03982976061566598 0.9999999969083809 1.3262929452125516 0.8595660436015452 0.14072655918186133  738532.6911892795
0.03533084366255042 0.9999999995678828 1.3183812775216674 0.8627665197929284 0.13678504370309488  738532.6911894447
0.03074825003429847 1.0000000040024462 1.3011122257304477 0.8696006896008032 0.12735306132924432  738532.6911896283
0.02122500036458179 0.9999999944696015 1.2852558122063633 0.8672286248932431 0.14006678655806104  738532.6911898138
0.01655842208525378 0.9999999999676182 1.277262285640138 0.8702950250314185 0.13628664098529575  738532.691190003
0.011976922037895993 1.0000000030808311 1.2596792520041582 0.8769293953254497 0.1260062315577798  738532.6911901804
0.0073713540327764926 1.0000000001979727 1.2636280720607018 0.7362287977011599 0.1699774729365342  738532.6911903465
0.0073346206780798675 1.0000000032696819 1.2472439954244114 0.7509202930590722 0.13930588097465374  738532.6911905322
-0.0019748940091683202 1.000000001588696 1.2420649127148182 0.7441514507912518 0.15701533671680895  738532.6911907087
-0.0020536637144906947 1.0000000047855742 1.2255106883077713 0.7586335255823485 0.12620802652664187  738532.6911909056
-0.006827221332388799 1.0000000011636445 1.2187649228361968 0.7609165182685469 0.12333135952193687  738532.6911910728
-0.016010776544208082 0.9999999966455521 1.2050836035800445 0.758514468932154 0.1353197402730019  738532.691191262
-0.016088417230001033 0.9999999944108187 1.1701554663233567 0.9665935545500091 0.1443385426745748  738532.6911914374
-0.020599941886076566 0.9999999943011305 1.1612535106169466 0.9708834541361436 0.14124105223296482  738532.6911916003
-0.029527081308323683 0.9999999965720304 1.14330063463914 0.9719626899973702 0.15460278448727913  738532.6911917831
-0.029602443011970674 0.999999997804755 1.1327144119545032 0.9863847069344979 0.12765200487967154  738532.6911919543
-0.03429625010437676 0.9999999989661313 1.1129863237271207 0.9961431870749365 0.11800279857180725  738532.6911921389
-0.03937708465363799 1.0000000002185356 1.1040275132148916 0.9990862447366378 0.11686812649219819  738532.6911923243
-0.04388935571975865 1.000000004124206 1.0840012013389164 1.0053632358482019 0.10453213376790783  738532.6911925147
-0.0488216826126776 0.9999999946649256 1.0997482779859296 0.7490025470159032 0.15627127317775244  738532.6911926861
-0.05326585345523864 0.9999999977940661 1.0847346206760773 0.7501482150026861 0.1435033389725571  738532.6911928692
-0.05801176384603623 1.0000000017528283 1.0690067166061468 0.7481963851533823 0.1315513736117894  738532.6911930622
-0.0674486093175689 1.0000000027611933 1.0642331934850253 0.7361481134048855 0.15279550101745368  738532.6911932348
-0.06752851826020646 0.9999999979118059 1.0476431968067683 0.7447644099284118 0.11678423131322505  738532.6911934202
-0.07692307284543917 0.9999999999797861 1.0429168620755862 0.7339660273959694 0.13860360285333742  738532.6911936118
-0.07700257529508238 0.9999999961889745 1.0087698753996186 0.9360138676079844 0.16307493581938756  738532.6911937834
-0.08621553016710028 1.0000000035047045 1.0021117651228764 0.9275541331172528 0.18762385765592046  738532.6911939587
-0.08629339721847575 0.9999999981021543 0.9814979204609902 0.9461632586505062 0.15253398619995073  738532.6911941441
-0.09553059300496702 1.0000000041364863 0.9643154938286911 0.94616280461112 0.1720612584650371  738532.6911943181
-0.10020934785553828 1.0000000010341363 0.9556822191567069 0.9518384608754236 0.1693978855588062  738532.6911945085
-0.10503268719786982 1.000000001035346 0.9364342394398443 0.9626183704916593 0.16066784551920132  738532.6911946948
-0.10507128292853547 1.000000000726682 0.9257730668141869 0.9779660366901483 0.1276899560162933  738532.6911948614
-0.11444282597882241 0.9999999980887199 0.9257685748025791 0.8127381402551607 0.19733148613297366  738532.6911950592
-0.11452205962903947 0.9999999996354874 0.916616589475923 0.8251829164355524 0.16413265163964108  738532.6911952272
-0.11913137465628576 1.000000006955573 0.9001507354328403 0.8253635880530421 0.15080769199070734  738532.6911954208
-0.1241469356052265 0.9999999984160876 0.8838758545594994 0.8228488841183761 0.13967135199755407  738532.6911955919
-0.1333298175969455 0.9999999978024472 0.8786078181841657 0.8106465445784036 0.16440030271869238  738532.6911957763
-0.13340737520048718 1.0000000001495823 0.8602580693276739 0.8223177216382966 0.12036576129361819  738532.6911959636
-0.1425575461609567 0.9999999966868334 0.8564709052175167 0.7945611215808545 0.2228196388360756  738532.691196144
-0.14263482052184373 0.9999999993648423 0.8383491955672738 0.8108243651494739 0.18162949414235227  738532.6911963074
-0.15176901970799345 0.9999999991733599 0.8332957729363835 0.8018856669485106 0.20939048182017558  738532.6911964878
-0.15184615872982918 1.0000000003479512 0.8149569054606947 0.8221922596237059 0.16768008752261812  738532.6911966772
-0.15641458601662547 1.0000000011256287 0.8077611977278251 0.8265648029263101 0.16457511580040965  738532.6911968456
-0.1655401310804395 0.9999999971740001 0.7932684319223732 0.8238672079821192 0.18602417949175035  738532.6911970306
-0.1700090719005266 0.9999999956162269 0.7859302908896465 0.8286242432988982 0.18073905064308846  738532.6911971899
-0.1700445373567241 0.9999999957900354 0.7715791184666129 0.8059683353817612 0.20198334679541688  738532.6911973715
-0.1791615039219482 1.0000000014244168 0.7667729501536258 0.7961600036479093 0.23148684283345822  738532.6911975446
-0.17923851812113561 1.0000000047149527 0.7484996634944858 0.8141860920768639 0.18453638787044271  738532.6911977262
-0.1842008499856371 0.9999999972377013 0.7324512501720931 0.8174923902797285 0.1743563484789768  738532.6911979239
-0.18873215786527855 0.999999995789612 0.7253835967517622 0.819499094607996 0.17031058856710082  738532.6911980958
-0.1981300196391647 0.9999999933261674 0.7113782348179014 0.8109657876191918 0.1962563201007284  738532.6911982881
-0.19820955850474337 0.9999999978897918 0.7134615408264309 0.6926471888313728 0.24430735087825006  738532.6911984597
-0.2029159182992104 0.9999999952333387 0.6996814680293016 0.6990138171789997 0.23596422831337358  738532.6911986534
-0.20763993744284512 1.000000004643201 0.6939330850776717 0.7019932524059552 0.2352051742135541  738532.6911988177
-0.21672349351502435 1.0000000007093337 0.6813471204139985 0.6975907390167511 0.26238939064073935  738532.6911990052
-0.21680024398201947 0.9999999951996732 0.6647834080813223 0.7212932913983684 0.21703355490210535  738532.6911991792
-0.22156555305808953 0.9999999945339393 0.6588575399465908 0.7255499942146046 0.21713049259073985  738532.6911993561
-0.22615246333341946 1.0000000013472679 0.6280125007694902 0.9077544752662973 0.3062163607437715  738532.6911995313
-0.23069399958936582 1.0000000010007672 0.6201292102428242 0.9128888736906297 0.3087266253775739  738532.6911997212
-0.23531695216206702 0.9999999996986924 0.6018293946883173 0.9245493268885461 0.31243705885873707  738532.6911998822
-0.23996397834219077 0.9999999993003369 0.5938586913234922 0.9296693015379803 0.3165825116633852  738532.6912000688
-0.24462371872337607 0.9999999982364961 0.575245076988555 0.9407855838749584 0.31310320234691363  738532.6912002399
-0.2537608649925471 1.000000002135355 0.5696461961002401 0.930063706766503 0.36123233890389944  738532.6912004227
-0.2587745418922439 1.0000000021669742 0.5509791649653275 0.9373260914863338 0.3606154941872025  738532.6912006147
-0.2588149046868256 0.999999998174762 0.5554606345400177 0.7174283593483576 0.38154233322923575  738532.6912007873
-0.2632508000465263 0.9999999963602754 0.549542159312851 0.7187104515326844 0.379301181799227  738532.6912009735
-0.272692371491027 0.999999998748875 0.5380664427525187 0.7030790679650772 0.41726833125916873  738532.6912011647
-0.2727722929849514 0.9999999990960116 0.5295974478802216 0.7192054971113432 0.3716935734194207  738532.6912013389
-0.28208246505032664 1.0000000000017872 0.5180889346395812 0.7037621698846153 0.4114684681042425  738532.6912015268
-0.28216120447672083 0.9999999999348691 0.5095812064797308 0.721265744034021 0.36401890234003403  738532.6912017132
-0.29171195389049837 1.0000000023932647 0.4812651555743457 0.8904181510843997 0.603117440816021  738532.691201887
-0.29179282062212425 1.00000000264846 0.4602689052055727 0.9149565884557994 0.5641364548583184  738532.6912020727
-0.3012563023473254 0.9999999984435922 0.45569257592879425 0.8990866023655412 0.6343937255969091  738532.6912022551
-0.3013363735528897 0.9999999961288154 0.43439761310723835 0.9270412385874129 0.594582563804402  738532.6912024433
-0.3061718264814162 0.9999999989533273 0.42677971238633056 0.929846715276142 0.6090133732206786  738532.6912026233
-0.31529029662281643 1.000000001149638 0.41114865798155326 0.9188836318422038 0.6795247487250393  738532.6912028079
-0.3199991224126212 0.9999999998798792 0.40342720379966224 0.9204749731702717 0.6898201065931724  738532.6912029878
-0.32473351773145054 0.9999999932784627 0.4042507481204912 0.7430362034473286 0.7315011037740362  738532.6912031708
-0.32940107473074726 0.9999999977828875 0.38914108544093534 0.7418186312719497 0.7303653276177815  738532.6912033393
-0.3342114340567838 0.9999999957758418 0.383354181277923 0.7388730022920307 0.7357527236211453  738532.6912035249
-0.33900864622329446 1.0000000054949563 0.3684521648042279 0.7349171916242798 0.7388822869185535  738532.69120371
-0.33904695991134937 1.000000000270218 0.359327489885201 0.7532299192326155 0.6854878378735562  738532.6912038912
-0.3486335282235642 1.000000004227852 0.3480173173971904 0.7291576391087219 0.7621552758041983  738532.691204083
-0.35301328874440274 1.0000000051975746 0.3447042634947776 0.6971251761603201 0.9192640092270004  738532.6912042502
-0.35304788491186806 1.00000000589159 0.326986001899608 0.7201683761858916 0.8850091616385868  738532.6912044362
-0.3578254955292618 0.9999999994342564 0.3217159624296635 0.7196706400097349 0.908827201192982  738532.6912046234
-0.3669688317213201 1.0000000036866254 0.3099988209833113 0.7027560132339026 1.0075852028391448  738532.6912047904
-0.3670460303509393 0.9999999999644189 0.2919772237638872 0.7321681281277932 0.9851778266924784  738532.6912049665
-0.37613149345690094 0.9999999974283755 0.29010989948185983 0.7120273309646176 1.0746988139182843  738532.6912051553
-0.3808305911220957 0.9999999963620608 0.2908224059779401 0.6461240818347437 1.2009113814263568  738532.6912053236
-0.3855105645968748 0.9999999952398313 0.28618862278336044 0.6475135474062332 1.2243057295684396  738532.6912055041
-0.38554789324036914 1.0000000046519533 0.269110767059725 0.6766863126159132 1.214116121158781  738532.6912056945
-0.3901399565268074 1.0000000035240353 0.2643640495607156 0.6773160957125942 1.2411985373056984  738532.6912058684
-0.39965363185000347 1.0000000017283575 0.2552119663895187 0.6544792211443222 1.352355183522644  738532.691206063
-0.39973417726612387 1.0000000008079342 0.23786387292246478 0.6829688296842259 1.3612932106643771  738532.6912062378
-0.4090754940879433 0.9999999984581511 0.23733652126688665 0.6573609743373485 1.4517848150950212  738532.6912064264
-0.4136728316317844 0.999999997932538 0.22724901669152658 0.6165163073358128 1.8452515587025002  738532.6912066021
-0.4184164892874281 1.0000000027137121 0.22318142144754252 0.6149936099836555 1.89836212515196  738532.6912067736
-0.41845440999143824 0.9999999985772561 0.2063190136962421 0.643140928706179 2.0096642911804237  738532.6912069488
-0.4276593247098613 0.9999999983899734 0.20646625165599464 0.6152083002934522 2.1048481518867312  738532.6912071318
-0.4323436367808454 0.9999999946472408 0.193935370923865 0.6161640649229435 2.28694153276674  738532.691207311
-0.4323810389704203 1.0000000011722803 0.18545130230214352 0.6423207137454428 2.3717688262157144  738532.6912074869
-0.4416427938844513 0.9999999910981684 0.18164877910756913 0.5551492425392129 2.7228583475062624  738532.6912076713
-0.44172111976571277 0.999999998406914 0.1737779506376094 0.578590796220752 2.846930539502624  738532.6912078438
-0.4461543083836062 0.9999999975053058 0.16231580618521524 0.571944434999835 3.140633252503748  738532.6912080218
-0.4554862475482603 0.9999999959195286 0.1559365831568164 0.5338445203237123 3.397173306295369  738532.6912082054
-0.45556522629201374 1.0000000023825697 0.14826902509626078 0.5525247376514837 3.6233340046744145  738532.6912083805
-0.4600640822798505 1.000000001937107 0.13750474180364264 0.5349601769931517 4.064670860214509  738532.6912085658
-0.4695563447222154 1.0000000017774489 0.13948233069692278 0.4996826366072411 4.061148660172291  738532.6912087483
-0.4741767978608677 1.0000000026107005 0.13486043150472404 0.4089434488887494 4.613954874863883  738532.6912089364
-0.4789687549972714 1.0000000024913613 0.13310841835708984 0.39528444476496283 4.740748218437957  738532.6912091098
-0.4790071566415202 0.9999999948321646 0.12091395813470329 0.37555694480041973 5.511870006573359  738532.6912093076
-0.48379193325141895 1.0000000027195268 0.11416727109277798 0.3270495650856713 6.074824390765332  738532.6912094905
-0.4885344215675829 0.9999999929531086 0.11320552582703519 0.3063470907120648 6.21724868868453  738532.6912096636
-0.49331867880672853 0.9999999997984056 0.10787429792200952 0.24645798705912153 6.764617741886823  738532.6912098513
-0.5025455722620047 1.0000000000963243 0.11536016522016714 0.1741424467530898 6.094680615613059  738532.6912100209
-0.5071332663708525 1.0000000011748928 0.11205709052751615 0.11945296551823424 6.389547832020052  738532.6912102076
-0.5071698454584376 0.9999999976743722 0.10912257701575129 0.09116118643800535 6.8012644981979  738532.6912103777
-0.5118317878290531 1.0000000031966336 0.10799049004771454 0.02577368297764079 6.932471676018962  738532.691210552
-0.5166456161528125 0.9999999977525241 0.10910936229784433 0.006932881060592547 6.862970957388659  738532.6912107235
-0.5255026677073015 1.0000000060987877 0.11123470971066143 -0.041437039016045285 6.553749102846403  738532.691210918
-0.5255774153767014 1.0000000052880194 0.11129629234967187 -0.12465692091111494 6.697601301412807  738532.6912110912
-0.5306210840572079 1.0000000018185 0.11828512769804932 -0.15737778334264466 5.878971285818818  738532.6912112806
-0.5396643743542028 1.0000000002812997 0.12250349395136126 -0.18094843141841813 5.454091247469052  738532.6912114588
-0.539740774396991 1.0000000021121884 0.12413612598606616 -0.21021180148429297 5.51782354646767  738532.6912116281
-0.5488541937445477 0.9999999956978817 0.1287232704988401 -0.2268322933613906 5.116125623281595  738532.6912118187
-0.553476559286795 0.9999999998822776 0.13100500999057146 -0.23340411959306825 5.029354908212468  738532.6912119843
-0.5583073197433893 0.9999999978738133 0.13595573544204448 -0.26754939953620915 4.7831934527583995  738532.691212182
-0.5586392291749694 0.9999999959669388 0.14435958424659273 -0.33122887411061264 4.335853905260042  738532.6912123543
-0.5630654353027487 1.0000000005855543 0.14715095242034487 -0.3356479032067706 4.264455467724566  738532.6912125405
-0.5678882765618726 1.0000000031636016 0.15391534684442965 -0.3597034840191338 4.022640718257094  738532.6912127101
-0.5769034570950157 1.0000000089550005 0.15526837600888935 -0.33904058912532203 3.91067032287342  738532.6912128896
-0.5814965457798205 1.0000000015697779 0.1623508418390931 -0.36329742137264476 3.705680514274923  738532.6912130653
-0.5815331472510066 1.0000000029926444 0.1670519418252932 -0.39350110765062835 3.6937035387077124  738532.6912132396
-0.590688186946185 1.0000000012347605 0.17280358550558275 -0.3917576570091644 3.459290242401163  738532.6912134215
-0.5952217863912624 1.0000000029657141 0.17675102049053723 -0.3848779914217494 3.0613307604135866  738532.6912135947
-0.6000544450256549 1.0000000013430286 0.18455279205443 -0.40001975604664164 2.911955734958885  738532.6912137925
-0.604620626657946 0.9999999990475587 0.1874274824942904 -0.4033533125926059 2.8832456265762776  738532.6912139574
-0.6046569728489136 1.0000000003017067 0.19843374757248228 -0.4460691722814787 2.7624931986068715  738532.6912141426
-0.6097123170261667 0.9999999960935737 0.2070506210936289 -0.4616972609659052 2.611746456540361  738532.6912143271
-0.6187306977935935 1.0000000032437337 0.20730133638369455 -0.4422420519247676 2.558090605533211  738532.6912145034
-0.6188068541108451 0.9999999927825123 0.21919842257858188 -0.46720633977093967 2.1655719004242195  738532.6912146852
-0.6234810414821399 1.0000000069879933 0.2222113971013283 -0.46971763553932017 2.143203171955286  738532.6912148622
-0.6325840211526411 1.0000000013963715 0.2284311871343123 -0.4598593727506331 2.0196987919809666  738532.6912150494
-0.6326609493313708 0.9999999947249304 0.2347323109963972 -0.4881310053742083 2.0201599931556142  738532.691215218
-0.641844676193665 1.0000000057912515 0.24109802002821507 -0.4789661648653095 1.9035284134632584  738532.6912154066
-0.6419223223207557 1.0000000005118648 0.2476804668547766 -0.5085305500236541 1.900031364008173  738532.6912155856
-0.6512832355226231 0.9999999995487092 0.2534745878331011 -0.4816001856874221 1.5644710871659993  738532.6912157708
-0.6558756607984446 0.9999999931241671 0.2566963993049652 -0.48643049963723767 1.5530622849369315  738532.6912159348
-0.6559122613811789 1.000000000530716 0.2703349465156186 -0.5246011816054639 1.5028403089797455  738532.6912161261
-0.6653122529302989 1.0000000000463876 0.2776780408648818 -0.5151437484747112 1.410708509237945  738532.691216312
-0.6653918250808588 0.9999999986911589 0.2847758250775849 -0.5448353609997681 1.4135293647820715  738532.6912164874
-0.6749247900596457 1.0000000042657946 0.29161637282571856 -0.534096621249992 1.3318340969344395  738532.6912166827
-0.6796013416661615 0.9999999944253198 0.2951764292986054 -0.5401754014067485 1.3189745799867738  738532.6912168615
-0.6844193716894621 0.9999999995720062 0.30479848084406624 -0.5296840914886393 1.008790446542837  738532.6912170476
-0.6844579572701963 0.9999999993283787 0.3195848404144179 -0.5649254918934997 0.9935461396219583  738532.6912172269
-0.6890650997398244 0.99999999788495 0.32325018708395503 -0.5694592609483935 0.9889370783672865  738532.6912173908
-0.6936130397865452 0.9999999988469812 0.3346522901369168 -0.5815288744903452 0.9544605012733308  738532.6912175772
-0.7028159280357681 1.0000000010545356 0.3345432111705934 -0.5627297783255598 0.9332081212212842  738532.6912177585
-0.7077683687834856 1.0000000004042888 0.3458899337233439 -0.5737493321595146 0.9019152559754126  738532.691217942
