-0.5288057602187011 -0.10404099326426162 6.699999999999902 
-0.5288057602187011 -0.10404099326426162 6.699999999999902 
-0.6409548782539175 -0.12433384441634585 6.719999999999901 
-0.5856005800917454 -0.10644362593015473 6.7499999999999005 
-0.7740628654390664 -0.16247865285732246 6.7699999999999 
-0.7619278255261253 -0.15260115145666767 6.7899999999999 
-0.7294678241274097 -0.15138374391824438 6.809999999999899 
-0.7075483834848799 -0.1360905798361226 6.819999999999899 
-0.6916916878309937 -0.1425478276459873 6.839999999999899 
-0.6779119781527227 -0.14456077678196164 6.859999999999898 
-0.6725189414025756 -0.14919547240721628 6.879999999999898 
-0.6631800855375563 -0.14919981609041252 6.904999999999897 
-0.6631899029696942 -0.14677839861942327 6.919999999999897 
-0.6528874204605656 -0.14863785787377667 6.9399999999998965 
-0.6490225629605819 -0.15166858784002368 6.969999999999896 
-0.644826662047464 -0.14831773763174186 6.9849999999998955 
-0.6368855963001779 -0.15236286317950323 6.999999999999895 
-0.6407911138247688 -0.15449318042272783 7.019999999999895 
-0.6379625292989327 -0.15742291553829293 7.039999999999894 
-0.6352190346503233 -0.158129344540545 7.059999999999894 
-0.630334883238624 -0.1595902637252916 7.0799999999998935 
-0.6328180630257934 -0.15588637370694214 7.099999999999893 
-0.6349623044414355 -0.15427100484991615 7.119999999999893 
-0.633741149918527 -0.15372941399023407 7.139999999999892 
-0.6371412282247043 -0.1532960035684264 7.159999999999892 
-0.544752622240945 -0.12586283548960772 7.189999999999891 
-0.6993045114060692 -0.17584604568401488 7.209999999999891 
-0.6907729270859245 -0.16214638693868386 7.22999999999989 
-0.6692856278272215 -0.16066778498017226 7.23999999999989 
-0.6538192462378765 -0.15844220281788401 7.25999999999989 
-0.6376913549265132 -0.1540857210880421 7.289999999999889 
-0.5060804176688786 -0.11270535445576706 7.309999999999889 
-0.6744848695945097 -0.166899066390904 7.329999999999888 
-0.6718544272530685 -0.1547502340031986 7.349999999999888 
-0.6454439471361353 -0.13176599507708708 7.3599999999998875 
-0.6428321415123174 -0.13320043781012017 7.389999999999887 
-0.6310840790788703 -0.13126432883474515 7.4099999999998865 
-0.6266535710919983 -0.11534020537360012 7.429999999999886 
-0.6326061281013936 -0.12344598377571168 7.444999999999886 
-0.6313672398310449 -0.11640363227212037 7.469999999999885 
-0.6072797788001083 -0.12055871407940154 7.479999999999885 
-0.6176017877441735 -0.11179198938424653 7.4999999999998845 
-0.6214120622374207 -0.10709240599669671 7.519999999999884 
-0.6119657727899599 -0.10624191659279683 7.5499999999998835 
-0.608353498040708 -0.09793468706270865 7.569999999999883 
-0.6112575702084457 -0.1068341401580805 7.589999999999883 
-0.6086120027086193 -0.09558771470499963 7.609999999999882 
-0.591408781400795 -0.09678759632531214 7.619999999999882 
-0.5900545820126211 -0.08852693370396268 7.649999999999881 
-0.603646428345176 -0.07752785311299079 7.659999999999881 
-0.5916701891675996 -0.07949392106802801 7.679999999999881 
-0.5908949385689591 -0.07980157402585943 7.69999999999988 
-0.5824182891764419 -0.0689000715572915 7.72999999999988 
-0.574545254515727 -0.049900454556733795 7.739999999999879 
-0.5698266742932956 -0.05684230726300595 7.759999999999879 
-0.5654920974868335 -0.05453731715031332 7.779999999999879 
-0.5681143821977123 -0.04771119517623656 7.799999999999878 
-0.5599386400440671 -0.03988114492592503 7.819999999999878 
-0.5632187401580231 -0.02404882954862646 7.839999999999877 
-0.560034221773442 -0.01710284370949678 7.859999999999877 
-0.5617265182645127 -0.0012833887627903308 7.879999999999876 
-0.5573209513837897 0.011053266072376925 7.899999999999876 
-0.553645350170634 0.023323884387029408 7.929999999999875 
-0.5547480979037799 0.038555887870627054 7.939999999999875 
-0.5568215340805691 0.04706344147369718 7.9699999999998745 
-0.5459148288698854 0.06399668382217658 7.989999999999874 
-0.5504454571581209 0.06401903373112836 7.999999999999874 
-0.5505616489706752 0.06606603611571894 8.019999999999873 
-0.5431765828422982 0.08355912372956459 8.039999999999873 
-0.5447559784233059 0.08869758558600788 8.059999999999873 
-0.5349316564758156 0.09066362789670866 8.079999999999872 
-0.5354323846523669 0.10211958580903628 8.109999999999872 
-0.5382232017625845 0.09590695537171348 8.119999999999871 
-0.5313508454357395 0.11065269677529758 8.14999999999987 
-0.5295046696787273 0.13019443662643038 8.15999999999987 
-0.5359133816415868 0.13596162491137165 8.17999999999987 
-0.5293575636182097 0.147045283865772 8.199999999999871 
-0.4520060207797201 0.12423135791899274 8.22999999999987 
-0.6879661605676172 0.23610107224524748 8.23999999999987 
-0.6304420601180867 0.20348772574094165 8.25999999999987 
-0.5744878641937192 0.18489445166060464 8.27999999999987 
-0.5439678552371621 0.1737928148986821 8.309999999999869 
-0.529861032233391 0.1831124286387729 8.329999999999869 
-0.5104253605566325 0.16525686136718484 8.339999999999868 
-0.5086344135602066 0.1757555852768223 8.359999999999868 
-0.5046493297557909 0.17015629871486765 8.384999999999868 
-0.5050311330722723 0.1747103729658382 8.399999999999869 
-0.49791960458257883 0.1605689810306626 8.419999999999868 
-0.49479492597268604 0.15547985066784895 8.439999999999868 
-0.4904092456787751 0.14725335001428277 8.469999999999867 
-0.4871224327447274 0.13992946808213133 8.489999999999867 
-0.48527601056055925 0.14621727426409237 8.499999999999867 
-0.48323157660003985 0.13461222768432363 8.529999999999866 
-0.4928752421598704 0.12845102129658584 8.539999999999866 
-0.4916353026107829 0.12620736664250484 8.559999999999865 
-0.4903661612901444 0.11517421050372596 8.579999999999865 
-0.5010224905473549 0.11920593377432025 8.599999999999865 
-0.5050547634224549 0.1109883012629397 8.629999999999864 
-0.5096655792597923 0.11863161772603965 8.639999999999864 
-0.5158539633880883 0.10089001310692106 8.659999999999863 
-0.5203698957994151 0.10320545269115564 8.679999999999863 
-0.5222966976606873 0.0967023956351318 8.699999999999864 
-0.5220024371194335 0.07968181679396508 8.719999999999864 
-0.5290875945670397 0.07300132966831188 8.739999999999863 
-0.5291382876664535 0.0435246553046353 8.759999999999863 
-0.5279351639111501 0.03296250040452049 8.779999999999863 
-0.4526212311572373 0.022732845565326544 8.809999999999862 
-0.6678757410802421 -0.003443955687932175 8.819999999999862 
-0.6187313925164507 -0.009466910428550617 8.839999999999861 
-0.5711281808055587 -0.03262333187061002 8.86999999999986 
-0.5361022435475886 -0.05702761995402841 8.87999999999986 
-0.5272363534092649 -0.06345746699607988 8.90999999999986 
-0.5295171814003454 -0.0793888922579252 8.92999999999986 
-0.5276573064655466 -0.07866558025901467 8.93999999999986 
-0.5284471045133582 -0.0903655245382353 8.959999999999859 
-0.5361139938804754 -0.09518652639013145 8.979999999999858 
-0.5336707084207458 -0.12891400839232717 8.999999999999858 
-0.5325956598123543 -0.15333228369869556 9.019999999999857 
-0.532652114736301 -0.18091269864778461 9.039999999999857 
-0.5332733051992268 -0.19835381058902685 9.059999999999857 
-0.531182215962482 -0.21986014658497138 9.079999999999856 
-0.5287685400193066 -0.22596857787272298 9.104999999999857 
-0.5147377706552264 -0.3238588582867951 9.119999999999857 
-0.5128539735501193 -0.31346338873354507 9.149999999999856 
-0.5063851552403347 -0.33021646223712753 9.159999999999856 
-0.49918935268067144 -0.3542597934732736 9.179999999999856 
-0.49413644967006504 -0.36636182810620455 9.199999999999855 
-0.42124863229771975 -0.32837967883706876 9.229999999999855 
-0.5289854641516708 -0.4976546056992075 9.249999999999854 
-0.5341951869536079 -0.4808872796445022 9.259999999999854 
-0.5065989320653145 -0.47091219134259155 9.279999999999854 
-0.4886751346472157 -0.48481739399576934 9.309999999999853 
-0.46583686950981806 -0.5055136998396276 9.329999999999853 
-0.459873049749935 -0.49302351597854815 9.339999999999852 
-0.448507235647579 -0.45950380741368596 9.354999999999853 
-0.43976631850321424 -0.5192854741707612 9.389999999999855 
-0.42505682182277055 -0.5565936567043288 9.399999999999855 
-0.41522829568980024 -0.553747603218102 9.419999999999854 
-0.4091963409475532 -0.5496433167973226 9.439999999999854 
-0.39554993069260913 -0.5369088082450308 9.459999999999853 
-0.38644639231354827 -0.584864834092158 9.479999999999853 
-0.3762342169892897 -0.48864859946202005 9.499999999999853 
-0.35449113752442596 -0.5344535056162966 9.529999999999852 
-0.35092857984515846 -0.36687602963869737 9.539999999999852 
-0.33213432922391395 -0.42532410407497323 9.569999999999851 
-0.3148530957900789 -0.4180254486918596 9.58999999999985 
-0.3071241359965862 -0.3398713563650774 9.60999999999985 
-0.29997741963796604 -0.25178972970622737 9.61999999999985 
-0.29159775872732 -0.24493946558705623 9.63999999999985 
-0.2901366559958871 -0.1339606548381161 9.65999999999985 
-0.29152182617404315 -0.04428054771407239 9.68499999999985 
-0.29172479325867195 0.12265879585969044 9.69999999999985 
-0.2923517890488561 0.21288929139179677 9.729999999999851 
-0.2979481466755412 0.38375112652844434 9.739999999999851 
-0.292852811950815 0.49019444049452693 9.76999999999985 
-0.2894529429488997 0.7245349214406781 9.77999999999985 
-0.29317867053390534 0.8357963949514583 9.80499999999985 
-0.28950061165790614 1.0573142324256186 9.82999999999985 
-0.28927116906149924 1.2196153261829203 9.83999999999985 
-0.28305769194713987 1.4411249998031932 9.86999999999985 
-0.2725098885014828 1.721712768727541 9.88999999999985 
-0.25399969103121894 1.9774564413452866 9.89999999999985 
-0.25140780833144954 2.1271268263619247 9.919999999999849 
-0.234925933314937 2.4954683780863016 9.939999999999849 
-0.22613516486398844 2.634976055122386 9.959999999999848 
-0.20263999925088494 2.8002613537426524 9.979999999999848 
-0.1719814082378937 3.2240186445876065 9.999999999999847 
-0.14360097213852382 3.4664629001463036 10.029999999999848 
-0.1089790903558819 3.5712849267149167 10.039999999999848 
-0.07457287670874276 3.8840232486358692 10.05999999999985 
-0.04110294444676318 3.937826611507184 10.089999999999849 
0.005011599328534594 4.02467090026272 10.109999999999848 
0.04167816508997235 4.03201345023316 10.129999999999848 
0.08070985270126103 4.025326207454279 10.149999999999848 
0.11131349867805183 3.9016763579951443 10.169999999999847 
0.1421999121861724 3.8394116472723967 10.179999999999847 
0.15545956282064702 3.6731149299564496 10.199999999999847 
0.17684518566907947 3.5191770815645422 10.224999999999847 
0.21085032123011208 3.3877759287563682 10.239999999999847 
0.22365200637873858 3.1961608663660783 10.259999999999847 
0.23580526050774003 3.0063265038482383 10.289999999999846 
0.2621107976228141 2.746167143625834 10.299999999999846 
0.2621619398559931 2.636250764477848 10.319999999999846 
0.2642480044122052 2.5102726806795594 10.349999999999845 
0.27326653202455653 2.3680323074669523 10.369999999999845 
0.2785764506953923 2.2736025066018666 10.389999999999844 
0.2754856982175545 2.1939328440701296 10.399999999999844 
0.2660966821338481 2.1364097667470223 10.424999999999844 
0.2743343689415608 2.0439911509595055 10.439999999999845 
0.31099572900603567 1.9778640050401104 10.469999999999844 
0.2863875191305946 1.8728797091802902 10.479999999999844 
0.3015347580144554 1.8065474180709178 10.499999999999845 
0.30787326985812197 1.8476057911175454 10.529999999999845 
0.4068107920046582 1.26487105003728 10.539999999999845 
0.399598797578537 1.3585212468004206 10.559999999999844 
0.39588763639286645 1.3683718655547292 10.589999999999844 
0.3931605903763372 1.3104616282391228 10.599999999999843 
0.3560482345927492 1.0466224111011966 10.629999999999843 
0.4821391908536198 1.2635740684174053 10.649999999999842 
0.5099153550047857 1.1234291609299236 10.659999999999842 
0.42546767845159433 0.8604644766202619 10.689999999999841 
0.641428871395542 1.1091635870092085 10.699999999999841 
0.601149902131944 0.8954236155536653 10.71999999999984 
0.5692392871741945 0.703095751965584 10.73999999999984 
0.5569578151100182 0.5664428745508756 10.75999999999984 
0.5616808175569677 0.4483089664942614 10.77999999999984 
0.5711033240061401 0.33345632163640415 10.809999999999839 
0.5839790883891324 0.2284190717303458 10.829999999999838 
0.5984749289444935 0.11895164097443879 10.839999999999838 
0.6191055769452303 0.030847244853905262 10.859999999999838 
0.6279494588003856 -0.05020909892456328 10.879999999999837 
0.6392512375296171 -0.13629422867672514 10.909999999999837 
0.6572877580002302 -0.21800437506865095 10.929999999999836 
0.6728261113183308 -0.2785121183535746 10.949999999999836 
0.6993966279165881 -0.320265730356597 10.969999999999835 
0.7169517433926085 -0.345722952300768 10.989999999999835 
0.7457442975663339 -0.37741675245746376 11.009999999999835 
0.7726856871136104 -0.38646450654183867 11.029999999999834 
0.8086658821171973 -0.4253509869476384 11.039999999999834 
0.8283706998713237 -0.4140483190924079 11.059999999999835 
0.8554786736369545 -0.41849643120833846 11.089999999999835 
0.8860429311157881 -0.42427927365232465 11.099999999999834 
0.896141074561273 -0.4639515308954395 11.129999999999834 
0.9016774921307239 -0.52510522736449 11.139999999999834 
0.9237770674942261 -0.5810539518595041 11.169999999999833 
0.9407033445481953 -0.62300445242673 11.189999999999833 
0.9580689956329473 -0.6668796229003178 11.209999999999832 
0.9746808644767962 -0.6988408492184097 11.229999999999832 
0.9832671146893326 -0.7290377032817577 11.239999999999831 
0.9937216234830184 -0.7387336052577137 11.26999999999983 
0.8106889088903966 -0.5714780084244205 11.28999999999983 
1.085175676603838 -0.8254904744716962 11.309999999999832 
1.0968905778992577 -0.8095628974970112 11.329999999999831 
1.059502021776004 -0.7626307582697065 11.349999999999831 
1.0527956059909545 -0.7314823523394127 11.36999999999983 
1.0705925645153078 -0.7306521108440946 11.37999999999983 
1.0640941576692426 -0.6926760478502143 11.409999999999831 
0.834227616740286 -0.49223961994272236 11.429999999999831 
1.12873440215192 -0.6380755107914267 11.44999999999983 
1.1719157145322068 -0.6087466136411075 11.45999999999983 
1.1296437132580093 -0.538609160762015 11.47999999999983 
1.1012365426286337 -0.4743975993128752 11.49999999999983 
1.0860840189497767 -0.4183499002858138 11.519999999999829 
