0.4596952740543489 0.49384360451843407 1.50261867285841 1.405933015037951 -0.740501651031983 0.0032620331491256477 1644416735.648692  738561.6427737233
0.4501452831208745 0.49496710135248156 1.4642246749367755 1.4117109780945494 -0.7712081469118197 0.008109794893981254 1644416735.690747  738561.6427741984
0.44515364417997333 0.49472080611652774 1.4519823550647577 1.4163257875006166 -0.7360867213821413 0.034102297688932956 1644416735.7116623  738561.6427744406
0.44021781452434056 0.4943739390717968 1.4286559142262858 1.4195891246915469 -0.7491656585207624 0.04200743549155318 1644416735.7323205  738561.6427746797
0.43519096257826495 0.49459394213792446 1.4131695692857544 1.4229727467560065 -0.7543151617779494 0.049128791358774904 1644416735.7531142  738561.6427749203
0.42998219789212955 0.4956738615469758 1.3984615037186598 1.4265467762596855 -0.755560533836914 0.0562313805410873 1644416735.774577  738561.6427751688
0.424284524092601 0.49758177422033784 1.3920148585318943 1.4306603736275438 -0.7528959507376295 0.0652009698000911 1644416735.7956042  738561.6427754121
0.4182753892790071 0.5001759594738286 1.3907372329875698 1.4361634076028273 -0.6269987010872411 0.08748688951651391 1644416735.8166199  738561.6427756554
0.41202523144826975 0.503088759010059 1.3801095752575603 1.4408332517225617 -0.6231045180999558 0.0974129997859582 1644416735.8381567  738561.6427759046
0.4057092612020193 0.50601905132456 1.3688203380693296 1.445518726800351 -0.6199886777987815 0.10773420926871724 1644416735.859134  738561.6427761473
0.39959121707853756 0.5086843414618432 1.351418801925996 1.4499044844066291 -0.6213392971162593 0.1157871584885327 1644416735.8805225  738561.642776395
0.39319917758666534 0.5107151721617501 1.3396756957211517 1.454511563287902 -0.6234810286008211 0.1258142633082026 1644416735.9017866  738561.6427766411
0.3869862396335855 0.5119743187079402 1.3369603441218063 1.4612016209787257 -0.5336049810219149 0.15627362636490832 1644416735.923154  738561.6427768883
0.3806250813625466 0.5129022064196199 1.3258092176995833 1.4660728355648045 -0.5402454799151607 0.16436164357410463 1644416735.9441075  738561.6427771309
0.3741163116601861 0.513333871148157 1.3140234662608612 1.470976603121844 -0.5486499808753629 0.17203387692997535 1644416735.96475  738561.6427773698
0.36776356012606193 0.5135092426779332 1.3018636051533603 1.4756931592848648 -0.5581087265890892 0.17849557807148145 1644416735.985235  738561.6427776068
0.36120702706338204 0.513777535515058 1.2802569309473202 1.4819829282120605 -0.6800753225154313 0.20475485821794404 1644416736.0058405  738561.6427778454
0.35460633175879125 0.5143785345465521 1.2659462870407163 1.4872039154206602 -0.6895909411870552 0.21157335224091522 1644416736.026554  738561.6427780851
0.34801493097870984 0.5150661975458769 1.2515473313548067 1.49237055321433 -0.6997787336423574 0.21786551586996977 1644416736.0471632  738561.6427783236
0.34152053793443193 0.5161217371241524 1.2373270114221595 1.497423514106065 -0.7095810276186297 0.2230704752064985 1644416736.0684469  738561.64277857
0.3353764423240144 0.5172499856909507 1.2230052790959842 1.5021288293738781 -0.719038883019868 0.2267461936203351 1644416736.089247  738561.6427788107
0.32450749489341757 0.5193232870917162 1.2205374843283774 1.5118455022470776 -0.5290916393773157 0.25120125952257827 1644416736.1103172  738561.6427790546
0.31921911050920926 0.5201434350852304 1.2095487324378613 1.5158654642398541 -0.5350278137976373 0.24884613751027115 1644416736.131528  738561.6427793001
0.3137971075099707 0.5208507872204511 1.1983403503267565 1.519824950204649 -0.5388583806046526 0.24575318963220943 1644416736.1524637  738561.6427795424
0.30830671585651914 0.5217150767954326 1.1872315524650423 1.5236875547533706 -0.5404410443473386 0.24180344352470012 1644416736.1735516  738561.6427797865
0.3026806010136718 0.5225096699944639 1.176017605823647 1.5274851405179855 -0.5418510084669675 0.23742101289852222 1644416736.194642  738561.6427800305
0.29702947765666915 0.5230934117431855 1.1604538639024662 1.5335325922807193 -0.5904182853768196 0.2611256295929599 1644416736.2158213  738561.6427802757
0.29122578090626894 0.5232304544724617 1.1475625214206582 1.5376699725578822 -0.5968907340249349 0.25658459456589844 1644416736.2366304  738561.6427805165
0.28520141332907806 0.5228203229839262 1.1340024341399546 1.5418014227451804 -0.6075997087298945 0.2519853790263537 1644416736.2570887  738561.6427807533
0.2788438654510196 0.5219858949104286 1.1198480049071273 1.546032384325252 -0.6215462041625746 0.2469303669480537 1644416736.2785673  738561.6427810019
0.2722675254663064 0.5208354770479405 1.1051816963222678 1.5502571348899443 -0.6376971489961974 0.24172753636544403 1644416736.299014  738561.6427812385
0.2654628299691637 0.5193772966954036 1.0859491241126817 1.5553409099211504 -0.697687926608248 0.24701936557139864 1644416736.3194566  738561.6427814751
0.2582346311552224 0.5178418703851031 1.0615104026143032 1.558633122977619 -0.7167389217854533 0.2315259710954608 1644416736.3399334  738561.6427817121
0.25087647649213657 0.5160846605000815 1.0447986595946017 1.5629137575824457 -0.7277369673896977 0.2231227424650411 1644416736.3612716  738561.6427819591
0.24344908461085477 0.514300914318477 1.0280210259644833 1.5669859307198928 -0.7358896279022765 0.21388579247785522 1644416736.3822775  738561.6427822022
0.23600708652803556 0.5125725918113843 1.0113102864390056 1.5707856111820937 -0.7415327588466566 0.20409135586344276 1644416736.40323  738561.6427824447
0.2283661712591236 0.5110136715209007 1.0104027294150066 1.577551460627858 -0.6002865279374958 0.22217754786778116 1644416736.4237838  738561.6427826827
0.22104242966954588 0.5096837409711205 0.9971008432379621 1.581197316776197 -0.6021822118581277 0.21116097858219 1644416736.4450493  738561.6427829288
0.21388588019211746 0.508782429188625 0.9843024656221195 1.5843575068075466 -0.6027977670923045 0.1993509950564989 1644416736.4657335  738561.6427831681
0.20648938547512208 0.5084983722343108 0.9721935534404852 1.5874240806286068 -0.6021756861633577 0.18650295170763048 1644416736.4872537  738561.6427834173
0.19909772498210854 0.5085415202337618 0.96046407528351 1.5901205991566552 -0.6014440698730051 0.17254790649061358 1644416736.5076294  738561.6427836531
0.19182196287678976 0.5087897715445894 0.9486700176735712 1.595216884427063 -0.603272019253557 0.18328111643154796 1644416736.528407  738561.6427838936
0.18529628780661972 0.5089223383162048 0.9310213458951613 1.5938032634354717 -0.6043622477490328 0.1465769357985018 1644416736.5494463  738561.642784137
0.17344183594122733 0.5080868677590055 0.9185354493049425 1.6003129487748513 -0.6062288713089102 0.1423571188087141 1644416736.569876  738561.6427843735
0.1673320790554843 0.5069473337839018 0.9056138384184679 1.6001407896385347 -0.6092314209853201 0.11261629128391486 1644416736.5909607  738561.6427846176
0.16124206881006625 0.5055390243641212 0.8953017039394628 1.601896500236363 -0.5819224585598598 0.1091325397212563 1644416736.6119387  738561.6427848603
0.1552047813924414 0.5044639529452397 0.8831399829386983 1.6009890890684804 -0.5815727806921601 0.07762641684044508 1644416736.6327145  738561.6427851008
0.14924589018661583 0.5038382503297487 0.8715254128160199 1.5993824785386743 -0.578450584159764 0.04510074358857803 1644416736.6537085  738561.6427853438
0.1426348082224757 0.5037572388236288 0.8605974966018825 1.597909466987391 -0.5725509967832177 0.015291094005422508 1644416736.6742446  738561.6427855815
0.13594699178924946 0.5042314667855827 0.8503644819852806 1.5959284938511935 -0.5644359942593853 -0.015117408428420106 1644416736.6952014  738561.642785824
0.12896843023177798 0.504940558392925 0.8430181373531153 1.5975500625593844 -0.5298216480360186 -0.0034213351213428183 1644416736.7164137  738561.6427860695
0.12178753007349519 0.5057028900264243 0.8338861053532417 1.5958056606872653 -0.5204683161498047 -0.03293488130170175 1644416736.737901  738561.6427863183
0.11447820625399595 0.5063371770045724 0.8247808686602937 1.5936356627283428 -0.5109721563959485 -0.06215332607342287 1644416736.7585962  738561.6427865578
0.10710129940807003 0.5066979488110956 0.8107704537462342 1.584861659290722 -0.4974824158212194 -0.11013864684492625 1644416736.7797058  738561.6427868021
0.09939422251739057 0.5069502071138555 0.8017110749586092 1.5816413243857148 -0.4877476506567762 -0.140220185962082 1644416736.8009126  738561.6427870475
0.09161728391638764 0.5072366394755881 0.7947105419820596 1.5813976818240083 -0.4602304163383032 -0.13497865985152682 1644416736.8218699  738561.6427872902
0.08359350456515181 0.5076347519695407 0.7860897092337755 1.5773795727509632 -0.44814599190804233 -0.16482931132864717 1644416736.8428397  738561.6427875329
0.0754642617395377 0.5082497737248649 0.7783297064034695 1.5735799205355985 -0.4353520004951438 -0.191654546702345 1644416736.8634756  738561.6427877716
0.06714036344664578 0.50913985531062 0.7710564517300565 1.5694762882668414 -0.42153488213169543 -0.21779149675534 1644416736.8844888  738561.6427880148
0.0587370484569309 0.5103135456197259 0.7642840017293581 1.564927031811933 -0.40663882281616603 -0.24341502898585857 1644416736.9054275  738561.6427882572
0.05025485434841157 0.511610154122771 0.7599519879410821 1.5649702833901105 -0.3725399569662812 -0.21931128248225765 1644416736.926713  738561.6427885036
0.04186075404037649 0.5128521786361214 0.7540582862420225 1.560341210613021 -0.35768979000824924 -0.243133712584807 1644416736.9475803  738561.6427887451
0.033460548371447435 0.5137950381805705 0.7480768940520071 1.5552190593500983 -0.3439724251513782 -0.26615417767899413 1644416736.9682035  738561.6427889838
0.02513241035861269 0.5141797443803504 0.7417427137781271 1.549499937502048 -0.3323683515034754 -0.28893628328730003 1644416736.9885924  738561.6427892197
0.009959228506567197 0.5127550879757327 0.7336409661077855 1.5525296167471447 -0.3291765407336059 -0.2819941111382607 1644416737.0098581  738561.642789466
0.0031045940317708056 0.5111275534592011 0.7270669220870725 1.5489484935494082 -0.2839847016764706 -0.1968312534636782 1644416737.0307364  738561.6427897076
-0.003641405468331435 0.5089428602397638 0.7195030871132729 1.5419045843230716 -0.28304116587627337 -0.22443114040503948 1644416737.0515678  738561.6427899487
-0.010436364545236056 0.506447114903323 0.7117708230375543 1.5344530111781534 -0.2833720544763333 -0.25220205779940674 1644416737.0729272  738561.6427901959
-0.017381425554670975 0.5040152800656759 0.7042267714688504 1.5267578310913208 -0.28406731378457895 -0.2795760711343872 1644416737.0944288  738561.6427904448
-0.024388529556837152 0.5018754330038888 0.6944452841935582 1.5142782288056758 -0.31376610142408823 -0.35991828746991117 1644416737.1155195  738561.6427906889
-0.03130711515892007 0.5003408183194018 0.6874435561606173 1.5046030499258802 -0.31277075647450103 -0.3885138608547909 1644416737.1361132  738561.6427909272
-0.03808261825795393 0.4993207812720635 0.6810600708573037 1.4942950373300388 -0.3106430425459724 -0.4193910835229045 1644416737.1579108  738561.6427911795
-0.04491083473123795 0.4989080570466626 0.6730644389516923 1.4731704337397251 -0.30442635112985894 -0.4617203206973916 1644416737.1794171  738561.6427914285
-0.05184534135788696 0.49886142272490813 0.6678539425174358 1.4620850017562559 -0.30055108244304485 -0.4885223576799229 1644416737.2006307  738561.642791674
-0.0589782640781987 0.49910507566564166 0.6615490822333588 1.4446482038891562 -0.30750725000302037 -0.5764019181827426 1644416737.221185  738561.6427919118
-0.06634281126611027 0.4995710755540658 0.65668811835435 1.4322929997182403 -0.30139211613328565 -0.5982603429145708 1644416737.2424939  738561.6427921585
-0.07385252274318996 0.5000201350756124 0.6518583717063491 1.419845978042133 -0.2953687134099708 -0.616441879924107 1644416737.263146  738561.6427923975
-0.08165264602871744 0.5003473114758673 0.6469251607825452 1.407542762510405 -0.29006379023600665 -0.6321180165226058 1644416737.2842014  738561.6427926412
-0.08971491669283042 0.5005690103551632 0.6418945810175062 1.395378817135426 -0.2857263615016943 -0.6442717004715031 1644416737.305075  738561.6427928829
-0.09784953874385309 0.5006725579008285 0.6391340913437775 1.4055011633461387 -0.26677698565430275 -0.42397949427541626 1644416737.3259087  738561.642793124
-0.1061248418665603 0.5006373630938342 0.6341655950345632 1.397871570931053 -0.26776802533323285 -0.426830433099517 1644416737.3470109  738561.6427933682
-0.11445031744937084 0.5007872712397612 0.6275571580108081 1.3800341118171526 -0.2692180054000023 -0.4328803184519535 1644416737.369257  738561.6427936257
-0.12281930204516978 0.5011035330283659 0.6227580528925974 1.3725543992871896 -0.27207018280081996 -0.43372681263866575 1644416737.3900707  738561.6427938666
-0.13956747411469522 0.5023262218157162 0.6189654093976769 1.3889876691625347 -0.2801099553823821 -0.38705141700104634 1644416737.4113097  738561.6427941124
-0.14729060838560068 0.5028736833036711 0.6117440192288984 1.3753257296293058 -0.29209883719147317 -0.3573163241410099 1644416737.433781  738561.6427943725
-0.1544194059157017 0.5033951255853957 0.6067665585824396 1.3666352720994166 -0.2974846074954153 -0.3736216802434632 1644416737.4558592  738561.642794628
-0.1612402949963721 0.5035291792190486 0.6012943050352632 1.3570939160572661 -0.30443871875445694 -0.3935593892933576 1644416737.4773881  738561.6427948772
-0.16789026147057073 0.5031001231272623 0.5951293353343903 1.3467949307247002 -0.31314107031056965 -0.4166173486031944 1644416737.4985967  738561.6427951227
-0.1743098060161365 0.5022216403296105 0.5857564589432906 1.330401699746233 -0.33050321236972763 -0.398623187381542 1644416737.5200279  738561.6427953707
-0.1806354108019857 0.501187985357822 0.5785695696135325 1.3195114612720822 -0.340276583027063 -0.42661442234063873 1644416737.5413568  738561.6427956176
-0.18698036619909073 0.49997052706447365 0.5710347612546447 1.3081830125850533 -0.3500736752536401 -0.45640034248333816 1644416737.5628912  738561.6427958668
-0.19357253022045942 0.4990009034626443 0.5635121855016366 1.2969733994865038 -0.35913675425613567 -0.4858554047634223 1644416737.584573  738561.6427961177
-0.2004579013816736 0.49828895725228667 0.5559915587890106 1.2859695580969208 -0.36793704636225477 -0.514148244152105 1644416737.6059852  738561.6427963655
-0.2077095550889885 0.49795311374367446 0.5487554940008957 1.2838087745996227 -0.377743880918242 -0.45561320409010647 1644416737.6266642  738561.6427966049
-0.21518701074327085 0.4979774296226422 0.5413852202785917 1.275071726216373 -0.3866414793715493 -0.4786870663310367 1644416737.6480837  738561.6427968529
-0.2229750443178296 0.4981653754220481 0.5338628173720361 1.2665892611434668 -0.3959378233182138 -0.4984587837936128 1644416737.6684926  738561.6427970891
-0.23105221394512648 0.49838513338875234 0.5232373202340972 1.2465339287807922 -0.4086976245010833 -0.5348993952183696 1644416737.6894996  738561.6427973321
-0.24754414588289753 0.4989209289760093 0.5127451011101193 1.2614369659709739 -0.42998672055843257 -0.4098998452916257 1644416737.7108388  738561.6427975792
-0.25591307227398835 0.4995189341402527 0.5045534062566808 1.2548135319772888 -0.4392701604728298 -0.4283359432917138 1644416737.7323725  738561.6427978284
-0.2642978877120602 0.5003630813780435 0.4963576215542553 1.24793497919019 -0.44793178422118357 -0.4460868545551219 1644416737.753492  738561.6427980729
-0.2727556833948985 0.5017025581200972 0.4883676381775553 1.2411361281592241 -0.45550828899054824 -0.4611727165387362 1644416737.774141  738561.6427983119
-0.28121740760906944 0.5035584538609805 0.4806200344268891 1.2343247145975322 -0.4618428573633666 -0.474959134834777 1644416737.7947466  738561.6427985503
-0.28973875779448505 0.5059687969159692 0.47761388018390294 1.248193725136322 -0.4236273054534224 -0.24830405749280846 1644416737.815837  738561.6427987944
-0.29831312607250754 0.508935083324961 0.47127386497997314 1.2464519097621238 -0.4288624551521937 -0.25075467047834177 1644416737.837281  738561.6427990426
-0.3068474173416905 0.5122645528851641 0.4615964998600874 1.233908158341612 -0.43935525261575525 -0.26546157150394045 1644416737.8584268  738561.6427992873
-0.31532218085122216 0.515917339023668 0.45524572991639106 1.2319574226944516 -0.44362727882884045 -0.26631461679613583 1644416737.8798087  738561.6427995348
-0.3239659610798878 0.5194232752545929 0.4484091648897201 1.2301033380033888 -0.4490472375524131 -0.26529482565556933 1644416737.900481  738561.6427997741
-0.33269616096944743 0.5225429754496695 0.4330924599853494 1.2069622862650768 -0.528458291650621 -0.5066077649908622 1644416737.921873  738561.6428000217
-0.340960463673001 0.5252129664463275 0.4235199211358007 1.1984675435248604 -0.5352756076788459 -0.5296404560929026 1644416737.9428267  738561.6428002642
-0.34844229456541453 0.5273726121769371 0.4134877222065057 1.1871966255724666 -0.5422493671411498 -0.5666226279311083 1644416737.96433  738561.6428005131
-0.3554326319571969 0.5289864438536166 0.40289407534897204 1.173539832084861 -0.5493686723540375 -0.6128460408626651 1644416737.9855716  738561.642800759
-0.36250178919028336 0.5299410077476435 0.39146048799471617 1.158515374220924 -0.557200570531903 -0.6618146458168696 1644416738.0061123  738561.6428009967
-0.36961294400877814 0.5306374036334341 0.3862609401302267 1.1795105560022447 -0.5107519804552333 -0.3133467932967013 1644416738.0266416  738561.6428012343
-0.37673835378088455 0.531437553490633 0.3753710069219111 1.1708512415150867 -0.5188928132292293 -0.334866136151707 1644416738.047166  738561.6428014718
-0.3834993840129595 0.532617688986829 0.36030580010855917 1.147138075136395 -0.526432791558931 -0.3796048579216848 1644416738.0684242  738561.6428017179
-0.396475432042912 0.5357424098674795 0.3487753317991471 1.1551735362943614 -0.535426377323728 -0.3262548740748382 1644416738.0896537  738561.6428019635
-0.4031045188199654 0.5374994218286282 0.3397402592268642 1.1560536009338507 -0.526147967419198 -0.22453617362101852 1644416738.1108952  738561.6428022094
-0.41007286480271216 0.5393129263854722 0.3293522574150852 1.149237536307783 -0.5318044797387803 -0.2454956347022624 1644416738.132276  738561.6428024569
-0.41718822571782205 0.5412179710720575 0.3187801616929678 1.1425854818369114 -0.5389068546863706 -0.267024770721015 1644416738.1531389  738561.6428026983
-0.42443022840793604 0.5431865329955295 0.30798451744355665 1.1359732781023042 -0.5469645113547338 -0.29234830606204987 1644416738.1745756  738561.6428029464
-0.43174079212644434 0.5451868482462195 0.2969448948230606 1.12913622525418 -0.5559709201043574 -0.3178663422769571 1644416738.19524  738561.6428031937
-0.4391511405972039 0.5471683172105202 0.2869737457538725 1.136188443564157 -0.5475899589748989 -0.16156494060610796 1644416738.2170103  738561.6428034375
-0.4466384250090794 0.548984146001931 0.27054761226932467 1.1165384994235987 -0.5625152916905768 -0.2133691645404855 1644416738.238229  738561.6428036832
-0.4540943114803993 0.5506040224687128 0.25863032864807345 1.1112995073066472 -0.5718371323941388 -0.23784520369676942 1644416738.2594485  738561.6428039287
-0.4614914910675348 0.5520147905116676 0.25151788118994417 1.122630385272033 -0.577136433322927 -0.2226300562117718 1644416738.2801733  738561.6428041686
-0.4685757711232715 0.5532228035448516 0.23328036456070794 1.0945705284334426 -0.5914235391514072 -0.3189060389277827 1644416738.3012917  738561.6428044131
-0.47533900840024534 0.5545133635974359 0.2239310210813925 1.1043969966376683 -0.5724927068385612 -0.1319415072024172 1644416738.3224304  738561.6428046577
-0.48190075418543854 0.5560052352780034 0.2120223377184673 1.097443896692044 -0.5819787460064783 -0.17328051539483122 1644416738.3435616  738561.6428049023
-0.4882205871606412 0.557588809082214 0.200084404038327 1.0888655319711866 -0.5914011595040486 -0.22505971128552255 1644416738.364414  738561.6428051436
-0.49403331439666864 0.559300560452096 0.18827296859476728 1.077223749801288 -0.5998716610646813 -0.29931858255285554 1644416738.3853483  738561.642805386
-0.49928847781170294 0.5609309867199122 0.17644460351400354 1.0611081639979694 -0.6075627983438322 -0.40661639734237753 1644416738.4059558  738561.6428056244
-0.5041337365221337 0.5626785231973612 0.16620667539325035 1.0646767816825742 -0.6011447901825159 -0.24146119715894823 1644416738.4266083  738561.6428058635
-0.5087495427413672 0.5645052884052203 0.14927006391676192 1.0210033431008103 -0.6114999700539678 -0.49364903174640656 1644416738.4479296  738561.6428061102
-0.5131170515291547 0.5665356181618018 0.13784955632520307 0.997051836888258 -0.6151745499046702 -0.6945578442096974 1644416738.4691448  738561.6428063558
-0.5174256167312489 0.568947930145569 0.1266382067584201 0.9701462539542721 -0.6170444646304325 -0.9354422989834519 1644416738.48982  738561.6428065951
-0.5257659045059653 0.5746509499132051 0.11865650572240524 1.0166429012221974 -0.5940154097708453 -0.3413820843741701 1644416738.5111797  738561.6428068423
-0.530064115505317 0.5778600877426572 0.10818861694860324 0.9990907563915545 -0.5966031499550389 -0.5070824107593158 1644416738.532419  738561.6428070881
-0.5345314026676177 0.5813285343798112 0.09764364953475344 0.9809348266390492 -0.5988349779802766 -0.6979524149572954 1644416738.5537205  738561.6428073347
-0.5392584932148989 0.585079025027264 0.08698115365500032 0.9632419528769997 -0.6009513936743541 -0.9115292183618527 1644416738.5748422  738561.6428075791
-0.5444171853163914 0.5889685071416498 0.07597343921152148 0.9469741407313554 -0.6038719957589982 -1.149847808885355 1644416738.5954797  738561.642807818
-0.5498840429746238 0.5929076408711368 0.06742862571653027 0.9933720873494797 -0.5824793582589924 -0.21496321221245607 1644416738.6161234  738561.6428080569
-0.5556189358576151 0.5967145519262937 0.05612400301880801 1.0026005896108259 -0.5884472139368158 -0.09512105473338535 1644416738.6372805  738561.6428083018
-0.5615457501549304 0.600506180145361 0.038606606118851465 0.9462957899789728 -0.6002182156474324 -0.7916717068275919 1644416738.6576948  738561.6429025669
