-0.5272406751360225 1.2346788722007243 1.9397301337424246 0.8424735580341481 0.3197672524202514  738547.6932795336
-0.5272406751360225 1.2346788722007243 1.9141464289187002 0.858819424823942 0.3299429935414749  738547.693279885
-0.5272406751360225 1.2346788722007243 1.9010546593746287 0.7062948801596154 0.27606792633100313  738547.6932802504
-0.5269790097370617 1.2347222900762846 1.8796837166496834 0.7137170345972946 0.2748012137479566  738547.6932806196
-0.5269229385801415 1.234731593906762 1.8544690249052467 0.7565669446493859 0.3212884163070956  738547.6932809902
-0.5269229385801415 1.234731593906762 1.831993231011026 0.7443282221544685 0.32224232482086373  738547.6932813439
-0.5269322837729615 1.234730043268349 1.809904788315652 0.7282799785368448 0.32063522492955204  738547.6932817068
-0.5270658017298911 1.2346259024867214 1.788279280445477 0.7104056206974558 0.31993698526429815  738547.6932820714
-0.5270964152619804 1.2346032543252843 1.7886518863253142 0.5033185298895303 0.23639134504436132  738547.6932824263
-0.5270975834110828 1.2346030604954825 1.7689322293868603 0.4796119366274235 0.2218964538537764  738547.6932827837
-0.5272379737889125 1.2346820200049065 1.7548790032247863 0.46004201368334213 0.21255018800251507  738547.6932831267
-0.5272651989313928 1.2347009828245328 1.7312485674759972 0.5483137269430699 0.27855590208781233  738547.6932834989
-0.5272629935483616 1.234702446792073 1.714788040740628 0.5453811593586366 0.2731722685690836  738547.6932838581
-0.5272304775799224 1.2346679844600146 1.6983556859316224 0.5480916644682327 0.2682228705759128  738547.6932842127
-0.527220623737111 1.2346590997624312 1.6942204358221484 0.42989842159286856 0.21815526617070954  738547.6932845681
-0.5272186666330898 1.2346579569864735 1.6813590511307064 0.4315355137856467 0.20630485849966265  738547.6932849308
-0.5272311972774631 1.2346646147981102 1.6680314326676227 0.4325846582599387 0.19249723228523863  738547.6932852919
-0.5272346202375214 1.2346666128396162 1.657590337377398 0.4052210421989728 0.1851357542468236  738547.6932856421
-0.5272353150910482 1.2346670520863927 1.6411725771316936 0.4211990090918294 0.17198158383166576  738547.6932860037
-0.5272353564818414 1.2346670446518826 1.628322967809981 0.4403398559126495 0.16384319007664344  738547.6932863727
-0.5272755365587063 1.2346713045289839 1.6194710633012395 0.41048798926432656 0.1452889295944515  738547.6932867231
-0.5272841622951258 1.234672161057959 1.6068074139028987 0.43439900047926927 0.13423606600795512  738547.6932870718
-0.5272672614385766 1.2346785627339145 1.5934362099657 0.4574915351757457 0.12150719069165508  738547.6932874364
-0.5272622471858794 1.2346797648826866 1.5793921584691923 0.47967020659190956 0.10958139562356305  738547.6932878278
-0.5272612183913535 1.2346796373993556 1.5707958308666545 0.44597766028361646 0.12508491241218883  738547.6932881534
-0.5270393366002287 1.2346215939406742 1.5569191407934708 0.47547276208475875 0.1135696900469859  738547.6932885302
-0.5269920701758648 1.2346090257029474 1.537496315376627 0.5060661303483832 0.10284883975578733  738547.6932888967
-0.5269923161340082 1.2346089396485518 1.513519966235932 0.6117780222144629 0.14241237401377668  738547.6932892428
-0.5270003996656056 1.234610981312918 1.4949275727502747 0.6324831524429816 0.13259918167146637  738547.6932896017
-0.5270880133657989 1.2346028981369563 1.4757359129754384 0.650277261686656 0.12266394553663792  738547.6932899732
-0.5271085119307226 1.2346016246039866 1.465069340279746 0.5742883901347856 0.09301224549825175  738547.6932903433
-0.5271095233048917 1.2346019008158666 1.4475984898501766 0.5869002319874098 0.07809422401794144  738547.6932906983
-0.5272301652963618 1.2346725244302854 1.4293574934332658 0.5917886218863175 0.06350679000031921  738547.6932910611
-0.5272540857489176 1.2346877533735539 1.407070536423879 0.6538070413742958 0.08104942092868435  738547.6932914192
-0.5272525601307991 1.2346877769800704 1.380553715780021 0.6666104677318327 0.06365033092859611  738547.6932917847
-0.5272575037434807 1.2346900206328326 1.3671333398964147 0.6729772413627284 0.055528161074676806  738547.6932921145
-0.527256077836507 1.2346890980267502 1.3400055930313326 0.681192566822011 0.03894896793657926  738547.6932924846
-0.5272543657629885 1.2346880923282852 1.33046717798397 0.5904490950794564 0.02969220912872063  738547.6932928447
-0.5270077118026205 1.2347013179014714 1.3126636140646895 0.5917510930109885 0.010696712081556405  738547.6932931973
-0.5269548308341432 1.2347041015825475 1.2951033379686858 0.5862314686527985 -0.0017818048350810528  738547.6932935477
-0.5269549544574108 1.2347041300875614 1.279385633585109 0.5654611026876958 0.01218806286568806  738547.6932939024
-0.5269639688736243 1.2347037382809232 1.2624529774417195 0.5662983445418082 0.0022655102814166514  738547.6932942672
-0.527062921135954 1.2346276634654674 1.2454197520568515 0.5696893489492667 -0.004827344198224056  738547.6932946643
-0.5270861468432427 1.234611323400654 1.2357434069870712 0.500085708233296 0.0038767841462409606  738547.6932950045
-0.5270873837851067 1.2346113288591076 1.2206818900669005 0.5028993802426176 -0.009430558163922763  738547.6932953605
-0.52720719896389 1.2346579203665033 1.2005972682209796 0.5027098214628436 -0.025711685395990076  738547.6932957191
-0.5272307415072259 1.2346693983674644 1.174437763905598 0.6227789316258355 -0.010032973523986796  738547.6932960842
-0.5272290671331594 1.2346704599733962 1.1555363642130947 0.6323080335990011 -0.022918843635438932  738547.6932964415
-0.5272436839338113 1.2346949639575768 1.1357504502928315 0.6420131330746176 -0.03580513403014758  738547.6932968021
-0.5272443398265201 1.2346993205883456 1.1311609496133879 0.483127774379784 -0.022726701968869358  738547.6932971646
-0.5272426410705814 1.234698622877496 1.1165980735754342 0.4860158811950273 -0.035927783511210475  738547.6932975155
-0.5271085555360289 1.2346157898091668 1.1018807600130047 0.48981273939340114 -0.050852053274292396  738547.693297877
-0.5270796194635641 1.2345974992462285 1.0921579930356147 0.4879897894755385 -0.05900240765327172  738547.6932982414
-0.5270796217693484 1.2345971372633546 1.0582280578523342 0.576569066112124 -0.04415747878996238  738547.6932986074
-0.5270960387490983 1.234777311920684 1.0409427890978256 0.5825019765460291 -0.057136595860395774  738547.6932989779
-0.527102295562199 1.2348175327039232 1.0231753654284015 0.5955625123114242 -0.06705345801635557  738547.693299345
-0.5271042849746366 1.2348186964277736 1.001435126057288 0.6416984811764811 -0.05942996741493522  738547.693299687
-0.5271046286059362 1.234812798258286 0.9820606250158309 0.6462736878016924 -0.07274413693173779  738547.6933000503
-0.5270729602022386 1.2346309560382212 0.9624908174050498 0.6517152655739626 -0.0837170246962125  738547.693300408
-0.5270659149835734 1.2345905257918142 0.9522219251828749 0.5574293191750387 -0.053049137436574224  738547.6933007721
-0.527065652600994 1.234589603485702 0.9356282873700618 0.5545286980644317 -0.06330333439667994  738547.6933011418
-0.5269484124371563 1.234699117364504 0.9190635805581036 0.5528877153181685 -0.07768452735876856  738547.6933015072
-0.5269238036947939 1.2347262055063393 0.8967317376708037 0.5565197855280756 -0.049815848915359215  738547.6933018847
-0.5269241427833751 1.2347288605634434 0.8799915377366283 0.559388097031085 -0.05684846129998744  738547.6933022374
-0.5270362994247509 1.234608574313845 0.8631229437605323 0.5639932868000822 -0.05904978323406533  738547.6933026004
-0.5270625442275969 1.2345807936177142 0.8534150647506366 0.48156297575854895 -0.031003069009118995  738547.6933029541
-0.5270640562535687 1.2345792511583995 0.8389081949036129 0.48576206585961657 -0.04063397035906146  738547.6933033121
-0.5270606602705639 1.2345827372103257 0.8242685628280445 0.49034979606130225 -0.0496283556424711  738547.6933036727
-0.5270883985805097 1.2345960445835398 0.8045187581472599 0.4983184707902547 -0.06067751441401619  738547.6933040489
-0.5270932889884736 1.2345998345340454 0.7818555480929854 0.5737636201936847 -0.030155929051427714  738547.6933043965
-0.5272507886406823 1.2346768831489643 0.7646277787267066 0.5806883471670657 -0.03539734426455052  738547.6933047703
-0.5272833845599062 1.234692979190922 0.746925323183315 0.5938063795115492 -0.04518349102948992  738547.693305112
-0.5272825826812009 1.2346925764828802 0.739015430175649 0.6232634860009151 0.006145188789429083  738547.6933054881
-0.527276620380251 1.2346895314662143 0.7074797368368605 0.6360337845760329 -0.008857857179560698  738547.6933058234
-0.5270260541373718 1.234703232809784 0.6881938656087617 0.644707695447836 -0.028377327254235647  738547.6933061741
-0.5269712460087098 1.234705504893328 0.6824408671726842 0.5091312735834084 -0.024381531074122862  738547.6933065508
-0.5269706566286632 1.2347050941691518 0.6723219197237172 0.5083399256862167 -0.02691863819509578  738547.6933068779
-0.5269363160307814 1.234729100012407 0.652021613633637 0.5094323313090328 -0.03927079080797263  738547.6933072371
-0.5269339928094161 1.234734055128282 0.6326065917994906 0.5635354716138782 0.04512416493575645  738547.6933075952
-0.5269376575344388 1.2347339806466584 0.6156337757342357 0.5695360090138626 0.044338386598817545  738547.693307958
-0.5269406044632613 1.234733153317724 0.5920671844254703 0.5811139855466078 0.04457035064267613  738547.6933083151
-0.5274234792319256 1.2345014335038993 0.5746477128268229 0.5851981953200519 0.07247303494278738  738547.6933086767
-0.5275269764365311 1.2344516630611067 0.5609800500116977 0.5587190500694943 0.07301124425916149  738547.6933090265
-0.527300872849836 1.234658935145193 0.5440427420737455 0.5651972856087474 0.03380889787935808  738547.6933093913
-0.527234917294719 1.2347116681251815 0.5269495472851241 0.570945690872797 0.019682382482185085  738547.693309743
-0.5272216776752083 1.2347179382272528 0.5053413897117807 0.6203355698112244 0.1209415264481584  738547.693310126
-0.5272230219639431 1.2347137026558792 0.4866370796591806 0.6265425407402084 0.12513208309691873  738547.6933104759
-0.5272282026251673 1.2346625443104364 0.46772746597974174 0.6331369242110034 0.1321079020651167  738547.6933108311
-0.5272314089307413 1.2346498024205539 0.4577840879879369 0.5457026893530057 0.19532838904593786  738547.6933111817
-0.5272331347683666 1.234648517169393 0.4414221401598574 0.5466586510631505 0.1922648807036517  738547.6933115377
-0.5271234110146437 1.2347886977756104 0.419595722068929 0.546347623490921 0.16834134772084283  738547.6933119042
-0.527100074404423 1.2348196939258511 0.4046094263719504 0.5326352573169134 0.2094427783753139  738547.6933122498
-0.5271001971639586 1.2348204406938943 0.3885382689723802 0.5387015267158223 0.2081235317948997  738547.6933126178
-0.5271041682917124 1.2348158363090558 0.37224397393128383 0.5477298785114777 0.20322403586931714  738547.6933129845
-0.5272413075047019 1.234688260816833 0.3578376794321287 0.5344821564409824 0.32493856406203975  738547.6933133513
-0.5272715211796564 1.234659851387335 0.34168393805493447 0.5438950065183384 0.31099516649499737  738547.6933137133
-0.527235754804301 1.2346826202861987 0.3252534997117433 0.5526176515637512 0.2841192406615518  738547.6933140655
-0.5272231811369753 1.2346920317313697 0.3080267388116318 0.5608655646668499 0.25866648785491336  738547.6933144238
-0.5272193908767728 1.2346955550591978 0.2993231660197911 0.4961941098259926 0.21661279546233658  738547.6933147812
-0.5272015016930438 1.234694087417234 0.2791993727574803 0.5098166889385387 0.163658709210714  738547.6933151424
-0.5271980059360437 1.234693685811874 0.2637475755453069 0.5205695989622264 0.11345453664154175  738547.6933155187
-0.5271983497285292 1.2346935359103484 0.23856802023961965 0.6247854841667292 0.4715391540122293  738547.6933158613
-0.5271992510870415 1.2346934288068345 0.21969198521179578 0.6352756544813285 0.4651900093202893  738547.6933162236
-0.5271636361113354 1.234894958962296 0.20059882587550634 0.6419246890092786 0.41703260641743783  738547.6933165585
-0.5271562162880054 1.2349380790329585 0.18995649609776452 0.5642409993117445 0.23241774047960373  738547.6933169169
-0.527156365226253 1.2349380103852414 0.17288537726942593 0.5698718607762765 0.12541134560784153  738547.6933172737
-0.5274561104338982 1.2349062675633231 0.15593850445722562 0.565649019688055 0.00699922320848208  738547.6933176338
-0.5275210206005275 1.234895583339496 0.14451262199358791 0.5691171106235724 -0.14659386366746135  738547.6933179975
-0.5275214850497641 1.2348928593677528 0.13027584436966455 0.5003367217149913 -0.3089356423544213  738547.6933183543
-0.5270919639996565 1.234654666467897 0.11466111558264633 0.5211653774070781 -0.6839963157895766  738547.693318716
-0.5269941663226128 1.23460428032842 0.09933695031681315 0.5194264543358741 -1.189192483844739  738547.6933190575
-0.526990095829377 1.2346049400444694 0.06196255915742731 0.6597527804880177 -1.2111180244758888  738547.6933194159
-0.5270036482160426 1.234613945110669 0.04239632487555758 -0.6153674543295615 5.77707375996942  738547.6933458496
