-0.9562465430852675 0.017744973781315718 6.309999999999911 
-0.9562465430852675 0.017744973781315718 6.309999999999911 
-1.1421875230830492 0.018754019733479777 6.33999999999991 
-1.2616448516469432 0.01926413554221662 6.35999999999991 
-1.3005824941941437 0.018656055589509543 6.379999999999909 
-1.3302494419000623 0.016097045219033476 6.389999999999909 
-1.323920690219311 0.01534047461648405 6.4199999999999084 
-1.3112845135989701 0.010917711888782143 6.429999999999908 
-1.3129684753765105 0.010913769024329766 6.449999999999908 
-1.3082527608279808 0.010517021364645678 6.479999999999907 
-1.3155854260743334 0.007753052275539031 6.489999999999907 
-1.3044054437071302 0.006815694801301205 6.519999999999906 
-1.3122054884305292 0.005470779496000945 6.529999999999906 
-1.2924775316011257 0.0045396587367846535 6.5599999999999055 
-1.2963032734788325 -0.0027432697265757063 6.569999999999905 
-1.300873552826546 -0.003835025164805765 6.589999999999905 
-1.2918013353428226 -0.00597297471318135 6.609999999999904 
-1.291955437411225 -0.006534016510311375 6.639999999999904 
-1.2873796782370073 -0.0113106260742417 6.659999999999903 
-1.2870656863431096 -0.014082654865703415 6.669999999999903 
-1.2881034942944591 -0.018685946039352322 6.6999999999999025 
-1.2821988707508243 -0.019462454974265773 6.709999999999902 
-1.2919173637605275 -0.021093563229502742 6.729999999999902 
-1.2941006697601682 -0.02671829443500434 6.759999999999901 
-1.2911757163955868 -0.034878876280818656 6.779999999999901 
-1.2951223390341902 -0.03418079536554074 6.7949999999999005 
-1.2922188963850596 -0.042577500137205945 6.8099999999999 
-1.2925158168765674 -0.04595466395053599 6.8399999999998995 
-1.2947407842094338 -0.052055069695627974 6.859999999999899 
-1.2849969320955419 -0.06301878812327541 6.869999999999899 
-1.2893076588876446 -0.06161761159706375 6.889999999999898 
-1.2907301165171625 -0.06619246679588779 6.909999999999898 
-1.2922669512012683 -0.07128016293963162 6.929999999999898 
-1.296400782665106 -0.07775068465393527 6.949999999999897 
-1.2914414358900077 -0.082571274961299 6.9799999999998965 
-1.2733092054351847 -0.09625922030753215 6.989999999999896 
-1.2827480216890745 -0.1008461048307389 7.009999999999896 
-1.2886267012032602 -0.10305922751676774 7.029999999999895 
-1.105235921705766 -0.09069360192496811 7.059999999999895 
-1.4092182689160724 -0.1362132560503063 7.079999999999894 
-1.3907268525077356 -0.1376085025283036 7.099999999999894 
-1.3374699548988278 -0.13602175288213045 7.1199999999998935 
-1.3065262675531548 -0.13774472175364427 7.139999999999893 
-1.283987078884893 -0.14244995153718054 7.149999999999893 
-1.2737149073878824 -0.14802544549162477 7.179999999999892 
-1.2639947259845263 -0.146987146288011 7.189999999999892 
-1.263484321722161 -0.15091422388331563 7.219999999999891 
-1.2478542917888928 -0.1572752501145145 7.239999999999891 
-1.2465370221995875 -0.16478850478476975 7.2599999999998905 
-1.2484042235563255 -0.1640931193816493 7.27999999999989 
-1.2325278568476854 -0.16481360138247508 7.29999999999989 
-1.229827505503807 -0.17785388447732864 7.3099999999998895 
-1.2291474282503567 -0.1729026658965501 7.339999999999889 
-1.2118191900647046 -0.1743506059899692 7.359999999999888 
-1.2360708955660666 -0.1767215237412511 7.369999999999888 
-1.2185407677006765 -0.18058489086356738 7.399999999999888 
-1.2186245737009544 -0.17549789224154538 7.409999999999887 
-1.2078935684970824 -0.17779201636923364 7.439999999999887 
-1.1945736109644518 -0.1803183099264315 7.459999999999886 
-1.16436605850606 -0.18156858474006246 7.469999999999886 
-1.1731740311773695 -0.180908256815296 7.489999999999886 
-1.1632480884096363 -0.18043022912442364 7.509999999999885 
-1.1574952526624964 -0.1795059662678938 7.539999999999885 
-1.1541915295550942 -0.18437500984955177 7.549999999999884 
-1.1404443236930002 -0.1763411314134611 7.569999999999884 
-1.1377771709536895 -0.16962885734485178 7.599999999999883 
-1.111673287359225 -0.16927912731869454 7.619999999999883 
-1.103305356850146 -0.16353270794168373 7.629999999999883 
-1.09658007432771 -0.15812179486755884 7.649999999999882 
-1.0880344134456306 -0.15483123578293623 7.679999999999882 
-1.0761855760279575 -0.14515059930025645 7.699999999999881 
-1.0640810276776511 -0.14621933097551337 7.719999999999881 
-1.0529470352084485 -0.12640338942181625 7.7299999999998805 
-1.0425180248480994 -0.12632416148070136 7.75999999999988 
-1.0277289651111499 -0.1175999181475678 7.7799999999998795 
-1.0019420900923495 -0.11642035332326463 7.789999999999879 
-1.000394133355554 -0.11069877649422115 7.819999999999879 
-0.9899786458391848 -0.09634977869836954 7.839999999999878 
-0.979886184222922 -0.0811509633906917 7.859999999999878 
-0.9603577770649856 -0.0721627675296459 7.879999999999877 
-0.945513965920595 -0.06246624832836735 7.899999999999877 
-0.9337370332577165 -0.051002911969492686 7.9199999999998765 
-0.9225505671654359 -0.038637179682498086 7.939999999999876 
-0.8973000666010607 -0.0202437569648345 7.959999999999876 
-0.8934663666508362 -0.017840585602760427 7.969999999999875 
-0.8810164391205824 -0.005550719367496543 7.989999999999875 
-0.8641097660404089 0.0162682113050932 8.019999999999875 
-0.8477284233710028 0.03709070919150585 8.039999999999875 
-0.8181271268202567 0.053907844294765986 8.049999999999875 
-0.8133078846814187 0.057387726514920114 8.069999999999874 
-0.8090495530720412 0.07097331257901572 8.089999999999874 
-0.7862710249297123 0.1039600602164005 8.109999999999873 
-0.7722399759020601 0.11325382489395996 8.129999999999873 
-0.7614407120871909 0.1342686750367018 8.159999999999872 
-0.7310889064759477 0.1493800142947499 8.179999999999872 
-0.7108212392915579 0.16874572318897949 8.199999999999871 
-0.6983507428504604 0.19089717773303172 8.209999999999871 
-0.6889517226504691 0.20609188426680153 8.23999999999987 
-0.6683391147611379 0.2114517925100568 8.25999999999987 
-0.6550453810231429 0.23364074590684367 8.27999999999987 
-0.6465088485245526 0.2504195013170478 8.29999999999987 
-0.6310921012839283 0.26965642010398533 8.319999999999869 
-0.6176655751844297 0.2830588308078289 8.339999999999868 
-0.6039627886288402 0.3197214395265926 8.349999999999868 
-0.5959729687617208 0.3284639721854912 8.369999999999868 
-0.5881592872270323 0.3314038304671213 8.389999999999867 
-0.5809246199148118 0.3338750747416123 8.409999999999867 
-0.5723020616245933 0.3255038918056873 8.439999999999866 
-0.5639466379399393 0.34885108335460563 8.449999999999866 
-0.5552032846168873 0.3781543235246325 8.479999999999865 
-0.5498774496139698 0.3825992803520991 8.499999999999865 
-0.5384464421407307 0.38812637146572126 8.509999999999865 
-0.536445984325043 0.36621567112339193 8.529999999999864 
-0.5317538409629535 0.3975160313023256 8.559999999999864 
-0.5327740977857341 0.39401925963541257 8.569999999999864 
-0.5260170590222326 0.40924665754949535 8.589999999999863 
-0.5247089831821519 0.4098612977811607 8.609999999999863 
-0.5238150797605742 0.41624646117745334 8.639999999999862 
-0.5232428468089954 0.4143417856210105 8.659999999999862 
-0.5259240298713919 0.4145376150202928 8.679999999999861 
-0.5167982520565647 0.41860332958048013 8.689999999999861 
-0.5230671587496987 0.41980229035743055 8.71999999999986 
-0.5279135926392802 0.4246561169284019 8.72999999999986 
-0.5323075187230978 0.4281172594523795 8.74999999999986 
-0.45801947483770555 0.3572142879722253 8.779999999999859 
-0.6928213226838678 0.580389423030748 8.789999999999859 
-0.6410990495887451 0.5112333285054586 8.819999999999858 
-0.5946767393191409 0.46268325147787626 8.839999999999858 
-0.5692330334118141 0.43032670423913855 8.849999999999858 
-0.48547950625696495 0.3556341365170699 8.879999999999857 
-0.6276311997024878 0.47910034941962604 8.899999999999856 
-0.6223019684221041 0.45696874003703486 8.919999999999856 
-0.6060507482804799 0.4283393428894725 8.939999999999856 
-0.5977295762181772 0.40596547778812014 8.959999999999855 
-0.5963173511687947 0.39699185913297597 8.979999999999855 
-0.6018377326343162 0.3715350138046303 8.999999999999854 
-0.6094465670059143 0.30243346621610456 9.019999999999854 
-0.6166464333773335 0.2980104811926315 9.029999999999854 
-0.6199806131090938 0.29556190518373593 9.059999999999853 
-0.6270837900466848 0.27943518889210806 9.079999999999853 
-0.6362521890438947 0.252654358808469 9.089999999999852 
-0.6419170003641974 0.20649769843646423 9.119999999999852 
-0.647711148322164 0.1432575999578871 9.139999999999851 
-0.6517406378471022 0.06626579734290307 9.159999999999851 
-0.6585931454498896 0.011622602296261074 9.16999999999985 
-0.663409613223419 -0.09581778752634504 9.18999999999985 
-0.6688339419970175 -0.2384862257861988 9.21999999999985 
-0.67247004093509 -0.4528931102897994 9.22999999999985 
-0.674342796967941 -0.6989264750876956 9.259999999999849 
-0.6747777681234949 -1.0874461694371638 9.269999999999849 
-0.6739642508453636 -1.5517730632305506 9.299999999999848 
-0.5271327459665907 -1.6001196119473793 9.319999999999848 
-0.6873655985386964 -4.298505769509169 9.339999999999847 
-0.6801661195607674 -6.308275885196478 9.349999999999847 
