0.08195390642475882 1.3630992749981368 2.818108023697662 1.4059807133231277 0.005479579231012689 -0.0014685975491152475 2.592175742118327 1.437754346376557 25.65991245799332 -51.49094386961058 738567.5914218494 0.0002994705802693351 -0.0010151921054802641 0.08086221580914263 -0.00046197536344777686  738567.591421861
0.08198254972506061 1.363114817428332 2.8182578109901266 1.405760992014107 0.0025132810273559817 -0.007364473339549661 2.953643449839972 1.3580690524058443 18.370083370871228 -14.841908500974213 738567.591422333 0.0007288380746086575 -0.0007289686126733385 -0.0494174084302009 -0.000838695226261983  738567.591422333
0.08195332924983216 1.3631056680137115 2.8182754522463815 1.4055719039832961 0.0010729673152734742 -0.010171761021847346 2.903342177310037 1.3972989164729346 9.497903353374967 -2.527719483732895 738567.5914225827 -0.0006933217605139665 -0.0007417641374037606 -0.31217477151131434 0.0005618790428862824  738567.5914225827
0.08197334847549352 1.3631029618022785 2.8185807026485663 1.4065955574134223 0.0015181728623832858 0.0011389482847930657 2.8641510062248092 1.4051884609707304 4.629940166459465 -0.38254785820231696 738567.5914228265 6.063607730945873e-05 -0.0007346754270617392 2.690116468935326 -0.00017991339322572523  738567.5914228265
0.08192679586171117 1.363083869434503 2.818453259938227 1.40658948604662 -0.007179810471436611 -0.0012574521710085906 2.8412767460771593 1.406377729100533 2.1775116625306503 -0.0578160322084002 738567.5914230689 -0.0026621949099098824 -0.0017121055996171563 -0.22462089660659235 0.002346506206271354  738567.5914230689
0.08197001377407948 1.3630884234897245 2.8180547802548936 1.4065240619825359 -0.023649087952933353 -0.003585460522588721 2.828907031446828 1.4064941223896474 0.9854927220124592 -0.010882631411048012 738567.591423306 -0.0003037858772701519 -0.0013067019759527055 -1.408228592581459 8.600542733997035e-05  738567.591423306
0.08198594574846861 1.3631142274887604 2.8171990397545086 1.406420242922113 -0.04961320291348281 -0.005536619841222362 2.822295590595741 1.4064168997960314 0.4245283173697313 -0.005631117569350588 738567.5914235426 0.001590183178059291 0.0009114080848348237 -1.748463515803051 -0.001419608577137106  738567.5914235426
0.08195816098407457 1.363134485310803 2.8156636795827175 1.406292684483465 -0.0851671114911179 -0.00711031255225124 2.8181741580311095 1.4062927758020718 0.1598090270447065 -0.005768541126231527 738567.5914237896 0.00015489737291943446 0.002721831956337402 -1.9302530239468512 0.0002929283135100145  738567.5914237896
0.08197942300730117 1.3631098784313447 2.8132596355761184 1.4061248832737259 -0.1291287501882059 -0.008833388435895232 2.8145893162009488 1.406125902739705 0.01902095661096695 -0.0073090495193172955 738567.5914240356 0.0008514622766755738 0.0013208689780343837 -2.324103595631495 -0.0006234162124442815  738567.5914240355
0.08197904660542951 1.3631090005496256 2.8078533018554213 1.4071420480376597 -0.19669100049900343 0.0005056182026875194 2.8089937117563646 1.407115799480921 -0.10562877781833363 0.033636680881740225 738567.5914242738 0.0008225430703814911 0.00045522400891795 -2.428621294023445 -0.0007373854084772312  738567.5914242738
0.08197395462922016 1.3631098575683454 2.8031171155786634 1.407124234490782 -0.2481792220968236 -0.0017263414981440412 2.8037093743023807 1.4071396283283581 -0.17034618960246814 0.009630150927467628 738567.5914245121 0.00021292428731757291 9.014978693593214e-05 -3.201221045205293 -0.00019538946655149722  738567.5914245121
0.08188977224092502 1.363121829511924 2.794157985435375 1.407008928085164 -0.3231946239898045 -0.005966387644839318 2.795128233948178 1.4070163046915278 -0.2769822707178322 -0.0019403087915818937 738567.5914247491 -0.005572249963539859 0.0006880010892881588 -7.403731717861814 0.005609858202231096  738567.5914247491
0.08195745377839897 1.3630650568019553 2.7870033403595444 1.4068175492083417 -0.36929934346238463 -0.010176783083606334 2.7873562579089497 1.406821088250208 -0.31413987841328983 -0.007258121110919206 738567.5914249964 -0.0021914945845116253 -0.0026669857036855536 -3.696061574401808 0.0017267251579991848  738567.5914249964
0.08193995489477673 1.3631107121135702 2.7836734122301996 1.4076234339777278 -0.3616803571820749 -0.003567713775357733 2.7831580298590457 1.4076017921156425 -0.2613761740638205 0.024362701166576132 738567.5914252508 -0.0015578235665008175 -0.0006087547284004164 4.536508258980772 0.0014382386453034293  738567.5914252508
0.08194590574918008 1.3630767795587748 2.7758483149884126 1.4074681232011328 -0.3997526885853676 -0.008642103209498321 2.776143597652679 1.4074825903239063 -0.29315662243173324 0.002141012862630371 738567.5914254928 -0.0005088443629966681 -0.0017507522344419994 -2.2043525711965684 0.00021739485922085184  738567.5914254928
0.08197880223699139 1.3631077198657178 2.76732634751701 1.4072024202980304 -0.4348475340853711 -0.014036090740222955 2.7677314169619622 1.4072097569955626 -0.33566429378490215 -0.008846800132698856 738567.5914257409 0.0019880419146949624 0.00015099547701814646 -4.029005195903516 -0.001936906339185973  738567.5914257409
0.0818838264533551 1.3631375956138259 2.7580987022488013 1.406856046903021 -0.4690810491939921 -0.019054252011056323 2.7585212263513124 1.4068598590753134 -0.3813038609013906 -0.014723525076507652 738567.591425982 -0.003394933683736066 0.0027445769067987935 -4.150420199565536 0.003797347868161059  738567.591425982
0.08193507952032211 1.3630814227146117 2.7531909279494005 1.4066271147940412 -0.4867951723998532 -0.02192407618700423 2.7527920551221934 1.406625554645966 -0.3375616464693041 -0.012281753980213295 738567.5914262194 -0.0011239691487480667 -0.0005408020423252652 2.355785112745271 0.0010204720163588562  738567.5914262194
0.08193981702541034 1.3631145852751834 2.737674658883145 1.4074286492656223 -0.5379793027371443 -0.013661376083943837 2.7389730699435666 1.4074048472931366 -0.4783949692842152 0.02456328190337927 738567.5914264595 0.00035732566920107295 0.0005612038019031269 -6.458421235862175 -0.0002612926465708254  738567.5914264595
0.08195855160478081 1.363111429728124 2.7204635593179334 1.4068232068085467 -0.5891748158304309 -0.022429256153154303 2.721804413673475 1.4068479956146773 -0.6208824902054082 -0.01303116064798299 738567.5914267047 0.00206378358528711 0.0006068342233156832 -10.99042495591021 -0.001937041829009266  738567.5914267047
0.08196850668302025 1.3631029189399495 2.70818210985882 1.4062635171714073 -0.620815728847443 -0.028719629408370938 2.70833892657284 1.406270697874414 -0.6382110171246431 -0.024355400933855725 738567.5914269403 0.0029989331419444775 -8.965484754045209e-05 -3.023881302921021 -0.0029731172033655483  738567.5914269403
0.08199646919145248 1.3630961809868785 2.695338498528942 1.4055677475747146 -0.64884433301409 -0.035545707482003 2.6952585573319245 1.405571972200749 -0.6297078298042982 -0.030768562566795787 738567.5914271851 0.004376448287675009 -0.000723611747829924 -0.33953480014772586 -0.004435862566480384  738567.5914271851
0.08197969061113565 1.3630978594214862 2.683475343146232 1.4057623969593778 -0.6546671845232055 -0.030258541561578346 2.6832331498871693 1.405743493937882 -0.6039011258475951 -0.002022753811378314 738567.5914274295 0.0028101844294166328 -0.0006894849313408474 3.115547003219141 -0.0028852744236484372  738567.5914274295
0.08196041388139852 1.3631058849526048 2.6700784449624515 1.4050315886059117 -0.674538958002154 -0.0377188751647614 2.6701318681090225 1.4050466402577564 -0.609563027852732 -0.02478891801371909 738567.5914276752 0.0003658526131126074 -3.600781027467061e-05 -0.6467024383206819 -0.000366779200241014  738567.5914276752
0.0819767261367024 1.3631077991990181 2.6563343827342347 1.404133855410528 -0.6908322871884776 -0.04561977350027674 2.6564793941936165 1.404142597644503 -0.6249910883733016 -0.03806299253381576 738567.59142792 0.0002648205063485817 0.0003264597494435336 -2.1955830564625582 -0.00020699407492293025  738567.5914279199
0.08195143922847267 1.3631187590558 2.6423130882431383 1.4030836442291088 -0.7041572246405515 -0.05356805441926018 2.6424899881461457 1.4030895737952858 -0.6440377162599205 -0.04717441613248434 738567.5914281618 -0.0015629796200751522 0.0010645845069425155 -2.520500612839914 0.0017187582040119932  738567.5914281618
0.08198785758812274 1.363114689169332 2.6280596457006022 1.4018620391249783 -0.7154057039783978 -0.061822970367501215 2.6281650622801354 1.4018669621679094 -0.6551300223656357 -0.05456739327914714 738567.5914284093 0.00019263489650800077 0.0008165271249018855 -1.8692510469728632 -5.260838411943084e-05  738567.5914284093
0.08198794056889132 1.3630987035805886 2.620845155107761 1.4011897769593684 -0.720634422501796 -0.06596204205919336 2.619865220387058 1.4011798175538699 -0.5476908789759697 -0.03898365586845736 738567.5914286468 0.0006637163672346973 -0.0005273783402545329 7.429038097271626 -0.0007432114641992391  738567.5914286468
0.08198163299583591 1.363104842834704 2.600188360375722 1.4003436263439117 -0.7228614554167266 -0.06504896482568853 2.6014931444854015 1.4003439881164754 -0.6872410418704687 -0.03953586061011854 738567.5914288904 0.00013230007441980345 -0.0005153822119583265 -7.610781574370991 -0.0002178063067592465  738567.5914288904
0.08195859558141813 1.3631123747689498 2.578299603975395 1.3981290710962442 -0.7330347950653714 -0.07714619509420445 2.5797029973770673 1.3981602386296286 -0.8377060644897162 -0.08722630540791249 738567.5914291332 -0.0016528429150650145 3.813939443158914e-05 -13.023987723201683 0.001634817906175941  738567.5914291332
0.08194958033569343 1.3630600314053043 2.563540021289901 1.3964488979523468 -0.738269439456176 -0.08533201081296898 2.5633902526877264 1.3964473432225686 -0.821196961244332 -0.0847804519149936 738567.5914293695 -0.002637558867695571 -0.003187127608630231 -0.8495509998372519 0.002044716663110798  738567.5914293695
0.08194569849864722 1.3631150354299386 2.5487705010018757 1.3946065500206697 -0.740525098634031 -0.09349333807147887 2.5482831628806832 1.3946069323731831 -0.7702249844754119 -0.08535119131778085 738567.5914296184 -0.0026627975496129365 -0.00026119990675787554 3.08880118060082 0.002575790940935322  738567.5914296184
0.08194868965204519 1.3631113178508147 2.53654016539138 1.3938142358400702 -0.7155496260485761 -0.08866655286635493 2.5359111949788002 1.3937929913748996 -0.7006827308718963 -0.05182863249073229 738567.591429854 -0.001863550441297469 0.0007104984168439104 6.751685573926622 0.001959530939484942  738567.591429854
0.08197370061089232 1.3630987300406243 2.522246627592601 1.3918938632170996 -0.7148422382088905 -0.09670121104644042 2.5220570509622657 1.3919118797519274 -0.6805557236766777 -0.0791271135717184 738567.5914300993 0.0003658027542516873 0.00012965528132329236 1.468755205671945 -0.0003368922794966136  738567.5914300993
0.08198217349009829 1.3631133470736352 2.5079996696758253 1.3898231985432927 -0.7125901526279841 -0.10449754960874498 2.507923121902604 1.3898321676435945 -0.672491924818836 -0.09261142644126011 738567.5914303465 0.001601824182356805 0.0007892136758401883 -0.4438760605679206 -0.0014336166861451045  738567.5914303465
0.08195906946584114 1.3631084789924632 2.4937960436613973 1.3876120908431775 -0.7097183788441757 -0.11185253172680532 2.4937890657971726 1.3876181338274325 -0.6717468478957568 -0.10182022293633734 738567.5914305904 0.0002998181958808238 0.0005502342631430625 -1.0581519450388095 -0.0001945703560398902  738567.5914305904
0.08195353021253621 1.3631238612850554 2.4796655914026906 1.385258770421651 -0.7063198226581164 -0.11893214200206792 2.479708467907265 1.3852646027040707 -0.6764240425386464 -0.11090004696121676 738567.5914308291 -0.0005785795132970137 0.001299445732271318 -1.3726828582627717 0.0008083645937037043  738567.5914308291
0.08193647276109195 1.3630760630228207 2.4670275629565 1.3842473992407367 -0.6890609702807362 -0.1103869306804612 2.4667801461836536 1.3842178035818442 -0.6499567553325176 -0.06571641676893873 738567.5914310726 -0.0017674175252843898 -0.0017028312371490323 3.6436260366857387 0.001420931017468087  738567.5914310726
0.08198707257623702 1.3631020963281315 2.4533114076799567 1.3819282579567458 -0.6858181825056151 -0.11675728626766582 2.453284767319031 1.3819487532369583 -0.6470995314359439 -0.09708759606805215 738567.5914313154 0.0013745044714745275 -0.0007776654647934603 -0.060190945725218103 -0.0014960667061515035  738567.5914313154
0.08194911191045277 1.3631214743874236 2.4328425126751183 1.378257406906203 -0.6813233869832958 -0.1251397388413457 2.433943373011828 1.3782946801735445 -0.7652855247448845 -0.15419653148962187 738567.5914315579 -0.00014759024706645818 0.0009159804918242244 -10.889192511087641 0.0003201372650668374  738567.5914315579
0.08196768630154688 1.3631099296176583 2.4192567578530304 1.3756705638330977 -0.6786126280017722 -0.13049701801403862 2.419029896553551 1.3756565967071277 -0.7410295220068739 -0.13288382113360464 738567.5914318014 0.0005311161373150045 0.0005830259267859154 -0.08752360614599652 -0.0004079944559101771  738567.5914318014
0.08195405651920529 1.3631177896407438 2.4076778547061948 1.3745048237246442 -0.6545847850886686 -0.11789021213459373 2.4070650527974515 1.3744694824746948 -0.6737306767762008 -0.07749243621157752 738567.5914320386 -0.00019932622218391308 0.0008152120154393529 7.510674885880916 0.00035449205162861597  738567.5914320386
0.08197567606305028 1.3631189178568426 2.3946256914153485 1.3720724941414328 -0.6521162894667439 -0.12254570562519275 2.39441723561788 1.3720908622566568 -0.6507360569359081 -0.10640919859144811 738567.5914322747 0.0010150477339266948 0.0007427478444556449 2.260608926883579 -0.0008484387781728138  738567.5914322747
0.08197660734167427 1.3631095680856915 2.381609669986469 1.369556464076226 -0.6499525370224305 -0.12686097495877838 2.381530752353297 1.3695645513431927 -0.6420487803105839 -0.1191144772285279 738567.5914325112 0.0012648725535337605 -0.00011623235108816111 -0.02364268775085776 -0.0012625798205022967  738567.5914325112
0.08195604465498857 1.3631148742076025 2.3686366983190217 1.3669691493032852 -0.6479408952273419 -0.13067651189884283 2.368544529813924 1.3669713181783683 -0.6321641134892334 -0.12243408556311133 738567.5914327541 -0.00022079966436990635 -0.00011058893884601572 0.03925614410561523 0.00019384362823898988  738567.5914327541
0.08197428508020603 1.3630986250523047 2.3556907023517915 1.3642995514725278 -0.6464021548946008 -0.13438803474550967 2.3556481153013387 1.3643024935182193 -0.6275471525690492 -0.1269860710086065 738567.5914329943 0.0004232630724487353 -0.0011660317770353494 -0.1760057925735482 -0.0006533451840937481  738567.5914329943
0.08196084703525783 1.3631111273677958 2.345157855610813 1.3629934958168037 -0.6189069079887517 -0.12128257258767305 2.3447156826531192 1.3629626042801073 -0.5804408177729259 -0.08001835257905565 738567.5914332387 -0.00030381428266909865 -0.0005417937216837059 5.194795624624365 0.00018550046379036425  738567.5914332387
0.08197874443214595 1.3631121491053266 2.332783962378103 1.3605230452732011 -0.6185310751597538 -0.12434859610744727 2.3327616078700033 1.3605404921374569 -0.578022314681435 -0.10695674817208034 738567.5914334795 0.0005950338194114773 -0.00015896199764812297 0.4006697193910105 -0.0006151072388118024  738567.5914334795
0.08197854702646529 1.363096699171293 2.3203912432042157 1.3579984774012082 -0.6191498542721973 -0.12711443885299464 2.3204698527668324 1.3580062157072397 -0.5866286965763085 -0.1190477962950023 738567.5914337173 0.0007247572428930291 -0.000992125934261677 -1.3596952347560007 -0.0009179420050303952  738567.5914337173
0.08198241876771478 1.363110374115178 2.307990494833358 1.3554246242932595 -0.6202435916122339 -0.1296318951742505 2.3080433400557703 1.3554272368260838 -0.5923699712979814 -0.1230985624182745 738567.591433957 0.0007929528310049215 -0.00018752339078923646 -1.096949876124681 -0.0008147089900372679  738567.591433957
0.08192056931585454 1.3630566201379475 2.295508644426371 1.3528194372202287 -0.6228934562704093 -0.1316688779933193 2.295582254858845 1.3528216559044948 -0.6004953025521917 -0.12659374626706074 738567.591434193 -0.003461496166655657 -0.0033384590852212903 -0.9987906669566315 0.002657628725009777  738567.591434193
0.08199286240384018 1.363089248145291 2.28498134935211 1.3516374003425675 -0.6036638418453902 -0.11672343890150375 2.28467078839616 1.3516045554190232 -0.5670392069777087 -0.07609629348912036 738567.5914344346 0.00035918457764860497 -0.0015391563948487868 4.482628617356506 -0.0006852191758171863  738567.5914344346
0.08198038548359167 1.363114840229663 2.272876912185205 1.3492834920745898 -0.6069282279774398 -0.11850299697536001 2.272906968960355 1.3493006717878373 -0.5703433179358796 -0.10304891214584928 738567.5914346715 0.0008187739447678338 0.001224015997955307 0.10712107050843134 -0.0005298448296924504  738567.5914346715
0.08194836133583022 1.3631241864294188 2.254541866833014 1.3456997468105572 -0.6135880057214751 -0.12085240658299048 2.255528278468269 1.3457311711888233 -0.6741000261207784 -0.1502223478331015 738567.5914349192 -0.0011397239974514366 0.002490637048221402 -8.681714523297757 0.0016668831240377686  738567.5914349192
0.08197085470585122 1.363096783210433 2.242180912334795 1.3432593896236034 -0.6191042805744913 -0.12261823349822623 2.242051190409519 1.343244014482797 -0.6602032388883411 -0.1267155788315027 738567.5914351622 -0.00021492907339824873 0.0007620490476410557 0.12167461925960055 0.00038129125116810223  738567.5914351622
0.08197912265332322 1.363114003794946 2.2297248938250624 1.3407856670736085 -0.6248044255387352 -0.12440228954548693 2.229502199519405 1.340781737853295 -0.6360889656847346 -0.12064340409449384 738567.5914354026 0.0006776072224012273 0.0010825169964979622 2.193399366187165 -0.000412960955232469  738567.5914354026
0.08199124148151568 1.3630975459780734 2.2196959951829136 1.3400274683766977 -0.6058483478463784 -0.108121355926485 2.219189832067948 1.339989091817852 -0.5802342112975585 -0.060205624959197 738567.5914356386 0.0016200266779094223 -0.00012574213062440634 7.229414153297149 -0.0016058416099498378  738567.5914356386
0.08197778212173246 1.363110875392147 2.207487301248886 1.3378558935066687 -0.6124610918973781 -0.10945047450802209 2.2073436809253657 1.3378744738845405 -0.5653534289344115 -0.08768059462420852 738567.59143589 0.0007482178452011661 0.00028231578991563615 2.2459875795557505 -0.0006628402078198711  738567.59143589
0.08197812462189726 1.363104084732411 2.1951399855685376 1.3356572876830768 -0.6193181625204108 -0.11067607823009543 2.1952013006968456 1.335665926559081 -0.5719517771621103 -0.10094835581654082 738567.591436132 0.00022070670741535165 -7.479073244605637e-05 -0.6943511088564054 -0.00023205790117506331  738567.591436132
0.08196112549906642 1.3631006716745577 2.182652955197665 1.3334396645843347 -0.6263657779117602 -0.11173527330208963 2.182768133674609 1.3334427821546333 -0.5844827365561706 -0.10578898775279895 738567.5914363713 -0.001156726133622373 -0.0004250804929528884 -1.3565540480784364 0.001024343925618836  738567.5914363713
0.08198366599186087 1.3631102659669172 2.1700391574808306 1.331190778006812 -0.633431898766066 -0.11294728273935797 2.1701335007095848 1.3311920117903169 -0.5947031905516276 -0.10769651709594624 738567.5914366117 -5.759086891977917e-06 0.00013351460019685445 -1.0425137968004556 3.728017250254045e-05  738567.5914366117
0.08197795589842775 1.3631051749527765 2.1598541590950653 1.330474388742579 -0.6151105025131635 -0.09776870496449055 2.1594846433394053 1.3304392410019017 -0.5554268612084673 -0.05437921557998647 738567.5914368568 -8.917904944135248e-06 -3.500958519507598e-05 4.770620663308933 3.287990422614891e-07  738567.5914368568
0.08197866188081475 1.3631058362834094 2.1474472927332524 1.3285118343858107 -0.6232423093116446 -0.09869591776016126 2.147529035704424 1.3285298097652616 -0.5642895190018723 -0.08219327917940471 738567.5914370969 -4.769462007294523e-06 -6.274168007137783e-05 -0.15549581274196544 -1.0422890261848768e-05  738567.5914370969
0.08202758966839216 1.3631283415000626 2.1348928632167965 1.3265186739944195 -0.6313294711156071 -0.09981556969076982 2.135039031359129 1.32652550594456 -0.580120669703994 -0.09275360357102755 738567.5914373373 0.003018013623589831 0.001334398396270896 -1.6125702936512754 -0.0026056841133219066  738567.5914373373
0.08194320318874203 1.3631174393179866 2.1156913905979065 1.323533662200577 -0.6448429751207119 -0.1007911961951203 2.1167948178740064 1.3235561860214282 -0.695793844727875 -0.12645157988632577 738567.5914375858 -0.001707194835066516 0.0008154940325941517 -8.844907225944045 0.001854865057597904  738567.5914375858
0.0819738142656759 1.3630991351571018 2.102661383313847 1.3215070416612793 -0.6541820741683444 -0.10179968518395999 2.10261786795644 1.3214942424739133 -0.6910647265561363 -0.10660010295676246 738567.5914378255 -0.0011939306660028247 -0.0007759323953798461 -0.22102160717436092 0.0009655895186164419  738567.5914378255
0.08199231421478706 1.363094087784624 2.0918334235173077 1.3212475900146599 -0.6420792092814629 -0.08592708322679038 2.0912363609427325 1.3212027582134427 -0.6271101577471294 -0.03806536934709476 738567.5914380685 0.00035411794669918924 -0.0014990783084563946 7.540484771280337 -0.0007133711998150466  738567.5914380685
0.08195653308632113 1.3631172086097716 2.0788840164540443 1.3195358696934116 -0.6510892653650419 -0.08642119735214225 2.07876747266198 1.319555509762052 -0.6145387741314159 -0.06830035387108813 738567.59143831 -0.001427506428513982 -1.088491937279541e-06 1.9513420442020548 0.0013824118291366114  738567.59143831
0.08198378530109249 1.3630972823341219 2.0657462132338305 1.317796446582538 -0.6599889925461911 -0.08717303453825498 2.065766250359296 1.3178037768102413 -0.6166871550106551 -0.07951708065987398 738567.5914385528 -3.8477686223007974e-05 -0.0007239197473236711 -0.38237974463713886 -0.00014395118013801244  738567.5914385528
0.08197923866088622 1.3631047023534029 2.052445618059652 1.3160484525713427 -0.6683698349263286 -0.08785109951165244 2.052491497363376 1.3160501334222012 -0.6215713196960941 -0.08207081358785787 738567.5914387974 0.0001791331439806529 -0.0003540375426044347 -0.6939765244024697 -0.0002625699216113501  738567.5914387974
0.08198661467343424 1.3631140425799229 2.038990576320251 1.3142845889896793 -0.6763913617291237 -0.08864139914366322 2.03906241913547 1.3142855385308865 -0.6292694095340372 -0.0835228792805263 738567.5914390405 0.0006771498712439539 0.0004425055288410248 -0.7223597855567829 -0.0005427269298338952  738567.5914390405
0.08194867718418308 1.3631099742684292 2.028321073269701 1.3141404807815296 -0.6577104821642392 -0.07372743587464234 2.0278762149421063 1.3141033630307757 -0.5826883639933801 -0.02805494735948484 738567.5914392892 -0.001529937884581029 0.00037944408840865675 5.085034194603588 0.0015761445639634402  738567.5914392892
0.08196974959063928 1.363108443201479 2.015078892363423 1.312656262245272 -0.6657356444687538 -0.07447360512704113 2.0152020702152895 1.3126757924578019 -0.5961153189553693 -0.05843753019823768 738567.591439528 -0.0006345537560042724 0.00017310513849686906 -0.5653433237339716 0.000657719488051126  738567.591439528
0.08199317720589443 1.363120053834281 2.0016866960534707 1.3111527999059522 -0.6735989970567484 -0.0752924124255803 2.0019055003462007 1.3111602728767968 -0.6202737826864024 -0.07021303620593991 738567.5914397639 0.0014103996599466992 0.0008088376649842928 -2.3114551582561083 -0.0011554674802477902  738567.5914397639
0.08193733550287448 1.3631089528025635 1.981270207013954 1.3088970800743318 -0.686169294409572 -0.07604193103755603 1.9824922861441983 1.3089148987146133 -0.7514974493379853 -0.09751917018173503 738567.5914400065 -0.001626201823744479 0.00013209543227784486 -9.6535044067556 0.0016049498575721648  738567.5914400065
0.08198586753481989 1.3631153202407105 1.9698111209147073 1.3090761678364355 -0.6645793963006782 -0.05820864881878354 1.9692688464900874 1.3090256178596786 -0.6944412295255945 -0.021612900713618585 738567.591440254 0.0006645957944935007 0.00022856230293651845 4.850193298163635 -0.0005828250829658828  738567.591440254
0.08196149567441363 1.3631144128763506 1.9564260818003554 1.3079139898164027 -0.6730474770446738 -0.0584995698193696 1.956206315472582 1.307929046320756 -0.6702870406664442 -0.04523009354786607 738567.5914404909 -0.00013906506244486608 0.00011900006517176553 2.3215756321152035 0.00016521142333883972  738567.5914404909
0.08197327359889178 1.3631164570035197 1.9428774885097646 1.3067396113876442 -0.6812580121718451 -0.0588864956445118 1.9427951241245671 1.306745355336179 -0.6613141242423349 -0.05416062936995934 738567.5914407299 0.00042135939428950594 0.00014528292256448292 0.4721402757406741 -0.00036883604190339535  738567.5914407299
0.08198092485685696 1.3631118847987327 1.9291636574079385 1.3055555608231957 -0.6893576923151649 -0.05937020116186804 1.9291122927340558 1.3055566207113423 -0.6558363649134586 -0.05577376640649128 738567.5914409742 0.0010238343534558765 -0.0001976379191152561 0.11457656113955872 -0.0010398393909039649  738567.5914409742
0.08194239150968295 1.363079850909947 1.9152643184783815 1.3043734941420848 -0.6977155362152613 -0.05977023576177711 1.9152751178533924 1.3043737462412728 -0.6569927762677166 -0.05615903001376792 738567.5914412173 -0.001328677165627575 -0.002270041145796111 -0.18787609626385454 0.0006841385815936864  738567.5914412173
0.08195319791395479 1.3631105527899927 1.90466537948699 1.3046848432700462 -0.6705349351179936 -0.04448703867950535 1.9040704653112384 1.3046502869865013 -0.5956146942441407 -0.005277654923402507 738567.5914414697 -0.001136371586527115 -0.0006905079810633021 5.549026141754176 0.0009147811870767915  738567.5914414697
0.08194415111238747 1.3631166861775497 1.8911795019926776 1.3037932367383585 -0.6780155406160969 -0.044973979944591146 1.8912830376241805 1.3038100793190284 -0.6069470240135549 -0.031587047329650335 738567.5914417077 -0.0013047635506112524 0.0004950975162402826 -0.44159731132487856 0.0013891579506896158  738567.5914417077
0.0819619111199506 1.3631009782873542 1.8775328687430577 1.302880062297639 -0.6854630256690346 -0.04569430573791436 1.8777448238202221 1.3028864380195477 -0.6302421473794446 -0.04158758550210535 738567.5914419446 0.00018976679673881496 -0.00019264973811084396 -2.1771281301382936 -0.00023399553316174614  738567.5914419446
0.08195959096937713 1.3631032739471352 1.8637407807183943 1.3019583846913174 -0.6926956020191841 -0.0463484393948515 1.863875195017127 1.3019597213658012 -0.6447214979949349 -0.04364253941837839 738567.5914421864 0.0006176468726571374 -0.00021056358073661923 -1.5211832127721805 -0.000651389188594561  738567.5914421864
0.08197406232655581 1.3631066682597928 1.8427864385666186 1.3005495627123407 -0.7033967428783686 -0.04739707519916408 1.8439826533889092 1.3005605585983435 -0.7721975798572845 -0.06036586214774688 738567.5914424307 0.0016079202783828583 6.440219745929755e-05 -8.476887347600565 -0.0015323674813876673  738567.5914424307
0.08195979728063542 1.3631144927175793 1.8312972359080768 1.3016248542691211 -0.6867374326314604 -0.0287586113213607 1.8308063555890872 1.3015731986500723 -0.7180583919427344 0.02094086930788809 738567.5914426668 0.0007498691541677746 0.0006878183582538808 5.807961184320165 -0.0005399540499492542  738567.5914426668
0.0819518079011689 1.3631122768569208 1.8174808676120668 1.3010524963892787 -0.6939172120306351 -0.02895982948889346 1.8172018961233727 1.3010741000799586 -0.6881484242127588 -0.012115632311698196 738567.5914429098 -0.00014603069381514673 0.0006192091125593126 2.9803175944956313 0.0003057597611047944  738567.5914429098
0.0819512844092714 1.3631072725910145 1.8035190754358763 1.3004724074118084 -0.7010266684025485 -0.029198705254532366 1.8033935067921287 1.3004802143212069 -0.6747099919464383 -0.024039560659743296 738567.5914431531 -0.00041481723541389714 0.00015357449012639587 0.7909697113273482 0.0004407640035857326  738567.5914431531
0.08197634131589136 1.363117839361802 1.7894320029162185 1.2998777379004558 -0.7077747849588478 -0.029646046593904147 1.7894201390297835 1.299880041754464 -0.673426792945347 -0.027595831283075953 738567.5914433938 0.0011944245568338773 0.0006092544075341159 -0.24054947877368527 -0.000987811873031182  738567.5914433938
0.08192295048182444 1.3630934972438122 1.775180408351856 1.299295473610586 -0.7149448884048547 -0.029858030905294035 1.7751085637077657 1.2992950832112196 -0.6660157013499561 -0.02702109356079792 738567.5914436463 -0.0015629517005209712 -0.0007785654169286107 0.2117942282126547 0.001296906160737337  738567.5914436463
0.08194933113199995 1.3631143421739702 1.7641374781311174 1.3004927954990506 -0.6907789521353508 -0.013100116348581256 1.7636514919153499 1.3004530592681869 -0.6140281549924254 0.03364343887628367 738567.5914438898 -0.0005473418977684215 0.00015993244325079262 5.4149531177172125 0.0005701736477722245  738567.5914438898
0.08196789049347607 1.3631053518290217 1.7502498188859943 1.3002161055180583 -0.6972788120530843 -0.013686544989152857 1.7503268384609876 1.3002373651970367 -0.6222638318961424 0.0011999388424218937 738567.5914441333 0.0011504985919488287 -9.545487135720685e-05 -0.07517790849257633 -0.0011341530067757795  738567.5914441333
0.0819411796229911 1.3631173629032005 1.7362356054393322 1.2999446239050305 -0.7036127179990861 -0.014105535591659434 1.736395797265649 1.2999517785311518 -0.6393977486185152 -0.009721404435973413 738567.5914443767 -7.641026233392656e-05 0.0005787062490266149 -1.6427602035555964 0.00022845872389538796  738567.5914443767
0.08197181389034669 1.3631099797603186 1.72209226194818 1.299644829946495 -0.7099495239827303 -0.014983487636089216 1.7222841452461843 1.2996472534512453 -0.6604635574131307 -0.013518553567063545 738567.591444614 0.001538934611933815 0.0002121569357155347 -1.8752967472815743 -0.0014258824041413001  738567.591444614
0.08195000804863768 1.3631259689672977 1.7078261870605702 1.299342728712506 -0.7162425791877385 -0.015750472626247163 1.7079848612757687 1.2993433788245343 -0.677973763040989 -0.01454242612691577 738567.59144485 0.0003800929882931505 0.0010611651070044318 -1.450617219483857 -8.164238540284233e-05  738567.59144485
0.08197450406927588 1.363109592944909 1.6907585691640792 1.3009626382534163 -0.687710979409261 0.0011104021926410575 1.6912972349944932 1.3009195159631108 -0.7372612682149331 0.05319339224678214 738567.5914450865 0.0015051243264565595 1.9039141967459698e-05 -1.1160776387488447 -0.0014455864833390838  738567.5914450865
0.08194602609340156 1.3631127638753113 1.6769268766678815 1.3009826656819703 -0.6940992907715909 0.0002722378599640376 1.6768209169851016 1.3010056483668324 -0.7255686895152391 0.016998838242542218 738567.5914453226 -0.00030315145060623395 -0.00018366527606116778 0.5142698343211125 0.00024322728955501242  738567.5914453226
0.08193247248680618 1.3630876103181309 1.662955580306739 1.3009788679017913 -0.7007079568551586 -0.0008968739547380037 1.662710780730907 1.3009875859073168 -0.699610010021211 0.003805281460649101 738567.5914455681 -0.0016385239488811649 -0.0017568244034069898 1.0986799514604253 0.0011109502323904845  738567.5914455681
0.08196313169280285 1.3631085622466097 1.6488874591695575 1.3009322760450195 -0.7069424622563697 -0.0027038237858387445 1.648801993993756 1.3009352775966792 -0.6902397954476777 -0.0008912688984390876 738567.5914458056 0.00023249283487868913 -0.0005913542701520909 0.17495285666210614 -0.00038173354749142805  738567.5914458056
0.08187483124084555 1.3631397725443433 1.6379105567042975 1.3027331258687604 -0.6807535011803046 0.015211159938683827 1.637288149566313 1.3026922448359572 -0.6248456149768151 0.06040855278366744 738567.5914460536 -0.004391589693719085 0.001770089899656145 5.7558005944523005 0.004703580748402923  738567.5914460536
0.0819524441109685 1.3631284628422338 1.6242181359081909 1.3029773492853072 -0.6882365440679079 0.012202921494598467 1.6242026198457293 1.302999575865195 -0.623188890497204 0.02653862846745369 738567.5914462975 -0.00019087859328015006 0.0015117746130046958 0.3095731552575467 0.0005841329370256863  738567.5914462975
0.08194099338666008 1.3631105158835253 1.6096469327227272 1.3031767738972182 -0.6972555371359889 0.008526171146496626 1.609887642583776 1.3031852922213494 -0.6490498109131129 0.013477609136524498 738567.5914465399 0.000781637426363832 -7.722939738999163e-05 -2.327275717544386 -0.0007742358309508363  738567.5914465399
0.0819851489403768 1.3631141441089698 1.5956042199816367 1.3032741373256649 -0.7063114728679979 0.004114656242877232 1.5955820021996825 1.3032788766269625 -0.6468000974327126 0.0066288223664659925 738567.591446797 0.003480121766037161 -0.0004092558344473377 -0.8591720783504841 -0.003464513565180492  738567.591446797
0.08194272021790681 1.3630746779256357 1.5813402973423667 1.3033065324150697 -0.7164416507184638 -0.0004445919837110517 1.58135952217786 1.3033091665106016 -0.6487813181931932 0.002754688932088818 738567.5914470498 0.0013349937388085638 -0.0027256379616009112 -0.64483815540719 -0.002007934914225244  738567.5914470498
0.08198051930399186 1.3631078015760245 1.564337574199511 1.3048834628185635 -0.6876798448848364 0.008301201350713688 1.5649431370056923 1.304849305748891 -0.7155610326665981 0.056512154545577564 738567.591447286 0.0026528796240948217 -0.0008358546827667776 -2.3551078715009846 -0.0027792932772042985  738567.5914472858
0.08198444830191198 1.3631011930220382 1.5504858631596106 1.3049860337032315 -0.6971632580051613 0.003160818633084207 1.5504680434550646 1.3050088452301765 -0.7135917390238161 0.02053414341092763 738567.5914475216 0.0027139607123066022 -0.00034923209743312254 -0.5338560639095691 -0.002710386500934995  738567.5914475216
0.08199018535240686 1.3630968139351598 1.536447497804925 1.3049898687864563 -0.7065393336486767 -0.0020365616386160937 1.5363283789859317 1.3049998554478235 -0.7006385073282143 0.005035599647357 738567.591447761 0.0023719765500519094 -0.00029601730024099166 0.04277956419967488 -0.0023664350717011637  738567.591447761
0.08192558724510124 1.363081042662423 1.522205638449587 1.3049195943360812 -0.7162889983053429 -0.0069232767944492415 1.5221355705095534 1.3049237548316175 -0.6930524755887898 -0.0013929526515997137 738567.5914480016 -0.0024939729068574755 -0.0011003010826133891 -0.11654803547101025 0.0021172310120251814  738567.5914480016
0.08194865191799255 1.3630716317661324 1.5077873718595847 1.3047200994990373 -0.7259451059598394 -0.01247487836416014 1.507778733865412 1.3047240304438794 -0.6921172139419856 -0.007467165185556395 738567.5914482421 -0.002313984826655233 -0.0015975695809758881 -0.46756906062662595 0.0018124784912412779  738567.5914482421
0.08197252303612723 1.3631034774640225 1.496734733286124 1.3066978243883984 -0.7032232828715733 0.003600542581373275 1.49620523286595 1.3066499297470027 -0.6346692885627961 0.06669250362547448 738567.5914484821 -0.0003218421233423833 0.0007489999947221985 5.685726081262773 0.0005062015932532993  738567.5914484821
0.08197752358187176 1.3631082544274273 1.4825956777477312 1.3067068479692419 -0.7129444866128467 -0.00195459718619479 1.4826912790206375 1.3067363323634351 -0.6451610413194553 0.020512985487880227 738567.5914487194 0.0007085085769276355 0.0018709018367250641 -0.5716433012739088 -0.00019558269478329993  738567.5914487194
0.08191738924795498 1.3630859261864279 1.468228843945094 1.306631428078133 -0.7232760840570994 -0.007196156399492342 1.4683560038190415 1.3066435661591578 -0.6586663884863315 0.0021146509558979364 738567.5914489646 -0.002802723489065379 0.0005956115797105062 -1.8619927931842393 0.0028610155973710764  738567.5914489646
0.0820095541885183 1.363105131783489 1.4537045058885787 1.3063949691175112 -0.7327517821052976 -0.013429168288804317 1.453861742188303 1.306401549932886 -0.6757143071910507 -0.008068239524028336 738567.5914492048 0.0023419875680206156 0.00131029512923597 -2.0318240619519026 -0.001918180074027977  738567.5914492047
0.08197522033661811 1.3631047293690348 1.4389738295622232 1.306073941270992 -0.742351328423198 -0.01914322504728265 1.4391061265725527 1.3060775348644573 -0.6900189729693491 -0.013613595690358991 738567.5914494456 0.0014046006633824594 0.0013062506489856542 -1.6032074605541555 -0.0010139024800883694  738567.5914494456
0.08197907541346797 1.3631046374551057 1.428416619576967 1.3075261769410804 -0.7112963913492651 -0.006472615734312227 1.4277875083132727 1.3074870918943085 -0.6232183524268675 0.04561568892231721 738567.5914496909 0.0009459365304733936 0.0010465456493306182 5.428765628781111 -0.0006409910312330874  738567.5914496909
0.08197277259500974 1.363106184651493 1.4141202154890045 1.3073489716819495 -0.7200348249432125 -0.01172356664843816 1.4142109094771782 1.3073736539948193 -0.6329260191739354 0.007911029053286306 738567.5914499342 9.170016424658986e-05 0.0008238678756687901 -0.412452389576087 0.0001260075270846188  738567.5914499342
0.0819987504018185 1.3631172837244963 1.3923794841478914 1.3068777052816165 -0.7320695808423898 -0.019627012301533447 1.3937490287950312 1.3068925965556464 -0.7798804800184312 -0.014892982362299013 738567.5914501769 0.0012649334141530437 0.001227350487495816 -9.830368746775893 -0.0009009619164413512  738567.5914501769
0.08194886944094273 1.3631180369994187 1.3776770306966177 1.3064590684734705 -0.7400184686078463 -0.024466609494904118 1.3776249801450424 1.3064617774033682 -0.774310377480433 -0.019030200648726237 738567.5914504202 -0.0017953793682185097 0.001090225735254702 -1.3195133179207552 0.002017861268396921  738567.5914504202
0.08196752103230211 1.3631026540955942 1.3666303384161569 1.3080630891658147 -0.7094246694050546 -0.007084538647683546 1.3657179236128594 1.308017826385193 -0.6791085290510614 0.048370917838090166 738567.5914506698 -0.0014215933980260098 -0.00016063773337237643 7.32874889150623 0.0013310885958745062  738567.5914506698
0.08190382830156073 1.3631163620929525 1.3523829983945874 1.307906380790949 -0.7171259813775442 -0.011387400148344549 1.3522501798448643 1.3079315893436536 -0.6647812870654833 0.009562620427811967 738567.5914509112 -0.004983240833334597 0.00019168883065293958 1.2016613560684313 0.004861846216950008  738567.5914509112
0.08197931893751732 1.3630891664998364 1.3379839228912844 1.307598797532654 -0.7247680011246758 -0.016696940719986307 1.3380823194348055 1.307610703635963 -0.675562504831325 -0.009055268597814262 738567.5914511489 -0.00023500981337505437 -0.001547881599352444 -1.5418231590518836 -0.0001757944764452051  738567.5914511489
0.08194874582786925 1.3630664125756335 1.3234208693969103 1.3072197236321441 -0.7326384375022601 -0.021555261245020624 1.3235551402962111 1.307224352014516 -0.6903281011880888 -0.016319190067572972 738567.5914513858 -0.00040996466180975193 -0.0033208826293981922 -1.813282407036896 -0.0004694008760791419  738567.5914513856
0.08195421016854607 1.3630698734826245 1.3087243116333733 1.3067424084367036 -0.7401134306876421 -0.026586792631059963 1.3087820180078698 1.306745555565473 -0.6965223466679271 -0.0211403545784608 738567.5914516284 6.909746308453297e-05 -0.002936699535977972 -1.044557783533305 -0.000833169645513289  738567.5914516284
0.08195410668441698 1.363119501871476 1.297490160957302 1.3081550659858259 -0.710645678751402 -0.0102820043481452 1.2968745575079876 1.3081130132573895 -0.6327972405734037 0.04098609232971386 738567.5914518799 0.00030768643697819326 0.000744151521019774 5.099753898208339 -0.00010392947590009074  738567.5914518798
0.08205227977716047 1.3630997094023778 1.2832448718651148 1.3078590404266193 -0.7174474785974245 -0.015811666548945533 1.283300325263203 1.307884112524447 -0.6387411988799413 0.002632055653431116 738567.5914521228 0.006444252746065788 0.0007889492398768998 -0.2921050965790979 -0.0060177061225196215  738567.5914521228
0.08191156169023375 1.3630844976872074 1.2688154603537 1.3075645652283923 -0.7247004880288451 -0.01932175578914669 1.2689911660911208 1.3075729961984053 -0.6576045881898267 -0.010285613130496057 738567.5914523654 -0.0015628009191621748 -0.0002579462067805137 -1.8858376753816444 0.0014418506423432694  738567.5914523654
0.08196013270904268 1.3631279769329496 1.2543023231254544 1.3071395183755399 -0.7307004303831885 -0.023669100714847145 1.2545026247453517 1.3071445428496709 -0.6796607967527503 -0.018181662007525613 738567.591452602 -0.0010006838816013042 0.002284501549995128 -2.0926116118774223 0.0015614738549186375  738567.5914526018
0.08197756414467067 1.3631095339171622 1.2322642492726532 1.3063157804333765 -0.7399413673194383 -0.030811260535645476 1.2335748294137108 1.3063259725572751 -0.8223355145672804 -0.03401676706427309 738567.5914528411 0.0005032632797279508 0.001474118803171981 -9.483812359494124 -0.00010041770211826983  738567.5914528411
0.08195690556068211 1.363123925013771 1.221055571469008 1.3083683977544016 -0.7062793257169027 -0.00895262886368697 1.2203563490228568 1.3083067236166877 -0.7457348124724346 0.0624090417175919 738567.5914530788 -0.0004221370263599454 0.0017498537148090663 6.205349805209622 0.0008616420594323251  738567.5914530788
0.08194569840003156 1.3631205079264417 1.2068708162702044 1.3081543345503457 -0.712293452503967 -0.012840755571685854 1.2065243227358973 1.3081872340390055 -0.7085884131669035 0.012072479563899258 738567.5914533217 -0.0013289855643315784 0.0011698058313081414 3.0232095866340676 0.0015871312136131026  738567.5914533217
0.08194011048027765 1.363112490368501 1.1925608176574036 1.307856300231744 -0.7183606029610231 -0.01663924075634752 1.1924026438177358 1.3078694779879094 -0.691722522777292 -0.007980961169722446 738567.591453566 -0.0016612852003613484 0.00012125548202405914 0.6968233084241717 0.001635703596638261  738567.591453566
0.08193877278435474 1.3630700885427587 1.1853347018463471 1.3076715525388667 -0.721787925037633 -0.019005308835536666 1.1841844851851164 1.307672304787733 -0.5661564965195912 -0.009152959123343466 738567.5914538045 -0.0014251757976119276 -0.0030964816835529927 7.197904125713782 0.0005707320946690016  738567.5914538045
0.08198655951954605 1.363089947319762 1.170863515121467 1.3072239585946572 -0.7272794040724033 -0.02339046763127195 1.1710974953511541 1.307229732775438 -0.5912906920498453 -0.018005114300094882 738567.5914540469 0.0020156617866267596 -0.0023194978162923707 -1.1562325486688039 -0.00255035332904513  738567.5914540469
0.081953764533349 1.363129099424204 1.1610763118860572 1.3091741503777194 -0.684130150988934 -0.0007918050422604898 1.160672920937243 1.3091218077364435 -0.5485019160953746 0.06123264074304949 738567.5914542924 0.0008267716550420805 0.0008019548011859836 4.054843193530528 -0.0005912141024036327  738567.5914542924
0.08194369135504224 1.3630780103775928 1.147318488391844 1.3091325953131756 -0.6899125724312652 -0.003769279019139884 1.1476117370272212 1.3091612927727745 -0.5799129908457065 0.01736310233120978 738567.5914545356 -0.0003439462391412694 -0.0014179007306452688 -1.77315930273208 -3.4555288371789796e-05  738567.5914545356
0.08195107798122231 1.3630688165982756 1.1334629788062296 1.3090229857436335 -0.6953138703368528 -0.006925324353945481 1.1337586809416116 1.309034384206518 -0.6112799789174775 0.00010720839693478812 738567.591454781 -0.00017195427493121716 -0.0023870403753500627 -2.7316960181772822 -0.0004516552200181742  738567.591454781
0.08197211530044705 1.3631101396033443 1.1195430025721929 1.3088463918326878 -0.6999927595295895 -0.01030810670998743 1.1197880804226261 1.3088506717135546 -0.6378549323118294 -0.006516068999654227 738567.5914550212 0.0013009012656298973 0.0004727557142877106 -2.3062328603023787 -0.00113409649869695  738567.5914550212
0.08195778972583613 1.3631222838346482 1.101329640483574 1.3108213326743983 -0.6759586689391773 0.012023597293985533 1.1021818780785624 1.3107739744106528 -0.7309948264140884 0.06734977056780533 738567.5914552595 0.0006383024190171866 0.0022280323044536546 -4.122307431831295 -4.4123230985886096e-05  738567.5914552595
0.08194342129237298 1.363111284168254 1.0877503928008183 1.3110439415715833 -0.6814499560866778 0.009537180243201429 1.087675409766186 1.3110687556363707 -0.7227178865738343 0.02825870463838865 738567.5914554955 -0.0006658994701929892 0.0016691168429919649 0.05260335401373162 0.0010722590028146065  738567.5914554955
0.08194530416882487 1.3630733053685924 1.0740387139481367 1.3112017755537881 -0.6872511520646399 0.006937367036380846 1.0737743987311759 1.3112122330166718 -0.6946050998947904 0.012384905614194256 738567.5914557403 -0.0008121001764393221 -0.0011697935257429437 1.3746577178768888 0.0004846172647725476  738567.5914557403
0.08195735370057186 1.3631284764703189 1.0602719535392868 1.3113136525060718 -0.6919878851827875 0.0045725118143110114 1.0600493032254892 1.311317345718528 -0.6712419085257497 0.006854130989424796 738567.5914559885 5.305828545043719e-05 0.0013941109662249569 1.206933974816704 0.00030641975417845867  738567.5914559885
0.08194322171643711 1.3631281026909612 1.0463867964272824 1.3113877937146712 -0.6969901936024082 0.002418520483720733 1.0463040426771542 1.311389466427417 -0.6624277333098989 0.004311471655210256 738567.5914562329 -0.0004778980448343923 0.0019533991660623208 0.35678270053674566 0.0009629727758858965  738567.5914562329
0.08194941692411412 1.3631070435912223 1.0357681793681544 1.3138244521658522 -0.6638746474536995 0.028845014753444097 1.0352835610080877 1.3137716514504616 -0.6091789368106595 0.08710998801794853 738567.59145647 -0.0001224583776432464 0.0002889351412765366 5.073171460207099 0.00019187107757366633  738567.59145647
0.08195025648405771 1.3631216935870973 1.0224352074916918 1.3143760232139412 -0.6689766749716045 0.026985383142751458 1.022435978333865 1.314403747692197 -0.6092612005155578 0.04488408023992666 738567.591456714 0.0001182580162005254 0.0004838474817677868 0.46768623948644006 8.321712048431844e-06  738567.591456714
0.08194955675230706 1.3631229971410943 1.008993728128421 1.3148872790997173 -0.674186911760535 0.024915783426077715 1.0090921733629243 1.3148976612125443 -0.6197821938106832 0.029048987710351092 738567.5914569576 0.00017799095751104915 0.0004184538422304983 -1.1060145777876431 -6.627332094817828e-05  738567.5914569576
0.081972048862816 1.3631147284770828 0.9954429171278969 1.3153368835913863 -0.6795430220971969 0.022248665851638528 0.9955499660229653 1.315340689586959 -0.6312828440663435 0.02321344433651395 738567.5914572 0.0015851174216647721 -0.00032329693942225325 -1.226316498958063 -0.0016153699766753694  738567.5914572
0.08194620009543835 1.363111999240369 0.9817779396724472 1.3157576475999133 -0.6851498375865238 0.01964578197923508 0.981855594636955 1.3157592590055232 -0.6395843935868819 0.020754958991398183 738567.5914574437 0.00014423577980678028 -0.0007824755089795246 -0.8739917329584568 -0.00033697540387851065  738567.5914574437
0.08197194867998514 1.363108090442307 0.9651055223608258 1.3194966155728658 -0.6535763156001917 0.0488404332553548 0.9654944689641075 1.3194229800482526 -0.6786732476314268 0.12636936380691124 738567.5914577028 0.001060556733257997 -0.0010569558155175487 -0.25964045806413805 -0.001290070562453676  738567.5914577028
0.08197461647814885 1.3631105447885095 0.9519620510882529 1.3204250273491045 -0.65962916628302 0.045608010865675494 0.9518900115120009 1.3204610618485952 -0.6708059706960269 0.07020710094504945 738567.5914579412 0.001319587314992968 -0.0008360197991786028 0.31750251403651786 -0.0014855785920953278  738567.5914579412
0.08196809000582743 1.363103000493851 0.9386857180409267 1.3212896765887765 -0.6660415649344007 0.04203357447411584 0.938552388239862 1.3213040894686634 -0.6564704438158008 0.048090926296818354 738567.5914581835 0.0006354465650511272 -0.0010790262541360226 0.3269355461083716 -0.0008822091024322288  738567.5914581835
0.08192664852689444 1.3631165049004306 0.9252837730480887 1.3221051432976454 -0.672637194674384 0.03845384537659992 0.9252668567684413 1.3221091642211258 -0.6546022147297997 0.04175333984201547 738567.5914584192 -0.0025513782294552733 -5.2333640010550526e-05 -0.3590477807926242 0.002460004921118093  738567.5914584192
0.08199238731102995 1.3631124674093096 0.9117539639512927 1.3227652004088966 -0.6794089713291095 0.03295614249232666 0.9117259870514244 1.3227700835203846 -0.6515917914625509 0.034254442148617614 738567.5914586611 0.0009719608293090993 4.8070939081996456e-05 -0.31018926070684577 -0.0009304153299951401  738567.5914586611
0.0819554765243237 1.3631160069594792 0.9015216677113486 1.3263686387566593 -0.6507440351033235 0.06092671346311679 0.9009991475683361 1.3263036041213794 -0.5947207345315645 0.13527407522710055 738567.5914589005 -0.00041255707959796475 0.0002992943742155698 5.287086705807268 0.00047272378333058706  738567.5914589005
0.08194961945573198 1.3631291539899129 0.888410070700492 1.3275119520938907 -0.6580712577458246 0.05588861669400797 0.8884059468553549 1.3275493246527503 -0.5942832972194484 0.07869717801264542 738567.591459146 -0.0011942606799640485 0.001101791064526945 0.37981254055918967 0.0014245043171395148  738567.591459146
0.08194733001839245 1.3631292079798785 0.8751396980373498 1.3285344383858553 -0.6657393803167463 0.0501257871398347 0.8752340258939258 1.328550043967935 -0.604232993078727 0.05520503549158725 738567.5914593928 -0.0013744489014033646 0.001107214894561053 -1.2695598066982132 0.0015999318446661276  738567.5914593928
0.08197900212567562 1.3631174557395602 0.8610320919357158 1.329441743157284 -0.6741395411466238 0.042862548042626264 0.8613158150483479 1.3294472293570194 -0.6352683828712661 0.0466404387623623 738567.5914596309 0.0008873678486449408 4.7628136583211834e-05 -2.596439450748343 -0.0008502635866031352  738567.5914596309
0.08193990509889948 1.3631155619868165 0.8474258716544243 1.330202493443078 -0.6825687274226994 0.035850848982603996 0.8474759657743098 1.3302079278225252 -0.6405422274348272 0.03847530414763053 738567.5914598783 -0.0009032491543141399 -0.00048187341750956095 -1.0708723394271018 0.0007624120433096527  738567.5914598783
0.08197360946734257 1.3631101791834832 0.8317018677439586 1.3348493826061323 -0.6502403980236133 0.05998829024295412 0.832074928142893 1.3347631174043926 -0.6805394966159115 0.17047096296964612 738567.5914601211 0.0007427811476550163 -0.0009530103279589987 -0.22746199934029632 -0.000944980533002987  738567.5914601211
0.08193873094866126 1.3631206661194961 0.8185865131993931 1.335938522357914 -0.6590522564943119 0.05135587074642297 0.8184508398255678 1.3359928771500507 -0.6660487363826476 0.08761816100937496 738567.591460365 -0.0009772418668967749 -0.00030125600633143013 0.3990835334061752 0.0008803103892826519  738567.591460365
0.08193850788063861 1.363127641900222 0.8053005147897878 1.3368289591755749 -0.6679245642325595 0.04144094504694811 0.805171022929625 1.3368514658870736 -0.6521474019095698 0.05313565009017237 738567.5914606076 -0.0013462104162199986 0.00039500048152395066 0.0007711076132260741 0.0014011082858765248  738567.5914606076
0.08193882446338575 1.363080310209603 0.791801939814263 1.337492066841188 -0.6774929196892794 0.030321076094728554 0.7917724009964848 1.3375025007019 -0.6489495120320298 0.03701478867347999 738567.5914608481 -0.0010954528540112478 -0.0024411402385012704 -0.6153590412430303 0.0005013988041602572  738567.5914608481
0.08194466326520948 1.363113273226533 0.780531292154805 1.3415100686824784 -0.6595775172548594 0.06160838033638166 0.7801337880203301 1.341437513107442 -0.6066625390771427 0.14717088863669153 738567.5914610929 -0.0003304629954957429 -0.0008418772947833908 3.9751723778918437 0.00013047041125214607  738567.5914610929
0.08197106688774142 1.3631116059208082 0.7672358640785376 1.3425557128254075 -0.6686281041587836 0.05006415190349149 0.7672948036259107 1.3425989433605825 -0.6130835137664662 0.07995722182726843 738567.5914613319 0.0017932700256061682 -0.00014065519441259773 -0.5658283259275674 -0.0017785885630901164  738567.5914613319
0.08198239390135297 1.363129948036596 0.7537714864142256 1.3433878086166215 -0.6773662048755718 0.03845151102864847 0.7538623791512559 1.3434080751080706 -0.6227615212764515 0.04916023988658165 738567.5914615765 0.0028510700110142796 0.0012801501543999757 -1.5933062640170124 -0.0024890517861345875  738567.5914615765
0.08194567741012204 1.3630743833391814 0.7400822514672307 1.3440216477551177 -0.6866917412870818 0.027031000797021944 0.7402119207719106 1.3440308782336183 -0.636770669281802 0.034928055166663974 738567.5914618176 0.0003018956528872663 -0.001940135486068654 -1.749783176185316 -0.0007303783246612654  738567.5914618175
0.08197103417368463 1.363103061265884 0.7262655517146595 1.3443943127070492 -0.6948144686430173 0.014351370284666931 0.726360248384032 1.3444026171307457 -0.6469301651330148 0.022212955548065898 738567.5914620603 0.0009022749430854837 -0.0007871822732237893 -1.3581073367731231 -0.0010559502258518027  738567.5914620603
0.08192136908954249 1.3630700220689995 0.715774483218963 1.3479092918324922 -0.6637353105333207 0.0421011709117639 0.7153458608958684 1.3478406393755173 -0.5998954240917277 0.1297288992767839 738567.5914622976 -0.002325286354584824 -0.0022358055932135863 4.356888396911337 0.001773550311680807  738567.5914622976
0.0819405701586571 1.363076951940696 0.7024207762003744 1.348577972200968 -0.6711542663766091 0.028900634416149908 0.7024820289816395 1.3486224088330925 -0.6064872884272555 0.06147988254494878 738567.5914625396 -0.0017066439953069674 -0.0016645049503441938 -0.2583687632917657 0.0012978323643105098  738567.5914625396
0.08198874305171087 1.3631160497644184 0.682162046921778 1.3490393672583463 -0.6808459004802129 0.007358114881155193 0.6833699493606774 1.349059113304938 -0.7355572126776155 0.03136742715404356 738567.5914627833 0.0018431512694266987 0.00144856233344101 -8.663784421058132 -0.0014794146987987  738567.5914627833
0.08196154928048574 1.3631254183896853 0.6684879015259547 1.3490321170775998 -0.6869962678920734 -0.006501413217399078 0.6683981008460141 1.3490475423403385 -0.7259335933691304 0.0077754578140305265 738567.5914630264 0.0009916337702819472 0.0029234457817311228 -1.0188693344796453 -0.00032433484306098085  738567.5914630264
0.08195259192777585 1.3631251551841963 0.6546762305426281 1.3487472106992304 -0.6932930181702959 -0.020500476015518666 0.6544846648288432 1.34875756363264 -0.7049609612452273 -0.008400551664495291 738567.5914632642 -0.00014436540436102625 0.0028526303178415136 0.8551676597868221 0.0007690525875986711  738567.5914632642
0.081981480741163 1.3631094998097248 0.6440407082898087 1.3533632076985986 -0.6665267212578085 0.022220457282481006 0.6433851959029652 1.3532556820340926 -0.6334558752600484 0.1589938698549133 738567.591463503 0.0012928692963618262 0.0011935192164301458 6.8604431495082 -0.0010049573037470472  738567.5914635028
0.08194304593106501 1.3631272235231304 0.6306335661677215 1.3536764753089299 -0.6731491138865487 0.009356796555444157 0.6305079212776512 1.3537434554519066 -0.6202269620789022 0.058347475481067806 738567.5914637502 -0.0008631380044359387 0.001406298601351331 1.2719593086235612 0.0011458152150561095  738567.5914637502
0.0819457512268897 1.3631265311360947 0.6170879684929983 1.3536805514030257 -0.6800137545153868 -0.005484892644680587 0.617145836661035 1.3537096068571548 -0.6264112119062598 0.014032779451571054 738567.5914639939 -0.0013120972817297356 0.0010449038573743137 -1.206086653394416 0.0015063798598516647  738567.5914639939
0.08194741499838364 1.3631046967851768 0.6033891598754121 1.3533459401899826 -0.6873156583920017 -0.02263716015712913 0.6035324506985985 1.3533606052287073 -0.6421141889012271 -0.008903324387074692 738567.5914642316 -0.0010802434825135077 -0.0008369311519636677 -1.9523989157705741 0.0008742443220499366  738567.5914642316
0.08195135843167156 1.363123031336104 0.5895654043564094 1.3526387711378884 -0.6944946489571463 -0.0421461967646921 0.5896553747528723 1.3526508304382994 -0.6518111645290658 -0.027452798390481228 738567.5914644732 -0.0004968558749759844 -0.0002503356458900675 -1.4482352998715329 0.00043089888327471225  738567.5914644732
0.08197592526837001 1.3631078859308132 0.5789020464221735 1.3556969958921259 -0.6688446644908045 -0.017285140855467895 0.5784022427444929 1.3556153065532215 -0.5989903612529449 0.09575657550549493 738567.5914647196 0.00130570029580115 -0.0010030353291928464 4.367302328710727 -0.001489703035652287  738567.5914647196
0.0819868527060408 1.3630994632734112 0.5654316366255063 1.3550566129000452 -0.6765981594420655 -0.03908422637169216 0.5654917756020867 1.355114485823885 -0.6054256681692325 0.007375054643685194 738567.5914649629 0.00232581232655046 -0.0016347447235779728 -0.47399363898074665 -0.0026218459576531944  738567.5914649629
0.08194426106237149 1.3631154560927845 0.5518153000475055 1.354041461809439 -0.6841118461613173 -0.06092333334160662 0.5519481365013028 1.3540691258270483 -0.61951155933852 -0.0344903336000006 738567.5914652086 -0.00044421533774631353 -0.0005632663555698028 -1.8017659226900686 0.000312683976898312  738567.5914652086
0.08189490274880412 1.3630731965715093 0.531077834101248 1.3516498463013529 -0.6956318149559745 -0.096168722863199 0.5323435205025495 1.3516880460160547 -0.7556438045048084 -0.09312680501483496 738567.5914654507 -0.004415449038703384 -0.0026820890202583223 -9.690200382550929 0.0037267692970479552  738567.5914654507
0.0819646862674996 1.3631026200516516 0.5201345089290189 1.3556446775058375 -0.6686244054577076 -0.044186875291261606 0.5194530673242799 1.3555099885011228 -0.6852901176373882 0.10532871118805058 738567.5914657029 -0.0007137666237702956 -0.001062821923439438 4.67013133591556 0.00047040225435111805  738567.5914657029
0.08197145918196466 1.3630978149065907 0.5060159781117387 1.3543602666074364 -0.6759166478282523 -0.0699264511218399 0.5059264537974303 1.3544345389733592 -0.675427891939886 -0.011442022109039399 738567.5914659393 0.0013929857457811523 -0.0004274824582962075 0.5004033290664163 -0.001452287950773359  738567.5914659393
0.08193721403044625 1.3631074268469652 0.49242772083053366 1.3526939678371992 -0.6826351492944671 -0.09501458845254257 0.4923661429944737 1.352727838829194 -0.6686875176521178 -0.06435477066777964 738567.5914661771 -0.0003502008830220944 0.0005890350326117231 -0.5532018725825918 0.0004693583853528761  738567.5914661771
0.08197658111937456 1.3631164227484485 0.47871409889937816 1.3504220517352665 -0.6888231042350956 -0.12328549403883012 0.47867325130908 1.3504438168546367 -0.6642684763993781 -0.09795911939265055 738567.5914664179 0.0016394306482372884 0.0014432671003083522 -0.6557099083842752 -0.0012842913982278098  738567.5914664179
0.08197520766250821 1.3631062428474316 0.4648606634343298 1.3475876031023428 -0.6948674401779141 -0.15299780663649512 0.46490128384799223 1.3476068793480143 -0.6687461467947499 -0.12828427567897904 738567.5914666542 0.0018949637607557574 0.0008116358751754548 -1.0453869382057481 -0.001668290236661777  738567.5914666542
0.08192143732572682 1.3630850994618888 0.4545517976087476 1.350214952672207 -0.6595594077567678 -0.10524836440239328 0.45392489569931155 1.3500946900868853 -0.6026323995823792 0.05272279134036961 738567.5914669011 -0.0016654343908247995 -0.0007959174384371703 5.42254706776471 0.001450937294479059  738567.5914669011
0.08195452229211922 1.3631215215983106 0.44131298717747863 1.3477331938997326 -0.6645884420105659 -0.1336589268045705 0.4413072059360816 1.3478112248328915 -0.6020126263367535 -0.06666264104505873 738567.591467144 -0.0005308845880171483 0.0010837907082825115 0.11258029889644838 0.0007574855094172464  738567.591467144
0.08197097235304454 1.3631072265182367 0.42795527337207095 1.3446380913763862 -0.6695744654565707 -0.16452727302502088 0.4281001991106267 1.3446784774087543 -0.6177850605582875 -0.12939002950143907 738567.5914673833 0.0010490978822841632 0.0006238672085319952 -1.9354843512042148 -0.0008824896289156402  738567.5914673833
0.08198207331349092 1.3631021670322874 0.41449661252053877 1.340906859020287 -0.674374799269701 -0.1976236863359951 0.41458881223455146 1.3409303298702155 -0.627622765665189 -0.1651309602444358 738567.5914676273 0.0020184729036339917 2.8703109149920154e-05 -1.5664197224500769 -0.001958829512084171  738567.5914676273
0.08195487254295271 1.3631258328557596 0.40095244737508123 1.3365515316894931 -0.678960347462047 -0.23268603434886376 0.4010427724534855 1.336572671066178 -0.6373805914228933 -0.19772286213613532 738567.5914678684 0.0001710307960852925 0.0012838235353899818 -1.2811436533842149 0.00013162638925886524  738567.5914678684
0.08190811600738383 1.3631220091618348 0.3823511529603703 1.3370860024716607 -0.6686351909312997 -0.19396989672751744 0.3831708268334665 1.336979746522258 -0.724014030708822 -0.03744610938009724 738567.5914681148 -0.0033198583236901122 0.0011601103138246364 -4.050285338325912 0.0034982723541808042  738567.5914681148
0.08197711519129953 1.3631102309281877 0.36890237928400854 1.3326048280715037 -0.6745716716047372 -0.2361790678313928 0.3687865151790623 1.3326858168017925 -0.7114247328368432 -0.16303464712051666 738567.5914683545 0.0005238962916845379 5.273232439716386e-05 0.13610769995935446 -0.0004966627876249184  738567.5914683545
0.08194998548440642 1.363116683141272 0.355333661296088 1.3273457710092373 -0.6807085693125992 -0.2818178078419579 0.35503313225578387 1.3273868708347434 -0.6800469036059392 -0.22427663001130427 738567.5914686039 8.701647344944602e-05 -2.772154530203778e-06 1.4966835903325906 -8.511876639599566e-05  738567.5914686039
0.08197291752479247 1.3631173150726512 0.34164476408015965 1.3210443117708317 -0.6867854178911156 -0.3350925698045358 0.34157173860918116 1.3210842854796627 -0.6719762301510802 -0.2873262784195505 738567.5914688396 0.0014290249946222846 -5.4762040253185335e-05 -0.010794186232703229 -0.0013982228870255498  738567.5914688396
0.08198807943118602 1.3631021114110866 0.3278262007705561 1.313580185375466 -0.6926174843604935 -0.3962041533456444 0.3277200544588953 1.3136104042879668 -0.6608381860305917 -0.33258014292945093 738567.5914690878 0.0024367197758339504 -0.0010197286282599548 0.1323816154532799 -0.0026159643629120656  738567.5914690878
0.08194460522732173 1.3631174606551113 0.31739467370385516 1.3163904187768163 -0.6633684966217761 -0.31706356039663797 0.3168523940812496 1.316172569776655 -0.6020463681644153 0.00449132320598189 738567.5914693279 -0.000518876225524842 -0.00022545361026151886 5.914575169089508 0.0004454351280340859  738567.5914693279
0.0819757649496784 1.3631069150035835 0.3040539167284269 1.3092523611541336 -0.6683571496316153 -0.378935079435602 0.30398854877875214 1.3094102826759106 -0.5953417776983411 -0.22667338300634693 738567.5914695818 0.00037272796851959026 -0.0005542947017219261 0.8454754303589125 -0.0005033774653440252  738567.5914695818
0.08195673165560073 1.363124431393231 0.2838962547232247 1.2962115284980367 -0.6739916165277481 -0.48201390088189056 0.28502526798008665 1.2963968244943875 -0.7113542976343755 -0.4984078134991498 738567.5914698353 -0.0005443988922765094 0.00042408260466322584 -8.257640539648794 0.0006389934042663392  738567.5914698353
0.08194670422108317 1.3631230583058984 0.2703710875516503 1.2857123429029982 -0.6769170766976385 -0.5602389924197033 0.2702893084150628 1.2857136697060167 -0.7027233199862848 -0.500406279374746 738567.591470082 -0.001409954865475623 0.0005758988411811113 -0.7856269810158638 0.001515010983797577  738567.591470082
0.08194457232415417 1.3631179479591127 0.2593795966621488 1.2869871204905206 -0.6530042157596133 -0.4622576400044277 0.2588060166855757 1.286726233348398 -0.6401549224317374 -0.09425620134590573 738567.5914703208 -0.0015663902951584964 0.00013282488408395337 6.40244631251575 0.0015409209543547633  738567.5914703208
0.08201867061517855 1.3631206309834734 0.24629262634666607 1.2767206296692881 -0.6561258372173874 -0.5433245685955006 0.24612581127924454 1.276900846230771 -0.6224305111545417 -0.3675338157656482 738567.5914705659 0.0032071837607608273 7.000796672146851e-05 1.7422886935435935 -0.0030492086702705347  738567.5914705659
0.0819785828596519 1.3631134841763715 0.23312060473824053 1.264986965881269 -0.6594554189030766 -0.6308360075923533 0.2330972112238447 1.2650803006083546 -0.6199393814151966 -0.5093797699126197 738567.5914708105 0.0016710859270603852 -0.000452511292244357 -0.34783054018073045 -0.0017297888968163002  738567.5914708105
0.08198162077568177 1.3631221086048986 0.21989549055927624 1.2513677235280123 -0.6624000704804729 -0.7319231757389565 0.21996465051991992 1.251440182659199 -0.6274940180106445 -0.6223397944902799 738567.5914710488 0.0008288778681900588 -3.452707730121791e-05 -1.1563219598544126 -0.0007977914207590777  738567.5914710488
0.08198303302339664 1.3631059184886287 0.21325128763017545 1.2437402218366678 -0.6639439143380624 -0.7890968625038821 0.21221698317283427 1.243619406668786 -0.516678974518155 -0.437606743957062 738567.5914712918 0.00032179337282367017 -0.000918783550073759 7.011283497951002 -0.0005999010713379528  738567.5914713034
0.08198098551688172 1.3630996676338452 0.19593090703416452 1.234717473735437 -0.640561423868352 -0.7262310630498362 0.19658590782723218 1.2346854228688584 -0.57913275581975 -0.39399238397681735 738567.591471565 -0.00010687754669207151 -0.001296263919349729 -0.9756171517948538 -0.00032659381230400034  738567.591471565
0.08198104725487498 1.3631071334464233 0.1766212283641709 1.2100909202554841 -0.6454533325218668 -0.9214098509382096 0.17790292611284284 1.210461314738387 -0.7188437321480929 -0.9702042937334925 738567.591471804 -0.0004052661621996765 -0.0006720721014940302 -9.351555189357013 0.00014198919326652103  738567.591471804
0.08194602577054008 1.3631208852661245 0.16367518280286278 1.1901999986802927 -0.647742186660679 -1.0831515419343944 0.16353952566270621 1.1901980676973944 -0.7042896424447948 -0.9672476865161465 738567.5914720467 -0.0026884181384639948 0.0005800720567720265 -0.3101214509253598 0.0027115255536741727  738567.5914720467
0.08197926249815643 1.36311410801153 0.15004579352218944 1.1651348872217422 -0.6489335955968998 -1.3015600687908218 0.14987124553398717 1.1652481320487302 -0.6853246599851816 -1.1428494146512118 738567.5914722863 -0.0008610335969802339 0.0005072930158695248 1.2080052986382614 0.0009913447882015042  738567.5914722863
0.08194068023811638 1.3630777752867247 0.13701851295114698 1.1366006161176976 -0.6493664456179005 -1.5657743668775048 0.13675906709994876 1.1367020952173077 -0.6576852375570715 -1.2971372385188231 738567.5914725307 -0.0024303395912614613 -0.001798915718948854 1.9065307536164693 0.0014480557379324445  738567.5914725307
0.08190644866681643 1.363120363830601 0.12756996129649417 1.1366484819779819 -0.619536588189719 -1.3423817983903725 0.12685198174358145 1.1360427778149818 -0.5800000145683647 -0.36181833004248987 738567.5914727715 -0.004546528467114709 0.0005148204068765629 7.7741277523854 0.004341294401959579  738567.5914727715
0.08198184124235881 1.363102909497186 0.1151782223384623 1.106559987670974 -0.6202309136009755 -1.6500081199509373 0.11515416054502936 1.1070573860844932 -0.5773443773457212 -1.1452803791738815 738567.5914730073 0.0007743457645920087 0.00016279408662320808 0.7182640033633803 -0.0006195024713543155  738567.5914730073
0.08198432467514771 1.3631148569321312 0.1027830985056318 1.0695976357968648 -0.6193723708861786 -2.0617285546711335 0.10281680748498057 1.0698977217487875 -0.5809453173247404 -1.6027779156128013 738567.5914732512 0.002642658947153563 0.0008036580162205124 -0.8597733007478101 -0.0019314917433095537  738567.5914732511
0.08195305724539217 1.363120786893088 0.09040867345839886 1.0231611265722835 -0.6163252380978503 -2.639158879125365 0.0904593594483025 1.0234621229113445 -0.5864246924801613 -2.067161791645965 738567.5914734921 0.0008774184744031396 0.0012636332530389415 -0.871029972461742 -9.11676352099084e-05  738567.5914734921
0.0819671721240891 1.3631185719777732 0.07813894956330178 0.9623629380338455 -0.6086877144725394 -3.5063085126022866 0.07812565398124051 0.9627539095031877 -0.5850103401310472 -2.6607265980890884 738567.5914737369 0.0010295785413898715 0.001018522504200161 -0.21829338615041072 -0.00026264515031640596  738567.5914737369
0.0819504772527569 1.3631238207531475 0.059978676919859426 0.8911768836930145 -0.6556081347206202 -5.128436452987762 0.060940222432183 0.8915453085817935 -0.6892884592320799 -3.230950109388848 738567.591473977 -0.00014058587025331487 0.001017235450343215 -3.783090123539496 0.0007486788682764027  738567.591473977
0.08194952685804656 1.3631068283761985 0.0471535885456207 0.7608576998285026 -0.6199605660291339 -8.254005065644904 0.0469701161279794 0.7622232143404983 -0.6702339635932396 -5.254881606794312 738567.5914742277 -0.0004872801928412257 -0.0002201061350623995 0.3955162103782892 0.00011169260279036934  738567.5915450522
