-0.5860169298254972 -0.1802873169328843 6.944999999999898 
-0.5860169298254972 -0.1802873169328843 6.944999999999898 
-0.710241289472365 -0.20654648596731623 6.964999999999898 
-0.7673687045694989 -0.21945491339666112 6.984999999999897 
-0.7914173466023202 -0.22911409532303392 7.004999999999897 
-0.7900597590401539 -0.238785829474864 7.024999999999896 
-0.7880398861049438 -0.2448854679570058 7.044999999999896 
-0.7716269001383705 -0.24158247808396005 7.064999999999896 
-0.7745483953836486 -0.24673476492336177 7.084999999999895 
-0.8097386698851893 -0.2457326266350098 7.104999999999895 
-0.8143598332595651 -0.24053613776340463 7.124999999999894 
-0.7733773487341663 -0.26859086894875517 7.144999999999894 
-0.7562805729239905 -0.27733173162153274 7.1649999999998935 
-0.75354158788401 -0.2795113080106687 7.184999999999893 
-0.7589742012062861 -0.27705163477137035 7.204999999999893 
-0.760996381692486 -0.27594556614116134 7.224999999999892 
-0.7618824345645738 -0.2804723082564429 7.244999999999892 
-0.7538014846926276 -0.28053237472980624 7.264999999999891 
-0.7441262792128917 -0.27541829098389786 7.284999999999891 
-0.7484000590663754 -0.2807804195778631 7.3049999999998905 
-0.7510997121789386 -0.2850529388348804 7.32499999999989 
-0.752414946003273 -0.2877384441881674 7.34499999999989 
-0.7540179537630756 -0.2886547960152155 7.364999999999889 
-0.748463457654384 -0.2918266696341683 7.384999999999889 
-0.7234159015298429 -0.2934318150024029 7.404999999999888 
-0.7543358218213454 -0.29245248722694683 7.424999999999888 
-0.7185325347299129 -0.289765392016978 7.4449999999998875 
-0.7263891997021105 -0.28713907766628954 7.464999999999887 
-0.7331201129523897 -0.2840480811886054 7.484999999999887 
-0.7392131278808272 -0.2828664427782552 7.504999999999886 
-0.74148813054835 -0.2792074950700828 7.524999999999886 
-0.7899640730938553 -0.26312607045596803 7.544999999999885 
-0.7401919714896973 -0.2700716644532197 7.564999999999885 
-0.7450649716931571 -0.2645534085487487 7.5849999999998845 
-0.7325124603651315 -0.25894587566612376 7.604999999999884 
-0.7133322551379125 -0.24789054067826571 7.624999999999884 
-0.7397133782818269 -0.2374871604130649 7.644999999999883 
-0.733124723577183 -0.23012369224892326 7.664999999999883 
-0.7222512756596468 -0.2231255507043469 7.684999999999882 
-0.7169392069685762 -0.21448505018844177 7.704999999999882 
-0.7073158390461929 -0.2038691174472934 7.7249999999998815 
-0.6890625489907395 -0.1972948405511434 7.744999999999881 
-0.6942955150886269 -0.18417489640780285 7.764999999999881 
-0.6869352872069777 -0.1726983543534556 7.78499999999988 
-0.6831203133636672 -0.1619560794002991 7.80499999999988 
-0.6669733716414392 -0.14797035253306393 7.824999999999879 
-0.6344372077732892 -0.14078072938869124 7.844999999999879 
-0.6280565444730287 -0.12068633137464459 7.8649999999998785 
-0.6333387065733035 -0.1142354667908254 7.884999999999878 
-0.6427400330613391 -0.09647037443336276 7.904999999999878 
-0.6328568460141314 -0.08403796396492137 7.924999999999877 
-0.6255661217886196 -0.07186484526958567 7.944999999999877 
-0.6145546172535068 -0.05479420990307299 7.964999999999876 
-0.6022866372473175 -0.0378833960255687 7.984999999999876 
-0.60411454186214 -0.028738433728770846 8.004999999999876 
-0.6179302670158233 -0.009212823726586543 8.024999999999876 
-0.6063188837819271 -0.006469229260707578 8.044999999999876 
-0.5831793831705395 0.010991064098414043 8.064999999999875 
-0.5488093490195421 0.025843872056662748 8.084999999999875 
-0.5088077528926372 0.03727149937198398 8.104999999999874 
-0.5422166413875478 0.03818173824371769 8.124999999999874 
-0.5363281667579433 0.06041999751169412 8.144999999999873 
-0.5361765206538045 0.07390287653998912 8.164999999999873 
-0.5340169257434626 0.08008746790261963 8.184999999999873 
-0.5184811932726834 0.09116926680954471 8.204999999999872 
-0.5288832268599324 0.054009727829268016 8.224999999999872 
-0.5151089089515726 0.071029365856637 8.244999999999871 
-0.4968163801437502 0.10362403771400167 8.264999999999871 
-0.48773822846126097 0.13852405327005102 8.28499999999987 
-0.47703330452206555 0.14849530710860492 8.30499999999987 
-0.46395256041110755 0.14461279368194715 8.32499999999987 
-0.46166296640066257 0.16028739353522728 8.34499999999987 
-0.4526389137215254 0.16906995817367265 8.364999999999869 
-0.4444627708150299 0.1752686266976258 8.384999999999868 
-0.43873260519116086 0.17989151544202722 8.404999999999868 
-0.4353971273638612 0.18750957575682722 8.424999999999867 
-0.4304010641045254 0.19083799002941265 8.444999999999867 
-0.4265014289229846 0.1945986181218974 8.464999999999867 
-0.42326623805086255 0.1988839506705694 8.484999999999866 
-0.41939979873212896 0.20889634702308202 8.504999999999866 
-0.4181370620569951 0.20622314765087607 8.524999999999865 
-0.4157697572350499 0.2058263840958537 8.544999999999865 
-0.4136764664875232 0.19777262376770377 8.564999999999864 
-0.40814961390287213 0.2160178973376619 8.584999999999864 
-0.4147941519942848 0.22189788677178363 8.604999999999864 
-0.41763484039014 0.21657170804719256 8.624999999999863 
-0.4140380619197965 0.20737863796957143 8.644999999999863 
-0.4203073752127319 0.22725535753684728 8.664999999999862 
-0.42001507471161564 0.21337361346566017 8.684999999999862 
-0.4283006471123882 0.22346326058342145 8.704999999999862 
-0.4326020478652587 0.21888540851352045 8.724999999999861 
-0.43680081680456906 0.22148811910629457 8.74499999999986 
-0.4356279709508696 0.2193854599095756 8.76499999999986 
-0.43845474884730323 0.22129076907086023 8.78499999999986 
-0.452252668623676 0.22307121230711796 8.80499999999986 
-0.4570787002170982 0.21084924111512673 8.824999999999859 
-0.4670036926405352 0.22638756348711955 8.844999999999859 
-0.46472127477385594 0.21861171603107307 8.864999999999858 
-0.4794204566381585 0.21678870003054124 8.884999999999858 
-0.48685916093062936 0.22982661213495137 8.904999999999857 
-0.48348119628703756 0.20151930791484157 8.924999999999857 
-0.4912958978909467 0.20063891281981752 8.944999999999856 
-0.49938426393987095 0.2110249128677222 8.964999999999856 
-0.5082023716420833 0.2016704503911933 8.984999999999856 
-0.5091707978073436 0.2032214488614746 9.004999999999855 
-0.5208792001741727 0.20648761174284538 9.024999999999855 
-0.5261617691543738 0.19267802055064992 9.044999999999854 
-0.5378236011880806 0.2046540025459673 9.064999999999854 
-0.5402268241281991 0.1936584581663948 9.084999999999853 
-0.5448069362756965 0.18700623081618611 9.104999999999853 
-0.5505875623045287 0.1832340736257599 9.124999999999853 
-0.5601589881611159 0.17537666503941077 9.144999999999852 
-0.5683461638953019 0.16709530123795366 9.164999999999852 
-0.571723776829865 0.1692076974571827 9.184999999999851 
-0.5756511982685333 0.18244862674436188 9.20499999999985 
-0.5816040830423235 0.16662684673201864 9.22499999999985 
-0.5907420846097182 0.15792446258332826 9.24499999999985 
-0.5979110963470293 0.1562968971949655 9.26499999999985 
-0.6036388305745742 0.14600528041878166 9.28499999999985 
-0.6088318173926831 0.1458161355355003 9.304999999999849 
-0.6154918270020358 0.1401275732047241 9.324999999999848 
-0.6197814078784655 0.13956683137106993 9.344999999999848 
-0.6306250987236137 0.12686422239602183 9.364999999999847 
-0.6297849539453032 0.12625820854563832 9.384999999999847 
-0.6412302026635583 0.11053485727198534 9.404999999999847 
-0.6437894127210227 0.11024789083082323 9.424999999999846 
-0.6500331317040522 0.08753102464177974 9.444999999999846 
-0.6621930383487721 0.08226234736392778 9.464999999999845 
-0.6656246492950516 0.06975769406701343 9.484999999999845 
-0.6671618267324562 0.05821413746660823 9.504999999999844 
-0.6727961425289404 0.04300748242840406 9.524999999999844 
-0.6793848213597836 0.024505863705986047 9.544999999999844 
-0.6887040177528332 0.008418707382760713 9.564999999999843 
-0.6912588596157612 -0.01605994775004936 9.584999999999843 
-0.695874457294917 -0.03371348009325861 9.604999999999842 
-0.7002603517471783 -0.07622131167607364 9.624999999999842 
-0.706440415736585 -0.08594752926304963 9.644999999999841 
-0.7129181208781443 -0.1188222778044899 9.664999999999841 
-0.7176592498404291 -0.15889315026474793 9.68499999999984 
-0.7230411644689747 -0.19715566559266443 9.70499999999984 
-0.7228891604360489 -0.24696628016165065 9.72499999999984 
-0.7250966741297249 -0.29370643273101765 9.74499999999984 
-0.730293986660304 -0.36680278860569576 9.764999999999839 
-0.73028588518076 -0.4344998930885278 9.784999999999838 
-0.7307955123359267 -0.5128902432553142 9.804999999999838 
-0.7356692169675125 -0.6273004848468552 9.824999999999838 
-0.7328446950753739 -0.7154289853671825 9.844999999999837 
-0.7289765450144973 -0.8636144876857215 9.864999999999837 
-0.7262044549956679 -1.1233217715490418 9.884999999999836 
-0.7199578513208204 -1.4942151327420756 9.904999999999836 
-0.7127363727069077 -1.819982576794199 9.924999999999836 
-0.6991358661298667 -2.3568848719767552 9.944999999999835 
-0.6811041345301324 -2.982773433681464 9.964999999999835 
-0.7207625463261005 -0.5026565340336728 9.984999999999834 
-0.575791943047269 -7.054033657451875 10.004999999999834 
-0.5177487895876998 -8.982388834131138 10.024999999999833 
-0.44584144082394117 -10.944995796223623 10.044999999999833 
