-1.0412102323962202 1.6321346409530382 3.265670682313179 1.8950386604805207 -0.7560247622034829 0.10468491362807276 3.2644372752914848 1.8962677897718039 30.61628408869089 -31.177310259335457 738559.4582768875 1.1171031090136417e-05 1.6257278255658156e-05  738559.4582768875
-1.0412102118052307 1.6321346709192466 3.2269219908075177 1.9003818055744068 -0.7622242026988867 0.10488806032677668 3.2282816523484015 1.8990279088448363 1.0758606764599108 -1.7621349047753903 738559.4582774445 1.0894450937425481e-05 1.585476926008805e-05  738559.4582774445
-1.0406592310737453 1.6323402630687427 3.1889364940857376 1.9070185778361193 -0.6987274051611618 0.10903575868019035 3.1890314811585 1.906913806956639 -0.5380872895437085 0.01805205031408197 738559.4582781566 0.0001563539471605349 6.98857507672176e-05  738559.4582781566
-1.0412231816500837 1.632122186917562 3.1495108213941623 1.914207077575982 -0.7414073530863252 0.12751352757384424 3.149523968615136 1.914201265837054 -0.834958418760888 0.149284156458874 738559.4582786924 -0.00011290297076658808 -3.4484861287880416e-05  738559.4582786924
-1.0412251482822823 1.632133255439671 3.120069489629791 1.919319681430207 -0.7300822090144227 0.1276925987209091 3.1200611096033732 1.91932131275186 -0.6462616485533884 0.11255096353363815 738559.4582792298 -0.00011206309905054396 -2.891908402674886e-05  738559.4582792298
-1.0406461999481202 1.6323594095656386 3.083791865201351 1.9255009727658685 -0.7222810342065562 0.1263603360815516 3.08378876102596 1.9255016365727873 -0.5934579144987302 0.10125924203575572 738559.4582799411 4.277156501993237e-05 3.124423504682234e-05  738559.4582799528
-1.0406499819052835 1.6323492639812407 3.0685003128484882 1.9290223255538028 -0.529604189501554 0.09180133341470043 3.0684881891200946 1.9290235732983696 -0.3319111125195669 0.07434148286568862 738559.4582805021 3.7389183147794847e-05 2.5036434496528033e-05  738559.4582805021
-1.0406814262872612 1.632311566330219 3.041052832954612 1.9353424171828046 -0.5453885094220673 0.11096945940788774 3.041063934997309 1.9353397740630573 -0.5870377453780118 0.13508077740511357 738559.4582810286 1.8286657073868898e-05 4.956995379143182e-06  738559.4582810286
-1.0407506887020124 1.6323829005464918 3.019115752676886 1.9397002087901971 -0.5569287149400749 0.10675589571734234 3.0191113669341836 1.939701838946903 -0.4866844939052082 0.09778001971340106 738559.4582815574 -1.8288912736553345e-05 3.788004162059318e-05  738559.4582815574
-1.0413120952239574 1.632169917879942 2.990490587100611 1.9451025682847676 -0.5879270008464004 0.10219275556716406 2.9904954899593386 1.9451018977860062 -0.5943341399451078 0.11250182965160782 738559.4582821085 -0.0002683911411028236 -5.831199146480503e-05  738559.4582821085
-1.0406693777124474 1.6323478314031776 2.9565814481586306 1.9503952674419558 -0.654649507379412 0.09868886964057563 2.956586707559679 1.9503952855009312 -0.7107524916407811 0.11210208904828897 738559.4582826551 2.5120822161822296e-05 2.213146125940677e-05  738559.4582826551
-1.041219183376668 1.6321578304188857 2.9290928888469807 1.9544412253003873 -0.6858147349842209 0.09009037852112114 2.9290877829277293 1.9544422920453817 -0.5963629590704478 0.08820346173532606 738559.4582831953 -0.0002308111037455003 -6.690041660793508e-05  738559.4582831953
-1.040676989039243 1.6322829215594505 2.9156538587892826 1.9565929371608897 -0.522285486052506 0.061025331958458766 2.915641526956679 1.9565946137044874 -0.3130319915320616 0.049683905480940135 738559.4582837219 3.563368469163594e-05 -5.531326889708958e-06  738559.4582837219
-1.0406676223804696 1.6323252726044013 2.8942703976777735 1.958844959481373 -0.5490289082361123 0.05260523988939387 2.8942770100305735 1.9588449374591534 -0.46733401123729 0.05019780319264157 738559.4582842404 3.706437072431325e-05 1.475472624728631e-05  738559.4582842404
-1.04122398339024 1.6321347250975433 2.852242591186547 1.964683501874619 -0.7095146316734365 0.07332117074455846 2.85226074240979 1.964680361030349 -0.8728958622167391 0.12037525618038201 738559.458284782 -0.0002204984166231449 -7.37283114242216e-05  738559.458284782
-1.0406655591458016 1.6323385537971071 2.8154932686959238 1.9678969151035037 -0.7585014040136209 0.065188646460941 2.81549033971885 1.9678989874422987 -0.8061104296679164 0.07312256716008174 738559.4582853126 4.9754881650779996e-05 2.4547874000670984e-05  738559.4582853126
-1.0412222913157507 1.6321410496565627 2.796631036215742 1.9699792278802923 -0.5948804556393268 0.04391427623861805 2.7966136757519187 1.9699804700986054 -0.4226001651503538 0.04568070392807111 738559.4582858604 -0.00020225539289129657 -6.523982401714696e-05  738559.4582858604
-1.0406693323817815 1.6323437554629083 2.7723608381331344 1.9713226202362846 -0.6154031429815812 0.03444725663025786 2.7723644578367437 1.9713233804674912 -0.5016475431523574 0.029078713808323532 738559.4582864145 4.33094914505002e-05 2.435556172806621e-05  738559.4582864145
-1.0406566874926169 1.6323398393883644 2.725998443367553 1.974998644535903 -0.7803945757876263 0.04630549417691821 2.726019511781884 1.9749965344424363 -0.98295512005304 0.07728376415176977 738559.4582869441 4.633979669258169e-05 2.093839571845349e-05  738559.4582869441
-1.0412154293617348 1.6321321717974153 2.6860973278681537 1.9773024541892947 -0.8151384059686898 0.03895931760567917 2.686091868298362 1.9773036330681697 -0.8609592779217772 0.05094133670487464 738559.4582874856 -0.00021225237088043 -7.546759102661801e-05  738559.4582874856
-1.0412376943026052 1.632131149095019 2.672529328846879 1.9786130177089822 -0.6347741169804125 0.030808219423132728 2.6725059407413894 1.9786139453157896 -0.3286800034307258 0.029830354513243746 738559.4582880173 -0.00021835170724322352 -7.458964893839239e-05  738559.4582880173
-1.0412377175875431 1.63213114790865 2.6396970523130507 1.9798584236868324 -0.6487394215979799 0.018665549173424004 2.639712733519938 1.979858560364132 -0.6789049241232392 0.026777796327759947 738559.4582885591 -0.00021359869462831657 -7.320270886853738e-05  738559.4582885591
-1.0406592685493499 1.6323717006959777 2.613663883804612 1.9801531777592543 -0.6524348835997688 0.00921268693202979 2.6136592914652503 1.9801540184291928 -0.5742726561844643 0.007623897773246693 738559.4582890902 6.635895018333206e-05 4.261556053136679e-05  738559.4582890902
-1.0406543167588345 1.6323543779377965 2.564398332432164 1.9826595772609834 -0.7923306027229121 0.0191428713521186 2.5644188314087124 1.9826576386972048 -1.0389617447223896 0.0515689909967756 738559.458289624 6.5730966959642e-05 3.263286808608988e-05  738559.458289624
-1.0406787961730464 1.632326076410775 2.5240022280816192 1.9834306255803926 -0.8199939227487011 0.0119841808056534 2.523995818292308 1.983432053517525 -0.8925088497598777 0.018943031438036134 738559.4582901535 5.099650842313796e-05 1.75061183853744e-05  738559.4582901535
-1.0406602739538107 1.6323677503243614 2.515648880511918 1.9841385541748793 -0.6427213671303932 0.006635485884131391 2.5156188097490517 1.9841387160038635 -0.22060222646604222 0.015327095029103548 738559.4582906951 5.685593716004375e-05 3.539924575633532e-05  738559.4582906951
-1.0406735026559664 1.6323375632515373 2.4834030221135373 1.9841831583857834 -0.6458729953059692 -0.005028510998549528 2.4834211501780854 1.9841838733502224 -0.5668837580575479 0.0016698741865609629 738559.4582913285 5.0010620330501834e-05 2.385562999597476e-05  738559.45829134
-1.0406995650147892 1.6322638307558375 2.4394988296056366 1.9857998903927503 -0.7013163416892639 0.0030017197411441256 2.4395105541149107 1.9857985178845374 -0.7917893276260416 0.027998032931261598 738559.4582919593 3.893513770836804e-05 -2.153683178442262e-06  738559.4582919593
-1.0406753261066117 1.6323559611074965 2.4037549885017295 1.9857431992050927 -0.7316312351897526 -0.004168165151452713 2.4037548536148887 1.9857443916614095 -0.7886796173063226 0.0005068878577834668 738559.4582924842 4.830950679537718e-05 4.2177147718195375e-05  738559.4582924842
-1.040663116735622 1.632360629727773 2.3696040120773945 1.9868584578320923 -0.7880717963065885 0.0002027209473203978 2.369602326482591 1.9868574760098843 -0.7500992688940027 0.022979099322738554 738559.4582930128 5.1451292856048744e-05 4.262879017401299e-05  738559.4582930128
-1.0412467828426255 1.6321288216214347 2.3298849322482775 1.9868642582594205 -0.8009172917171902 -0.010686235089886024 2.329889154127471 1.9868652178782022 -0.8446205904616833 0.0014947244051757604 738559.4582935533 -0.00021928732949021476 -6.559164808600686e-05  738559.4582935532
-1.040656705991331 1.6323599601072873 2.3043049779952733 1.98723753675237 -0.679963303690542 -0.007970662142568283 2.3042932026517833 1.9872372632528665 -0.575723736489564 0.007740245489645554 738559.4582940831 6.764025149280753e-05 4.611838155403782e-05  738559.4582940831
-1.0406740293998853 1.632332216796261 2.2769580534473826 1.9868157124791839 -0.6873580539302823 -0.014070014011462576 2.2769580170035364 1.9868164231184282 -0.5749224736888581 -0.007884032703217657 738559.4582946335 5.708298327288547e-05 3.204693889834653e-05  738559.4582946335
-1.0406624800736304 1.6323365493474125 2.245206665144349 1.987707440754708 -0.6740990609229015 -0.00535083390560706 2.245211288816633 1.9877063103725603 -0.6793435451098845 0.017644531544844532 738559.4582951693 5.975773538981446e-05 3.260597498895913e-05  738559.4582951693
-1.0406647643347877 1.6323335947463153 2.21114461914722 1.9872575510931976 -0.6913024320779054 -0.013697905329581131 2.2111470573869014 1.987258687977976 -0.7345672037608566 -0.008104756930275379 738559.4582957035 5.582138578888704e-05 2.9700420262737507e-05  738559.4582957035
-1.040676028625093 1.6323565263446533 2.1854413906551176 1.98772189768804 -0.6840355031034534 -0.008753095634026362 2.1854336654505055 1.9877211403059234 -0.5615517943532355 0.008857742258074786 738559.4582962438 4.786899880051597e-05 3.878545291997558e-05  738559.4582962438
-1.041237429148606 1.6321247756327035 2.150877058921872 1.9873822087402373 -0.701681512092152 -0.016871071796991294 2.15088496162735 1.9873828797004303 -0.7415441413522446 -0.006424074861905547 738559.458296775 -0.00022150131416823196 -7.309255693287232e-05  738559.458296775
-1.0406787604672965 1.632321035616966 2.1187863295396934 1.9875008579401103 -0.6845107553427882 -0.010716769294190003 2.1187843627610623 1.9875004844548425 -0.697070498863365 0.002021334305289238 738559.4582973102 4.521414505054904e-05 2.0243210370124996e-05  738559.4582973102
-1.0412158425693387 1.6321186197892064 2.0911854237133225 1.9872172348683592 -0.6992280821620128 -0.01759467545115433 2.0911820430222554 1.9872175716233342 -0.6184976123695709 -0.0058054117351621064 738559.4582978308 -0.00022299436124516002 -8.114074556652848e-05  738559.4582978308
-1.0407603043766054 1.6323647647269308 2.0589908977022473 1.9874384245563752 -0.6826979684773635 -0.009272756120733363 2.058994111572722 1.987437984014599 -0.6911073761678979 0.004147582502857301 738559.4582983664 -4.939274791844337e-06 3.556183691417931e-05  738559.4582983664
-1.0407250052420545 1.6324140895666475 2.0314824581635382 1.9869134186493322 -0.6966531627796707 -0.01670461747352199 2.031478162658674 1.9869140651335648 -0.5949754839825645 -0.010320507865767178 738559.4582989069 1.0254328449787154e-05 5.6530728617693194e-05  738559.4582989069
-1.0406634312307061 1.6323538564012103 1.9962238198054858 1.985855162185474 -0.713238215041951 -0.026291929435854934 1.9962309464735921 1.9858556884450542 -0.7571394713303008 -0.022295297575568744 738559.4582994387 3.799462797110116e-05 2.5628381278695132e-05  738559.4582994387
-1.0406899105721201 1.6322872110415505 1.9638797774012648 1.9861405750098797 -0.7002189599323893 -0.02135714394175237 1.9638764991683362 1.9861393647055205 -0.685046858741208 0.004320871921963551 738559.458299989 2.4067695823260757e-05 -5.339818588072121e-06  738559.458299989
-1.0406638600020954 1.6323521458934165 1.9356896135289121 1.9851106779101637 -0.7126983391275504 -0.02916234326622612 1.9356830432167256 1.9851118051775762 -0.5524494271985232 -0.01842884823098797 738559.4583005885 3.210265802881066e-05 1.8354020817521102e-05  738559.4583005885
-1.0413249388509322 1.6321475157322574 1.896706929878466 1.9855628228662243 -0.6974282036526435 -0.02288339410177678 1.8967143447615922 1.9855614941352762 -0.6917751527915571 0.0065380191248432355 738559.4583012324 -0.00018347106291157096 -4.894296291147179e-05  738559.4583012324
-1.0407429329055753 1.63243413346861 1.8615003680179805 1.983807432892492 -0.7120749998187544 -0.03330654527074902 1.8615028450121953 1.9838092876663056 -0.7469598717375805 -0.03478431057825428 738559.4583017756 8.632530666314626e-05 8.230355981411877e-05  738559.4583017756
-1.0407492039466766 1.632364453248607 1.8299295030500282 1.9838906094203128 -0.6931536444069504 -0.02799851713314093 1.8299263404924826 1.9838890656850396 -0.6765737913307766 -0.0004268408728124243 738559.4583023193 8.105660782332038e-05 4.788723423141735e-05  738559.4583023193
-1.040681523245187 1.632308101731802 1.8019044102842094 1.9825947388579368 -0.7048428365505812 -0.03586982045123152 1.8019010668849742 1.9825958857320007 -0.6020592584042176 -0.025987289743060946 738559.4583028622 0.00010948564988906026 2.0360427081023827e-05  738559.4583028621
-1.0406815574299353 1.6323207303190468 1.7699503448230725 1.982880215024116 -0.6890660781407019 -0.02488700283441782 1.769954258285384 1.9828788868394085 -0.6912981212335891 0.0042993678232140925 738559.4583033929 0.00010612811972315501 2.5208349025007883e-05  738559.4583033929
-1.040660253537404 1.6323363336014471 1.7351635063096502 1.9814061733492265 -0.704253617181355 -0.03437251896411207 1.735165675652402 1.9814076800353337 -0.739716772586214 -0.029329116777435583 738559.4583039349 0.00011256459566208449 3.102788125697308e-05  738559.4583039349
-1.0406599623208999 1.6323449141423831 1.7096769817708293 1.981675749489013 -0.6842047062902206 -0.02553285600135881 1.709668776220941 1.9816742733399153 -0.5563489747754884 0.0036580946769564984 738559.4583044765 0.00010911700661654315 3.345690262883374e-05  738559.4583044765
-1.040675881929753 1.6323044360479677 1.675088309572727 1.9801797524861737 -0.6989061571248573 -0.03532505443130386 1.675095815735438 1.9801812528360856 -0.7227276506699627 -0.029598076462050135 738559.4583050223 9.838883587607205e-05 1.3658441957554853e-05  738559.4583050223
-1.0406725657962446 1.6323406166014591 1.6525637487524294 1.9805833708381961 -0.5936238803781808 -0.020980929644192473 1.6525535184650464 1.9805817594819632 -0.49470609830652246 0.0063172342086734515 738559.4583055652 9.651675931735157e-05 2.9071790726876005e-05  738559.4583055652
-1.0406776674627953 1.6323337234062236 1.6225198377240349 1.9793324260423417 -0.6086372040449421 -0.029347236309207873 1.6225260259658736 1.9793338165888286 -0.6329089940516566 -0.024738040645287132 738559.458306107 9.075452648089846e-05 2.4410155545909207e-05  738559.458306107
-1.040664680118481 1.6323777078117794 1.58287485118317 1.979113930743577 -0.7738026300675979 -0.025263046590462215 1.5828840498817358 1.9791130933492505 -0.8397194394269027 -0.005911258530779801 738559.4583066452 9.338360344693036e-05 4.3356412427663794e-05  738559.4583066452
-1.040690555675248 1.6323401088472385 1.543557949690632 1.977655070882653 -0.7989203359078788 -0.03425585613011087 1.543558409960492 1.9776561371882413 -0.8501294600471399 -0.03002811719184253 738559.4583071802 7.768944283717007e-05 2.3739151686792813e-05  738559.4583071802
-1.0406798321832145 1.6323390269533948 1.5031498891806938 1.9756916458278204 -0.8153759887732378 -0.044690262380233346 1.5031496886090223 1.9756921222133512 -0.8457421930446992 -0.040448484653314555 738559.4583077333 7.928346225867369e-05 2.183714970249559e-05  738559.4583077333
-1.0406981941629716 1.6323056589993135 1.4911151290042568 1.9777399665845128 -0.6771472215009026 -0.024412778907909785 1.4910909118976539 1.9777364473081076 -0.2959002391553974 0.03945560325564446 738559.4583082662 6.72638694391292e-05 4.633971175512678e-06  738559.4583082662
-1.0406777065918975 1.6323054616337906 1.459004568625598 1.9780577658633047 -0.6568325713321465 -0.01179947455131829 1.4590214241950639 1.9780590797194648 -0.6862468852353238 0.009028903847562175 738559.4583087887 7.418546144787563e-05 3.5461105115847263e-06  738559.4583087887
-1.0406754636691524 1.6323234135896432 1.4326143443855122 1.9774673749454572 -0.6649527448517569 -0.01745899623698868 1.4326093228727579 1.977468286240004 -0.5736182887871613 -0.011410718785897545 738559.4583093283 7.191517351498175e-05 1.0883704531095812e-05  738559.4583093283
-1.040679615186243 1.6322903450792725 1.3989141260838875 1.9764242342453284 -0.682714479695609 -0.025178780934523498 1.398916079407307 1.9764246094942381 -0.6107756830035009 -0.018548948701879345 738559.4583099643 6.772480180468248e-05 -1.0521266566094722e-06  738559.4583099643
-1.040658040203896 1.63230919310111 1.3701682466218121 1.9778404951784825 -0.6145368897237904 -0.015337502118716227 1.3701644381245772 1.9778383194677982 -0.5370375185925573 0.023576042403097356 738559.4583105893 7.231863304020861e-05 4.766741174946217e-06  738559.4583105893
-1.040656104055221 1.632326006361793 1.3282950291048192 1.9791743147356666 -0.7510114561340333 0.0034984927871125025 1.3283106814936863 1.9791740794643156 -0.8960525775338406 0.0289724044986894 738559.4583111169 6.968691632122428e-05 1.1896877013029644e-05  738559.4583111169
-1.0406576682638655 1.6323351127555488 1.2902017606230594 1.979132233948288 -0.7745372504774982 -0.0051696357258962065 1.2901981716417656 1.9791334966241776 -0.8161873334611413 0.0008742034071108698 738559.4583116607 6.552200836309158e-05 1.487918302427475e-05  738559.4583116607
-1.0406703626028875 1.632316894340593 1.2588390555718598 1.9787661483771686 -0.7927436402732518 -0.01418198515539832 1.2588237758169372 1.9787665255858193 -0.5464563065470024 -0.005784599516273061 738559.4583123461 5.919159275745148e-05 8.689429659370997e-06  738559.4583123461
-1.0406705238622525 1.6322880790600793 1.2322416034577384 1.9808287591948004 -0.6607811784389819 -0.0074464747612447355 1.2322417622731514 1.9808266516149136 -0.5498922909809253 0.03981306348968113 738559.4583129054 5.595584442983956e-05 -4.674114312675255e-06  738559.4583129054
-1.0406871134853832 1.632312911567953 1.1958677219352756 1.9897612008331822 -0.7064321787093832 0.1009614423725311 1.1958775556837304 1.9897548179438524 -0.7720441481824678 0.18400738831199 738559.458313441 4.493270859911229e-05 6.273450340599046e-06  738559.458313441
-1.0406871152269128 1.6323093127360222 1.1603171822218508 1.994792635122473 -0.7226742939310112 0.0968295952265315 1.1603174788824793 1.9947956582281026 -0.7788405823093987 0.11474865867554067 738559.4583139692 4.188468342870723e-05 3.55738254478101e-06  738559.4583139691
-1.0406871153212256 1.6323093089856069 1.1312276834128208 1.9985538909400558 -0.7372973365042363 0.08659989930601653 1.1312218879538976 1.998555219680408 -0.6460240903467088 0.08429746669357815 738559.4583144971 3.8879971470167546e-05 2.6417375794675093e-06  738559.4583144971
-1.040682664494078 1.6323500218794085 1.1004728831272892 1.9906593119045146 -0.6582544621646919 -0.027565983271742363 1.1004639293502418 1.9906711976680658 -0.4974350907850963 -0.11294819909988782 738559.4583152262 3.7854260091941854e-05 1.2265235920762102e-05  738559.4583152262
-1.0406828010351092 1.6323413039525914 1.0742974290900562 1.9853449730736008 -0.5786939852009545 -0.09220777704991637 1.0743004223773829 1.9853450990782882 -0.565586963242034 -0.11581710356835957 738559.4583157577 3.483645558493375e-05 6.8559993037995404e-06  738559.4583157577
-1.0413380330061732 1.6321564230805623 1.0449484948456227 1.98041148050188 -0.5913799667386441 -0.11810325363056358 1.0449513842612435 1.9804111029920364 -0.6309422058860812 -0.10727826711704865 738559.4583162926 -0.00027506917345498466 -8.089146054554224e-05  738559.4583162926
-1.0413159195325403 1.6321618185505598 1.0206662526382069 1.9751492334136496 -0.610106203157913 -0.1356519888756137 1.020661640983345 1.975149468730834 -0.5275079880452694 -0.11255616618711001 738559.4583168322 -0.00025885363648296136 -7.699488544952394e-05  738559.4583168322
-1.0406792876719522 1.6323414245323091 0.9782408140122901 1.9937386852781918 -0.727213949187606 0.04418227207519075 0.9782573120517835 1.9937173288978831 -0.9051944797116713 0.37635140108831866 738559.4583173607 5.2672073386155795e-05 1.06202096423332e-05  738559.4583173607
-1.0406904011329072 1.6323378726270246 0.9414058110650464 1.9958029769774976 -0.7546907733219174 0.03344184015549856 0.9414001877879321 1.9958172274018209 -0.7817251084455099 0.06345717665242462 738559.4583179118 4.504539139513447e-05 8.0349981728166e-06  738559.4583179117
-1.040695209066177 1.6323240252515052 0.9197570468805425 1.9929509019695593 -0.689302639591391 -0.016194526296324546 0.9197442401165506 1.9929561024717548 -0.4899634640602899 -0.055019830742368686 738559.4583184429 4.011400471253082e-05 4.645807473684266e-07  738559.4583184429
-1.041247801342041 1.6321188587130877 0.885036775216309 1.991901507308511 -0.7009553758759142 -0.04736916955624187 0.8850478921917838 1.9919001971229389 -0.7446883550215537 -0.024999356402141865 738559.458318971 -0.0002281578303799809 -9.896890632503903e-05  738559.458318971
-1.0412427094313315 1.6321267571973748 0.8582409985739285 1.9822485368634786 -0.647941022443115 -0.1297878523801824 0.8582341058026576 1.9822561820436924 -0.5889898479893989 -0.19769377762600454 738559.4583195066 -0.0002206650352229507 -9.320178172703702e-05  738559.4583195066
-1.041242704348849 1.632126765247545 0.8319990380830928 1.9763201530747285 -0.661563868081703 -0.15861613805304534 0.8319981464090448 1.9763172710176335 -0.5688231878456744 -0.13251136475391181 738559.4583200417 -0.00021553232341749883 -9.118791883376418e-05  738559.4583200417
-1.041254185915204 1.632116277870389 0.8059861852017524 1.9830484990961443 -0.6051105874445216 -0.027882193366840845 0.8059851937560817 1.983036756324145 -0.5470781329985472 0.1250390273016738 738559.4583205933 -0.00021554260695071028 -9.382388622441385e-05  738559.4583205933
-1.0406797230181921 1.6323202475080136 0.7752704832688883 1.9802538973960413 -0.6247383042793002 -0.05599779763073225 0.7752752384652299 1.980261633212062 -0.6540211952629215 -0.04893735451443296 738559.4583211314 5.596360728400148e-05 2.867626723474412e-06  738559.4583211314
-1.0396214220636728 1.6329980656996252 0.7495335530702638 1.9758168527070585 -0.6436901417977651 -0.08542041098794657 0.7495297330815068 1.9758188336603861 -0.5669178909415521 -0.09410701115942069 738559.458321662 0.0005576111661815236 0.0003251217197348614  738559.458321662
-1.0404187036703256 1.6323503104011021 0.7087474414206851 1.9871626291985487 -0.7680836876012246 -0.011472635024505221 0.7087607743448124 1.9871485402296092 -0.8712229498924077 0.22745369696205622 738559.4583221922 0.0001603003537321782 6.203258588151415e-06  738559.4583221921
-1.0409456964578938 1.6322372192873595 0.6686975268148388 1.9822867834609477 -0.7927981226704525 -0.10119391451616526 0.668696089094416 1.9823009479200908 -0.8397905173331872 -0.08221944929182048 738559.4583227456 -7.61108860717871e-05 -4.4212690153860476e-05  738559.4583227456
-1.040946238696706 1.6322371029029852 0.6368055039440572 1.9772858769440755 -0.800427029500464 -0.14784272283886046 0.6367990555768623 1.9772869491676985 -0.6948331885961536 -0.1063227094673743 738559.4583232838 -7.53456256882367e-05 -4.3703152489293536e-05  738559.4583232838
-1.0412409180444127 1.6321171875058411 0.5967851304372094 1.9687220171050774 -0.7994484749010458 -0.21224056126590624 0.5967916170851821 1.9687252075213246 -0.8384619560609594 -0.1769655985528122 738559.4583238303 -0.00020661063162849108 -9.696439804938298e-05  738559.4583238303
-1.0406907603177755 1.632323925046567 0.5836297440820657 1.9689000344128025 -0.6069474709281591 -0.15951761062139222 0.5836063927504686 1.9688924483937644 -0.3150632798783396 -0.006931940920451685 738559.4583243702 5.152993588288391e-05 3.6069262915584225e-07  738559.4583243702
-1.0406774778844685 1.632301552999935 0.5593141234818626 1.961661193297296 -0.6080070673815994 -0.1993401840277149 0.5593226308375222 1.9616674075785134 -0.5038926852410232 -0.14486422846175065 738559.4583249153 5.525840221148678e-05 -1.025668300344282e-05  738559.4583249153
-1.040664252318236 1.6323783842481783 0.5128521971513609 1.9558173904923133 -0.7541356773211919 -0.20818579264189754 0.5128728871274534 1.9558165798573866 -0.9680571039455328 -0.12667822921686517 738559.4583254546 5.890446354634343e-05 2.4941579912799178e-05  738559.4583254546
-1.0406943562601114 1.6322995559220357 0.4745737629574985 1.9435639140230732 -0.7718331878402682 -0.2828586991414435 0.4745669246767878 1.9435695359973988 -0.817270577395333 -0.2506447665370181 738559.4583260034 4.2931565515849684e-05 -1.1369566602664448e-05  738559.4583260034
-1.0406943875220354 1.632299474762918 0.45729660302509445 1.939586717000414 -0.6560995953776881 -0.2549251585027178 0.45727904539714104 1.9395801499769958 -0.4093880105439989 -0.0980857548376845 738559.4583265242 4.0638911785910275e-05 -1.1598448038627967e-05  738559.4583265242
-1.0412390507572968 1.6321220277727844 0.42442067528030414 1.9260577644235506 -0.6590804683579102 -0.3357260936039714 0.42443329906052213 1.9260658737989147 -0.6962878235893307 -0.2823869891523273 738559.4583270567 -0.00021922347748394287 -9.570805357825331e-05  738559.4583270567
-1.0406805932191088 1.6323613911687005 0.3997858784433458 1.9186181583908588 -0.6467934207568813 -0.3060872239730435 0.3997786300034378 1.9186129252292123 -0.5349374241001952 -0.16589671911273793 738559.4583276003 3.940683305875099e-05 1.516016732555815e-05  738559.4583276003
-1.0406882220751488 1.6323255068927454 0.3663379106590043 1.9007972605486723 -0.663356634843481 -0.39445897623132153 0.36634493515323924 1.9008061394277092 -0.6881778621330669 -0.3595908510125865 738559.4583281549 3.402600722281898e-05 -1.3452132916432024e-06  738559.4583281549
-1.0406772059111045 1.6323497723072278 0.3358677554527133 1.8892506045001127 -0.6506295359417505 -0.36883066456457053 0.3358662727594487 1.8892458971277786 -0.6549719803383325 -0.2541661802298708 738559.4583286952 3.709638857578348e-05 9.39001898315736e-06  738559.4583286952
