-1.1098522495323775 1.528865138132908 3.0269993271500537 1.649611112206964 -0.7776008346045317 -0.012231083665053565 2.8068430079509086 1.680585743419319 31.343372538120818 -63.5353208764513 738568.4850863337 1.7265952336456898 -1.2224065189795295 -25.8585868736223 -1.6249914081394126  738568.4850863453
-1.0950569004047663 1.5173833865718689 2.9880634666400394 1.6464379816412735 -0.9293584289375139 -0.06452115291474825 3.1693013680220536 1.587277822887345 21.615989863189093 -18.21957605130862 738568.4850868189 2.149238549633223 -1.5738391955041622 -26.585580489288493 -2.024158566185728  738568.4850868189
-1.090583015758685 1.5134256212727641 2.968939021560361 1.6452153527350848 -0.977115850024192 -0.07411429316073566 3.0682492902853937 1.6359403918910256 10.124808276269421 -2.903220813756624 738568.4850870441 2.0267931234128014 -1.6626147614966447 -13.252538045938554 -1.8975673332046443  738568.4850870671
-1.0844110315734077 1.5086302475225335 2.9375385885881506 1.6446069616122871 -1.0536710490023078 -0.07819105542088242 2.9894558183902538 1.6431618004348365 4.021155067021725 -0.47846817579753287 738568.4850872655 1.8560569548836383 -1.5247962957522776 -22.96464256553523 -1.7385593233298233  738568.4850873118
-1.07824527759912 1.5040382392772904 2.9173435356875053 1.6432749679892196 -1.051445985165113 -0.07862041925251737 2.942363071222161 1.643046839298831 1.3346226571923658 -0.12887289326782875 738568.485087508 1.4773127766546121 -1.1498381432311673 -1.1703878134017884 -1.3901684394489993  738568.485087549
-1.072601295007037 1.4995096930087122 2.8973848162964893 1.6421506251126565 -1.0440807085424777 -0.07361794394574495 2.908840924915585 1.642112949277357 0.042420269575032865 -0.06822312841409903 738568.485087739 1.0143261840390516 -0.8032725389811621 4.428665167052345 -0.9544767679098302  738568.4850877968
-1.0663718464169867 1.4947273059842043 2.877061299053418 1.6408766596278777 -1.0444972096758385 -0.07325574001296742 2.8822826205364627 1.6408735865561772 -0.5413809170966245 -0.06331935891750079 738568.4850879718 0.7723177045000909 -0.5926700389330409 3.0553289152961396 -0.7289214325394424  738568.48508804
-1.0612905470238632 1.4900143457003379 2.8682656043873744 1.6394315105558537 -0.9339285845707668 -0.07128155414075378 2.8688776003486174 1.63943713612404 -0.614523928842841 -0.07291476791775854 738568.4850881897 0.3937862185167745 -0.4893604633808597 17.009238887493943 -0.359298079727544  738568.4850882832
-1.0557375602305077 1.485553894608887 2.8501592257997617 1.6382066165145202 -0.9219341181019732 -0.06575341632181637 2.8510789190950123 1.638199676677291 -0.7125664796284628 -0.0623564756179975 738568.485088434 0.12730427932027422 -0.2478256274365145 5.009061039136652 -0.11032179634342891  738568.4850885266
-1.0503860357112058 1.481378104889445 2.8317666978401372 1.6370723559278237 -0.9090610489305007 -0.06311440836932805 2.832580384107519 1.6370697087608184 -0.8042647758459762 -0.05809893856534376 738568.485088665 -0.020558721888339487 -0.037430906709621625 -1.8642925053088515 0.02299254232254625  738568.4850887626
-1.0445106345814514 1.4771072540816061 2.8138884622031335 1.6357179114694673 -0.9066366561919329 -0.06798644180871484 2.8143633878620036 1.6357227702150514 -0.8589228347371618 -0.06607935481899854 738568.4850888913 0.07091362112076434 0.03679031064577434 -2.9436004366488 -0.07315103759222062  738568.4850890002
-1.035193025789031 1.470458030958505 2.7932868111215523 1.6331161269638348 -0.9097432976411657 -0.075189608794989 2.7925056021641153 1.6331298414787625 -0.8007642670540449 -0.08065070363595116 738568.4850892412 0.14599089776336763 0.038497180714179506 1.6693873209002401 -0.14810507684919116  738568.4850892527
-1.029667966890665 1.4668099873945835 2.778351678921643 1.6315065632582684 -0.8649426080471317 -0.0755579059016226 2.7779598100399308 1.6315054621250558 -0.7582398176710303 -0.07894536512854092 738568.4850894811 0.025985359419875606 0.22233680845432718 2.0954304260315726 -0.03942731658014672  738568.4850894928
-1.0251084001069415 1.4640683256369917 2.7556712759121815 1.6305895655262619 -0.843093802451233 -0.07128173476374848 2.7570099325759805 1.6305775593538945 -0.9222832562589858 -0.05794789127428737 738568.4850896937 -0.1998917126721097 0.49054061088254425 -13.06470210876445 0.1702209521048535  738568.4850897341
-1.0198279185016201 1.4607408161947473 2.738919923368229 1.6291972649479798 -0.8360537294885328 -0.07016977158697454 2.7388193248018418 1.6292018589618706 -0.9111310245475143 -0.06521622921826303 738568.4850899286 -0.2545461367766925 0.522983626046725 -1.6422838896647285 0.22358679825955938  738568.4850899747
-1.0146001264505697 1.4576958783773066 2.7221786957560457 1.6277489223293735 -0.8302446035719827 -0.06978827388842543 2.7218094223780573 1.6277510969393831 -0.871179394172225 -0.06857392005705774 738568.4850901692 -0.27947821763600833 0.5404295524350322 2.4807924630643674 0.24826285325724748  738568.4850902153
-1.0072387919990362 1.4532623694441265 2.7040881031301147 1.6256346168238647 -0.8692309035237904 -0.09054363317227225 2.7041317548642794 1.625651335248766 -0.8760832039861955 -0.09537796211032096 738568.485090401 0.2646452728585884 0.1574604994447557 -2.0073569651324696 -0.27287798424092835  738568.4850904584
-1.003229712974744 1.4508294843979788 2.688586495551479 1.6244436490631484 -0.8438015412375329 -0.07935883026219495 2.6882736154545674 1.624427953125033 -0.8408421488637419 -0.07014715994733453 738568.4850906322 -0.11156620332622041 0.30941961582257005 3.201252630305329 0.09481412344635991  738568.4850907017
-0.9970499540457252 1.4475674372502434 2.67151909997105 1.622651466589236 -0.8495505863987878 -0.0865657181614 2.671511343353285 1.6226598973090285 -0.8399688101727356 -0.08369430499144706 738568.4850908635 0.02391899993762986 0.26882691787279167 -0.031515655678598264 -0.037820659460507965  738568.4850909428
-0.9910660365454731 1.4446723010085167 2.65451080423057 1.620732076118364 -0.8523892175205405 -0.09515994574720961 2.6545887492186426 1.6207384308247543 -0.8488894872971063 -0.09407384077505597 738568.4850910911 0.16519210554777586 0.2617922410437015 -1.5916361065765015 -0.17805354794893755  738568.4850911803
-0.983987973117323 1.4406807053439852 2.636422452599586 1.6183819804330566 -0.877867901604371 -0.10829838124339987 2.636505883358747 1.6183910040478537 -0.8579206109862345 -0.10801403927603091 738568.4850913316 0.3848066037077494 0.04403628413806404 -2.0823314760626177 -0.3864657135641694  738568.485091429
-0.9773836378707075 1.4378131478379392 2.618982305257348 1.6160610938703632 -0.8798493143164829 -0.1181104408359622 2.619081479623822 1.6160656319714495 -0.8692458217714194 -0.1154099871183142 738568.4850915597 0.47575966675311454 0.08370746638427595 -2.0013274596783064 -0.47906006340128804  738568.4850916665
-0.9690844888726797 1.433950410144693 2.6037541123826338 1.612979770051054 -0.8397985138189622 -0.11597572965670025 2.6021060704154233 1.612972643740343 -0.7434735343981685 -0.1076483334242773 738568.4850919009 0.28814197979127926 0.16735620959455 5.97153588072589 -0.2949432193534945  738568.4850919126
-0.9625085055321502 1.4316027459674143 2.587438643560035 1.6106641256552632 -0.827006407836962 -0.11847568493099415 2.5873623872168787 1.6106667311062808 -0.7350502284751098 -0.11175568924073066 738568.4850921368 0.20971918266125963 0.3136862504754756 -1.6632036335871936 -0.22205520424372732  738568.4850921598
-0.9547398458560896 1.4283585298327934 2.5633018932071656 1.607868202077769 -0.8512825427371595 -0.13842389137789876 2.5648878797745445 1.6078827704045717 -0.9204467559290093 -0.13606007115843838 738568.4850923595 0.5793605655656273 0.11736708950491756 -17.892578055904274 -0.5833125181665656  738568.4850924062
-0.9478188697304815 1.425881526499936 2.5463220344776176 1.6050522235178033 -0.8489262626488728 -0.1419231678860381 2.54621143404094 1.6050518628509478 -0.9085522285571463 -0.13550650517241672 738568.4850926016 0.4725174993221901 0.16901566479741814 -3.179568740583525 -0.47802893558517323  738568.4850926484
-0.9374043265939076 1.4223772895532478 2.5307308717690913 1.601239829675415 -0.8468309214261125 -0.17153559815079958 2.5301654371086113 1.601261791951367 -0.8477626303465544 -0.16920395268256003 738568.4850928438 1.0246368943375272 0.005970874680154614 1.707065395993224 -1.0243438570169054  738568.4850928893
-0.9318658687301057 1.4199048640291778 2.514080806433624 1.5986929328691477 -0.8510321329797372 -0.16137528328778353 2.514204688996457 1.5986819771982221 -0.8631967347433273 -0.14972421759975085 738568.4850930528 0.4720286027325601 0.004489446637844524 -1.2906998425221885 -0.4719701675261155  738568.4850931336
-0.922591594541756 1.4172128514226876 2.4971233088612044 1.5950783131818307 -0.8491946724547977 -0.17371366699535798 2.4969886991424324 1.5950894487988154 -0.8486097506441956 -0.16694592445851383 738568.4850932931 0.5931124342022056 0.06668134422672853 -0.16172813358635474 -0.5945565852245668  738568.4850933758
-0.914074048980065 1.41372805462713 2.4795138516803674 1.5915026794888987 -0.8683657641268531 -0.1818325652444703 2.4795826895243103 1.5915079355907646 -0.8563211057490473 -0.1753490341349876 738568.4850935256 0.6009849240443778 -0.09022199301095774 -1.4561071965752153 -0.5989880566766742  738568.4850936235
-0.9042825232620625 1.4106438115812088 2.461944069084954 1.5874350550880583 -0.8758055648813051 -0.1974899640103991 2.4619652645626195 1.5874460383085924 -0.858653874889271 -0.1926007013612024 738568.4850937623 0.7759219490689814 -0.10585268365700296 -1.5997556457859643 -0.7740533728294403  738568.4850938735
-0.8893119741186695 1.4057585786494655 2.452595031466659 1.5815443730519372 -0.7820179457406112 -0.2123204428063012 2.450022587272989 1.5815487276869833 -0.663358121750709 -0.19731884779843256 738568.4850941052 0.8789849194316481 -0.1307028072056569 8.92581478811806 -0.8775293767617016  738568.4850941283
-0.8788783381915044 1.4021380052535248 2.430397932249538 1.5770129578092413 -0.8022329662330985 -0.22972512896341138 2.4314888215513277 1.5770293015889465 -0.7904967472925077 -0.22450339755954057 738568.4850943286 1.0542288685815489 -0.2525406815696877 -15.676915777230054 -1.0526385553972983  738568.4850943752
-0.8674833566341382 1.398039944494979 2.4200354933652 1.5722046397284728 -0.8197509254759904 -0.24476638459948014 2.4193049062717713 1.5722108289727361 -0.7093808995229971 -0.23431057772798564 738568.4850945632 1.142616900491159 -0.37192499821187197 0.33511342128547383 -1.1420919807772456  738568.4850946208
-0.855660090446739 1.3941587267848259 2.3966125384927564 1.5669670614829836 -0.8322243615300179 -0.260253158288954 2.397971216947283 1.5669795098077093 -0.8620921958345114 -0.2542787446811064 738568.485094795 1.206506568997926 -0.3710562021786045 -13.834558193084176 -1.207918592512574  738568.4850948645
-0.84157329694963 1.3893557184004122 2.3792916141372493 1.5609204796751988 -0.8536343469290982 -0.2877559376293813 2.3794160605790498 1.560938002538622 -0.8755762879320267 -0.2813754892640495 738568.4850950353 1.5143704595417253 -0.481796259012689 -5.197398140924589 -1.519054678934009  738568.4850951051
-0.8292320840139058 1.3845384661454216 2.3484870804663505 1.555078972643591 -1.0045902363705261 -0.29846106884327445 2.3506186785690018 1.5550834951826484 -1.1140876111173112 -0.28859751144826473 738568.485095268 1.3083347653750812 -0.5601504926873196 -19.155920300920307 -1.3169768875071646  738568.4850953488
-0.8207869870186545 1.3816019054429833 2.3297686622282727 1.5508732956721747 -0.9782395920036433 -0.25962104891641197 2.329581194476315 1.5508396720512434 -1.0927484278241022 -0.2339753956846869 738568.4850954968 0.1168377171429742 -0.12845954394013376 2.9378343276448504 -0.11937366406357999  738568.4850955943
-0.8012620006202852 1.37451096600263 2.307798771683986 1.5425983003346828 -0.9933810247076891 -0.27718712615914287 2.3061000072096265 1.5426276417601852 -0.9638359727164024 -0.26575260348934326 738568.48509584 0.2977787528975079 -0.1908119114674644 7.8299482135088745 -0.30304018084848605  738568.48509584
-0.7888735160792475 1.3698250089083701 2.2875936996688613 1.5367746584638502 -1.0070172050475152 -0.28804479767377855 2.287457016594144 1.5367862416835552 -0.9485257292084028 -0.28426955406988025 738568.4850960724 0.4237919629770997 -0.26525645931876585 -1.2384657609403007 -0.4325694490133813  738568.485096084
-0.7722418557585237 1.364125921040918 2.266633389092206 1.5293486682436552 -1.0291256468613306 -0.3343590615798716 2.266841747327724 1.52938437771312 -0.9713045689769201 -0.33998519641605063 738568.4850963106 1.2596289790111705 -0.466054518476971 -6.045891202341402 -1.2778585085482816  738568.4850963223
-0.7617490681555584 1.3599943421403518 2.2548499921863683 1.5247803206409085 -0.8876898725169281 -0.30800113754276537 2.253889855267926 1.5247422081951734 -0.8546835233048639 -0.2739183775042341 738568.485096525 0.632792766140902 -0.3125487699926359 10.902114459350667 -0.6465000946004907  738568.4850965698
-0.7509669686749594 1.3560787331825372 2.238000020282892 1.5197902915326853 -0.8603006031584594 -0.27510026966050954 2.2377319971128675 1.5197750477537317 -0.8253399813637307 -0.25010035765268834 738568.4850967629 -0.1715459044482729 -0.0038798575678605784 6.7461173786136 0.17112499421470737  738568.4850968091
-0.7347647558212894 1.3499214159489155 2.219842356902577 1.5129771787016308 -0.8828916557724168 -0.31158884916407553 2.2200709812224755 1.5130178996461219 -0.8511321892458574 -0.31566304577970455 738568.4850969937 0.6278440509583887 -0.32761977946071313 -3.0223087525269543 -0.6457270289466102  738568.4850970629
-0.7200199074491916 1.3445555701015504 2.2019377227843893 1.5060705452443255 -0.883611937756609 -0.3258216716117714 2.201986038282691 1.5060780644893244 -0.8563211850183383 -0.32718812461334146 738568.4850972362 0.7929672708871907 -0.34754434584533733 -2.1307785532461168 -0.8137861873227452  738568.485097306
-0.706085615674005 1.3386953743952141 2.1868321729264175 1.4996380484801248 -0.870439010006425 -0.3351499889876328 2.1866356013303117 1.4996421101782695 -0.8332025897487009 -0.33400556168287204 738568.4850974577 0.8390695427655415 -0.5164978535454028 0.8308770860297279 -0.8736682137391841  738568.4850975492
-0.6924368247217143 1.333128843105781 2.169499049929424 1.4933615072966129 -0.8724732663603789 -0.3272913467426181 2.169566706370001 1.4933520705656682 -0.8407913303413876 -0.31889937143716773 738568.4850976898 0.5474172880266239 -0.4540038634100037 0.3495068388171903 -0.5808974940919056  738568.4850977866
-0.672234744519047 1.324649390571294 2.1499615917856394 1.4840880330073067 -0.8757491547132116 -0.3217187180552714 2.149130996591105 1.4840848642146696 -0.7774229408062024 -0.3154491267855805 738568.4850980312 0.37850546646119954 -0.40357843985291464 3.7196362609109945 -0.4120332590550219  738568.4850980312
-0.6655664998125734 1.3219618353661604 2.135065601135624 1.4814801130409991 -0.8641444930834685 -0.2984369651557349 2.13605697519132 1.4814668758574636 -0.9977870678184049 -0.2734566245737302 738568.4850981483 -0.38122828221700744 0.008185364766907954 -32.07994596124014 0.3804388043807701  738568.4850982729
-0.6402963476041454 1.3110709676194097 2.1140648214471907 1.4702947523281447 -0.8885061446437482 -0.324855712594608 2.1126979705466797 1.470357833648683 -0.8972921711732182 -0.3396472456386854 738568.4850985025 0.0597498414491382 -0.19918825982153301 -17.08882736974126 -0.07943339238226321  738568.4850985141
-0.629747541420867 1.3064608028257143 2.094720609057305 1.4658739753491334 -0.838780224054779 -0.28043658247253617 2.094864624344638 1.4658294184059182 -0.9143179367805713 -0.26447002611699344 738568.4850987229 -0.6277328717700955 0.07571457553574765 -6.475972766955161 0.6322103625834652  738568.4850987594
-0.6161969591487101 1.3001236649689285 2.077628630358264 1.460417147867757 -0.8413662061050082 -0.2576277580609477 2.07729546015271 1.4604131962993177 -0.8788384904577432 -0.25846447316789184 738568.4850989673 -0.8174455679192872 0.08009596531881626 1.1875681653925794 0.8212939073834583  738568.4850990048
-0.6023806734795962 1.2940867440928858 2.06073245115291 1.4550173447520873 -0.8473910314395169 -0.26009516565782803 2.0606436383914115 1.455025477583525 -0.86857933318379 -0.27187206869673736 738568.4850991928 -0.47647560579724946 -0.010975261353513316 0.5120551420696036 0.4720177804111806  738568.4850992505
-0.5883583537973761 1.2873841757602804 2.043267846370956 1.4494430792608204 -0.8668478848038426 -0.26877826283484113 2.0433408526848695 1.4494495246733798 -0.8770119980499721 -0.28249704464289055 738568.4850994182 -0.09400772753608311 -0.23807024326140575 -0.9709138332806253 0.06449662974619966  738568.4850994991
-0.5711275407934747 1.2791159068685323 2.0246596454143284 1.4424577336563504 -0.8989504864989906 -0.3000767063039258 2.0247225665189967 1.44248250621969 -0.8838012098475152 -0.3206446060917328 738568.4850996597 0.5874244253375525 -0.5869458456625523 -2.3223261548721488 -0.6577145777393759  738568.4850997437
-0.5607660139458847 1.2737601762643356 2.013614903494125 1.43787016721589 -0.8265354558995658 -0.25129514875344705 2.0126070890453485 1.437831854880052 -0.7686665312977459 -0.2581795666501317 738568.4850998876 -0.3737557642951368 -0.19795124797632474 10.26636760456253 0.34422313125845483  738568.4850999832
-0.5394121479030659 1.2635205247703845 1.9948877765368773 1.429207611455351 -0.8293193321087468 -0.24855956054035966 1.9941140829686523 1.4292312029046008 -0.7093400456920024 -0.2839966437568915 738568.4851002272 -0.24725392593098666 -0.19921001435291694 6.656753125973519 0.21666792669682408  738568.4851002272
-0.5259766210970114 1.256527414349704 1.9782064659103624 1.4243113087446377 -0.8356623666242783 -0.23838209726553 1.9784807974687213 1.424294151626786 -0.7401887688458422 -0.25646205641440134 738568.4851004587 -0.21812437059440343 -0.2235353149559761 -0.6338852697916284 0.18316071568669887  738568.4851004704
-0.5125340457439094 1.2495076569561419 1.955545906566304 1.4211233847961537 -0.8410047038109146 -0.21764577357932227 1.956829804553022 1.421078486893862 -0.8835931733136169 -0.18489208592549422 738568.4851006919 -0.24069999021350671 -0.21602197214701893 -5.987448116817079 0.2057968802565493  738568.4851007151
-0.4984693589527058 1.2426021178114655 1.9435094681331115 1.4159546964868157 -0.7808178771247408 -0.21213224519985108 1.9426874004937533 1.415983077878761 -0.7950506931087694 -0.22851861249704047 738568.4851009337 -0.2137874269310311 -0.1093936482027091 5.016149041705981 0.19435858209269513  738568.4851009569
-0.4848343934145211 1.2358547549801981 1.9282151775670786 1.4117851609545882 -0.7787458308054017 -0.21033215163433738 1.928093997972013 1.4117811228371189 -0.7808169714160563 -0.2217493596434417 738568.4851011554 0.015872184347674928 -0.11541840454130467 1.823221753430901 -0.03394751860117706  738568.4851012016
-0.4712570255896897 1.2292692149252478 1.9129881840302283 1.4077027661211434 -0.7668432934806536 -0.19467515118295475 1.912851249669461 1.40769253540371 -0.7657451299576613 -0.20567873404290477 738568.485101392 -0.04556484468663913 0.004995771513525302 2.12105812526813 0.04577135636274668  738568.4851014474
-0.4579152396994314 1.2222809289653986 1.897564131173562 1.4040662239641788 -0.7679328027481511 -0.1793226527129722 1.8975613530728466 1.404055323520279 -0.7654323808180652 -0.18816554899407506 738568.4851016233 -0.10716343474169945 -0.02819633128348075 1.5714186096772003 0.10099794167223422  738568.4851016914
-0.4441224407527587 1.2157125969524372 1.8824808974864882 1.400448297170612 -0.7536973109979866 -0.16211210043584093 1.8823364406604115 1.4004410491003247 -0.7498669668936621 -0.17701958034807816 738568.485101865 -0.16125452618117214 0.0841057443708201 2.4079092669585216 0.17317855611069846  738568.4851019335
-0.43058771756526687 1.2090191003525044 1.8735184253397366 1.3955959493437835 -0.6868484000826336 -0.17171479155084854 1.8725618879792596 1.3956263727114175 -0.6407949401942762 -0.22652942301628082 738568.4851020934 -0.06188470640460418 0.05688921789905015 6.022212592112508 0.0708534533205819  738568.4851021745
-0.417410489449901 1.2023520770677316 1.859797604082161 1.3923868336627732 -0.6824569141414895 -0.1564506816449637 1.859784923218568 1.392357565197294 -0.6393714132097595 -0.1796384071335829 738568.4851023253 -0.10361939978767924 0.04130311920783816 2.135601544392806 0.10930450831273783  738568.4851024168
-0.4040199669664216 1.1956351945469939 1.846199438305194 1.3894187148803296 -0.6801187417165346 -0.14853277490465072 1.846376202168909 1.38940594068123 -0.6597460511464492 -0.158624688633836 738568.4851025513 -0.009238677296608142 -0.023452545780254713 0.36689873310806576 0.0048566454055634836  738568.4851026556
-0.3840099424721229 1.185434787529869 1.8305533731689765 1.3827560714689757 -0.6778780164777218 -0.142726798585955 1.830014739267614 1.3828018844258567 -0.6180788743293985 -0.20920267437819057 738568.485102888 0.046070705120413655 -0.07034690204413517 1.0481376603395862 -0.05840882384783885  738568.4851028995
-0.3673232453783434 1.1770732478962547 1.8163169203046106 1.3784172245090485 -0.6844816245022493 -0.16054401985543487 1.816397175953094 1.3784153818160976 -0.6265365775318259 -0.20643125262034212 738568.485103135 0.49135590147649955 -0.28207337795603893 -1.1112862205366443 -0.5362223573429857  738568.4851031466
-0.3571909033752558 1.1718693624162067 1.8044873665747527 1.378477332162277 -0.5990278317987737 -0.10537089836681006 1.8044105590859143 1.3783840885670715 -0.6177974867737529 -0.0550212702956864 738568.4851033639 -0.4513973350150081 0.17989225762120553 6.8643343553762595 0.4774590309243054  738568.485103387
-0.34373924366377173 1.1649561502830743 1.7926148546628566 1.376585938321052 -0.5896295070215927 -0.0868715927873405 1.7925245574193307 1.3766016288891683 -0.6076424268094273 -0.08020496715598312 738568.4851035955 -0.4560043413314736 0.16643669979463552 3.6165925635429006 0.47955254864924773  738568.4851036307
-0.33002828161387426 1.1576019198059808 1.7804679346781147 1.374522211923958 -0.5980735188529108 -0.09320496911944591 1.7805270400222921 1.3745342894379269 -0.614556697044269 -0.10036865485753318 738568.4851038181 -0.06590991817296765 -0.11203619387136507 0.007425294697081419 0.04279555823823383  738568.4851038738
-0.3158792765225335 1.1502225818998488 1.7683514837410708 1.3721877477554483 -0.5932334304043397 -0.08818857808692383 1.7682511520109878 1.3721934994694904 -0.60372033280848 -0.10923440309635563 738568.4851040592 0.05565357620124474 -0.16417358799465517 0.32381886643936497 -0.08695188590495216  738568.4851041158
-0.2981438546867477 1.1405610309900458 1.755283890561326 1.3683292523270887 -0.6226495736818303 -0.14031800676254877 1.7554230873843115 1.3683669492826165 -0.6193503647048518 -0.16964451408510414 738568.4851042912 1.0238600905556943 -0.7302042546590349 -3.6497694138117547 -1.149780481483692  738568.4851043612
-0.28736289916490726 1.1345122095702684 1.7494697014751965 1.3650381102668672 -0.542037128182015 -0.10392613490161043 1.7484297629690888 1.3650362623964785 -0.5029772838133442 -0.1666933782874869 738568.485104524 0.04223187797815253 -0.25039314931769413 6.0253690705628875 -0.09249873824394826  738568.4851046046
-0.2730011824015271 1.1260545846252734 1.7384252767089086 1.3632324930353044 -0.5480946808560423 -0.09516187303506325 1.7384510246336065 1.3631996763747865 -0.5059374824244456 -0.11284832392272198 738568.4851047504 0.04223974748941978 -0.37504906446483444 2.103973992143401 -0.11862195760355404  738568.4851048448
-0.2583569201510657 1.1178535906702545 1.7275407778040062 1.361107963693891 -0.543953890693226 -0.09383333453232642 1.7276557424070815 1.361103879285697 -0.5187784017260072 -0.10633753034492349 738568.4851049836 0.17484630785994004 -0.3991027569504603 0.4052233376633536 -0.25409171875526776  738568.4851050861
-0.2437767557311935 1.109254267862496 1.7166428793401125 1.3592033612209036 -0.5517030714263943 -0.10506471257409347 1.7168340012923917 1.3592008408618788 -0.5414998719783127 -0.10206130008211964 738568.4851052026 0.47352994915225893 -0.5874967337624262 -0.7579212365296353 -0.5863537535023693  738568.4851053302
-0.22229129374426412 1.09630910440734 1.7051006977454126 1.3535831091841506 -0.49134377500713394 -0.11196722559291206 1.704251047797334 1.3536372300032713 -0.48076205509684433 -0.15727620376471163 738568.4851055669 0.2910709575639949 -0.4936201937279915 0.9929306797716573 -0.39061099505331515  738568.4851055786
-0.20800916670762923 1.087537779369025 1.695492512262763 1.3517921627878011 -0.4857254349833102 -0.09824863644026166 1.6953649957795953 1.3517633421412036 -0.4663267823242412 -0.11071382026303515 738568.485105797 0.15096590077304928 -0.4305969551054017 1.2157353718075201 -0.2409104685009935  738568.48510582
-0.19390000980570476 1.0790077291015663 1.6862097974205774 1.3502229596079687 -0.4771670342546946 -0.09153625609792487 1.6862271774664248 1.3502092925218692 -0.46834254639108297 -0.08809148017312843 738568.4851060215 0.14902270931386075 -0.3753433694753648 1.150146185283027 -0.22753326247913946  738568.4851060561
-0.17949600708639968 1.0702386678319795 1.6769589360676234 1.348521334701138 -0.46488692581428637 -0.08014557935659551 1.6769169150381413 1.3485189784338898 -0.4636965363495982 -0.08437346790974071 738568.485106257 0.0704821433433787 -0.2744259957808617 1.2361480869190944 -0.1292451690876651  738568.485106292
-0.16532007317452457 1.0614335503530348 1.6678823603899964 1.34715034311539 -0.4559795422491621 -0.0692779889391885 1.6678405239086518 1.3471430788627954 -0.4590011224595175 -0.07273803673299913 738568.485106489 0.0018661387863898038 -0.2192664724057457 1.3349654814214835 -0.050449956411062  738568.4851065357
-0.15102804326342678 1.052734599063294 1.6628698113601654 1.3424131928557166 -0.4079499337175077 -0.10289970328339777 1.6622261943893877 1.3424875488820458 -0.3850910253707825 -0.19459918709657537 738568.4851067158 0.06699915192631951 -0.19688557356436046 0.5074382957797268 -0.10983490626187534  738568.4851067743
-0.13674964194858102 1.0440535134118165 1.6550762825991503 1.340569887499734 -0.4010190965294485 -0.10514566267011359 1.6550386443855611 1.3405290657805322 -0.3806751626823238 -0.12624727560878674 738568.4851069378 0.19432457679604154 -0.21282395898808742 0.8750283000117665 -0.2377632741887124  738568.4851070226
-0.1223483081053908 1.0357920466043982 1.647599645145815 1.3390384895627392 -0.37242625634622545 -0.0842509339337572 1.647508077470509 1.3390122479510183 -0.37088530440461437 -0.08620695588509955 738568.4851071814 -0.009380364314235778 0.05186722108558944 2.457827553774175 0.021042887730124707  738568.4851072625
-0.10811452750266926 1.0274026111096353 1.6405311429628957 1.337591106285816 -0.35523459942082175 -0.07150477860708372 1.6404524288621147 1.3375840211214947 -0.36209066221595115 -0.07490929906168518 738568.4851074144 -0.08444776287943395 0.14765704853081923 2.1314921184203293 0.11628494403203975  738568.4851075074
-0.0937917412802003 1.0193466084371177 1.633868108241352 1.3362587635600736 -0.33863915379628123 -0.06860845563587882 1.6337833808925553 1.336255468236761 -0.3523874004759093 -0.06952331609922666 738568.4851076418 0.006942922728361042 0.18830266861157868 1.6718169303099653 0.03700742739337036  738568.4851077476
-0.07248742754753934 1.0076263583640737 1.6297982760096592 1.3268783611449515 -0.27054400503608117 -0.09132177248540524 1.6287230881718415 1.3270418256129215 -0.27275324286705116 -0.242310381115646 738568.4851079935 -0.027928391667500246 0.2539886471422375 -0.194226255341567 0.08844158857511568  738568.4851079935
-0.05888173075058335 1.0001529931056927 1.6242935263052332 1.3295577991115273 -0.2520481750282917 -0.07645497623871492 1.6241559786708615 1.329395464768447 -0.2567939833223258 0.02649801850791167 738568.4851082179 -0.07875903474580408 0.3078046044761245 8.519682048921002 0.1500146004374613  738568.485108241
-0.04453050114774633 0.9927281511580567 1.6196127840712295 1.328003470485432 -0.23300224820087623 -0.06990784940365506 1.6195113332069837 1.3280468105447556 -0.24547198913051907 -0.042530649515387584 738568.4851084512 -0.047790063794607554 0.36985854792127987 3.0141158364628096 0.13530775550031465  738568.4851084802
-0.030509634549472565 0.9855162621868017 1.6152374787691908 1.326775533217768 -0.2190433865998967 -0.06674835718805325 1.6151542329692579 1.326785447643396 -0.23588160469775213 -0.058831642477244726 738568.4851086773 0.01693371991701559 0.3702505332039302 0.958399358854316 0.07302279281002233  738568.4851087235
-0.013541545214586344 0.9768918343345243 1.6103614725071995 1.3238267058746822 -0.21696430847558695 -0.08813097123764457 1.6103225551305358 1.3238650167530301 -0.2317801781354572 -0.11645337422592497 738568.4851089243 0.3815605995033074 0.1800638427611964 -1.6944540467893727 -0.325963567654209  738568.48510897
-0.0033276537769950172 0.9716927082944734 1.6098755972613596 1.3212456333632203 -0.15861276259635204 -0.04743899638550748 1.6092103129662445 1.3212525116074032 -0.15643804899764413 -0.1275702057070139 738568.4851091544 -0.6562919677588199 0.6615396993432172 3.1615945124395477 0.799341859672724  738568.485109212
0.010289055415147037 0.9652056692453335 1.6070058676377441 1.320559427923835 -0.14354337705816195 -0.03620944969157397 1.6068706827121768 1.320519072728566 -0.14083369687361405 -0.06109039962188022 738568.48510938 -0.592294958167735 0.6707490743660279 3.187877126804884 0.7399471438394966  738568.4851094607
0.023906563702654513 0.958870405017832 1.6042383650376497 1.3195503801038333 -0.13251436249862694 -0.03674155870359302 1.6042127526955186 1.319544921971818 -0.13792725548306878 -0.05225087059946448 738568.4851096094 -0.37006406808401965 0.5960521450868054 1.718757712350087 0.5066304290730412  738568.4851097036
0.03756953453187664 0.9527200830774655 1.6016913683221237 1.3185861461930204 -0.1234298776155437 -0.0429494113823843 1.601665471876829 1.3185848476554205 -0.1349321390657134 -0.05010748209054856 738568.4851098346 -0.10519116234784809 0.49882782096766337 1.0018017000039914 0.22634315678214142  738568.4851099515
0.05804895611054253 0.943628245527006 1.5980569938410307 1.3129791858679738 -0.10862477349686729 -0.03161745470486372 1.5979667259257606 1.313070448881002 -0.1283643511955415 -0.14487365074883352 738568.4851101924 -0.12642096283602924 0.49361445371504364 -1.4931662939907098 0.24809970249920826  738568.4851101924
0.07171504978753737 0.9375337930207589 1.6007022586153827 1.3127000344701134 -0.06575605482675786 -0.06219015049078782 1.5998625680696401 1.3126445660579869 -0.03184055394067488 -0.05387526584985396 738568.485110419 0.00014490256160684667 0.357995069564758 8.662553216058422 0.09123468851287957  738568.4851104422
0.08565273216862754 0.9314069009790671 1.5991809023163814 1.3112596693579386 -0.06581413843055729 -0.062159814861187 1.5991876212494431 1.3112664767306164 -0.03259305275494524 -0.06475599119854754 738568.4851106516 0.07949677056918601 0.2595186786232796 1.9963164798914308 -0.010233350099275076  738568.4851106793
0.0994706358867428 0.9250802611653014 1.5974878223699454 1.3099870925103243 -0.0734929947738583 -0.06257285225718669 1.5976566935745136 1.3099870740543795 -0.05181240429633366 -0.06472601391831938 738568.4851108803 0.13572699772849214 0.11366977444475307 -0.6260342822786686 -0.1018257583813743  738568.4851109266
0.1134206812412095 0.9190036144040057 1.5959398293777995 1.3087328905936486 -0.07307331398414257 -0.05525467701522403 1.5960458207021941 1.3087314722862395 -0.06353094677927566 -0.06248808408008135 738568.485111116 0.0902359543170943 0.11147971559090263 -0.5622513943716496 -0.058273563339643716  738568.4851111633
0.12762749074373964 0.9125685485860588 1.596870414188046 1.3040005420745955 -0.05367460864922922 -0.09712575770501639 1.5965395184832856 1.3040794684231851 -0.02549348270508707 -0.19197182910349245 738568.4851113425 0.22514229648869347 -0.017244881908920887 -2.4855087452629565 -0.2217233740799082  738568.4851114094
0.14177945717336024 0.9063384769068508 1.5957252852254515 1.30210142528374 -0.05677029209831498 -0.09508458043397561 1.595774229522143 1.302059804557403 -0.031016378375802785 -0.12494522488047304 738568.4851115732 0.23705579744338695 -0.03396675146479708 -0.43198965556363733 -0.23756707426984344  738568.4851116542
0.15605717246462691 0.8995173979583079 1.5941105614704911 1.3001890074647142 -0.070911387530373 -0.0911510163165449 1.5942764666751914 1.3001742919769013 -0.04948914659651414 -0.10156119006244371 738568.4851118071 0.1885979528212085 -0.1359418978005577 -0.2197598634997539 -0.21807417340064092  738568.4851118927
0.17081901151153622 0.8930117539522553 1.5926917915386636 1.2982114827173936 -0.07422677733226687 -0.09393251247960915 1.5927869914331783 1.2982099483371399 -0.06020029412580988 -0.09909739063506309 738568.4851120386 0.2770503092001024 -0.14154363732195988 -0.05762863279544175 -0.3049277425324265  738568.4851121418
0.18936491526773985 0.8847160059909469 1.5906813929553167 1.2940342641194857 -0.08855049918846451 -0.14312331856684987 1.5908168708880903 1.2940815914565786 -0.07477741570564904 -0.1717729024993701 738568.4851122806 0.9703651183972712 -0.42741204293474666 -3.1692234853385566 -1.0502251670595353  738568.4851123831
0.20808379666923718 0.8763157117941298 1.5925173980326544 1.2894422155235055 -0.050919668052726234 -0.13239318941397896 1.5918970109707928 1.2894340882495152 -0.026828496727362233 -0.16280824287587053 738568.4851126176 0.46707482929969557 -0.19734241956683948 0.4519432110987691 -0.5035030652540495  738568.4851126291
0.22336977971462918 0.8692741809397824 1.591372573923262 1.2872093800682667 -0.05772850888581797 -0.11767091549780315 1.591369483435893 1.2871851915667556 -0.026485409548920646 -0.12448526089424464 738568.4851128522 0.2414556349693853 -0.13597203541496736 0.32104722377200623 -0.2698565378774636  738568.4851128752
0.24210496356728717 0.8608651052287497 1.589725690432228 1.2828114103474515 -0.07368105790604301 -0.16500693985070863 1.5899016748635013 1.2828523022523701 -0.04576741227802821 -0.18842753067439671 738568.4851130898 0.9272414106076817 -0.4322532330365738 -3.2848890278141676 -1.0118247590832088  738568.4851131217
0.2535624147772427 0.8556998582609953 1.5887725884211914 1.28219832966672 -0.06718561424140371 -0.10284350494799553 1.5888119806898109 1.2821312588839855 -0.05036199258403758 -0.07678207673035635 738568.4851133131 -0.07620135833726394 0.030192143674480754 2.8067684114005287 0.08164290296327567  738568.4851133593
0.2725113686504873 0.8473623496560934 1.5871427160770224 1.2786448797086811 -0.07835215846875523 -0.14078055371829032 1.5872433531669037 1.2786876378140846 -0.061324050046507365 -0.14325201465872456 738568.4851135522 0.5523120560696501 -0.2043935551417986 -0.9717266629370753 -0.5877766682885802  738568.4851135955
0.28363843988286985 0.8423825948796424 1.5891820633299767 1.2742894251442236 -0.042622454947305995 -0.11349881246825107 1.5886828591115538 1.2743262953685153 -0.003016414084365239 -0.20471247117561175 738568.4851137751 -0.44318782389394673 0.2400137593598113 0.902815048843324 0.49397594865879146  738568.4851138444
0.2981059547586357 0.8360745500069651 1.588398496048889 1.2723898596382437 -0.04198026786053822 -0.08445497976586169 1.5884339708769655 1.2723377706359387 -0.006859717568837149 -0.12417402720163742 738568.4851140155 -0.6668762612211934 0.36263727996550504 1.6374299572645197 0.7440189067549574  738568.4851140914
0.3131097799347325 0.8296316266558931 1.5875039118977634 1.2702122331717567 -0.04719664002513083 -0.09426078578252775 1.587631273203225 1.270205459791062 -0.021523863707640787 -0.11304396532188837 738568.4851142416 -0.29958552574468966 0.23781950017194767 0.4694353810722387 0.35656638418080694  738568.4851143293
0.32781569577925124 0.8235451832694312 1.586630642774443 1.2679649579345382 -0.04671087855408897 -0.08871047590218913 1.5867197908582316 1.2679629658666765 -0.03125952152121372 -0.10993918960787355 738568.4851144801 -0.21678129309618158 0.2597609291378735 0.1609891709301361 0.28438378763545763  738568.4851145728
0.3464099467676628 0.8157487819785845 1.5853071701178634 1.2638381764047988 -0.06178329852993658 -0.16304616381704046 1.585437222953283 1.2638835214808475 -0.04651005629564808 -0.1858263316882659 738568.4851147023 1.0241587765289046 -0.2537147934481263 -3.5493906397648036 -1.0529491873272345  738568.4851148089
0.35765817185869125 0.8109025039313503 1.5880349119331583 1.2603497027522916 -0.025765660573463724 -0.1212896664906361 1.5874704585292587 1.260345596888423 0.016994797390234143 -0.1792337399074316 738568.4851149337 -0.06102983023869335 0.1503802722883818 2.344866807292358 0.10405119344041636  738568.485115048
0.37952572078057445 0.8015013232332056 1.5869138067815707 1.2574785952112626 -0.037491266564194485 -0.10082104729294988 1.5870838845830162 1.2574229527356946 0.004150551440985787 -0.11926288514148842 738568.4851152785 -0.159348587657215 0.1539719290199058 1.5589427190528677 0.19904759235177294  738568.48511529
0.3942995092868788 0.7950496153173315 1.5858173168770724 1.2553925420416356 -0.05019214955604494 -0.0945911318160932 1.5860333520604382 1.255384143460291 -0.019967126367900934 -0.10588184876441215 738568.4851155118 -0.14464217641468327 0.07550885095056264 -0.05491544437310614 0.16093002472451454  738568.4851155349
0.4083452986535739 0.7885709593548467 1.5843343044115248 1.253690472574389 -0.06737116075683007 -0.08048313749910618 1.5845415413076103 1.2536803994679886 -0.0430229432158947 -0.0898881220441374 738568.4851157459 -0.2585700973784184 0.008393900617001446 -0.25923004920537274 0.24829563831405552  738568.4851157726
0.42236011975477195 0.781943826171546 1.5863053756744625 1.249393825946971 -0.046676965434958445 -0.09595927524413896 1.5858837229629095 1.2494493053903801 0.003812279860591232 -0.17783544131248719 738568.4851159804 -0.33360070002717424 -0.059736602640021425 0.008029830435772933 0.2976474639813743  738568.485116015
0.435764141151426 0.7752575219734833 1.5849010443568965 1.2478480525843425 -0.06986206197850309 -0.09249369259785734 1.5850698602612332 1.247808069263396 -0.016182533655722045 -0.11024960741299122 738568.4851162002 -0.2763644689136664 -0.2159031027186823 -0.04273914765468481 0.19355766595185608  738568.485116257
0.4491940728614821 0.7685762806317429 1.5832607226546922 1.24620415131544 -0.08324990018610713 -0.07029506196819911 1.5834963184110475 1.2461886323167837 -0.04166254720554752 -0.08629612275160936 738568.485116441 -0.4643902287662076 -0.15393101592832922 -0.0831064098448846 0.39104814363831203  738568.4851164991
0.46252742408879277 0.7618056580576533 1.581464222670783 1.2450408479601098 -0.09884263253451847 -0.07059671132829129 1.5816631866369322 1.2450299221422196 -0.06531422703020082 -0.06776019472786074 738568.4851166601 -0.30170877522729733 -0.23981949547752995 0.08237255523698031 0.2090935328618787  738568.4851167422
0.4757526992287821 0.7549899269180376 1.5793780188594095 1.2437276212769734 -0.10848771206823568 -0.050271547687233215 1.5795253743392585 1.2437250791536691 -0.08118798739482777 -0.06385193915428017 738568.4851169018 -0.44514206272132967 -0.1497886324427879 -0.041606210000253344 0.37342188448972  738568.4851169882
0.4926717612962269 0.7465615293183993 1.5803576681263334 1.2370156028300006 -0.08652395580573596 -0.12238386373074385 1.5799505957246953 1.2371362728273059 -0.037750434753709684 -0.2476182120036986 738568.4851171458 0.19936450681419488 -0.3758359655649631 -3.665872685217787 -0.31149208570186926  738568.4851172252
0.5028577293676949 0.7414874890173316 1.5792646008847804 1.236892029576972 -0.07989690307833902 -0.06996705064059558 1.579261186806418 1.2367931331122715 -0.03734046280220383 -0.07813205118734157 738568.4851173627 -0.49940764099985463 0.07715933253815882 3.308635553545781 0.497113095530012  738568.4851174667
0.5164167382087307 0.7349782389789502 1.5779441243612649 1.2355348146848437 -0.07579282272431725 -0.04941779959225612 1.5780303823446804 1.2355265013327787 -0.046656040722202405 -0.06531879556750798 738568.4851176039 -0.5647308391694518 0.2263359465718148 2.226050405957242 0.6077572324936855  738568.4851177027
0.5358342941951343 0.7249330941153636 1.5752607741404687 1.2340523584744307 -0.09175846368097966 -0.045981313136476916 1.575489290533396 1.2340432729761615 -0.06453967132449885 -0.05517127604217822 738568.4851179366 -0.4072491769718385 0.12240504590967939 1.0893177206460773 0.4248207827354878  738568.4851179481
0.5522580638332768 0.7163195277700803 1.5726066869606818 1.2308103432295945 -0.11579862608299282 -0.08917966084690944 1.5728518710257657 1.230857114389887 -0.09090920117811876 -0.12696080515325897 738568.4851181788 0.29622899692330384 -0.2950209512491956 -3.0686379559396286 -0.3776544342687391  738568.4851181905
0.5621828380023631 0.710925950600307 1.5743451610596082 1.2273999253708803 -0.08140188755898992 -0.061700482763485776 1.573814281646702 1.227420374813654 -0.031398745865452084 -0.1596761635701328 738568.4851184111 -0.5536126409280082 0.09023660237331488 1.098997396468369 0.5516723415170073  738568.4851184342
0.5754065513498888 0.703967792630184 1.5726701729944417 1.2262826779225116 -0.09215217540193302 -0.0655142694229118 1.572758864297832 1.226240791259474 -0.04202254670693226 -0.08807048550677649 738568.4851186285 -0.30420153118418786 -0.021314590592965088 1.1611714337385783 0.2791278282394052  738568.4851186747
0.5883152325503921 0.6969981667372774 1.5706707760303211 1.2248722420199925 -0.10305898999732468 -0.06288231331553953 1.5708711419391876 1.2248636219125602 -0.06468910887638162 -0.07415343130167427 738568.4851188586 -0.20424064928057245 -0.07395448601964989 0.1207174242887803 0.16706648557836287  738568.4851189204
0.601506476365613 0.6896937701261598 1.5683119270429398 1.2233164740697147 -0.11407916704110042 -0.0487302061356043 1.568501004301817 1.2233157570775652 -0.08466780046933706 -0.07307220908490919 738568.4851191051 -0.27905108760249797 -0.05624305770244108 -0.4066531557864328 0.24322087469520318  738568.4851191631
0.6179072180051632 0.6806051299434281 1.5653377929872792 1.2201441450063562 -0.13933857949986994 -0.10037541116685823 1.5655697047461967 1.2201822275134648 -0.11044720304737554 -0.133487716291562 738568.4851193394 0.5316886661126908 -0.5061552331184903 -3.3356663062954874 -0.6732043905990694  738568.4851194057
0.6277477431419365 0.6746573272532747 1.5669197798386567 1.2171991996318707 -0.10730192406919864 -0.07200568777966346 1.566357310000919 1.2172074334630365 -0.0458957400567519 -0.14697366873348022 738568.4851195663 -0.31163475912432803 -0.13245672782017376 2.147355899994963 0.24648850729309157  738568.4851196471
0.6409700140678306 0.6667995279748383 1.5644927472693648 1.2162162039547293 -0.12483638368300805 -0.06464847834823195 1.5646450864700652 1.2161727627449097 -0.06313668059138713 -0.07680810671238479 738568.4851197965 -0.2918460109822845 -0.19061196348466422 1.2747922559806377 0.20751112395652685  738568.4851198946
0.6542594841791849 0.6587371512922255 1.5616544228042564 1.2145083114240194 -0.14268130398204215 -0.06606997751960506 1.5619281100189928 1.214510722068116 -0.0935083437175792 -0.08062596651222409 738568.485120031 -0.16067594091822593 -0.285552746934878 -0.7900259681416744 0.05098500788430542  738568.4851201347
0.6747090584375717 0.645475204434446 1.5563235555303605 1.211679385170984 -0.17858612053066986 -0.07764442069150937 1.5567765740593567 1.2116892897270517 -0.12787754417054953 -0.09135007733960776 738568.4851203744 0.015953219576378602 -0.4541673197297569 -1.628681195894001 -0.1745515591431669  738568.4851203744
0.687919242985388 0.6364214528524319 1.5555150281522587 1.2056268177846938 -0.17385860223056593 -0.12800000098770634 1.555311794653739 1.2057225304816388 -0.10478082065784217 -0.2465878672535542 738568.4851206035 0.11425579241617408 -0.6461344326901156 -3.955901787531606 -0.33746167288349516  738568.4851206151
0.7056794649113837 0.6247760878878699 1.551119545289215 1.200295752853514 -0.20690358057041125 -0.1883652621653624 1.551438602901403 1.200301462142861 -0.13900067965110613 -0.255326912216901 738568.4851208463 0.888863676055115 -1.086941827727275 -5.11035196785577 -1.2221130736975607  738568.485120858
0.7160853350809143 0.6174769165569919 1.5476878695517522 1.1995879088181007 -0.2047632223510472 -0.12631661073852776 1.5478554497157153 1.1994922348374986 -0.15838803627731282 -0.09736126657747221 738568.4851210715 -0.040590418494741654 -0.46947092103465315 3.1447093484398785 -0.13247093886942568  738568.4851210968
0.7297973146077703 0.6084744814570281 1.5440571240765881 1.1976693059046908 -0.20861573226088032 -0.12223291365296941 1.5441862553667147 1.197668950444761 -0.17377252025805293 -0.09675687986226146 738568.48512129 0.016255012839244534 -0.35290535372596554 1.992123117477774 -0.14378079717300998  738568.4851213366
0.7431799931797524 0.5988839727849871 1.5395956735404503 1.1953505187025597 -0.22294923483122311 -0.10486305630046304 1.539753320139395 1.1953575161773493 -0.1908690493457785 -0.10758710541499746 738568.4851215301 -0.1541496579885357 -0.28094439497492346 0.17532120362765946 0.04039349934210468  738568.4851215758
0.7573308018381099 0.5894230874192077 1.539305177037392 1.19007542398476 -0.1878492611170105 -0.13445467642332018 1.5387605368159176 1.1901454159711808 -0.13014997097774283 -0.2189489958517347 738568.4851217637 -0.025218674980779454 -0.24577046775261235 -0.14315892829876026 -0.0679128691137999  738568.4851218209
0.7706426293536108 0.5801465999989257 1.5355623623873906 1.1875987952599638 -0.19900152436616506 -0.1296344695566144 1.5356647153133085 1.187559252728001 -0.14186509141079573 -0.154356244338907 738568.4851219913 -0.0045967097476288556 -0.22361435906159077 -0.12872914992132936 -0.07934339793433626  738568.4851220604
0.78395234206961 0.5707622625616144 1.531484989900744 1.1851591184750085 -0.2072301124175646 -0.11033714684079299 1.531681464833964 1.1851408591936652 -0.16311145437841662 -0.1261767015556932 738568.485122232 -0.1755027324133001 -0.10288491513478197 0.05381725812433344 0.12391350269962931  738568.4851223003
0.797517713900655 0.5616817427581301 1.5275958623259214 1.1830210032110768 -0.21104112196195626 -0.10946809336298562 1.527738665657136 1.1830131239743447 -0.17952473094689553 -0.11325219672009451 738568.4851224587 -0.05079506892064363 -0.06001606449430514 0.2571135524891128 0.02432979980024423  738568.4851225405
0.8105971602164204 0.5523506703913685 1.5231921495829333 1.181005639769972 -0.22360869116282558 -0.0992541500315082 1.5233425728350656 1.1809996193302301 -0.19637284930206964 -0.1036285990132386 738568.4851226911 -0.11527194273192155 -0.04885646742407439 0.04438661355811044 0.08806003087660007  738568.4851227825
0.8319173188225049 0.5388324828948626 1.5212706437110308 1.173960726724046 -0.18817866627657118 -0.1448293730596559 1.5206930934421443 1.1740516408103512 -0.15145885330088835 -0.20452969863328216 738568.485123026 0.11924976056962365 -0.05302855600733549 -0.441884484450932 -0.1304783333151819  738568.4851230376
0.8457342984255589 0.5300306220800552 1.5179100711214837 1.1710141832598588 -0.17999058580469063 -0.1328972412029664 1.5178525275236028 1.1709870393325847 -0.14521898473726852 -0.16252247995113905 738568.4851232661 0.06552323382622886 0.13577800448103297 0.2849498095729265 -0.007509253179194902  738568.4851232776
0.859282369463893 0.5211724604558855 1.5143224842276584 1.1685750015327647 -0.181140484789704 -0.11553828104472845 1.514410364807163 1.1685542131894124 -0.15485211633696114 -0.13000122637855505 738568.4851235037 -0.08353971463718167 0.2338469385189509 0.7432697825075283 0.16841522622866384  738568.4851235155
0.8727263995729589 0.5119121045085969 1.5102039264303744 1.1663137581722278 -0.19758010082626548 -0.10798052439688507 1.5103802074930877 1.1663055235561837 -0.1746349380289184 -0.1168126248822296 738568.4851237357 -0.13242885956459155 0.11640492331712694 0.13848417360944776 0.16755302375007344  738568.4851237588
0.8891988633525753 0.501724278167139 1.5060980859042516 1.1623148582769884 -0.20373338944275493 -0.14628170995774267 1.506211077163099 1.1623508299778336 -0.1870506019997385 -0.17322298742944026 738568.4851239728 0.46556474554258837 -0.15434174676193596 -2.034906179576959 -0.4885674777536065  738568.4851239957
0.8988069881620774 0.4946254744835715 1.506552283240465 1.1586795445042768 -0.168759457207347 -0.11057366353363732 1.5059292332250294 1.1586881186231688 -0.11324541745823515 -0.18771825631496475 738568.4851241925 -0.5165332790529875 0.25428442673333174 2.962429707511376 0.5751401008794742  738568.4851242388
0.911769481512289 0.4871696367969526 1.5040557776184575 1.1571865447588054 -0.15003694128839487 -0.08910454767571746 1.5040043256071944 1.157138463149898 -0.1072727970068215 -0.10806301313584504 738568.485124417 -0.5274022655709154 0.5267293361714525 3.1303201136960936 0.6946312231502721  738568.4851244861
0.922831447318103 0.47951511066480135 1.5008709716637263 1.1563893389079056 -0.1557239592952812 -0.04863769725534533 1.5010268668414293 1.1563572586553716 -0.12470090870004777 -0.05687971743293028 738568.4851246498 -0.8761970009713651 0.6292204213191602 2.3746792963693046 1.0553853612561068  738568.4851247272
0.9350281887248559 0.47141187608719437 1.4974182297450545 1.1552424875376714 -0.1654091691900855 -0.03274266690589614 1.4975874215149683 1.1552413872809684 -0.14330844245481883 -0.0551527807282235 738568.4851248867 -0.8414114537976938 0.5352514364940373 0.7697068845801471 0.9858805827020076  738568.4851249675
0.949595004426095 0.46233019603086517 1.4938412535604801 1.1526244128164567 -0.1731646553599635 -0.06200760664167962 1.4939641009385394 1.1526575044015652 -0.15660812480725986 -0.10628159988173363 738568.4851251272 -0.22555728244123396 0.2229881044802568 -1.636978575787893 0.2966750168459229  738568.4851252084
0.9619606043756989 0.4540738352099193 1.4942730257378696 1.1468756140409542 -0.14681183944981321 -0.10242474473155326 1.4937234320051638 1.1469579734025168 -0.09465765562602274 -0.23877328226965908 738568.4851253582 -0.10245725814466564 0.08143730622935735 -1.9482683187507952 0.12688627019813514  738568.4851254496
0.9690265784147478 0.45033898742255973 1.4922081416131483 1.1526935581948536 -0.11923788098250614 0.015388644364127022 1.4921493954347622 1.152457666799453 -0.08801114799250638 0.14211604424876043 738568.4851255884 -1.3234787318252716 1.0599029062975622 11.183974589208725 1.6398250807629815  738568.4851256933
0.9859171609703176 0.44016499267216297 1.4890923236210967 1.1487432828218112 -0.11786254105681404 0.03118907002953678 1.4891704875284484 1.148920176632366 -0.09403728334179853 -0.05251767120070863 738568.4851259262 -1.1109960941101877 0.9515732529603655 2.515850809390587 1.4033029906098649  738568.4851259377
0.9967061142968874 0.4334826374885657 1.4862668607375058 1.1486253720653987 -0.13067371663204488 0.02826940841227891 1.486431773950291 1.1486084705612865 -0.11266754697449174 -0.02526797162381111 738568.4851261567 -0.7626520134030925 0.6639138769058326 0.5973375798176965 0.9677256001887903  738568.4851261799
1.0079725279182314 0.42705515449920267 1.4875447432778655 1.1454226136413121 -0.0931672648353359 -0.004861789179595203 1.4870007212903447 1.1454827541907397 -0.05236998873525559 -0.12039928212124044 738568.4851263916 -0.4564103279014051 0.5184771669681968 0.5894453531189232 0.6296925499890589  738568.4851264263
1.0181961898264917 0.4214752462101138 1.4858620121970203 1.1455359435064836 -0.08888100438175427 0.013215085785749432 1.48587652395775 1.1454805354738626 -0.054001610301591334 -0.03149045664803418 738568.4851266233 -0.44097445663131196 0.5800074027294038 1.7110945920468406 0.6409841394921155  738568.4851266694
1.0296193807471583 0.4151405239807275 1.4839480226123818 1.1452075270330597 -0.09245150550464366 0.010168462704354786 1.4840827190005283 1.1451994122020221 -0.06906268375034043 -0.01854097832645546 738568.4851268562 -0.18447674785176915 0.4344450975042359 0.6251292644042248 0.34738440320115954  738568.4851269131
1.040141852037309 0.40817308798793306 1.4810516862722733 1.1452619938430475 -0.12533725849269428 0.003901351907331783 1.4813257387557652 1.1452526231621416 -0.10136821246575597 -0.0027762287752821323 738568.4851270771 -0.04530553548839289 0.02820015444120305 -0.5601857415761591 0.05290634603786071  738568.4851271581
1.0502328550045965 0.4017850428345152 1.4779527606109375 1.1461665383709263 -0.1438514147627505 0.024050183766916863 1.4781653793885035 1.146144715656225 -0.12509186166643393 0.03197430395954229 738568.4851273105 -0.21960799184406876 -0.01235186027976417 0.40462393524462426 0.195016132852058  738568.485127404
1.0612551867913826 0.39545639733760607 1.478823674726736 1.1426157541619697 -0.10980103756901051 0.0005965923649337893 1.4782962130213784 1.1427103292818592 -0.06882253814796842 -0.11201508049854111 738568.4851275545 -0.24630459389182677 0.09045413176359099 -0.9757144265918044 0.2616269142430836  738568.4851276468
1.071578560895481 0.38936358596694065 1.4766675422811617 1.1428244628677098 -0.11527216255762537 0.010815510421473296 1.476711339549564 1.142772275898161 -0.07382796207300586 -0.026895645141464794 738568.4851277824 -0.20804367250129355 0.12786955975980036 0.5887247774062402 0.2423493267110265  738568.4851278851
1.0817156985029428 0.3840273261298276 1.4748176492397722 1.1434660121814681 -0.11056848742142751 0.02056451419031086 1.474894698142507 1.143438828149233 -0.0828914162163812 0.018741027779254377 738568.4851280038 -0.1274247861250502 0.269837571333724 1.6887499038108467 0.22779836890505073  738568.4851281266
1.0968708966077327 0.37444614145092137 1.4713208304196554 1.139910294103884 -0.12866173926028143 0.03628726732013194 1.4714856008728152 1.1400026278522424 -0.09497081622905207 -0.07786390636885858 738568.485128359 -0.19556038355112643 0.20724521089330233 -1.3282281993674259 0.2642467416705827  738568.4851283706
1.109811454730284 0.3673330356479206 1.468562312538646 1.1389896927194723 -0.1394132990144697 -0.0012525610963893326 1.4687250237581744 1.138977317220979 -0.11320931534479867 -0.05806655399625092 738568.4851285913 0.4175952424431693 -0.1015185886212926 -0.6453955330473562 -0.42175142553517436  738568.4851286145
1.1168046426864175 0.36236592480113633 1.4693242506116577 1.1385626122156052 -0.11837826354589816 0.04092081754369929 1.4688604993182157 1.1385454088355837 -0.0618322223877955 -0.030866423260813635 738568.4851288265 -0.4936814813593862 0.19877984186386455 3.909668599125121 0.5315476388793597  738568.485128861
1.1268620267132565 0.3564810780156426 1.4669212210606417 1.139642726979887 -0.12754094972098423 0.05369661785962398 1.467038654922115 1.1396044993027639 -0.07538691176971023 0.03210549928140079 738568.4851290521 -0.45962489708631193 0.19867836316681126 2.432736512352152 0.5005934608584325  738568.4851291099
1.1348696214169993 0.3522386339726469 1.464922267131527 1.141866831047612 -0.11847226150160586 0.10095114991061059 1.465014497888249 1.1418306846756074 -0.08554586297822783 0.08892672942452867 738568.4851292884 -0.7906717046980531 0.5494045013111897 2.946778509876431 0.9475418988517268  738568.4851293545
1.1432057331964667 0.3473113459433525 1.4625065526368397 1.1442912773575853 -0.12396031421102176 0.1280106399367672 1.4626336531455597 1.1442759930275381 -0.09982255893237653 0.1134286227186061 738568.4851295203 -0.8645962443028401 0.590887572534342 1.9422525759044142 1.0315883884389647  738568.4851296013
1.1530320525623896 0.34086443043874504 1.4591542031373643 1.1456529166006653 -0.15284679708193857 0.11037158254909843 1.4593911557728816 1.1456730309809702 -0.1264524548579431 0.08116691160899862 738568.485129752 -0.4435171026434956 0.16100866166506672 -1.2386768866890536 0.470443282174528  738568.4851298444
1.1590336898581681 0.33746409993903453 1.4603178239234536 1.1455754099329714 -0.1133310523050603 0.12082576230529174 1.4597820870243798 1.1456125809753803 -0.06351006217634979 0.018840913217110053 738568.4851299736 -0.9039909795103083 0.4897126724061645 1.2072854441016316 1.025505701624341  738568.4851300912
1.1666358204797065 0.3324998556520783 1.4570130795755771 1.1524200905213762 -0.13100137673163698 0.1522250177842323 1.4572426115983992 1.152275828700661 -0.08808949133920012 0.23931255327294776 738568.4851302168 -0.9898983512810434 0.4813073766079167 5.200485218547028 1.1000637126214143  738568.4851303328
1.17534861548869 0.3256711364067136 1.4528854043197885 1.153672223687893 -0.15506438653724391 0.19369693262256132 1.4531582598573582 1.1538029016287021 -0.10848285070328349 0.09992272030466884 738568.4851305652 -1.1294403157096922 0.4368489590917867 -0.16446192921523206 1.2095815142078423  738568.4851305769
1.1815192934355 0.3203688652851937 1.4488142127117418 1.1573970205048665 -0.19052250107656096 0.2034364451154803 1.4491691133161992 1.1573602115893409 -0.14923061280532007 0.16023737703507251 738568.4851307921 -1.0478342487378165 0.12735576055620834 0.03729843943669586 1.0107271896298444  738568.4851308266
1.1871556040578155 0.31558629641212244 1.4480210516028678 1.1588703414361985 -0.17303734817441574 0.18970013899637822 1.4477255872457453 1.1589087143863415 -0.11610299603442484 0.09883529463314768 738568.4851310244 -0.9956854345247145 0.056547124998392304 0.8311146908007365 0.9350378007069189  738568.485131071
1.191960288949902 0.3101584483035964 1.443768336034396 1.1628961592482283 -0.20844842902852076 0.20661433790303968 1.4440418632296312 1.1628494934783604 -0.14789273089203406 0.17623826793445108 738568.4851312485 -1.0301655309572488 -0.15056383519621475 0.4721747112021549 0.8859203763523591  738568.4851313084
1.1960425866833457 0.305857701471489 1.4397652381218229 1.167729092557929 -0.21494616046194792 0.24421289800816598 1.4399641179242935 1.1677006404220056 -0.16970786763636647 0.22077875374574613 738568.4851314859 -1.1899524823439411 0.04577395090356273 1.3251663433115328 1.1125467876757282  738568.4851315535
1.1998070114856292 0.30164870657914244 1.4358168706478784 1.1731962261973155 -0.21899063689976594 0.27244749251948647 1.4359642060999633 1.1731670155486689 -0.18714493524418782 0.27011660229965206 738568.4851317059 -1.206595345970452 0.17813216615830826 2.1358536755779403 1.1814463293805482  738568.4851317983
1.200969419384812 0.29713861028073885 1.4297447516169204 1.1847370749196349 -0.24472324451291183 0.3414771837164501 1.4301098892950803 1.1846046157609647 -0.2261942921877579 0.47228442981916907 738568.4851319494 -1.7031994864216 0.24546465321827965 6.078676419238851 1.6702715937304486  738568.4851320453
1.203774489694385 0.2909880728293962 1.427131196401324 1.1875114893954 -0.226879662007985 0.3485129253862011 1.4265438343530163 1.1877584817922064 -0.181240367168522 0.2024992213328335 738568.4851322897 -1.6905216674058046 0.2628155992172392 0.08394401410924068 1.6661443480032256  738568.4851323013
1.204724544257072 0.2877389841564487 1.4231410107203255 1.1948667508177617 -0.2201525358126285 0.38452650030366103 1.4230890321901803 1.1948005257850016 -0.17555417252828506 0.30589259928704443 738568.4851325277 -1.6462844978394995 0.47271265111128224 1.9453000889870662 1.7048695566183252  738568.4851325392
1.2044617020887511 0.2852617339874342 1.4194007286088524 1.2033435807284678 -0.20754145380530278 0.43098381101255073 1.41942043202212 1.2032911336196652 -0.17773718617541362 0.38882215748175375 738568.4851327627 -1.7317173058935023 0.7428677638246453 3.6526546158640736 1.8829846498955431  738568.4851327859
1.2031408074527195 0.2832485613745726 1.4156513726826176 1.2128684283864375 -0.19921768183747907 0.48207869721764507 1.4156845043204032 1.2128282657307727 -0.1814569163823383 0.4531744130691607 738568.4851329947 -1.8857084092543512 0.9398169695867266 4.048745364893045 2.0954512209444216  738568.4851330298
1.2028845833423716 0.2796795791402687 1.4108504358753826 1.2218243887521976 -0.22419974186144592 0.4904206863750531 1.411046499369074 1.221824754404578 -0.20363915734775564 0.45258400823897194 738568.4851332249 -1.5707362145092467 0.5926628096966546 0.8908319350715059 1.6787099918557056  738568.4851332654
1.1997764515840155 0.27780578472778755 1.4093022335794587 1.233924205690148 -0.19294323368389585 0.51193832051132 1.4089109810927565 1.2338614720523542 -0.16085046653671542 0.5504980944587036 738568.4851334629 -1.7929582215491258 0.6520244709546893 6.415158441675358 1.9076996842842846  738568.4851335151
1.1988448589876186 0.27484070167888336 1.4049876561818684 1.2432746634252094 -0.21023244239492855 0.5129489517605376 1.4051257570992575 1.243298515291896 -0.17718295733173905 0.5102402009193123 738568.4851336832 -1.3681644780329374 0.3867477324212021 -0.20498690487658333 1.419852058410787  738568.485133764
1.1965254000235537 0.2741523013160436 1.4018300573031943 1.2536992032644323 -0.1807893079613694 0.5391233421156711 1.4017868561532527 1.2536962244444774 -0.17235287960201015 0.5149932892188366 738568.4851339161 -1.2122078280737503 0.7087789964755242 0.2388271562929148 1.3727768644025873  738568.4851340095
1.1926929942697184 0.27282937392610035 1.398078917245043 1.265265511905413 -0.1878823758562338 0.5825365766195447 1.3981248731903246 1.265235178844897 -0.1775627385907371 0.5640697586347251 738568.4851341458 -1.4048451954256915 0.7775128674827568 1.2353808397701103 1.5736586294284942  738568.4851342519
1.1876899905759566 0.2702608669498483 1.3959052633001525 1.274518529866242 -0.16364118233829825 0.5740930608822814 1.3954286512913154 1.2746812205934783 -0.1409335987722921 0.38562764657370385 738568.4851344847 -1.3361916019557123 0.6471628542032141 -1.6714230603796703 1.4669206378358663  738568.4851344962
1.1834260842777822 0.26898440965498727 1.3922179345943926 1.2860528877043338 -0.1754937922925577 0.5972602949128172 1.3922778504324815 1.285971639383116 -0.14763237246419791 0.515268200776926 738568.4851347175 -1.2693320310126819 0.5223029057702933 1.6362643881275918 1.3649415484621  738568.4851347407
1.1787275611425259 0.2685925631530745 1.3890496258501002 1.2982913594047412 -0.16483269012007118 0.6227935800219491 1.3890704821318942 1.2982574409079481 -0.1498687103368319 0.5671732903321616 738568.4851349605 -1.184408358859562 0.6261168737691589 2.8557300361505815 1.3092194667563686  738568.4851349836
1.1747992755747085 0.26642284774713637 1.3847218951835467 1.3100062030902468 -0.1969722974832073 0.6241007187580127 1.38495325126327 1.3099890148235256 -0.17674600178952377 0.5956709688960259 738568.4851351846 -0.9143827255468117 0.23307459259197205 0.8572556643064706 0.9435611863336874  738568.4851352194
1.1683655448855488 0.26663164033219294 1.3812616378888052 1.3236157620044413 -0.18501723836454895 0.6682868009001438 1.3812649855915597 1.3235875075425307 -0.1771086881888475 0.6393571655384165 738568.485135425 -1.1348506257005133 0.46176419370318966 2.390253648322541 1.2133384961833042  738568.4851354596
1.1637622752139882 0.26586836486855775 1.381060509550676 1.3347621813318125 -0.14903850497338134 0.6557484855642521 1.380545287605741 1.3347889131166317 -0.11715647621884423 0.594964458348875 738568.4851356487 -0.9099759027575827 0.43086972015624586 3.687184946453463 0.9855032993608216  738568.4851357065
1.159065530526138 0.26526629093396753 1.3780284465674553 1.347325106922318 -0.15019995360274077 0.6522935385249955 1.3780381987485335 1.3473236609554944 -0.11820322311369703 0.5971794447713431 738568.4851358915 -0.579284808162313 0.3786311606151499 0.2686430341293282 0.6487910089672091  738568.4851359491
1.1527817678256442 0.2661720573961302 1.3758041693255672 1.361031276784847 -0.1290609314592841 0.6818861482947359 1.3757796576038168 1.3609942192161404 -0.11547241104973706 0.6561001223429284 738568.4851361251 -0.6949146903391955 0.6394386658464939 1.868254629794148 0.8128324477821074  738568.4851361922
1.149151034825947 0.26538018179708683 1.3727125730088021 1.3733941191681296 -0.14306866842041385 0.660676527369416 1.3728386361913139 1.3734064981574337 -0.12984280071222146 0.6359611047861047 738568.4851363536 -0.19243097224546324 0.39660430325217483 -0.6897610651782837 0.2664769303733266  738568.4851364322
1.1450191543785082 0.2645153184066751 1.3678365699387312 1.390639048206535 -0.1772364332147049 0.6511435617348285 1.368236610020103 1.3905270245617236 -0.1765569644332805 0.8226539117952782 738568.4851365766 0.08530135037206493 0.10557455852510994 2.9600970806318347 -0.06500348834577188  738568.4851366731
1.139623072106548 0.26540193580830435 1.3671876025206706 1.399990659803598 -0.14578737411581155 0.6245374629967061 1.3667809856682342 1.4001541310926027 -0.1315671287616198 0.5645210269652061 738568.485136812 -0.04079803798857004 0.3309296959457819 -2.054978469751134 0.09645457164269397  738568.4851369165
1.134668001358376 0.26464514298967395 1.3634734377722666 1.4125849285828935 -0.1739932709402604 0.6360937358480442 1.3635950716062577 1.4125511600001261 -0.14570220008463033 0.6205263436461311 738568.4851370361 -0.1354417583729719 0.13390340841124748 -2.1100563491615496 0.15484695640765808  738568.4851371614
1.1277309325708875 0.2635961481212945 1.3586244617344634 1.426805839191814 -0.19765864504390024 0.6344343751449874 1.3586955113745727 1.4269188633343817 -0.15084788541400665 0.5037041442466708 738568.4851373957 -0.05530550911943666 0.030529273577756297 -3.832467781689275 0.059113917675523764  738568.4851374072
1.1230727479950375 0.2633710059589117 1.354484041347719 1.4393179921647798 -0.2133253030787313 0.6368062974561655 1.3546896130527342 1.4392588934929824 -0.17468835245451111 0.6015183554142555 738568.4851376202 -0.009941535238035891 0.012144998601880834 0.12625092218955425 0.01144793913895394  738568.4851376552
1.1179711139497208 0.2636789276285112 1.3505489242891096 1.452342723329736 -0.21310122525092723 0.6458191997897769 1.3506363657980611 1.4523267999651432 -0.18425069655932377 0.626369956785171 738568.4851378583 -0.044808562248818455 0.15765069448103491 1.2753942389622008 0.06312522228786058  738568.485137893
1.1131803209433453 0.2635849789200309 1.3510205800175898 1.4641668842652973 -0.17700651556168057 0.6404420787133369 1.3503917707004702 1.4641717037508912 -0.11073315119679511 0.6183283000342241 738568.4851380811 -0.08048307978002131 0.16879557557114144 6.119551573267567 0.09799046402772936  738568.4851381332
1.1087975668165808 0.26327425553911926 1.34707455438862 1.4766369427735713 -0.19764493707872788 0.6388482350094684 1.347265016948068 1.4766236868011013 -0.13304512401947738 0.6404904946776903 738568.4851383034 0.005460656944104525 0.08036036300224884 -0.05014803667622747 0.0021190384545019363  738568.4851383726
1.1037058942573192 0.2630475767087348 1.342558362410563 1.4900694623752484 -0.21728727059874955 0.6437208972134231 1.3428682597482484 1.490066948175681 -0.16653792852762 0.6443684806325518 738568.4851385443 -0.0035040057413745235 0.035339548556396046 -1.9850884744878259 0.006342347806819854  738568.4851386136
1.0985826750018075 0.26254140208825233 1.33767547734161 1.5031780294543018 -0.24112379569755318 0.6499469940950433 1.3379521892710637 1.503184537459353 -0.19647637958236225 0.6343194969470368 738568.485138785 -0.029822961331865072 -0.04769830067854044 -2.5001185329768125 0.026531987872305266  738568.4851388544
1.0921071139630951 0.26260769403227063 1.3328482805536699 1.5172233203670944 -0.25153580568578443 0.6854837013361814 1.3330459630810865 1.5171884506578714 -0.21906712545387175 0.6911895228640705 738568.4851390129 -0.4283273569365594 0.027110828139396796 -0.14673390547038512 0.42916455374134255  738568.485139094
1.0893478547916415 0.2619150479733644 1.3265846785537572 1.5298779285879305 -0.27283583481208107 0.6096792694114505 1.326929044040705 1.5298983149792558 -0.258458653599912 0.6579085217516365 738568.4851392406 0.19372883463881013 -0.08315872194568097 -3.2042113014976903 -0.1969684479293201  738568.4851393332
1.0857555325778725 0.26170164116470057 1.3210374164234637 1.5411460651474758 -0.289446180342264 0.5871306396997591 1.3211894404785889 1.5411760085711737 -0.2763494266373246 0.6076174299315628 738568.4851394619 0.4945986264571139 -0.05828767340347593 -3.56083075493315 -0.49610922370766686  738568.4851395775
1.0800249104389024 0.26008954220153063 1.3139456765629047 1.554140743720174 -0.32325391249585345 0.5748953554685607 1.313734907247836 1.5542725653769558 -0.2610413610676786 0.4709791109194057 738568.4851398205 0.5248962692232786 -0.1518476813744426 -4.080058835228354 -0.5273524603173776  738568.4851398205
1.0766241147786528 0.2598927401357009 1.3075424193777454 1.565517835628255 -0.3359247018622513 0.5688298820074797 1.3077052945837995 1.5654748777079395 -0.2795288077080058 0.5405676979902272 738568.48514005 0.5350335781531531 -0.06505604147561 -1.6241551057226764 -0.5353695206378344  738568.4851400615
1.0713135618756893 0.25983015816475713 1.303990838631516 1.5771790199938018 -0.30822790733446453 0.5877831224229012 1.3036807434969306 1.577161628867407 -0.2450255908316215 0.5681839770460366 738568.4851402839 0.07170318971445955 0.07164969210898395 3.4219861621127134 -0.07215904406689065  738568.485140307
1.0696776117122955 0.25940721242991854 1.2975875392185148 1.5875911829840217 -0.3264787395788948 0.5533149916470154 1.2978090849512705 1.5876021849118764 -0.2709656385292538 0.5497995970178432 738568.4851405064 0.5393330832751028 0.06852248557275312 -1.8971533194449024 -0.5404077921681929  738568.4851405525
1.0683311847667938 0.25821786225114074 1.2900544081228693 1.5973452601788107 -0.36572474351187445 0.5116743680245038 1.290401595374385 1.597381003865839 -0.30886712701361213 0.4941112072671731 738568.485140745 0.9772267026584205 -0.12094455354848913 -5.055994295301624 -0.9736717540825663  738568.4851407896
1.0638637712853434 0.25916690985444585 1.2838116757729399 1.608955266171002 -0.34992877650613063 0.5383597198707051 1.2838351312121101 1.6089267691364337 -0.31139693678354946 0.5379760706374243 738568.4851409864 0.49157845471991807 0.20289139198339987 -0.5755953118491615 -0.49896084488141007  738568.4851410261
1.0622778136808315 0.2593208355702932 1.2769572126676092 1.6192858470891505 -0.35441104606982654 0.5264252452736633 1.2771299889313354 1.6192781473099214 -0.3322753606671987 0.5512550507573306 738568.4851412019 0.5814542605628537 0.3117392821495679 -1.2530353172116375 -0.5958809924659909  738568.4851412699
1.0610968512718908 0.2590483823515444 1.2717496393288583 1.6275684622321869 -0.35270274638373333 0.4825064304074452 1.2715215729950688 1.6276359770225086 -0.30722206059181134 0.44540879557846597 738568.4851414389 0.8048280969947372 0.1990201299201113 -1.3568552998765795 -0.8148241637850282  738568.4851415071
1.0586550068302187 0.2570574385467634 1.2626914797777173 1.6377953010518482 -0.41734077411053466 0.4899947566618266 1.2630867997545747 1.6377741604072782 -0.3501926590769365 0.47820425212172246 738568.4851416785 0.6175750721833815 -0.28116315603714054 -4.068003592890186 -0.5973659328504506  738568.4851417477
1.05771171511048 0.25831946506857806 1.2555123178577767 1.6471695073249866 -0.40055591771382254 0.4729135089044171 1.255615869531159 1.6471709513589214 -0.3619709882747886 0.47586014863153514 738568.4851419075 0.6989378199034928 0.12496769274143155 -1.7878653141867642 -0.7064353108990162  738568.4851419881
1.0592968495450314 0.25755112871672775 1.2467917071258592 1.6547534401720687 -0.43210746309765813 0.4128310369575347 1.2470416079070668 1.6547976475053217 -0.3899963195720922 0.40510626643548453 738568.4851421397 1.3040224173380885 0.03203575980748792 -4.747132664663355 -1.302115693009327  738568.4851422304
1.0557579773657775 0.2582775953632105 1.2345572089551988 1.6695028038311897 -0.4279854570637491 0.4662828061383979 1.2353728548154241 1.6693445757665473 -0.4868908710226546 0.673365112180891 738568.4851423589 0.370021926233967 0.254307556750979 -1.416822163714424 -0.3932818951228705  738568.4851424736
1.0558330081577854 0.25734100304193047 1.2279641790244342 1.6770324624613313 -0.4266842179874139 0.431919658074857 1.2267300829665506 1.6773300334123704 -0.3974861793001594 0.36570252116143176 738568.4851427183 0.44412857306091924 0.13687732904146266 0.062234288136811644 -0.4561386673338335  738568.4851427183
1.0547401590318155 0.25735936449438107 1.219122216773544 1.6859701469490453 -0.444253344191312 0.43746010312840833 1.2191183013370852 1.685933740366818 -0.39702737534295246 0.42658603368174375 738568.4851429405 0.30422079771738186 0.08567856185491138 -2.043817243793363 -0.3120514067780041  738568.4851429637
1.0545566790383112 0.25724299881028895 1.20993271530427 1.6944816066042623 -0.4620747719257726 0.428692351627799 1.2101550042581193 1.6944777556460306 -0.42249763782616584 0.4328833739730367 738568.4851431679 0.36513290550381317 0.05908232727240391 -2.9959553618077557 -0.36963255014497515  738568.4851432026
