0.7800136745340235 1.3435101580433622 1.565178979275277 -0.32986879897758914 -66.0704156014986  738546.6783248773
0.7800136745340235 1.3435101580433622 1.57762159675573 -0.5955615944731045 -13.62988150140692  738546.6783252446
0.7800136745340235 1.3435101580433622 1.5578606962862742 0.8440807854777128 -6.687933333404992  738546.678325605
0.7800135599560556 1.34351448358648 1.5698682930842027 -0.46906523758968477 -9.621605801089931  738546.6783259573
0.7800135599560556 1.34351448358648 1.5828818976394907 -0.6341697741121538 -7.596974471145392  738546.6783263134
0.7800135599560556 1.34351448358648 1.555582207869966 1.183243191877299 -7.8981821937814205  738546.678326675
0.7800085057841764 1.3435274449487506 1.5650672317790142 -0.3235698875133495 -4.657019592208628  738546.6783270359
0.7800085057841764 1.3435274449487506 1.581670836423744 -0.7841247463525636 -1.575737640375247  738546.6783274064
0.7800085057841764 1.3435274449487506 1.5539850539939843 1.1871605880479335 1.0499525920280504  738546.6783277646
0.7800085057841764 1.3435274449487506 1.5613464690672414 -0.2266860862345973 1.2551039901577643  738546.6783281305
0.7800154106635511 1.3435123000809868 1.5740090642105964 -0.5961803325374622 2.4572430293948777  738546.6783284908
0.7800154106635511 1.3435123000809868 1.5554061447795866 0.7913890348152234 1.2681971145590412  738546.6783288606
0.7800154106635511 1.3435123000809868 1.5609744677042086 -0.18116112977234355 -3.002802622826174  738546.6783292191
0.7799944637913281 1.3434764514057365 1.571024952108498 -0.4733093938106438 -1.531392560393188  738546.6783295831
0.7799944637913281 1.3434764514057365 1.5865999100215964 -0.7509807591236219 0.048385712454711904  738546.6783299489
0.7799944637913281 1.3434764514057365 1.5587958966626994 1.1955478109386266 2.060821548659207  738546.6783303018
0.78001542007303 1.34350986615856 1.5679687432953584 -0.3082614095809907 -0.4432083378774032  738546.6783306603
0.78001542007303 1.34350986615856 1.5813708244986902 -0.6372092737497153 -1.4275831331396918  738546.678331013
0.78001542007303 1.34350986615856 1.556822880857008 1.0578875042810365 0.03243086214159374  738546.6783313784
0.7800136216670519 1.343503001259734 1.5675014404677383 -0.38921748191674355 -0.2441375203794943  738546.6783317481
0.7800136216670519 1.343503001259734 1.5806446538124184 -0.6328021958415202 -0.4288670925885756  738546.6783321076
0.7800136216670519 1.343503001259734 1.5556528454582692 1.078463816475732 0.6145964400820718  738546.6783324641
0.7800071966848684 1.3435017240030662 1.5624296443305736 -0.20999414724331333 -0.7415287547525257  738546.6783328328
0.7800071966848684 1.3435017240030662 1.5738842974851206 -0.5397564295015309 -0.4201471222756362  738546.6783331839
0.7800071966848684 1.3435017240030662 1.5538325766016108 0.8623730920230309 0.8823711797603406  738546.6783335475
0.7800040128080472 1.3435254376295442 1.5583430626738002 -0.12662454037015225 -0.5717706859094538  738546.6783339008
0.7800040128080472 1.3435254376295442 1.5667421064145666 -0.39328603734120987 -0.5681412130668974  738546.6783342628
0.7800040128080472 1.3435254376295442 1.5783518804718557 -0.5634702787259812 -0.6367104388060014  738546.6783346132
0.7799991834857398 1.3435041894420736 1.5573427503161719 0.9037358908287234 0.8625221406198423  738546.678334973
0.7799991834857398 1.3435041894420736 1.5645157832073617 -0.24388914134238449 -0.5196693685803302  738546.6783353237
0.7799991834857398 1.3435041894420736 1.5802661540161742 -0.7380976859771506 -0.980295660934533  738546.6783357006
0.7799991834857398 1.3435041894420736 1.5566771167409548 1.0051291774211388 1.057575426555839  738546.6783360426
0.7800119648321738 1.3435240448941768 1.562567409404088 -0.1763651958314083 -0.46028467511264326  738546.6783364128
0.7800119648321738 1.3435240448941768 1.5721719035097415 -0.4526011135143763 -0.6533727849206361  738546.6783367823
0.7800119648321738 1.3435240448941768 1.5552468771764616 0.7281738230114119 0.7822039602171982  738546.6783371185
0.7800199445785275 1.3435237932990525 1.5609034686054353 -0.19092017195231353 -0.4580996119616866  738546.6783374764
0.7800199445785275 1.3435237932990525 1.5698969764255069 -0.4261521892716438 -0.6401737597467049  738546.6783378491
0.7800199445785275 1.3435237932990525 1.5537940645887756 0.6932094299176363 0.7910872379060943  738546.678338209
0.7800199445785275 1.3435237932990525 1.5592836592123973 -0.18650798926302514 -0.5029246953960786  738546.6783385667
0.7800193204184097 1.3435032127771718 1.5668276663780683 -0.3598646883725897 -0.5760622282534463  738546.6783389295
0.7800193204184097 1.3435032127771718 1.5548725628874982 0.5106988233556752 0.6012293096846987  738546.6783392939
0.7799956027810078 1.34348698266224 1.5595492098546018 -0.1661476963814646 -0.41678729462683684  738546.6783396566
0.7799956027810078 1.34348698266224 1.5671125347511863 -0.35889183133397284 -0.5947332675627995  738546.6783400071
0.7799956027810078 1.34348698266224 1.5770609223312102 -0.4848259655769019 -0.732599201950961  738546.6783403719
0.7800234435560071 1.34352479025493 1.5563878571148348 0.8956096947828005 1.1698235458466397  738546.678340727
0.7800234435560071 1.34352479025493 1.5614954060520003 -0.15074225216362758 -0.46524799945503637  738546.6783410958
0.7800234435560071 1.34352479025493 1.5698775335829318 -0.3947096379663055 -0.6734244099852107  738546.678341455
0.7800234435560071 1.34352479025493 1.557208184163831 0.5399968246894634 0.698456169182704  738546.6783418175
0.7800201980880959 1.343520996461709 1.5623366723123495 -0.18402247723361576 -0.4796731113851149  738546.6783421828
0.7800201980880959 1.343520996461709 1.5700709283110896 -0.36828640696397147 -0.6512168681463981  738546.6783425534
0.7800201980880959 1.343520996461709 1.555956450296419 0.6080866000337594 0.9030230038184484  738546.6783429121
0.7799943921566412 1.3434639171023888 1.5603784340913827 -0.14571866340437534 -0.44805730308112857  738546.678343273
0.7799943921566412 1.3434639171023888 1.5673149673909366 -0.3285441193801209 -0.6296508784621382  738546.6783436402
0.7799943921566412 1.3434639171023888 1.5536826887331237 0.5897813826842159 0.9623207119259125  738546.6783439969
0.7800143047320416 1.3435089436264647 1.5565061670412221 -0.07472343376045554 -0.33532294978404487  738546.678344358
0.7800143047320416 1.3435089436264647 1.5634422703159863 -0.32207046101295306 -0.707634933843948  738546.6783447118
0.7800143047320416 1.3435089436264647 1.5543965832797408 0.3818884597372507 0.6772227216647275  738546.6783450755
0.7800157650376099 1.3435123006363017 1.557311894116603 -0.09779699624489618 -0.3567515735440452  738546.6783454566
0.7800157650376099 1.3435123006363017 1.562133478012659 -0.22805354038844391 -0.531186840800324  738546.6783457989
0.7800157650376099 1.3435123006363017 1.568523797560577 -0.3112012103952266 -0.656231837395562  738546.67834616
0.7800157650376099 1.3435123006363017 1.5554088457603206 0.5678431536120926 1.1023293249236565  738546.6783465211
0.7800069174257049 1.3435200224792387 1.5588898205769974 -0.10660402315694012 -0.44146688093860587  738546.678346881
0.7800069174257049 1.3435200224792387 1.5641663883354553 -0.24953526385325916 -0.607271155236175  738546.6783472322
0.7800069174257049 1.3435200224792387 1.555688443921589 0.3626760857345347 0.7602618811494776  738546.6783475933
0.7800202896654153 1.3434964595174694 1.558668834285821 -0.10250173603468166 -0.42696728300152254  738546.6783479821
0.7800202896654153 1.3434964595174694 1.5632485960839702 -0.21748933046448007 -0.5946104053100012  738546.678348321
0.7800202896654153 1.3434964595174694 1.554283009746693 0.3877548943794618 0.9516696462648855  738546.6783486997
0.7799874833538571 1.3434734292355244 1.5565989953446753 -0.07002162769196732 -0.38251393167586323  738546.6783490401
0.7799874833538571 1.3434734292355244 1.5603490689996125 -0.17682349592368696 -0.555645324737759  738546.6783493967
0.7799874833538571 1.3434734292355244 1.5539324364397031 0.2755902530937243 0.7665651540611208  738546.678349757
0.7799874833538571 1.3434734292355244 1.5553878692344547 -0.04110237675291473 -0.30491540054969246  738546.67835011
0.7800086833609284 1.3435042576295375 1.5579958710321464 -0.12228211596352756 -0.4639066407401612  738546.6783504748
0.7800086833609284 1.3435042576295375 1.5539767034670333 0.17157287878118105 0.5497264984683216  738546.6783508391
0.7800030027335146 1.3434765069405246 1.555495274034452 -0.05342840044801786 -0.35047543233783585  738546.6783511939
0.7800030027335146 1.3434765069405246 1.5579353326715901 -0.11576888354700142 -0.5124980525131001  738546.6783515514
0.7800030027335146 1.3434765069405246 1.5611412880413402 -0.15624968803837108 -0.6329606501875836  738546.6783519151
0.7800030027335146 1.3434765069405246 1.554558570237616 0.28500992852943485 1.0961641523842804  738546.6783522625
0.7800146545390848 1.343525805613657 1.5560202481754604 -0.040529912762982845 -0.4049724807748587  738546.6783526281
0.7800146545390848 1.343525805613657 1.5574410355622497 -0.0682657823779649 -0.380361175704262  738546.678352992
0.7800146545390848 1.343525805613657 1.5537758495873952 0.16039338227720218 0.815611980704789  738546.6783533484
0.7800081156737166 1.3434860261162027 1.5544574702163918 -0.016401539292827866 -0.3052136781108782  738546.6783536982
0.7800081156737166 1.3434860261162027 1.5561905696012264 -0.08026829379182672 -0.6412874487321928  738546.6783540691
0.7800081156737166 1.3434860261162027 1.5535450452739143 0.11295398816947341 0.842561772543597  738546.6783544284
0.7800081156737166 1.3434860261162027 1.5539203844361043 -0.0067923266295881884 -0.2844245561062265  738546.6783547829
0.7799976845333854 1.3434865033865977 1.5545964585609184 -0.031348126276062045 -0.4396743513593825  738546.678355151
0.7799976845333854 1.3434865033865977 1.5535144263696385 0.046333451760352945 0.6020013132797633  738546.678355515
0.7800138144926219 1.3435231794607152 1.553614842134028 -0.0003522209485724709 -0.23708552387918402  738546.6783558681
0.7800138144926219 1.3435231794607152 1.5537490911021838 -0.006134245911503085 -0.3877168741727499  738546.6783562397
0.7800138144926219 1.3435231794607152 1.5539501223623755 -0.009695443273394087 -0.5054177239361256  738546.6783565935
0.7800138144926219 1.3435231794607152 1.5534016869637615 0.024047477821237298 0.8076844817004214  738546.6783569545
0.7799992513952344 1.343496372000011 1.5530447179943387 0.018411996593873388 -0.3544075602943988  738546.6783573147
0.7799992513952344 1.343496372000011 1.5526300602659149 0.020521896436891843 -0.5075406324654863  738546.6783576758
0.7799992513952344 1.343496372000011 1.5532073805587132 -0.024376204542023716 0.7925731886827658  738546.6783580305
0.7800104025475761 1.3434678080369094 1.5525399580616939 0.02812136763342099 -0.29371731606357976  738546.6783584143
0.7800104025475761 1.3434678080369094 1.5515754090787637 0.04639962355441196 -0.44507014321215166  738546.6783587544
0.7800104025475761 1.3434678080369094 1.5532371273652856 -0.07131450179150889 0.7253366430649848  738546.6783591253
0.7800086738771115 1.3435252544170446 1.5523669156750983 0.033071940300192504 -0.2774962890955246  738546.6783594846
0.7800086738771115 1.3435252544170446 1.550368759680587 0.09383181250507441 -0.5941870716572353  738546.6783598395
0.7800086738771115 1.3435252544170446 1.553180924656461 -0.11929551594835232 0.7896369422466788  738546.6783602022
0.7800086738771115 1.3435252544170446 1.5519208464583887 0.046431234826161176 -0.25542519211048964  738546.6783605618
0.7799997828105295 1.343471370475533 1.5498681074752687 0.09752733876237596 -0.409511621022949  738546.6783609113
0.7799997828105295 1.343471370475533 1.5534279498988017 -0.15294489754583063 0.6683241591632805  738546.6783612738
0.7800074654838911 1.3435078264917788 1.552221589102198 0.04093050006873139 -0.20396779766360473  738546.6783616433
0.7800074654838911 1.3435078264917788 1.5500307385188776 0.10330507197535285 -0.34286399151957536  738546.6783619939
0.7800074654838911 1.3435078264917788 1.5470483309147698 0.14495535218447597 -0.4548109390813959  738546.6783623585
0.7800074654838911 1.3435078264917788 1.5528951638517194 -0.25258737420821387 0.8587429951985621  738546.6783627088
0.7799859549746988 1.3434979680031311 1.5507676605726546 0.07374220593856612 -0.25960654663257565  738546.6783630631
0.7799859549746988 1.3434979680031311 1.5461805408785578 0.2152092775442698 -0.558128277649985  738546.6783634333
0.7799859549746988 1.3434979680031311 1.552275568045952 -0.25748220965025037 0.7366051267816955  738546.6783637924
0.780015387637382 1.3435192506708968 1.5498508999021035 0.08680471475218082 -0.25403833081274474  738546.6783641537
0.780015387637382 1.3435192506708968 1.546015078965356 0.18224683482963108 -0.3908923808614315  738546.6783645175
0.780015387637382 1.3435192506708968 1.5534208125482727 -0.32005635969352464 0.7364208122709659  738546.6783648777
0.7800092370496157 1.343531045476221 1.5510471346633556 0.07879841661499953 -0.21134928535413433  738546.6783652339
0.7800092370496157 1.343531045476221 1.5470813796249625 0.1874250850737807 -0.3437558461646728  738546.6783655904
0.7800092370496157 1.343531045476221 1.5534364169435069 -0.27182668856348946 0.5367716027892544  738546.6783659549
0.7799988109614869 1.3435237473785524 1.5501046050985632 0.12673447580984998 -0.24860871572564458  738546.67836632
0.7799988109614869 1.3435237473785524 1.5456602937705979 0.2135354672538602 -0.32889977226211653  738546.6783666722
0.7799988109614869 1.3435237473785524 1.552636780056081 -0.29770069777160674 0.5198340018069847  738546.6783670306
0.780010894368556 1.3435249906529798 1.5494353606179547 0.11845536557195721 -0.2147120882783884  738546.6783673851
0.780010894368556 1.3435249906529798 1.544330175431465 0.2428225417106245 -0.34217053617112037  738546.6783677455
0.780010894368556 1.3435249906529798 1.5376616283345226 0.32519055365288596 -0.4446904134653318  738546.6783680919
0.780010894368556 1.3435249906529798 1.5513500821729709 -0.5926396695973906 0.9343557682336503  738546.6783684485
0.7800057791381385 1.3435195431366234 1.5472305283565086 0.13337611260306587 -0.2359886450092401  738546.6783688116
0.7800057791381385 1.3435195431366234 1.5408160772969322 0.3036910583992116 -0.36935824395939  738546.6783692051
0.7800057791381385 1.3435195431366234 1.5524625206730067 -0.5017755117852813 0.6893273290274625  738546.6783695332
0.7799955775996766 1.3435000766524274 1.548790196518454 0.12130786959009615 -0.1814549713525283  738546.6783698899
0.7799955775996766 1.3435000766524274 1.5403421225545948 0.39503135013815704 -0.42775745847131175  738546.6783702805
0.7799955775996766 1.3435000766524274 1.55222185764502 -0.5040760177340395 0.6283366373336263  738546.6783706276
0.7800069156196278 1.343532230387722 1.5479294609017054 0.14928385035665964 -0.19220359629891215  738546.6783709832
0.7800069156196278 1.343532230387722 1.5410147797264588 0.3278749489072643 -0.3141725269563891  738546.6783713414
0.7800069156196278 1.343532230387722 1.5533462187823721 -0.530713143549943 0.5916685128134369  738546.6783717036
0.7800103932054793 1.3435290350605726 1.5499216932065512 0.1074136040327775 -0.12647549065253283  738546.6783720757
0.7800103932054793 1.3435290350605726 1.5437549124231638 0.2900730905205894 -0.2454987120803387  738546.678372439
0.7800103932054793 1.3435290350605726 1.5320777396219314 0.5571508628306141 -0.47317443031688255  738546.6783728057
0.7800103932054793 1.3435290350605726 1.5502196297274946 -0.7739812899955449 0.7976595130988852  738546.6783731673
0.7800049195825308 1.3434785127367188 1.544098136535661 0.20788775508374946 -0.214222312772816  738546.6783735305
0.7800049195825308 1.3434785127367188 1.534862680290173 0.4386923525297944 -0.33792763158657646  738546.6783739052
0.7800049195825308 1.3434785127367188 1.5506963763119268 -0.6798323325770081 0.6372703647404968  738546.6783742604
0.7800198354767656 1.3435284652615913 1.5451761903086427 0.18911460627864002 -0.17304439713145447  738546.6783746115
0.7800198354767656 1.3435284652615913 1.536046784015399 0.4321652502636789 -0.2971120317927385  738546.6783749859
0.7800198354767656 1.3435284652615913 1.5502097874981489 -0.6044851355555648 0.5304662232290112  738546.6783753354
0.779992492272014 1.3434947839434308 1.5462276039755416 0.1260551477952792 -0.10961357782666359  738546.6783756816
0.779992492272014 1.3434947839434308 1.5337744276568084 0.5775130279238083 -0.3689973050238281  738546.6783760362
0.779992492272014 1.3434947839434308 1.5517733864404621 -0.7656333058093692 0.6129423821269797  738546.6783764057
0.7799902240951537 1.3434828780880081 1.5460335980838995 0.1912964429519925 -0.1422004391687427  738546.678376769
0.7799902240951537 1.3434828780880081 1.5366883818693653 0.44217314092900784 -0.25542246433863736  738546.6783771208
0.7799902240951537 1.3434828780880081 1.553228532003951 -0.7116274478512541 0.5140067290339001  738546.6783774897
0.7800136576071462 1.3435353059199777 1.5484400569523524 0.1529645525407236 -0.10165545708100687  738546.678377852
0.7800136576071462 1.3435353059199777 1.5398915375059656 0.4024749341576465 -0.20142843952648937  738546.6783782004
0.7800136576071462 1.3435353059199777 1.5283286939595468 0.5621724279424583 -0.2825281925403166  738546.6783785525
0.7800136576071462 1.3435353059199777 1.5471641394059485 -0.80505002684167 0.5629123060323482  738546.6783789175
0.7800183262880275 1.3435219958151658 1.538371263138607 0.3264898278935514 -0.18951818313659896  738546.678379276
0.7800183262880275 1.3435219958151658 1.5255664585210373 0.6117174669707663 -0.2902673373897158  738546.6783796474
0.7800183262880275 1.3435219958151658 1.549781802592664 -1.0450867789856844 0.6491693173576008  738546.6783800111
0.780008868878898 1.3435196429985141 1.5421820857889068 0.250433783899354 -0.14032435019211598  738546.6783803693
0.780008868878898 1.3435196429985141 1.5304851061984046 0.5544475981045868 -0.233267894085587  738546.6783807231
0.780008868878898 1.3435196429985141 1.5531849763585341 -0.9814079529054724 0.5534524616014558  738546.678381093
0.7800025677648168 1.3435205084478548 1.546792340921413 0.20135543324137173 -0.09208568377076809  738546.6783814572
0.7800025677648168 1.3435205084478548 1.5317357105738814 0.7026973279097495 0.05753355124138292  738546.6783818168
0.7800025677648168 1.3435205084478548 1.5516858501898805 -0.8429429527354401 1.8875886995906763  738546.678382181
0.7800025677648168 1.3435205084478548 1.5466483420845298 0.15234646363089727 2.4642722285054175  738546.6783825397
0.7800213236209839 1.3435034148723188 1.53935684764379 0.3452812440000754 2.6415736577474638  738546.6783829046
0.7800213236209839 1.3435034148723188 1.5515653772859817 -0.5235439615541573 3.2749253690559557  738546.6783832524
0.7801897275117198 1.3435139587133433 1.542447843524246 0.3668384472103397 1.0624822323182865  738546.6783836114
0.7801897275117198 1.3435139587133433 1.5273507086905542 0.7195823512778342 1.673196175014392  738546.6783839702
0.7801897275117198 1.3435139587133433 1.5102804980280955 0.8413352438642917 0.6638410588335176  738546.6783843288
0.7801897275117198 1.3435139587133433 1.549796861177606 -1.7197133028082716 1.2595948910275254  738546.6783846876
0.7800109961670775 1.3435023086788551 1.53687562554169 0.430991319559069 0.9919343542891388  738546.6783850532
0.7800109961670775 1.3435023086788551 1.5196519449070498 0.8220756033526494 -3.0659293047569838  738546.6783854269
0.7800109961670775 1.3435023086788551 1.5492324772306463 -1.2698355053132344 -3.1176843571700843  738546.6783857754
0.7800115084878338 1.3435268198805064 1.5443278084575331 0.1074998982948494 1.6053050196912126  738546.6783861275
0.7800115084878338 1.3435268198805064 1.5397349416215913 0.21853939238779552 6.593552104090971  738546.678386487
0.7800115084878338 1.3435268198805064 1.5533547127678649 -0.5992132891589993 5.407275924458808  738546.6783868441
0.7800195987656496 1.3435312538122104 1.5522225874610331 -0.0030136941584706367 1.9140240615923947  738546.6783872073
0.7800195987656496 1.3435312538122104 1.545019903632498 0.32712074728264223 1.359741227945309  738546.6783875623
0.7800195987656496 1.3435312538122104 4.613588583820364 -139.4506563042409 12.293148552635301  738546.6783879296
