0.8 0.5 0.9377367827317554 0.24390773788119904 0.3878375943460201  738512.5055698161
0.8 0.5 0.9377367827317554 0.24390773788119904 0.3878375943460201  738512.5055701631
0.775 0.5 0.9166784460513541 0.23859674658585392 0.4005719859533231  738512.5055705177
0.7517963886260987 0.5 0.8973143233048178 0.23339717711657726 0.41292375901296663  738512.5055708757
0.7517963886260987 0.5 0.8973143233048178 0.23339717711657726 0.41292375901296663  738512.5055712396
0.7284990787506104 0.5 0.8780592911104251 0.2278972160236473 0.4258600931275096  738512.5055716032
0.7047126531600952 0.5 0.8586067210827562 0.22197376483007208 0.4396387774066108  738512.5055719685
0.7047126531600952 0.5 0.8586067210827562 0.22197376483007208 0.4396387774066108  738512.5055723309
0.6737947702407837 0.5 0.8336580771002041 0.21377484156236665 0.45843712820585797  738512.5055726825
0.6507790327072144 0.5 0.8153515329775346 0.2072780107626387 0.4730990529838829  738512.5055730387
0.6507790327072144 0.5 0.8153515329775346 0.2072780107626387 0.4730990529838829  738512.5055733977
0.6272061109542847 0.5 0.7968549916225677 0.2002507183269555 0.4887168275005551  738512.5055737669
0.60378577709198 0.5 0.7787498042785654 0.19287091761811798 0.5048394412300786  738512.5055741265
0.60378577709198 0.5 0.7787498042785654 0.19287091761811798 0.5048394412300786  738512.5055744913
0.5804249286651612 0.5 0.7609795928161266 0.18508958854257052 0.5215204215938539  738512.5055748438
0.5804249286651612 0.5 0.7609795928161266 0.18508958854257052 0.5215204215938539  738512.5055752046
0.5497761011123657 0.5 0.7381381546402602 0.17420049252190145 0.5442954075232218  738512.5055755517
0.5262637376785279 0.5 0.7210079816737333 0.1652888853212166 0.5624249223555515  738512.5055759209
0.5262637376785279 0.5 0.7210079816737333 0.1652888853212166 0.5624249223555515  738512.5055762812
0.5026619672775269 0.5 0.7041832251060091 0.15582507134291937 0.5811594917065563  738512.5055766447
0.47925796508789065 0.5 0.6878928459722882 0.14589967395333195 0.6002176546372561  738512.505577009
0.47925796508789065 0.5 0.6878928459722882 0.14589967395333195 0.6002176546372561  738512.505577379
0.4482789278030396 0.5 0.6669812437412123 0.13188650555563206 0.6260637821313977  738512.5055777262
0.4482789278030396 0.5 0.6669812437412123 0.13188650555563206 0.6260637821313977  738512.5055780814
0.4251244306564331 0.5 0.651874940933088 0.12072808872682607 0.6457288610935215  738512.5055784426
0.40182449817657473 0.5 0.6371617883378997 0.1088816142749679 0.6656914297986538  738512.5055788016
0.40182449817657473 0.5 0.6371617883378997 0.1088816142749679 0.6656914297986538  738512.5055791603
0.3785045385360718 0.5 0.6229608515909782 0.09638290688181095 0.6857039972875265  738512.5055795341
0.30037775039672854 0.5 0.5797017895515906 0.04964134978663741 0.7505282256079386  738512.5055815132
0.27710905075073244 0.5 0.5682591425478837 0.03425420779681497 0.7682473162238064  738512.5055820526
0.2536217212677002 0.5 0.5574562710209757 0.01805677168749234 0.7848739569745548  738512.505582417
0.2536217212677002 0.5 0.5574562710209757 0.01805677168749234 0.7848739569745548  738512.505582775
0.23017325401306155 0.5 0.5474643633842772 0.0012457555452759627 0.7998759466376874  738512.5055831415
0.19913830757141116 0.5 0.5355332899191677 -0.02191812199516452 0.8166746813472674  738512.5055834934
0.19913830757141116 0.5 0.5355332899191677 -0.02191812199516452 0.8166746813472674  738512.5055838516
0.1756398916244507 0.5 0.5275356327722724 -0.04007639580108253 0.8266126512141347  738512.5055842326
0.15188982486724856 0.5 0.5204064631198455 -0.05888911858502401 0.8338243942756677  738512.5055851217
0.1287956476211548 0.5 0.5144318025778122 -0.07753865151500841 0.8377901675273031  738512.505585468
0.098367714881897 0.5 0.5080575119264162 -0.1024791813450743 0.8379865457304362  738512.505585826
0.098367714881897 0.5 0.5080575119264162 -0.1024791813450743 0.8379865457304362  738512.5055861784
0.07518901824951174 0.5 0.5043809125712796 -0.12161683873099217 0.8340492959502243  738512.5055865421
0.051528000831604026 0.5 0.501705683224656 -0.14113877692059168 0.8262553762774028  738512.5055869103
0.051528000831604026 0.5 0.501705683224656 -0.14113877692059168 0.8262553762774028  738512.505587278
0.02780416011810305 0.5 0.5001340667061329 -0.16056531145875896 0.8145941339010969  738512.5055876443
0.004784488677978538 0.5 0.49968223052063576 -0.1791467267747359 0.7996766534465308  738512.5055879923
0.004784488677978538 0.5 0.49968223052063576 -0.1791467267747359 0.7996766534465308  738512.5055883517
0.004784488677978538 0.5 0.49968223052063576 -0.1791467267747359 0.7996766534465308  738512.5055887109
-0.026260113716125466 0.5 0.500750931776148 -0.2035746406533561 0.7742556655138384  738512.5055890825
-0.05011746883392332 0.5 0.5028746854973248 -0.22170071608703928 0.750956952936161  738512.505589446
-0.07377085685729978 0.5 0.5060829677583315 -0.23899942652211625 0.7250466050564282  738512.5055898107
-0.07377085685729978 0.5 0.5060829677583315 -0.23899942652211625 0.7250466050564282  738512.5055901808
-0.09771976470947263 0.5 0.5104286990037958 -0.25574123230109724 0.6964107314060966  738512.5055905395
-0.12016925811767576 0.5 0.5154803487735684 -0.2706635448248617 0.6678075857196659  738512.5055908847
-0.12016925811767576 0.5 0.5154803487735684 -0.2706635448248617 0.6678075857196659  738512.505591246
-0.12016925811767576 0.5 0.5154803487735684 -0.2706635448248617 0.6678075857196659  738512.5055915992
-0.15103516578674314 0.5 0.5239189880303773 -0.289880659019479 0.6264765084003712  738512.5055919648
-0.1745289325714111 0.5 0.5314549896206798 -0.3034611904289859 0.5940472204738876  738512.5055923283
-0.1745289325714111 0.5 0.5314549896206798 -0.3034611904289859 0.5940472204738876  738512.5055926925
-0.1982687473297119 0.5 0.5400021449894307 -0.3162513588930448 0.560916855622887  738512.5055930631
-0.2216682195663452 0.5 0.5493013476510133 -0.3279450513505752 0.5282983547595069  738512.5055934085
-0.2216682195663452 0.5 0.5493013476510133 -0.3279450513505752 0.5282983547595069  738512.5055937683
-0.25216827392578123 0.5 0.562653900511403 -0.3418557847104816 0.48639281965145226  738512.5055941154
-0.275330638885498 0.5 0.5736704722909914 -0.35144888719660244 0.45537816357444033  738512.5055944764
-0.275330638885498 0.5 0.5736704722909914 -0.35144888719660244 0.45537816357444033  738512.5055948459
-0.2992441415786743 0.5 0.5857882900542581 -0.36051558096967984 0.4243429973580879  738512.5055952156
-0.2992441415786743 0.5 0.5857882900542581 -0.36051558096967984 0.4243429973580879  738512.5055955845
-0.3232025861740112 0.5 0.5986412725978433 -0.3687913910250925 0.39443130274005145  738512.5055959416
-0.3462949752807617 0.5 0.6116625221230074 -0.3760490369769555 0.36684294391949435  738512.5055963038
-0.3462949752807617 0.5 0.6116625221230074 -0.3760490369769555 0.36684294391949435  738512.5055966738
-0.37025866508483884 0.5 0.6257898810198846 -0.3828843365503282 0.33958749774676905  738512.5055970331
-0.37025866508483884 0.5 0.6257898810198846 -0.3828843365503282 0.33958749774676905  738512.5055973993
-0.4016022443771362 0.5 0.6451450973812621 -0.39084005616738476 0.30612834428281027  738512.5055977632
-0.4249300718307495 0.5 0.6601483330813801 -0.3960990400729919 0.28285479392590585  738512.5055981189
-0.44855103492736814 0.5 0.675821358499352 -0.40090033064849445 0.26069282200943694  738512.5055984862
-0.44855103492736814 0.5 0.675821358499352 -0.40090033064849445 0.26069282200943694  738512.5055988347
-0.471285080909729 0.5 0.69133264722407 -0.4050654289866446 0.24066904311954856  738512.5055991927
-0.471285080909729 0.5 0.69133264722407 -0.4050654289866446 0.24066904311954856  738512.5055995472
-0.5017590284347534 0.5 0.7127330413396463 -0.41001373962020393 0.21576802769874434  738512.5055998956
-0.5248427152633667 0.5 0.7293732913038591 -0.41332499477113016 0.19832056486472927  738512.5056002522
-0.5248427152633667 0.5 0.7293732913038591 -0.41332499477113016 0.19832056486472927  738512.5056006117
-0.5480007886886596 0.5 0.7464118218208137 -0.4163061780687292 0.18197961159670967  738512.5056009651
-0.5712756872177124 0.5 0.7638608444763821 -0.4189902498757332 0.16666868355522813  738512.5056013269
-0.5712756872177124 0.5 0.7638608444763821 -0.4189902498757332 0.16666868355522813  738512.5056016833
-0.5944937229156494 0.5 0.7815697434667154 -0.42138514979059044 0.1524438440598317  738512.50560205
-0.5944937229156494 0.5 0.7815697434667154 -0.42138514979059044 0.1524438440598317  738512.5056024045
-0.6257582664489746 0.5 0.8058580511459521 -0.4242107605165112 0.1348338098886419  738512.5056027715
-0.6492993593215942 0.5 0.8244565695605665 -0.4260680203805994 0.12266176980425367  738512.5056031331
-0.6492993593215942 0.5 0.8244565695605665 -0.4260680203805994 0.12266176980425367  738512.5056035011
-0.6728037357330322 0.5 0.8432725267724698 -0.42771559038145546 0.11137246942374086  738512.5056038625
-0.6959178209304809 0.5 0.8620005521266373 -0.42915383644540644 0.10105512876024038  738512.5056042123
-0.6959178209304809 0.5 0.8620005521266373 -0.42915383644540644 0.10105512876024038  738512.5056045696
-0.7272560358047485 0.5 0.8877223373994942 -0.4308465425989912 0.08821376013047963  738512.5056049377
-0.7272560358047485 0.5 0.8877223373994942 -0.4308465425989912 0.08821376013047963  738512.5056053
-0.7505328416824341 0.5 0.9070561798708899 -0.4319327348664837 0.0794634123003821  738512.5056056627
-0.7747068166732788 0.5 0.9273270242932687 -0.4329232741860621 0.07102945867962354  738512.5056060415
-0.7747068166732788 0.5 0.9273270242932687 -0.4329232741860621 0.07102945867962354  738512.505606404
-0.7985559463500976 0.5 0.9475049010588498 -0.43377680292656295 0.06331347059481673  738512.5056067593
-0.8212992906570434 0.5 0.966902946224103 -0.43448757573745334 0.05647350417033407  738512.5056071146
-0.8212992906570434 0.5 0.966902946224103 -0.43448757573745334 0.05647350417033407  738512.5056074725
-0.8212992906570434 0.5 0.966902946224103 -0.43448757573745334 0.05647350417033407  738512.5056078224
-0.8518757581710815 0.5 0.9932056599630052 -0.43530131406055694 0.04801120926159747  738512.5056081819
-0.8754340171813965 0.5 1.0136346990467615 -0.43582912146992925 0.04201899117762078  738512.505608554
-0.8991567850112915 0.5 1.0343408772963458 -0.4362828121867185 0.03641127625065815  738512.5056089169
-0.8991567850112915 0.5 1.0343408772963458 -0.4362828121867185 0.03641127625065815  738512.5056092775
-0.9221861124038696 0.5 1.0545633714057203 -0.43665584946935987 0.03134658786448206  738512.5056096247
-0.9457468748092651 0.5 1.0753693649699094 -0.43697549266825464 0.026523110706048417  738512.5056099953
-0.9457468748092651 0.5 1.0753693649699094 -0.43697549266825464 0.026523110706048417  738512.5056103662
-0.9696547746658325 0.5 1.0965958433841891 -0.4372420115931737 0.021971559144231177  738512.505610735
-0.9696547746658325 0.5 1.0965958433841891 -0.4372420115931737 0.021971559144231177  738512.5056110934
-1.001234269142151 0.5 1.1247984351304678 -0.4375144655201141 0.016445857368842916  738512.5056114551
-1.0244766235351563 0.5 1.1456679814863813 -0.4376634100826046 0.012703933614516941  738512.5056118178
-1.0244766235351563 0.5 1.1456679814863813 -0.4376634100826046 0.012703933614516941  738512.5056121771
-1.047504997253418 0.5 1.1664338946233719 -0.437772508460215 0.009246460979013485  738512.505612537
-1.047504997253418 0.5 1.1664338946233719 -0.437772508460215 0.009246460979013485  738512.5056129063
-1.0714982509613038 0.5 1.1881586011076004 -0.43784942828823026 0.005889776913044988  738512.5056132588
-1.102222776412964 0.5 1.2161026769471273 -0.43789906684826463 0.0019286298626312432  738512.5056136175
-1.102222776412964 0.5 1.2161026769471273 -0.43789906684826463 0.0019286298626312432  738512.5056139713
-1.1250742435455323 0.5 1.2369716939893851 -0.43790425450020104 -0.0007910993535626895  738512.5056143288
-1.1250742435455323 0.5 1.2369716939893851 -0.43790425450020104 -0.0007910993535626895  738512.5056146901
-1.1485610961914063 0.5 1.2584927466078804 -0.4378844330200682 -0.0034007657797374908  738512.5056150487
-1.1720101594924928 0.5 1.2800481275998845 -0.43784172102678404 -0.005831540245201935  738512.5056154147
-1.1953301191329957 0.5 1.3015497717968034 -0.43777880327810476 -0.008087881507843972  738512.5056157843
-1.1953301191329957 0.5 1.3015497717968034 -0.43777880327810476 -0.008087881507843972  738512.5056161289
-1.2261506080627442 0.5 1.3300611207541224 -0.43766783293573525 -0.010842267016409047  738512.5056164862
-1.2261506080627442 0.5 1.3300611207541224 -0.43766783293573525 -0.010842267016409047  738512.5056168475
-1.2495177745819093 0.5 1.3517451209507636 -0.43756495014352703 -0.01277083314138426  738512.5056172119
-1.2732217073440553 0.5 1.3737980261427105 -0.43744594455218816 -0.014597059221456345  738512.5056175758
-1.2732217073440553 0.5 1.3737980261427105 -0.43744594455218816 -0.014597059221456345  738512.5056179387
-1.2968998908996583 0.5 1.3958810090218996 -0.4373138937710508 -0.016299360195064703  738512.5056183094
-1.3208662033081056 0.5 1.4182851231063303 -0.43716826733312353 -0.017906727413016302  738512.5056186788
-1.3208662033081056 0.5 1.4182851231063303 -0.43716826733312353 -0.017906727413016302  738512.5056190481
-1.3448354959487916 0.5 1.4407423129183867 -0.4370118982584134 -0.019405829560710797  738512.505619417
-1.3448354959487916 0.5 1.4407423129183867 -0.4370118982584134 -0.019405829560710797  738512.5056197861
-1.3764523029327393 0.5 1.4704375958569376 -0.43679125226965565 -0.02122967535850574  738512.5056201506
-1.3764523029327393 0.5 1.4704375958569376 -0.43679125226965565 -0.02122967535850574  738512.5056205011
-1.3995940446853639 0.5 1.4922229325083585 -0.436620675033083 -0.022462026300321323  738512.5056208645
-1.4228641748428346 0.5 1.514169714459642 -0.43644240326149913 -0.023620086646037947  738512.5056212249
-1.4228641748428346 0.5 1.514169714459642 -0.43644240326149913 -0.023620086646037947  738512.5056215904
-1.446652626991272 0.5 1.536645593683959 -0.43625399665986186 -0.02472528540429949  738512.505621949
-1.446652626991272 0.5 1.536645593683959 -0.43625399665986186 -0.02472528540429949  738512.5056223015
-1.4773679733276368 0.5 1.565723532264062 -0.436002753646188 -0.02604299287723509  738512.50562266
-1.50071439743042 0.5 1.5878666242322403 -0.4358066213498344 -0.026967957112332103  738512.50562302
-1.5242559671401978 0.5 1.6102292258397788 -0.4356049995665564 -0.02783832641007447  738512.5056233868
-1.5242559671401978 0.5 1.6102292258397788 -0.4356049995665564 -0.02783832641007447  738512.5056237524
-1.5480223655700684 0.5 1.6328390178027308 -0.43539808906689387 -0.02865753282560221  738512.5056241144
-1.5480223655700684 0.5 1.6328390178027308 -0.43539808906689387 -0.02865753282560221  738512.5056244732
-1.5711872339248658 0.5 1.6549077457489232 -0.4351936536732177 -0.029402097535460796  738512.5056248454
-1.5948852062225343 0.5 1.6775149371051303 -0.4349821486638382 -0.03011216262921305  738512.5056252069
-1.5948852062225343 0.5 1.6775149371051303 -0.4349821486638382 -0.03011216262921305  738512.5056255672
-1.6262014865875245 0.5 1.7074351531257694 -0.43469968877583415 -0.030975855357402774  738512.5056259197
-1.6497325658798219 0.5 1.7074351531257694 -0.4402149286258003 -0.032410870330332825  738512.5056262913
-1.6497325658798219 0.5 1.7299497457346042 -0.4344857103044158 -0.031572731471318484  738512.5056266423
-1.6725162029266358 0.5 1.751774642970175 -0.4342774581369948 -0.03211090641170238  738512.5056269999
-1.69606671333313 0.5 1.7743594774946925 -0.43406138355371654 -0.032628568571074185  738512.5056273638
-1.69606671333313 0.5 1.7743594774946925 -0.43406138355371654 -0.032628568571074185  738512.505627727
-1.7272720098495484 0.5 1.8043232527686173 -0.4337742650886744 -0.03325799378751689  738512.5056280862
-1.7272720098495484 0.5 1.8043232527686173 -0.4337742650886744 -0.03325799378751689  738512.5056284311
-1.749731755256653 0.5 1.8259151644464495 -0.4335673338614388 -0.0336737721552808  738512.5056287906
-1.7736487150192262 0.5 1.8489307169104001 -0.4333469623682527 -0.034084494671226616  738512.5056291713
-1.7736487150192262 0.5 1.8489307169104001 -0.4333469623682527 -0.034084494671226616  738512.505629512
-1.796704149246216 0.5 1.8711386164574995 -0.4331347065552498 -0.03445097237846135  738512.5056298776
-1.796704149246216 0.5 1.8711386164574995 -0.4331347065552498 -0.03445097237846135  738512.5056302383
-1.820242738723755 0.5 1.8938328078294293 -0.4329183611544556 -0.03479706326277158  738512.5056305974
-1.820242738723755 0.5 1.8938328078294293 -0.4329183611544556 -0.03479706326277158  738512.5056309632
-1.8515614032745362 0.5 1.9240594380387233 -0.4326313475814915 -0.03521641411992175  738512.5056313168
-1.8745633125305177 0.5 1.946281300386083 -0.4324213426469922 -0.03549641322538681  738512.5056316742
-1.8979912757873536 0.5 1.968933185867259 -0.43220827782775456 -0.03575878760992046  738512.505632038
-1.8979912757873536 0.5 1.968933185867259 -0.43220827782775456 -0.03575878760992046  738512.5056324003
-1.9216042518615724 0.5 1.9917821232802384 -0.43199449381363586 -0.03600127770578189  738512.5056327658
-1.9216042518615724 0.5 1.9917821232802384 -0.43199449381363586 -0.03600127770578189  738512.5056331326
-1.9452794551849366 0.5 2.014708964025851 -0.43178122355750986 -0.03622355439645566  738512.505633499
-1.9452794551849366 0.5 2.014708964025851 -0.43178122355750986 -0.03622355439645566  738512.5056338495
-1.97624990940094 0.5 2.04472620564431 -0.4315040227563054 -0.036484797338441614  738512.5056342022
-1.9992712497711183 0.5 2.0670572150389894 -0.4312993846555711 -0.03665866280375536  738512.5056345591
-2.0225757122039796 0.5 2.0896781164845963 -0.431093536497865 -0.03681811261459266  738512.505634922
-2.0225757122039796 0.5 2.0896781164845963 -0.431093536497865 -0.03681811261459266  738512.5056352876
-2.0459713697433473 0.5 2.1124024866991986 -0.4308882682194227 -0.036962372882122896  738512.5056356415
-2.0459713697433473 0.5 2.1124024866991986 -0.4308882682194227 -0.036962372882122896  738512.5056360007
-2.0767789840698243 0.5 2.142348187924318 -0.4306201807300807 -0.03712966218873971  738512.5056363593
-2.0767789840698243 0.5 2.142348187924318 -0.4306201807300807 -0.03712966218873971  738512.5056367088
-2.09976646900177 0.5 2.164708304486568 -0.4304218425356726 -0.03723872934894183  738512.5056370703
-2.1234304666519166 0.5 2.187740054421351 -0.4302192310869506 -0.03733780625289421  738512.5056374389
-2.146698331832886 0.5 2.210399278704059 -0.43002159465025624 -0.03742289369110339  738512.5056377952
-2.146698331832886 0.5 2.210399278704059 -0.43002159465025624 -0.03742289369110339  738512.5056381554
-2.1702913999557496 0.5 2.233387978932119 -0.42982283124850224 -0.037497384829118754  738512.5056385231
-2.1702913999557496 0.5 2.233387978932119 -0.42982283124850224 -0.037497384829118754  738512.5056388843
-2.201783037185669 0.5 2.264092291371253 -0.4295601385818448 -0.03757946500026449  738512.5056392438
-2.2250485181808473 0.5 2.286789864142697 -0.42936801422894794 -0.03762815050734502  738512.5056396088
-2.2250485181808473 0.5 2.286789864142697 -0.42936801422894794 -0.03762815050734502  738512.5056399698
-2.248676037788391 0.5 2.309852204006718 -0.4291746156321286 -0.03766784006280997  738512.5056403317
-2.2717607975006104 0.5 2.3323956939381842 -0.42898734377005476 -0.03769764965641516  738512.5056406901
-2.2717607975006104 0.5 2.3323956939381842 -0.42898734377005476 -0.03769764965641516  738512.5056410489
-2.2952385902404786 0.5 2.3553337564039967 -0.42879860242434836 -0.03771937869461345  738512.5056414198
-2.2952385902404786 0.5 2.3553337564039967 -0.42879860242434836 -0.03771937869461345  738512.5056417838
-2.326788640022278 0.5 2.3861750371284867 -0.4285477122543456 -0.03773577616055934  738512.5056421382
-2.326788640022278 0.5 2.3861750371284867 -0.4285477122543456 -0.03773577616055934  738512.5056425035
-2.350099062919617 0.5 2.4089735851850436 -0.4283643744998577 -0.0377390420351745  738512.5056428658
-2.373804783821106 0.5 2.4321687032400607 -0.428179700662982 -0.037735128309018824  738512.5056432328
-2.397059178352356 0.5 2.454931694285146 -0.42800028104485655 -0.03772459393466812  738512.5056435906
-2.397059178352356 0.5 2.454931694285146 -0.42800028104485655 -0.03772459393466812  738512.5056439621
-2.4211281299591065 0.5 2.478501638172965 -0.42781638896557156 -0.03770709954884404  738512.5056443338
-2.4211281299591065 0.5 2.478501638172965 -0.42781638896557156 -0.03770709954884404  738512.5056446876
-2.452240324020386 0.5 2.50898284045393 -0.4275814119180358 -0.037675165970211436  738512.5056450433
-2.452240324020386 0.5 2.50898284045393 -0.4275814119180358 -0.037675165970211436  738512.5056454106
-2.4756848573684693 0.5 2.5319620326253007 -0.4274063714179678 -0.03764459115940175  738512.5056457721
-2.499290680885315 0.5 2.5551078558230715 -0.4272318793787977 -0.037608503225473225  738512.5056461322
-2.5226399660110475 0.5 2.578010346247584 -0.4270610065473903 -0.03756786726369396  738512.5056465007
-2.5226399660110475 0.5 2.578010346247584 -0.4270610065473903 -0.03756786726369396  738512.5056468676
-2.5465819597244264 0.5 2.601502452165027 -0.42688756679026646 -0.0375213876451644  738512.5056472289
-2.5465819597244264 0.5 2.601502452165027 -0.42688756679026646 -0.0375213876451644  738512.5056475773
-2.577237939834595 0.5 2.631594222783991 -0.42666809119127924 -0.037455204368154  738512.5056479373
-2.577237939834595 0.5 2.631594222783991 -0.42666809119127924 -0.037455204368154  738512.5056483035
-2.6006614923477174 0.5 2.654595376957468 -0.42650235017175187 -0.037399904890441274  738512.5056486732
-2.6245795249938966 0.5 2.678089650059016 -0.4263348452343088 -0.037339477115695796  738512.5056490328
-2.647858715057373 0.5 2.7009635423019613 -0.4261734855634875 -0.03727704174787121  738512.5056493961
-2.647858715057373 0.5 2.7009635423019613 -0.4261734855634875 -0.03727704174787121  738512.505649759
-2.671529746055603 0.5 2.724229494191754 -0.42601108732509296 -0.03721010551135083  738512.5056501223
-2.671529746055603 0.5 2.724229494191754 -0.42601108732509296 -0.03721010551135083  738512.505650471
-2.7018744707107545 0.5 2.754065031398225 -0.4258053553999204 -0.03711953353640478  738512.5056508227
-2.7018744707107545 0.5 2.754065031398225 -0.4258053553999204 -0.03711953353640478  738512.5056511752
-2.72471604347229 0.5 2.77653060080088 -0.4256522941192406 -0.03704805145241157  738512.5056515369
-2.7482484340667725 0.5 2.7996819799168686 -0.4254962055108023 -0.03697162969343019  738512.5056519022
-2.77135751247406 0.5 2.8224230336971625 -0.4253444924488965 -0.03689400091700579  738512.5056522548
-2.77135751247406 0.5 2.8224230336971625 -0.4253444924488965 -0.03689400091700579  738512.5056526115
-2.801733469963074 0.5 2.852324236397226 -0.42514741027633474 -0.03678832522302465  738512.505652958
-2.801733469963074 0.5 2.852324236397226 -0.42514741027633474 -0.03678832522302465  738512.5056533185
-2.824907994270325 0.5 2.8751432526462466 -0.42499881900768144 -0.036705109471255624  738512.5056536758
-2.8482434511184693 0.5 2.8751432526462466 -0.42824687565506253 -0.03720699000807147  738512.5056540346
-2.8482434511184693 0.5 2.898126433513419 -0.4248507245123225 -0.036619200457101875  738512.5056544032
-2.871878957748413 0.5 2.921410828047942 -0.4247022734086998 -0.036530157721650594  738512.5056547645
-2.871878957748413 0.5 2.921410828047942 -0.4247022734086998 -0.036530157721650594  738512.5056551233
-2.8952730655670167 0.5 2.9444629193574894 -0.42455685610083516 -0.036440140744317416  738512.5056554826
-2.8952730655670167 0.5 2.9444629193574894 -0.42455685610083516 -0.036440140744317416  738512.5056558411
-2.9262847661972047 0.5 2.9750294666690604 -0.4243663876566461 -0.03631812841097346  738512.5056562022
-2.9496711254119874 0.5 2.998086176764021 -0.4242244657932807 -0.03622423894027936  738512.5056565673
-2.9496711254119874 0.5 2.998086176764021 -0.4242244657932807 -0.03622423894027936  738512.5056569274
-2.9732091188430787 0.5 3.021297500398365 -0.4240830927578011 -0.036128229739111575  738512.5056572888
-2.996655321121216 0.5 3.0444232937444333 -0.423943719713793 -0.03603118998733054  738512.505657646
-2.996655321121216 0.5 3.0444232937444333 -0.423943719713793 -0.03603118998733054  738512.5056579985
-3.0272279739379884 0.5 3.0745854399688604 -0.42376412892168247 -0.03590270839907671  738512.5056583504
-3.0272279739379884 0.5 3.0745854399688604 -0.42376412892168247 -0.03590270839907671  738512.5056587146
-3.0504172801971436 0.5 3.0974687457263217 -0.4236295080138362 -0.035803899333118394  738512.5056590834
-3.07437059879303 0.5 3.121110724845903 -0.42349188091091944 -0.03570070461403329  738512.5056594539
-3.07437059879303 0.5 3.121110724845903 -0.42349188091091944 -0.03570070461403329  738512.5056598114
-3.0978010654449464 0.5 3.144241207580658 -0.4233586463919326 -0.035598734056234434  738512.5056601681
-3.121252512931824 0.5 3.1673968182414924 -0.423226651096095 -0.03549573205605702  738512.505660539
-3.121252512931824 0.5 3.1673968182414924 -0.423226651096095 -0.03549573205605702  738512.5056608975
-3.1447169542312623 0.5 3.190569583906765 -0.4230959266307175 -0.0353918056023215  738512.5056612551
-3.17577645778656 0.5 3.2212494955323523 -0.42292492858542685 -0.03525302489917423  738512.5056616165
-3.17577645778656 0.5 3.2212494955323523 -0.42292492858542685 -0.03525302489917423  738512.5056619797
-3.1992571115493775 0.5 3.2444479763762453 -0.42279717764679675 -0.035147274943642406  738512.5056623422
-3.2225486993789674 0.5 3.2674636459200714 -0.4226717323535181 -0.03504173642451792  738512.5056626991
-3.2225486993789674 0.5 3.2674636459200714 -0.4226717323535181 -0.03504173642451792  738512.5056630602
-3.2462067365646363 0.5 3.2908453984700405 -0.4225455993801141 -0.03493394490085403  738512.5056634332
-3.2462067365646363 0.5 3.2908453984700405 -0.4225455993801141 -0.03493394490085403  738512.5056637846
-3.269441819190979 0.5 3.313812953167887 -0.42242296728591827 -0.034827555003800394  738512.5056641485
-3.269441819190979 0.5 3.313812953167887 -0.42242296728591827 -0.034827555003800394  738512.5056645205
-3.3012344598770142 0.5 3.3452455213460053 -0.4222571421082462 -0.03468123275747157  738512.5056648817
-3.324427938461304 0.5 3.368180582609597 -0.422137586873039 -0.034574006775632486  738512.505665241
-3.3479426860809327 0.5 3.3914369216156834 -0.4220175798614262 -0.03446493512659347  738512.5056656018
-3.3479426860809327 0.5 3.3914369216156834 -0.4220175798614262 -0.03446493512659347  738512.5056659614
-3.371064639091492 0.5 3.4143082341422626 -0.42190074506297126 -0.034357375718962586  738512.5056663165
-3.371064639091492 0.5 3.4143082341422626 -0.42190074506297126 -0.034357375718962586  738512.5056666738
-3.401793932914734 0.5 3.444709603594018 -0.42174723750780574 -0.034214024040739005  738512.5056670329
-3.4252564668655396 0.5 3.467925651301228 -0.421631369746057 -0.03410431278854926  738512.5056673915
-3.4252564668655396 0.5 3.467925651301228 -0.421631369746057 -0.03410431278854926  738512.5056677526
-3.4484199047088624 0.5 3.490848978247765 -0.4215181004640679 -0.0339958217999911  738512.5056681099
-3.4484199047088624 0.5 3.490848978247765 -0.4215181004640679 -0.0339958217999911  738512.5056684776
-3.472181296348572 0.5 3.514367332382006 -0.4214030502399034 -0.03388438306163978  738512.5056688478
-3.4959472179412843 0.5 3.5378934189738427 -0.4212891212582196 -0.03377280981187238  738512.505669201
-3.4959472179412843 0.5 3.5378934189738427 -0.4212891212582196 -0.03377280981187238  738512.5056695612
-3.5269049167633058 0.5 3.5685434732668213 -0.42114240665052666 -0.03362735996681087  738512.5056699283
-3.550456142425537 0.5 3.591864190899105 -0.4210320554947498 -0.03351666248695841  738512.5056702896
-3.550456142425537 0.5 3.591864190899105 -0.4210320554947498 -0.03351666248695841  738512.5056706546
-3.5739960432052613 0.5 3.6151766809489763 -0.4209228323596099 -0.03340601149705334  738512.5056710178
-3.597646450996399 0.5 3.638601559344411 -0.4208141648877755 -0.03329486256527682  738512.505671385
-3.597646450996399 0.5 3.638601559344411 -0.4208141648877755 -0.03329486256527682  738512.5056717336
-3.6203113555908204 0.5 3.6610530534708707 -0.4207110177238726 -0.033188390346365525  738512.5056720865
-3.6203113555908204 0.5 3.6610530534708707 -0.4207110177238726 -0.033188390346365525  738512.5056724426
-3.6512288808822633 0.5 3.6916836679226783 -0.4205718570841332 -0.033043262526815546  738512.5056727997
-3.6512288808822633 0.5 3.6916836679226783 -0.4205718570841332 -0.033043262526815546  738512.505673162
-3.6745524168014527 0.5 3.7147939099419762 -0.4204680397791459 -0.03293389663070325  738512.5056735314
-3.698541855812073 0.5 3.7385667290524833 -0.4203622866718013 -0.032821537425043346  738512.505673902
-3.698541855812073 0.5 3.7385667290524833 -0.4203622866718013 -0.032821537425043346  738512.5056742613
-3.7220368146896363 0.5 3.7618521989463223 -0.4202597111320165 -0.032711642624949314  738512.5056746069
-3.7448791027069093 0.5 3.7844933000221044 -0.42016091959099 -0.03260496058710588  738512.50567497
-3.7448791027069093 0.5 3.7844933000221044 -0.42016091959099 -0.03260496058710588  738512.5056753381
-3.77659330368042 0.5 3.8159321492960214 -0.42002526365082027 -0.032457137716916475  738512.5056757022
-3.7998603343963624 0.5 3.8390000496373236 -0.4199268379535035 -0.032348928339017285  738512.5056760628
-3.7998603343963624 0.5 3.8390000496373236 -0.4199268379535035 -0.032348928339017285  738512.50567643
-3.8233670949935914 0.5 3.862308054091697 -0.4198283283791247 -0.0322398293503192  738512.5056767926
-3.8233670949935914 0.5 3.862308054091697 -0.4198283283791247 -0.0322398293503192  738512.5056771487
-3.8467719316482545 0.5 3.8855173755657018 -0.4197311631093981 -0.032131444108621364  738512.5056775074
-3.869731402397156 0.5 3.90828731732579 -0.41963672479915903 -0.03202536902141277  738512.5056778645
-3.869731402397156 0.5 3.90828731732579 -0.41963672479915903 -0.03202536902141277  738512.5056782326
-3.9011672496795655 0.5 3.9394672320092474 -0.4195088116088541 -0.031880554298894664  738512.5056785832
-3.9242402076721192 0.5 3.962354916867631 -0.41941593581211417 -0.031774591795058246  738512.505678942
-3.9242402076721192 0.5 3.962354916867631 -0.41941593581211417 -0.031774591795058246  738512.5056793086
-3.9481086492538453 0.5 3.9860339457011436 -0.41932074383399454 -0.03166528156860709  738512.505679672
-3.9481086492538453 0.5 3.9860339457011436 -0.41932074383399454 -0.03166528156860709  738512.5056800247
-3.971018648147583 0.5 4.008764250852976 -0.41923021106157715 -0.03156066428310717  738512.5056803935
-3.971018648147583 0.5 4.008764250852976 -0.41923021106157715 -0.03156066428310717  738512.5056807488
-4.002297973632812 0.5 4.039801516115658 -0.4191079104124772 -0.0314183278244435  738512.5056811116
-4.025864219665527 0.5 4.063187843017121 -0.41901674878741646 -0.03131148353291645  738512.5056814774
-4.049506282806396 0.5 4.086651485315786 -0.41892612935672224 -0.03120464652128026  738512.5056818416
-4.049506282806396 0.5 4.086651485315786 -0.41892612935672224 -0.03120464652128026  738512.5056822124
-4.073261475563049 0.5 4.110229462979996 -0.41883590849507446 -0.031097661734665917  738512.5056825628
-4.073261475563049 0.5 4.110229462979996 -0.41883590849507446 -0.031097661734665917  738512.5056829173
-4.0959759712219235 0.5 4.132776405442252 -0.41875041058508494 -0.03099571273401548  738512.5056832791
-4.0959759712219235 0.5 4.132776405442252 -0.41875041058508494 -0.03099571273401548  738512.5056836383
-4.127121901512146 0.5 4.163695549153908 -0.4186343841635696 -0.030856488918296204  738512.5056839995
-4.150661325454712 0.5 4.1870658031133114 -0.418547607875924 -0.030751711830813037  738512.5056843613
-4.173676824569702 0.5 4.209917720056026 -0.41846351334327203 -0.030649644889953087  738512.5056847159
-4.173676824569702 0.5 4.209917720056026 -0.41846351334327203 -0.030649644889953087  738512.5056850791
-4.196684336662292 0.5 4.2327634784441335 -0.4183801804228798 -0.030547993145505634  738512.5056854289
-4.219739055633545 0.5 4.255657860033491 -0.41829740215706857 -0.030446519428537534  738512.5056857822
-4.219739055633545 0.5 4.255657860033491 -0.41829740215706857 -0.030446519428537534  738512.5056861417
-4.219739055633545 0.5 4.255657860033491 -0.41829740215706857 -0.030446519428537534  738512.5056864985
-4.250680422782898 0.5 4.286386742263339 -0.41818743298427874 -0.03031095071106474  738512.5056868605
-4.274213647842407 0.5 4.3097603923575365 -0.41810464563962935 -0.030208321058158013  738512.5056872293
-4.297938680648803 0.5 4.333326298105518 -0.4180219189083253 -0.030105280600759326  738512.5056875924
-4.297938680648803 0.5 4.333326298105518 -0.4180219189083253 -0.030105280600759326  738512.5056879456
-4.320772862434387 0.5 4.356008959369231 -0.4179429872635965 -0.030006517100597523  738512.505688308
-4.320772862434387 0.5 4.356008959369231 -0.4179429872635965 -0.030006517100597523  738512.5056886667
-4.352169013023376 0.5 4.387199341570894 -0.41783554735521117 -0.02987138117088035  738512.5056890293
-4.352169013023376 0.5 4.387199341570894 -0.41783554735521117 -0.02987138117088035  738512.5056893934
-4.37574074268341 0.5 4.410618502616433 -0.4177557001217463 -0.029770430533470626  738512.505689755
-4.399282670021057 0.5 4.434009668067615 -0.41767664368219964 -0.02967004558990285  738512.5056901219
-4.399282670021057 0.5 4.434009668067615 -0.41767664368219964 -0.02967004558990285  738512.5056904854
-4.422914958000183 0.5 4.457492212021505 -0.4175979687290383 -0.02956971879503409  738512.5056908376
-4.446155285835266 0.5 4.480586815104129 -0.41752125982382055 -0.02947149210395605  738512.5056912058
-4.446155285835266 0.5 4.480586815104129 -0.41752125982382055 -0.02947149210395605  738512.5056915749
-4.469982361793518 0.5 4.504266043503638 -0.4174432866717022 -0.029371237079497813  738512.5056919291
-4.469982361793518 0.5 4.504266043503638 -0.4174432866717022 -0.029371237079497813  738512.5056923013
-4.501366591453552 0.5 4.535457896555735 -0.4173416080556594 -0.02923988627353352  738512.5056926574
-4.524741387367248 0.5 4.5586911272827075 -0.417266625437158 -0.029142577977500653  738512.5056930268
-4.548240041732788 0.5 4.582048917784452 -0.41719187979904065 -0.029045204431049434  738512.5056933864
-4.548240041732788 0.5 4.582048917784452 -0.41719187979904065 -0.029045204431049434  738512.505693743
-4.571301198005676 0.5 4.604973226333823 -0.417119136768649 -0.0289500843292662  738512.5056941069
-4.594745850563049 0.5 4.628280149244084 -0.41704579714471435 -0.028853831120231002  738512.5056944629
-4.594745850563049 0.5 4.628280149244084 -0.41704579714471435 -0.028853831120231002  738512.5056948308
-4.625959849357605 0.5 4.628280149244084 -0.4197447577511073 -0.029112898751273174  738512.5056951854
-4.625959849357605 0.5 4.6593129208584605 -0.41694910023145265 -0.028726384566785734  738512.5056955493
-4.6496423244476315 0.5 4.682859503689077 -0.4168764469804479 -0.028630226974452364  738512.5056959093
-4.672133183479309 0.5 4.705222570872894 -0.41680801071516355 -0.028539338068446087  738512.5056962542
-4.672133183479309 0.5 4.705222570872894 -0.41680801071516355 -0.028539338068446087  738512.5056966245
-4.696038460731506 0.5 4.728993348456338 -0.41673586308754357 -0.028443193546711317  738512.5056969929
-4.696038460731506 0.5 4.728993348456338 -0.41673586308754357 -0.028443193546711317  738512.5056973556
-4.719714260101318 0.5 4.752537269177473 -0.41666500280699925 -0.02834843989222748  738512.5056977269
-4.719714260101318 0.5 4.752537269177473 -0.41666500280699925 -0.02834843989222748  738512.5056980969
-4.751738286018371 0.5 4.784384986171524 -0.41657008608638474 -0.02822101697319742  738512.5056984678
-4.775220608711242 0.5 4.807739514945024 -0.4165011564801061 -0.028128123257568197  738512.5056988109
-4.79776713848114 0.5 4.830164509599499 -0.41643550050185973 -0.028039362924184894  738512.5056991624
-4.79776713848114 0.5 4.830164509599499 -0.41643550050185973 -0.028039362924184894  738512.5056995167
-4.820914363861084 0.5 4.853188133464569 -0.416368625983457 -0.027948677393763707  738512.505699873
-4.820914363861084 0.5 4.853188133464569 -0.416368625983457 -0.027948677393763707  738512.5057002302
-4.8517451047897335 0.5 4.883856059141015 -0.41628037759336567 -0.027828580807820275  738512.5057005982
-4.8517451047897335 0.5 4.883856059141015 -0.41628037759336567 -0.027828580807820275  738512.5057009648
-4.875629162788391 0.5 4.907615389401986 -0.41621265226789966 -0.027736086226859243  738512.5057013191
-4.898254370689392 0.5 4.930123555269654 -0.4161490047471813 -0.02764890279611653  738512.5057016623
-4.898254370689392 0.5 4.930123555269654 -0.4161490047471813 -0.02764890279611653  738512.5057020265
-4.921496248245239 0.5 4.953246311180473 -0.41608413148447715 -0.027559784258580387  738512.5057023908
-4.945282196998596 0.5 4.976911498761078 -0.4160182676880131 -0.027469041703268353  738512.5057027629
-4.945282196998596 0.5 4.976911498761078 -0.4160182676880131 -0.027469041703268353  738512.5057031323
-4.976917481422424 0.5 5.008387943736943 -0.41593148611043684 -0.02734907710917666  738512.5057034873
-4.976917481422424 0.5 5.008387943736943 -0.41593148611043684 -0.02734907710917666  738512.5057038578
-5.000604248046875 0.5 5.031957084344785 -0.41586711181534286 -0.02725979325141902  738512.5057042085
-5.023282146453857 0.5 5.054523397121523 -0.41580595712632457 -0.02717474362781428  738512.505704566
-5.04706118106842 0.5 5.078186495767729 -0.41574232936882205 -0.02708601657286022  738512.5057049331
-5.04706118106842 0.5 5.078186495767729 -0.41574232936882205 -0.02708601657286022  738512.5057052929
-5.070659017562866 0.5 5.101670345570554 -0.4156796831368945 -0.0269984220660045  738512.505705663
-5.070659017562866 0.5 5.101670345570554 -0.4156796831368945 -0.0269984220660045  738512.5057060253
-5.102270221710205 0.5 5.13313049368405 -0.415596529047452 -0.02688179244827847  738512.5057063932
-5.102270221710205 0.5 5.13313049368405 -0.415596529047452 -0.02688179244827847  738512.5057067521
-5.125638341903686 0.5 5.156388135693815 -0.41553561517317134 -0.02679609686157528  738512.5057070992
-5.14819905757904 0.5 5.178843134069254 -0.4154772493452168 -0.0267137810610729  738512.5057074606
-5.17222318649292 0.5 5.202755693891158 -0.41541557118350114 -0.026626576738858352  738512.5057078304
-5.17222318649292 0.5 5.202755693891158 -0.41541557118350114 -0.026626576738858352  738512.5057082025
-5.19630012512207 0.5 5.226721844806125 -0.4153542420823944 -0.026539645762358843  738512.505708574
-5.19630012512207 0.5 5.226721844806125 -0.4153542420823944 -0.026539645762358843  738512.5057089429
-5.220279192924499 0.5 5.250591582776353 -0.4152936390485263 -0.026453529185577754  738512.505709299
-5.220279192924499 0.5 5.250591582776353 -0.4152936390485263 -0.026453529185577754  738512.5057096578
-5.251165843009948 0.5 5.281338868324933 -0.4152162707595232 -0.02634328043839968  738512.5057100173
-5.274294233322143 0.5 5.304363960662672 -0.4151588405222048 -0.02626122015898731  738512.5057103769
-5.297596430778503 0.5 5.327562988871138 -0.41510141021277064 -0.026178970603607188  738512.5057107327
-5.297596430778503 0.5 5.327562988871138 -0.41510141021277064 -0.026178970603607188  738512.5057110952
-5.321105098724365 0.5 5.350968481949323 -0.4150439051845293 -0.026096425235063808  738512.5057114605
-5.321105098724365 0.5 5.350968481949323 -0.4150439051845293 -0.026096425235063808  738512.5057118196
-5.35230073928833 0.5 5.382028599601136 -0.4149682620493263 -0.025987557117555567  738512.5057121825
-5.35230073928833 0.5 5.382028599601136 -0.4149682620493263 -0.025987557117555567  738512.5057125315
-5.375307416915893 0.5 5.404936329675267 -0.41491295573579906 -0.02590775330795657  738512.5057129018
-5.399311995506286 0.5 5.428838561003978 -0.41485567992496586 -0.025824925767838295  738512.5057132714
-5.399311995506286 0.5 5.428838561003978 -0.41485567992496586 -0.025824925767838295  738512.5057136251
-5.422552919387817 0.5 5.451981250454519 -0.41480063952867735 -0.025745157204647023  738512.5057139866
-5.445757722854614 0.5 5.475088802442646 -0.41474608599693946 -0.025665926882156166  738512.5057143378
-5.469349479675293 0.5 5.498582525773542 -0.4146910294751241 -0.025585797740133448  738512.5057147084
-5.469349479675293 0.5 5.498582525773542 -0.4146910294751241 -0.025585797740133448  738512.5057150646
-5.500093555450439 0.5 5.529200100063032 -0.4146198896492607 -0.025482011618370402  738512.50571542
-5.500093555450439 0.5 5.529200100063032 -0.4146198896492607 -0.025482011618370402  738512.5057157747
-5.523079490661621 0.5 5.55209236931866 -0.4145671460675641 -0.025404883058679648  738512.5057161374
-5.546846008300781 0.5 5.575762850587798 -0.4145130065199764 -0.025325553668439475  738512.5057165023
-5.546846008300781 0.5 5.575762850587798 -0.4145130065199764 -0.025325553668439475  738512.5057168691
-5.570255732536316 0.5 5.599078775610606 -0.4144600683606788 -0.02524782898392882  738512.5057172233
-5.570255732536316 0.5 5.599078775610606 -0.4144600683606788 -0.02524782898392882  738512.5057175813
-5.601229524612426 0.5 5.6299296568413055 -0.4143906108334272 -0.025145617747854218  738512.5057179315
-5.624167418479919 0.5 5.652777394460596 -0.4143395986137079 -0.025070382514841914  738512.5057182921
-5.624167418479919 0.5 5.652777394460596 -0.4143395986137079 -0.025070382514841914  738512.5057186561
-5.64759407043457 0.5 5.67611271977037 -0.41428786853581334 -0.02499394427275205  738512.5057190199
-5.64759407043457 0.5 5.67611271977037 -0.41428786853581334 -0.02499394427275205  738512.5057193901
-5.671602940559387 0.5 5.700028770915258 -0.4142352358010422 -0.024916023629228783  738512.5057197494
-5.694908356666565 0.5 5.7232448310314075 -0.41418451212760427 -0.024840787923697472  738512.5057201074
-5.694908356666565 0.5 5.7232448310314075 -0.41418451212760427 -0.024840787923697472  738512.5057204661
-5.725636219978332 0.5 5.753855983977913 -0.4141181798360331 -0.024742192219924432  738512.5057208266
-5.725636219978332 0.5 5.753855983977913 -0.4141181798360331 -0.024742192219924432  738512.5057211744
-5.748685812950134 0.5 5.776818843581067 -0.41406882577383936 -0.024668679984693884  738512.5057215455
-5.772773718833923 0.5 5.800816844185498 -0.4140176135344049 -0.024592262675776494  738512.5057219082
-5.796343183517456 0.5 5.824299057084581 -0.4139678609589507 -0.024517889912193686  738512.5057222776
-5.796343183517456 0.5 5.824299057084581 -0.4139678609589507 -0.024517889912193686  738512.5057226425
-5.819681024551391 0.5 5.847551195528284 -0.41391894206585156 -0.024444635497046088  738512.5057229935
-5.819681024551391 0.5 5.847551195528284 -0.41391894206585156 -0.024444635497046088  738512.5057233372
-5.849700307846069 0.5 5.877461239185165 -0.4138565168777846 -0.02435097234495866  738512.5057236896
-5.873080468177795 0.5 5.900757088067749 -0.41380828225151317 -0.024278460365585966  738512.505724054
-5.873080468177795 0.5 5.900757088067749 -0.41380828225151317 -0.024278460365585966  738512.5057244089
-5.896414971351623 0.5 5.924008106793198 -0.4137604738063285 -0.02420646867417007  738512.5057247811
-5.920536494255066 0.5 5.948044016815625 -0.41371139797628326 -0.024132444225878943  738512.5057251524
-5.920536494255066 0.5 5.948044016815625 -0.41371139797628326 -0.024132444225878943  738512.505725516
-5.920536494255066 0.5 5.948044016815625 -0.41371139797628326 -0.024132444225878943  738512.5057258718
-5.951611614227295 0.5 5.979009860364929 -0.4136486861527037 -0.024037669053319236  738512.5057262325
-5.97483537197113 0.5 6.002152688700295 -0.41360219061755543 -0.02396726942358635  738512.5057265869
-5.97483537197113 0.5 6.002152688700295 -0.41360219061755543 -0.02396726942358635  738512.5057269457
-5.998002982139587 0.5 6.025240185648411 -0.41355612078500537 -0.02389740401390905  738512.5057273055
-6.021133399009704 0.5 6.04829122911389 -0.4135104339946958 -0.023828011342684783  738512.5057276598
-6.021133399009704 0.5 6.04829122911389 -0.4135104339946958 -0.023828011342684783  738512.5057280291
-6.044803595542907 0.5 6.071880824950502 -0.41346399760632185 -0.023757370085489272  738512.5057284002
-6.044803595542907 0.5 6.071880824950502 -0.41346399760632185 -0.023757370085489272  738512.5057287551
-6.0761713743209835 0.5 6.1031427531578055 -0.4134029479573425 -0.02366433019549279  738512.5057291158
-6.09981153011322 0.5 6.1267038502743425 -0.41335730167916884 -0.023594640637753295  738512.5057294822
-6.122791981697082 0.5 6.149608031050315 -0.4133132253832816 -0.023527247280438913  738512.5057298343
-6.122791981697082 0.5 6.149608031050315 -0.4133132253832816 -0.023527247280438913  738512.5057301931
-6.146266078948974 0.5 6.173004804440157 -0.4132685007871445 -0.023458761778864207  738512.505730564
-6.170345878601074 0.5 6.197005892708995 -0.4132229325404991 -0.023388880203328966  738512.5057309351
-6.170345878601074 0.5 6.197005892708995 -0.4132229325404991 -0.023388880203328966  738512.5057312854
-6.170345878601074 0.5 6.197005892708995 -0.4132229325404991 -0.023388880203328966  738512.5057316412
-6.200848913192749 0.5 6.227410092325752 -0.41316565546321055 -0.0233008937094438  738512.505732002
-6.224373793601989 0.5 6.250859405919042 -0.4131218187138134 -0.023233442072728122  738512.5057323688
-6.2478255987167355 0.5 6.274236442074081 -0.41307840720548783 -0.02316654970298583  738512.5057327286
-6.2478255987167355 0.5 6.274236442074081 -0.41307840720548783 -0.02316654970298583  738512.5057330929
-6.27165458202362 0.5 6.297990023333292 -0.4130345902485655 -0.023098936927673043  738512.5057334555
-6.294988846778869 0.5 6.321251001506664 -0.41299196617005995 -0.023033072892491763  738512.5057338234
-6.294988846778869 0.5 6.321251001506664 -0.41299196617005995 -0.023033072892491763  738512.5057341692
-6.325690484046936 0.5 6.351857032292212 -0.41293630666032655 -0.02294692998150969  738512.5057345311
-6.325690484046936 0.5 6.351857032292212 -0.41293630666032655 -0.02294692998150969  738512.5057348928
-6.348881936073303 0.5 6.3749768745215 -0.412894577337424 -0.022882245659367095  738512.505735251
-6.372852420806884 0.5 6.398873888662824 -0.4128517280365805 -0.022815735610656068  738512.5057356228
-6.372852420806884 0.5 6.398873888662824 -0.4128517280365805 -0.022815735610656068  738512.5057359819
-6.396239376068115 0.5 6.422189689651109 -0.4128101952554225 -0.022751182571804612  738512.505736342
-6.396239376068115 0.5 6.422189689651109 -0.4128101952554225 -0.022751182571804612  738512.505736696
-6.4267700672149655 0.5 6.452628266864793 -0.4127563780479464 -0.022667410003156672  738512.5057370539
-6.4267700672149655 0.5 6.452628266864793 -0.4127563780479464 -0.022667410003156672  738512.5057374149
-6.450273728370666 0.5 6.47606160607242 -0.41271525455141994 -0.022603300846179737  738512.5057377734
-6.473448014259338 0.5 6.499167052729215 -0.4126749661222482 -0.02254041326886674  738512.5057381376
-6.497114157676696 0.5 6.522763399933226 -0.4126340852886009 -0.022476520013552628  738512.5057384992
-6.497114157676696 0.5 6.522763399933226 -0.4126340852886009 -0.022476520013552628  738512.5057388595
-6.520715451240539 0.5 6.5462955903795255 -0.41259357834940674 -0.022413130876660612  738512.5057392238
-6.520715451240539 0.5 6.5462955903795255 -0.41259357834940674 -0.022413130876660612  738512.5057395844
-6.55170783996582 0.5 6.577197987432301 -0.41254077911383463 -0.02233038599378428  738512.5057399491
-6.575307583808899 0.5 6.600729771333469 -0.4125008703196617 -0.0222677529407549  738512.5057403093
-6.575307583808899 0.5 6.600729771333469 -0.4125008703196617 -0.0222677529407549  738512.5057406619
-6.598561382293701 0.5 6.623917079070192 -0.41246179444264847 -0.022206352562530934  738512.5057410254
-6.621443128585815 0.5 6.646733851926225 -0.4124235817532603 -0.02214623739402608  738512.505741381
-6.621443128585815 0.5 6.646733851926225 -0.4124235817532603 -0.02214623739402608  738512.5057417304
-6.651633358001709 0.5 6.676839035679953 -0.4123735214338362 -0.022067377710469283  738512.505742076
-6.651633358001709 0.5 6.676839035679953 -0.4123735214338362 -0.022067377710469283  738512.5057424229
-6.674526190757751 0.5 6.6996678897300725 -0.4123358299031372 -0.022007923255040293  738512.5057427812
-6.674526190757751 0.5 6.6996678897300725 -0.4123358299031372 -0.022007923255040293  738512.505743143
-6.697729682922363 0.5 6.722806979002485 -0.41229786087651604 -0.021947962430219462  738512.5057435039
-6.721237754821777 0.5 6.746250253784833 -0.41225963149318157 -0.021887521000625226  738512.5057438583
-6.721237754821777 0.5 6.746250253784833 -0.41225963149318157 -0.021887521000625226  738512.5057442108
-6.751733040809631 0.5 6.776662152181859 -0.4122103927590828 -0.021809571149630835  738512.5057445794
-6.751733040809631 0.5 6.776662152181859 -0.4122103927590828 -0.021809571149630835  738512.5057449216
-6.774565434455871 0.5 6.799432600968725 -0.4121737854988992 -0.021751543647190612  738512.5057452784
-6.797841644287109 0.5 6.822646088048497 -0.4121366924443206 -0.021692681413002794  738512.5057456463
-6.797841644287109 0.5 6.822646088048497 -0.4121366924443206 -0.021692681413002794  738512.5057460013
-6.821204757690429 0.5 6.845946672848275 -0.4120996880797063 -0.021633895190875854  738512.5057463599
-6.821204757690429 0.5 6.845946672848275 -0.4120996880797063 -0.021633895190875854  738512.5057467149
-6.852031922340393 0.5 6.876691981541041 -0.41205120638605947 -0.021556778151000846  738512.50574707
-6.875429010391235 0.5 6.900027430436775 -0.41201466921344554 -0.021498587605797623  738512.50574743
-6.898188924789428 0.5 6.922727783558747 -0.4119793396501056 -0.02144226085120023  738512.5057477833
-6.898188924789428 0.5 6.922727783558747 -0.4119793396501056 -0.02144226085120023  738512.5057481418
-6.921705937385559 0.5 6.946183663072789 -0.41194305314721996 -0.021384347664604755  738512.505748503
-6.921705937385559 0.5 6.946183663072789 -0.41194305314721996 -0.021384347664604755  738512.5057488589
-6.944656705856323 0.5 6.96907516771376 -0.4119078523799221 -0.021328108600164566  738512.5057492224
-6.944656705856323 0.5 6.96907516771376 -0.4119078523799221 -0.021328108600164566  738512.5057495841
-6.97598443031311 0.5 7.000322623661586 -0.41186013818703116 -0.021251785183181826  738512.5057499468
-6.9991144895553585 0.5 7.023393877546206 -0.4118251551241256 -0.021195759253204452  738512.5057502888
-7.022313928604126 0.5 7.046534722147397 -0.4117902746041891 -0.02113984109872562  738512.5057506566
-7.022313928604126 0.5 7.046534722147397 -0.4117902746041891 -0.02113984109872562  738512.5057510142
-7.045416688919067 0.5 7.069579513877054 -0.4117557441342773 -0.02108442871780654  738512.5057513689
-7.045416688919067 0.5 7.069579513877054 -0.4117557441342773 -0.02108442871780654  738512.5057517223
-7.076294875144958 0.5 7.100380810002523 -0.41170990802817287 -0.02101078879106134  738512.5057520887
-7.076294875144958 0.5 7.100380810002523 -0.41170990802817287 -0.02101078879106134  738512.5057524396
-7.0993417263031 0.5 7.123370705855565 -0.4116759301518546 -0.020956137803644647  738512.5057527953
-7.1222975015640255 0.5 7.1462701156235795 -0.41164228286134497 -0.020901966303458065  738512.5057531549
-7.1222975015640255 0.5 7.1462701156235795 -0.41164228286134497 -0.020901966303458065  738512.5057535075
-7.145471906661987 0.5 7.169387984084618 -0.4116085121440538 -0.02084754392712434  738512.5057538669
-7.177002048492431 0.5 7.200841788150232 -0.41156287994375224 -0.020773923642582043  738512.5057542373
-7.177002048492431 0.5 7.200841788150232 -0.41156287994375224 -0.020773923642582043  738512.5057545993
-7.200684642791748 0.5 7.224467482089928 -0.41152884153540364 -0.02071894624507297  738512.5057549698
-7.2241744756698605 0.5 7.224467482089928 -0.4128300319688748 -0.020798961218996243  738512.5057553293
-7.2241744756698605 0.5 7.247901244617802 -0.4114952785544685 -0.020664685108095115  738512.5057556835
-7.247480726242065 0.5 7.271152220664743 -0.41146217145148845 -0.0206111108611212  738512.5057560536
-7.247480726242065 0.5 7.271152220664743 -0.41146217145148845 -0.0206111108611212  738512.5057564115
-7.270924544334411 0.5 7.294540793886306 -0.4114290617825942 -0.02055748277172848  738512.5057567755
-7.301848983764648 0.5 7.325392900733468 -0.4113856802893142 -0.020487142252945106  738512.5057571273
-7.301848983764648 0.5 7.325392900733468 -0.4113856802893142 -0.020487142252945106  738512.5057574951
-7.325354552268982 0.5 7.348843896207784 -0.4113529270416862 -0.020433978531825964  738512.50575785
-7.348685836791992 0.5 7.3721213560823085 -0.41132060353357713 -0.020381464980106668  738512.5057582115
-7.348685836791992 0.5 7.3721213560823085 -0.41132060353357713 -0.020381464980106668  738512.5057585601
-7.371767139434814 0.5 7.395149744581305 -0.4112888080177838 -0.020329763398893138  738512.5057589216
-7.395161843299865 0.5 7.418491151443881 -0.4112567636095829 -0.020277611213686292  738512.5057592874
-7.395161843299865 0.5 7.418491151443881 -0.4112567636095829 -0.020277611213686292  738512.5057596535
-7.426893806457519 0.5 7.450151358242637 -0.4112135907998017 -0.020207274896776116  738512.5057600219
-7.426893806457519 0.5 7.450151358242637 -0.4112135907998017 -0.020207274896776116  738512.505760383
-7.450088953971862 0.5 7.473294439007293 -0.41118224295797706 -0.02015615141091221  738512.5057607373
-7.450088953971862 0.5 7.473294439007293 -0.41118224295797706 -0.02015615141091221  738512.5057610907
-7.473062968254089 0.5 7.496217200188468 -0.4111513673738674 -0.020105755279934277  738512.5057614581
-7.496914482116699 0.5 7.520015834284218 -0.4111194935471924 -0.02005368528495749  738512.5057618258
-7.520130252838134 0.5 7.543180455510851 -0.4110886449621306 -0.020003247183169568  738512.5057621801
-7.520130252838134 0.5 7.543180455510851 -0.4110886449621306 -0.020003247183169568  738512.5057625502
-7.551300382614135 0.5 7.543180455510851 -0.4110886449621306 -0.020003247183169568  738512.5057629016
-7.551300382614135 0.5 7.574282403138258 -0.41104749681692365 -0.019935903419955353  738512.5057632633
-7.574755406379699 0.5 7.597686489399881 -0.4110167356931256 -0.01988551030915541  738512.5057636176
-7.597780680656433 0.5 7.620662064120694 -0.4109867055349785 -0.019836274374303645  738512.5057639776
-7.597780680656433 0.5 7.620662064120694 -0.4109867055349785 -0.019836274374303645  738512.5057643336
-7.621203160285949 0.5 7.644034293704623 -0.41095632605414073 -0.01978642526951191  738512.5057646957
-7.621203160285949 0.5 7.644034293704623 -0.41095632605414073 -0.01978642526951191  738512.5057650557
-7.651821708679199 0.5 7.674587615824715 -0.41091686741241257 -0.019721617742383634  738512.5057654062
-7.651821708679199 0.5 7.674587615824715 -0.41091686741241257 -0.019721617742383634  738512.5057657707
-7.675239539146423 0.5 7.697955909419615 -0.41088688117843913 -0.01967232214944516  738512.5057661264
-7.697951531410217 0.5 7.72062014465734 -0.41085795689813215 -0.019624735018378154  738512.5057664738
-7.7211487054824826 0.5 7.743768830373885 -0.41082857417471785 -0.019576356176839196  738512.5057668334
-7.7211487054824826 0.5 7.743768830373885 -0.41082857417471785 -0.019576356176839196  738512.5057671934
-7.752265787124633 0.5 7.774821322826387 -0.4107894104805633 -0.019511814309526018  738512.5057675537
-7.752265787124633 0.5 7.774821322826387 -0.4107894104805633 -0.019511814309526018  738512.5057679123
-7.775610065460205 0.5 7.798117483902483 -0.410760216531385 -0.01946365913173622  738512.5057682787
-7.799169635772705 0.5 7.821628784100435 -0.4107309143830491 -0.019415288209907695  738512.5057686394
-7.799169635772705 0.5 7.821628784100435 -0.4107309143830491 -0.019415288209907695  738512.505768997
-7.822035408020019 0.5 7.844447984701456 -0.4107026286081542 -0.019368559721124282  738512.5057693538
-7.845920300483703 0.5 7.8682845185868455 -0.4106732422717526 -0.019319976363006117  738512.5057697216
-7.845920300483703 0.5 7.8682845185868455 -0.4106732422717526 -0.019319976363006117  738512.5057700753
-7.876990890502929 0.5 7.899292638698527 -0.41063525782578436 -0.019257122711154404  738512.5057704408
-7.876990890502929 0.5 7.899292638698527 -0.41063525782578436 -0.019257122711154404  738512.5057707984
-7.900368189811706 0.5 7.922623258770399 -0.41060685787896006 -0.019210088025043988  738512.5057711654
-7.924175834655761 0.5 7.946383647071743 -0.4105780919536992 -0.019162411784345138  738512.5057715331
-7.924175834655761 0.5 7.946383647071743 -0.4105780919536992 -0.019162411784345138  738512.5057718911
-7.947699046134948 0.5 7.969860443604746 -0.4105498238863204 -0.019115525999524527  738512.5057722641
-7.971699810028076 0.5 7.993814131532105 -0.4105211386250638 -0.01906791316085953  738512.5057726332
-7.971699810028076 0.5 7.993814131532105 -0.4105211386250638 -0.01906791316085953  738512.5057729975
-7.99525556564331 0.5 8.017323957832023 -0.410493137881309 -0.01902140247269243  738512.5057733614
-7.99525556564331 0.5 8.017323957832023 -0.410493137881309 -0.01902140247269243  738512.5057737224
-8.02675244808197 0.5 8.048759846893018 -0.41045593170257155 -0.01895954914915152  738512.5057740926
-8.02675244808197 0.5 8.048759846893018 -0.41045593170257155 -0.01895954914915152  738512.5057744452
-8.049980020523071 0.5 8.071942744037566 -0.41042866394127503 -0.018914180360265462  738512.5057748021
-8.073307490348816 0.5 8.09522560420794 -0.4104014230242456 -0.018868824565030973  738512.5057751677
-8.073307490348816 0.5 8.09522560420794 -0.4104014230242456 -0.018868824565030973  738512.5057755277
-8.09674391746521 0.5 8.118617471216027 -0.410374199175852 -0.01882346561347261  738512.5057758944
-8.120539045333862 0.5 8.142367619159183 -0.4103467054758265 -0.01877762506339047  738512.5057762624
-8.120539045333862 0.5 8.142367619159183 -0.4103467054758265 -0.01877762506339047  738512.5057766238
-8.152151083946228 0.5 8.173920306217807 -0.41031040665955987 -0.018717054498310858  738512.505776989
-8.152151083946228 0.5 8.173920306217807 -0.41031040665955987 -0.018717054498310858  738512.5057773421
-8.175130343437194 0.5 8.196856709251882 -0.410284181545649 -0.018673258826409567  738512.5057777149
-8.199060297012329 0.5 8.220742287747445 -0.4102570142997523 -0.018627859123217173  738512.505778073
-8.222583389282226 0.5 8.244222010254463 -0.4102304499029199 -0.018583436708553117  738512.5057784406
-8.222583389282226 0.5 8.244222010254463 -0.4102304499029199 -0.018583436708553117  738512.5057788012
-8.245728468894958 0.5 8.267324657711548 -0.41020444772248676 -0.018539925640231467  738512.5057791527
-8.245728468894958 0.5 8.267324657711548 -0.41020444772248676 -0.018539925640231467  738512.5057795095
-8.27671000957489 0.5 8.298249769696161 -0.41016985003967005 -0.018481987045503266  738512.5057798662
-8.299729919433593 0.5 8.321228023741643 -0.41014429638712185 -0.018439161623036122  738512.5057802292
-8.299729919433593 0.5 8.321228023741643 -0.41014429638712185 -0.018439161623036122  738512.5057805978
-8.323708987236023 0.5 8.345163944235448 -0.4101178156460632 -0.018394753579634562  738512.5057809666
-8.347477054595947 0.5 8.368889487738693 -0.41009170545477036 -0.018350938177356953  738512.5057813317
-8.347477054595947 0.5 8.368889487738693 -0.41009170545477036 -0.018350938177356953  738512.505781683
-8.370634055137634 0.5 8.392005289151486 -0.41006639722608546 -0.018308441322392604  738512.5057820464
-8.370634055137634 0.5 8.392005289151486 -0.41006639722608546 -0.018308441322392604  738512.5057824022
-8.401088690757751 0.5 8.422406086843994 -0.41003330814081435 -0.01825283871726011  738512.5057827508
-8.401088690757751 0.5 8.422406086843994 -0.41003330814081435 -0.01825283871726011  738512.5057831188
-8.424681758880615 0.5 8.445957713632009 -0.41000782497923494 -0.018209985914283685  738512.505783483
-8.44847366809845 0.5 8.469708065847755 -0.40998225925765347 -0.018166967106397282  738512.5057838559
-8.44847366809845 0.5 8.469708065847755 -0.40998225925765347 -0.018166967106397282  738512.5057842096
-8.471803045272827 0.5 8.492996919807275 -0.40995731849320927 -0.01812497371119966  738512.5057845633
-8.495129919052124 0.5 8.516283496508953 -0.4099325061146312 -0.018083170855420234  738512.5057849343
-8.495129919052124 0.5 8.516283496508953 -0.4099325061146312 -0.018083170855420234  738512.5057852907
-8.52618465423584 0.5 8.547284925797223 -0.409899667196814 -0.018027805982831217  738512.5057856536
-8.52618465423584 0.5 8.547284925797223 -0.409899667196814 -0.018027805982831217  738512.5057860129
-8.549706077575683 0.5 8.570766231153506 -0.40987494022750176 -0.01798608801749094  738512.505786364
-8.572728371620178 0.5 8.593749471012853 -0.4098508586913269 -0.017945434704961107  738512.505786732
-8.572728371620178 0.5 8.593749471012853 -0.4098508586913269 -0.017945434704961107  738512.505787088
-8.596146202087402 0.5 8.617127790229745 -0.4098264850349134 -0.017904263879974788  738512.5057874398
-8.596146202087402 0.5 8.617127790229745 -0.4098264850349134 -0.017904263879974788  738512.5057878057
-8.627152299880981 0.5 8.64808190257196 -0.4097944005485298 -0.017850030967254373  738512.5057881502
-8.649917101860046 0.5 8.670808773118143 -0.40977097865089224 -0.01781041382114431  738512.5057885175
-8.649917101860046 0.5 8.670808773118143 -0.40977097865089224 -0.01781041382114431  738512.5057888784
-8.673495388031006 0.5 8.694347981637781 -0.40974683901787373 -0.01776955907374609  738512.5057892321
-8.696672892570495 0.5 8.717487278622043 -0.4097232270928622 -0.017729574309733747  738512.5057895908
-8.72021255493164 0.5 8.740988343643846 -0.4096993644663167 -0.01768914179783509  738512.5057899598
-8.72021255493164 0.5 8.740988343643846 -0.4096993644663167 -0.01768914179783509  738512.5057903226
-8.72021255493164 0.5 8.740988343643846 -0.4096993644663167 -0.01768914179783509  738512.5057906766
-8.75117597579956 0.5 8.7719013098325 -0.4096681562140474 -0.017636227802954454  738512.5057910337
-8.774574613571167 0.5 8.795262055156705 -0.40964470712246254 -0.017596443388536387  738512.5057914031
-8.79807481765747 0.5 8.818724404542705 -0.40962127189537784 -0.01755666008929166  738512.5057917623
-8.79807481765747 0.5 8.818724404542705 -0.40962127189537784 -0.01755666008929166  738512.5057921273
-8.821745371818542 0.5 8.842357032840507 -0.40959778309646144 -0.01751676339907221  738512.5057924854
-8.844897842407226 0.5 8.865472603423635 -0.40957492050540273 -0.017477908793855027  738512.5057928461
-8.844897842407226 0.5 8.865472603423635 -0.40957492050540273 -0.017477908793855027  738512.5057932007
-8.844897842407226 0.5 8.865472603423635 -0.40957492050540273 -0.017477908793855027  738512.5057935467
-8.875161504745483 0.5 8.895688321461565 -0.40954520159802726 -0.017427370250023076  738512.5057939074
-8.898699617385864 0.5 8.919189369309736 -0.4095222160672336 -0.017388257591619178  738512.505794274
-8.898699617385864 0.5 8.919189369309736 -0.4095222160672336 -0.017388257591619178  738512.5057946302
-8.92196819782257 0.5 8.942421501012003 -0.40949960371225963 -0.017349759053943502  738512.5057949864
-8.945414876937866 0.5 8.96583164362767 -0.4094769280828966 -0.017311132016310227  738512.5057953501
-8.945414876937866 0.5 8.96583164362767 -0.4094769280828966 -0.017311132016310227  738512.5057957182
-8.976659393310547 0.5 8.997027768016698 -0.4094468809888051 -0.01725991598134096  738512.505796068
-8.999574041366577 0.5 9.019907138450819 -0.40942496697268754 -0.017222540016187952  738512.5057964266
-8.999574041366577 0.5 9.019907138450819 -0.40942496697268754 -0.017222540016187952  738512.5057967886
-9.023224091529846 0.5 9.043520966152034 -0.40940245746369347 -0.0171841282523424  738512.5057971497
-9.046706771850586 0.5 9.066967867173839 -0.4093802148229248 -0.017146151865407536  738512.5057975176
-9.046706771850586 0.5 9.066967867173839 -0.4093802148229248 -0.017146151865407536  738512.505797882
-9.070076322555542 0.5 9.090301994330876 -0.40935818499412174 -0.017108519230362624  738512.5057982352
-9.070076322555542 0.5 9.090301994330876 -0.40935818499412174 -0.017108519230362624  738512.5057985996
-9.101068115234375 0.5 9.121247089439057 -0.4093291311877893 -0.01705885804828414  738512.5057989563
-9.124272680282592 0.5 9.144416897560008 -0.4093074971206708 -0.017021857328371998  738512.5057993131
-9.124272680282592 0.5 9.144416897560008 -0.4093074971206708 -0.017021857328371998  738512.5057996747
-9.14776918888092 0.5 9.167878391088491 -0.4092856942943355 -0.01698454902866855  738512.5058000427
-9.14776918888092 0.5 9.167878391088491 -0.4092856942943355 -0.01698454902866855  738512.505800399
-9.171185946464538 0.5 9.191260430430853 -0.4092640682864756 -0.01694752452396409  738512.5058007616
-9.194698667526245 0.5 9.214738468382103 -0.4092424562006057 -0.016910505200186478  738512.5058011258
-9.194698667526245 0.5 9.214738468382103 -0.4092424562006057 -0.016910505200186478  738512.5058014774
-9.225206470489502 0.5 9.245201532692878 -0.40921456645412485 -0.01686270535356125  738512.5058018353
-9.225206470489502 0.5 9.245201532692878 -0.40921456645412485 -0.01686270535356125  738512.505802194
-9.248730516433715 0.5 9.268691282380162 -0.4091931774565097 -0.01682602606445731  738512.505802555
-9.272157287597656 0.5 9.292084071555267 -0.40917197678129524 -0.016789651769911044  738512.5058029123
-9.29570505619049 0.5 9.315597854761595 -0.40915076634886416 -0.01675324286968132  738512.5058032813
-9.29570505619049 0.5 9.315597854761595 -0.40915076634886416 -0.01675324286968132  738512.50580364
-9.326390719413757 0.5 9.346239487610646 -0.40912327543754934 -0.01670602661946309  738512.5058039917
-9.326390719413757 0.5 9.346239487610646 -0.40912327543754934 -0.01670602661946309  738512.505804335
-9.349199390411377 0.5 9.369015617538064 -0.40910294977851713 -0.016671097596923996  738512.5058047032
-9.372971987724304 0.5 9.392754466630022 -0.4090818627189886 -0.01663484285468537  738512.5058050699
-9.372971987724304 0.5 9.392754466630022 -0.4090818627189886 -0.01663484285468537  738512.5058054408
-9.396626448631286 0.5 9.416375516039148 -0.40906097863854274 -0.016598919771418003  738512.5058057994
-9.396626448631286 0.5 9.416375516039148 -0.40906097863854274 -0.016598919771418003  738512.505806162
-9.42014799118042 0.5 9.43986400075464 -0.4090403083555061 -0.016563347491511428  738512.5058065315
-9.451162910461425 0.5 9.470835581626847 -0.4090131989288873 -0.016516668310142153  738512.50580688
-9.451162910461425 0.5 9.470835581626847 -0.4090131989288873 -0.016516668310142153  738512.5058072394
-9.474510169029235 0.5 9.494150402790568 -0.40899290027251234 -0.016481697512449982  738512.5058076063
-9.49824378490448 0.5 9.517851207474381 -0.4089723606330574 -0.016446295052513993  738512.5058079698
-9.49824378490448 0.5 9.517851207474381 -0.4089723606330574 -0.016446295052513993  738512.5058083418
-9.522258615493774 0.5 9.541833004120871 -0.4089516743649925 -0.01641062311139548  738512.5058087021
-9.522258615493774 0.5 9.541833004120871 -0.4089516743649925 -0.01641062311139548  738512.5058090534
-9.54505774974823 0.5 9.564600930095184 -0.40893212472527285 -0.016376895769985533  738512.505809419
-9.575600242614746 0.5 9.5951018475525 -0.4089060708614276 -0.016331923959094934  738512.5058097604
-9.575600242614746 0.5 9.5951018475525 -0.4089060708614276 -0.016331923959094934  738512.505810121
-9.598956084251403 0.5 9.618426074511474 -0.4088862513974581 -0.01629769560884795  738512.5058104821
-9.62277386188507 0.5 9.642211769810956 -0.40886613200555305 -0.016262933574009705  738512.5058108525
-9.62277386188507 0.5 9.642211769810956 -0.40886613200555305 -0.016262933574009705  738512.5058112124
-9.64614770412445 0.5 9.665554281310555 -0.40884647738878205 -0.016228959307826803  738512.5058115735
-9.64614770412445 0.5 9.665554281310555 -0.40884647738878205 -0.016228959307826803  738512.5058119274
-9.677141404151916 0.5 9.696506669577712 -0.40882055149670055 -0.016184121694040182  738512.5058122872
-9.700200772285461 0.5 9.719535472505605 -0.40880136253023736 -0.01615091841404863  738512.5058126447
-9.700200772285461 0.5 9.719535472505605 -0.40880136253023736 -0.01615091841404863  738512.5058130102
-9.724033331871032 0.5 9.743336593953147 -0.4087816190954849 -0.01611674076521818  738512.5058133799
-9.74733076095581 0.5 9.766603439008701 -0.4087624057845373 -0.016083466261350716  738512.5058137358
-9.74733076095581 0.5 9.766603439008701 -0.4087624057845373 -0.016083466261350716  738512.5058141007
-9.771069502830505 0.5 9.790311167136315 -0.40874291621047293 -0.016049698668235694  738512.5058144694
-9.771069502830505 0.5 9.790311167136315 -0.40874291621047293 -0.016049698668235694  738512.5058148238
-9.801782584190368 0.5 9.8209843453723 -0.40871783105468174 -0.016006214500037533  738512.5058151697
-9.801782584190368 0.5 9.8209843453723 -0.40871783105468174 -0.016006214500037533  738512.5058155275
-9.824735021591186 0.5 9.843907124916159 -0.4086991797889849 -0.015973867437031376  738512.5058158839
-9.848180150985717 0.5 9.867322102181665 -0.4086802117309749 -0.015940957153256736  738512.5058162538
-9.87213454246521 0.5 9.891245834118997 -0.4086609183150637 -0.015907468094953695  738512.5058166247
-9.87213454246521 0.5 9.891245834118997 -0.4086609183150637 -0.015907468094953695  738512.505816986
-9.89562520980835 0.5 9.914706579230105 -0.4086420828890858 -0.01587476013977144  738512.5058173538
-9.89562520980835 0.5 9.914706579230105 -0.4086420828890858 -0.01587476013977144  738512.5058177103
-9.92668137550354 0.5 9.94572340264124 -0.40861730874021657 -0.01583171868325831  738512.5058180722
-10.052499985694885 0.5 10.071385105573238 -0.4085184013628424 -0.015659646311366272  738512.5058209329
-10.073910450935363 0.5 10.09276925927188 -0.40850179982563933 -0.01563072729038007  738512.5058212954
-10.073910450935363 0.5 10.09276925927188 -0.40850179982563933 -0.01563072729038007  738512.5058216486
-10.09719250202179 0.5 10.116022825133257 -0.4084838216306057 -0.015599398305014738  738512.5058220098
-10.120264267921447 0.5 10.139066492062163 -0.4084660819708108 -0.015568472879126766  738512.5058223684
-10.120264267921447 0.5 10.139066492062163 -0.4084660819708108 -0.015568472879126766  738512.505822731
-10.151230788230896 0.5 10.169995498696037 -0.40844239042643793 -0.015527152827477572  738512.5058230852
-10.151230788230896 0.5 10.169995498696037 -0.40844239042643793 -0.015527152827477572  738512.5058234435
-10.174454069137573 0.5 10.193190795769409 -0.4084247113523254 -0.01549630507747096  738512.5058238064
-10.174454069137573 0.5 10.193190795769409 -0.4084247113523254 -0.01549630507747096  738512.5058241673
-10.1979745388031 0.5 10.216683053084985 -0.4084068826807031 -0.015465184234223592  738512.5058245319
-10.221685981750488 0.5 10.240366185716088 -0.40838898682155944 -0.0154339339397217  738512.5058249076
-10.221685981750488 0.5 10.240366185716088 -0.40838898682155944 -0.0154339339397217  738512.505825259
-10.245140647888183 0.5 10.263792976727803 -0.4083713608944784 -0.015403143099953916  738512.5058256199
-10.275598740577697 0.5 10.294215060406888 -0.40834858418385056 -0.015363336839996466  738512.5058259642
-10.275598740577697 0.5 10.294215060406888 -0.40834858418385056 -0.015363336839996466  738512.5058263273
-10.299312686920166 0.5 10.317901118099558 -0.40833093795255393 -0.015332483445301338  738512.5058266975
-10.32280466556549 0.5 10.341365595178344 -0.4083135316204581 -0.015302037931744786  738512.5058270568
-10.32280466556549 0.5 10.341365595178344 -0.4083135316204581 -0.015302037931744786  738512.505827414
-10.34613356590271 0.5 10.364667308161076 -0.4082963192570566 -0.015271920402682281  738512.5058277732
-10.34613356590271 0.5 10.364667308161076 -0.4082963192570566 -0.015271920402682281  738512.5058281355
-10.377195811271667 0.5 10.3956935430734 -0.40827351346778473 -0.01523199844318556  738512.5058284894
-10.377195811271667 0.5 10.3956935430734 -0.40827351346778473 -0.01523199844318556  738512.5058288499
-10.400264000892639 0.5 10.418735128607617 -0.4082566593361442 -0.015202482335826049  738512.5058292132
-10.423543548583984 0.5 10.44198794755506 -0.40823972153234406 -0.015172808887676803  738512.5058295706
-10.446678256988525 0.5 10.465096211255743 -0.40822295908688744 -0.01514343199324906  738512.5058299243
-10.446678256988525 0.5 10.465096211255743 -0.40822295908688744 -0.01514343199324906  738512.5058302953
-10.47028956413269 0.5 10.48868064912619 -0.4082059227979668 -0.015113564323086132  738512.5058306471
-10.47028956413269 0.5 10.48868064912619 -0.4082059227979668 -0.015113564323086132  738512.5058310105
-10.501044249534607 0.5 10.519400516983229 -0.4081838398793884 -0.015074832739193364  738512.5058313543
-10.52418885231018 0.5 10.542519051513626 -0.4081673009450947 -0.015045812822016518  738512.5058317184
-10.52418885231018 0.5 10.542519051513626 -0.4081673009450947 -0.015045812822016518  738512.5058320782
-10.54734263420105 0.5 10.565646869032 -0.4081508234597574 -0.015016890502154517  738512.5058324336
-10.54734263420105 0.5 10.565646869032 -0.4081508234597574 -0.015016890502154517  738512.5058327971
-10.570785617828369 0.5 10.589063679596933 -0.4081342090384352 -0.014987717500724291  738512.5058331602
-10.602320885658264 0.5 10.620563921838404 -0.4081119680501701 -0.014948648689399309  738512.5058335272
-10.602320885658264 0.5 10.620563921838404 -0.4081119680501701 -0.014948648689399309  738512.5058338845
-10.6252845287323 0.5 10.643502190179833 -0.40809585023295003 -0.014920324335408831  738512.5058342436
-10.6252845287323 0.5 10.643502190179833 -0.40809585023295003 -0.014920324335408831  738512.5058346094
-10.649074292182922 0.5 10.667265781190032 -0.40807922127282026 -0.014891091539978139  738512.5058349775
-10.672906732559204 0.5 10.691072118901785 -0.40806263214948135 -0.014861918468955215  738512.5058353448
-10.696186280250549 0.5 10.714326281540567 -0.40804649478631183 -0.014833529979434972  738512.5058357
-10.696186280250549 0.5 10.714326281540567 -0.40804649478631183 -0.014833529979434972  738512.5058360581
-10.719663715362548 0.5 10.737778227231239 -0.40803028680315917 -0.014805007469053354  738512.5058364274
-10.719663715362548 0.5 10.737778227231239 -0.40803028680315917 -0.014805007469053354  738512.505836775
-10.750293231010437 0.5 10.768374655453119 -0.4080092410841368 -0.01476795697641826  738512.5058371337
-10.750293231010437 0.5 10.768374655453119 -0.4080092410841368 -0.01476795697641826  738512.5058375002
-10.773954129219055 0.5 10.792010122571071 -0.40799306038150207 -0.01473946000633783  738512.5058378702
-10.797772741317749 0.5 10.815803246387668 -0.40797683901517934 -0.014710881635843089  738512.505838231
-10.820843195915222 0.5 10.83884912004815 -0.40796119105146567 -0.014683304195115869  738512.5058385856
-10.820843195915222 0.5 10.83884912004815 -0.40796119105146567 -0.014683304195115869  738512.5058389534
-10.820843195915222 0.5 10.83884912004815 -0.40796119105146567 -0.014683304195115869  738512.5058392974
-10.851595497131347 0.5 10.869568817689668 -0.4079404298208078 -0.014646701259623147  738512.5058396521
-10.874949193000793 0.5 10.892897876900088 -0.4079247371000504 -0.014619023702996638  738512.5058400248
-10.898444151878357 0.5 10.916368156409224 -0.40790901316649797 -0.014591281933339762  738512.5058403818
-10.898444151878357 0.5 10.916368156409224 -0.40790901316649797 -0.014591281933339762  738512.5058407494
-10.922234511375427 0.5 10.940133634199036 -0.40789315625598666 -0.01456329627183799  738512.5058411178
-10.945755338668823 0.5 10.963629967781449 -0.4078775426297793 -0.014535730881437845  738512.5058414771
-10.945755338668823 0.5 10.963629967781449 -0.4078775426297793 -0.014535730881437845  738512.5058418433
-10.976939415931701 0.5 10.994781732602082 -0.4078569388739517 -0.014499341762180205  738512.5058421989
-10.976939415931701 0.5 10.994781732602082 -0.4078569388739517 -0.014499341762180205  738512.5058425689
-11.000526285171508 0.5 11.018344282932338 -0.40784142759198344 -0.014471936311869047  738512.5058429206
-11.000526285171508 0.5 11.018344282932338 -0.40784142759198344 -0.014471936311869047  738512.5058432875
-11.023967003822326 0.5 11.041760936241104 -0.40782607420872924 -0.014444801088189038  738512.5058436511
-11.047619557380676 0.5 11.065389310270133 -0.4078106441347994 -0.014417521559827897  738512.5058440155
-11.07113835811615 0.5 11.088884170433237 -0.4077953627576639 -0.014390496267865526  738512.5058443794
-11.07113835811615 0.5 11.088884170433237 -0.4077953627576639 -0.014390496267865526  738512.5058447283
-11.101875638961792 0.5 11.119590315363682 -0.40777548291488974 -0.01435532566247569  738512.5058450908
-11.101875638961792 0.5 11.119590315363682 -0.40777548291488974 -0.01435532566247569  738512.5058454468
-11.125243997573852 0.5 11.142935117431708 -0.4077604381526455 -0.014328699415492247  738512.5058458152
-11.148265814781189 0.5 11.165933823795589 -0.4077456744940602 -0.01430256257553333  738512.5058461648
-11.148265814781189 0.5 11.165933823795589 -0.4077456744940602 -0.01430256257553333  738512.5058465225
-11.171639537811279 0.5 11.189284179958934 -0.4077307437081065 -0.01427612171715619  738512.505846887
-11.195076084136963 0.5 11.21269739437726 -0.40771583167410036 -0.014249705898097568  738512.5058472482
-11.195076084136963 0.5 11.21269739437726 -0.40771583167410036 -0.014249705898097568  738512.5058476108
-11.35298810005188 0.5 11.370454709380867 -0.4076168676269718 -0.014074190341865774  738512.5058511875
-11.373226737976074 0.5 11.390673830159885 -0.40760437108451636 -0.014052001917493647  738512.5058515578
-11.39689335823059 0.5 11.390673830159885 -0.4084358545195151 -0.014084431430913168  738512.50585192
-11.39689335823059 0.5 11.414317715238191 -0.40758981092347724 -0.014026142221976536  738512.5058522847
-11.420439219474792 0.5 11.437841050633793 -0.4075753814668192 -0.014000507044639073  738512.5058526457
-11.420439219474792 0.5 11.437841050633793 -0.4075753814668192 -0.014000507044639073  738512.5058529929
-11.451241707801818 0.5 11.46861421042303 -0.407556589386289 -0.013967109925297516  738512.5058533553
-11.474622464179992 0.5 11.49197280976548 -0.4075423886491285 -0.013941863979973242  738512.5058537193
-11.474622464179992 0.5 11.49197280976548 -0.4075423886491285 -0.013941863979973242  738512.5058540714
-11.497584438323974 0.5 11.514913111271548 -0.40752849524438284 -0.013917157314778267  738512.5058544293
-11.520689463615417 0.5 11.537996415935291 -0.40751456797528407 -0.01389238339299767  738512.5058547857
-11.520689463615417 0.5 11.537996415935291 -0.40751456797528407 -0.01389238339299767  738512.5058551572
-11.54453203678131 0.5 11.56181666608854 -0.4075002512231564 -0.013866909319274645  738512.5058555083
-11.54453203678131 0.5 11.56181666608854 -0.4075002512231564 -0.013866909319274645  738512.5058558597
-11.574752306938171 0.5 11.59200877390299 -0.4074821847701295 -0.013834752723720315  738512.5058562148
-11.597898817062378 0.5 11.615133812799224 -0.40746840723600997 -0.013810222055027395  738512.505856573
-11.597898817062378 0.5 11.615133812799224 -0.40746840723600997 -0.013810222055027395  738512.5058569292
-11.621347999572754 0.5 11.6385613303609 -0.40745450232301034 -0.013785457623370792  738512.5058573046
-11.644684052467346 0.5 11.661875909284838 -0.4074407169365496 -0.013760899162612038  738512.5058576677
-11.644684052467346 0.5 11.661875909284838 -0.4074407169365496 -0.013760899162612038  738512.5058580089
-11.644684052467346 0.5 11.661875909284838 -0.4074407169365496 -0.013760899162612038  738512.5058583618
-11.675178384780883 0.5 11.692342309668556 -0.4074227812740204 -0.013728936765070542  738512.505858734
-11.699259734153747 0.5 11.716401703918773 -0.4074086798400905 -0.013703799029037348  738512.5058591021
-11.72315845489502 0.5 11.740278725046055 -0.4073947394008033 -0.013678941234909193  738512.5058594724
-11.72315845489502 0.5 11.740278725046055 -0.4073947394008033 -0.013678941234909193  738512.5058598339
-11.746756291389465 0.5 11.763855221593934 -0.40738102700225864 -0.013654483233596599  738512.5058602026
-11.770326948165893 0.5 11.787404648259933 -0.40736738220984026 -0.013630139092327525  738512.5058605643
-11.770326948165893 0.5 11.787404648259933 -0.40736738220984026 -0.013630139092327525  738512.5058609351
-11.8012380361557 0.5 11.818288022897578 -0.4073495661177029 -0.013598342702398947  738512.5058612914
-11.8012380361557 0.5 11.818288022897578 -0.4073495661177029 -0.013598342702398947  738512.5058616386
-11.824650025367736 0.5 11.841679118325892 -0.4073361307853302 -0.013574357104599949  738512.5058620049
-11.848387098312378 0.5 11.865395091509338 -0.4073225600906722 -0.013550123262640618  738512.5058623713
-11.848387098312378 0.5 11.865395091509338 -0.4073225600906722 -0.013550123262640618  738512.5058627268
-11.871760702133178 0.5 11.888748000948397 -0.4073092472802516 -0.013526343509114993  738512.5058630926
-11.871760702133178 0.5 11.888748000948397 -0.4073092472802516 -0.013526343509114993  738512.5058634519
-11.895496821403503 0.5 11.912463187946928 -0.4072957785698948 -0.013502278808471263  738512.5058638
-11.895496821403503 0.5 11.912463187946928 -0.4072957785698948 -0.013502278808471263  738512.505864169
-11.926047778129577 0.5 11.942987324983543 -0.40727851743640053 -0.013471428629086214  738512.5058645341
-11.94988796710968 0.5 11.96680668052044 -0.40726510578404923 -0.013447451112058889  738512.5058649026
-11.94988796710968 0.5 11.96680668052044 -0.40726510578404923 -0.013447451112058889  738512.5058652546
-11.97294590473175 0.5 11.989844547073876 -0.4072521822167463 -0.013424340105398046  738512.5058656225
-11.996811246871948 0.5 12.013689196433821 -0.4072388555633526 -0.013400502006897946  738512.5058659841
-12.020052647590637 0.5 12.03691052419974 -0.40722592540495967 -0.013377367069648373  738512.505866345
-12.020052647590637 0.5 12.03691052419974 -0.40722592540495967 -0.013377367069648373  738512.5058667029
-12.020052647590637 0.5 12.03691052419974 -0.40722592540495967 -0.013377367069648373  738512.5058670581
-12.050855493545532 0.5 12.06768688568212 -0.4072088611614382 -0.013346826187128263  738512.5058674122
-12.073885178565979 0.5 12.090696857764852 -0.40719615690164335 -0.01332408187249311  738512.5058677731
-12.097548580169677 0.5 12.114340082020684 -0.4071831507021393 -0.013300791032423624  738512.505868143
-12.097548580169677 0.5 12.114340082020684 -0.4071831507021393 -0.013300791032423624  738512.5058684993
-12.12069079875946 0.5 12.137462643729368 -0.4071704774198604 -0.013278090561542786  738512.5058688628
-12.144468522071838 0.5 12.161220248255143 -0.4071575037065065 -0.013254846028418516  738512.5058692349
-12.144468522071838 0.5 12.161220248255143 -0.4071575037065065 -0.013254846028418516  738512.5058695785
-12.174835300445556 0.5 12.191561446778842 -0.40714100455524654 -0.013225276438600015  738512.505869938
-12.174835300445556 0.5 12.191561446778842 -0.40714100455524654 -0.013225276438600015  738512.5058702944
-12.198476886749267 0.5 12.215183206299837 -0.40712821320826875 -0.013202345268025325  738512.5058706546
-12.198476886749267 0.5 12.215183206299837 -0.40712821320826875 -0.013202345268025325  738512.5058710194
-12.221991991996765 0.5 12.238678666790456 -0.40711553674902784 -0.01317961431884901  738512.5058713905
-12.245681023597717 0.5 12.262347984485064 -0.4071028131200195 -0.013156793045491123  738512.5058717374
-12.245681023597717 0.5 12.262347984485064 -0.4071028131200195 -0.013156793045491123  738512.5058720908
-12.276235198974609 0.5 12.292876844965612 -0.40708647079014293 -0.013127472789222902  738512.5058724508
-12.276235198974609 0.5 12.292876844965612 -0.40708647079014293 -0.013127472789222902  738512.5058728125
-12.29944667816162 0.5 12.316069176782392 -0.40707410718331166 -0.013105284581834239  738512.5058731745
-12.322749590873718 0.5 12.339352939132183 -0.40706173923571165 -0.013083083162430198  738512.5058735296
-12.322749590873718 0.5 12.339352939132183 -0.40706173923571165 -0.013083083162430198  738512.5058738894
-12.345975613594055 0.5 12.36255994648733 -0.4070494560903485 -0.013061028605858217  738512.505874253
-12.377081370353698 0.5 12.393640348264553 -0.4070330741179221 -0.013031606236458056  738512.5058746095
-12.377081370353698 0.5 12.393640348264553 -0.4070330741179221 -0.013031606236458056  738512.5058749679
-12.400214529037475 0.5 12.41675473293969 -0.4070209414227364 -0.013009809539383747  738512.5058753307
-12.400214529037475 0.5 12.41675473293969 -0.4070209414227364 -0.013009809539383747  738512.5058756912
-12.423807001113891 0.5 12.440328130131567 -0.40700861191589277 -0.012987653933917138  738512.5058760453
-12.446770763397216 0.5 12.46327339517898 -0.4069966535039862 -0.012966160039812755  738512.5058764077
-12.446770763397216 0.5 12.46327339517898 -0.4069966535039862 -0.012966160039812755  738512.5058767686
-12.470356202125549 0.5 12.486839906706399 -0.4069844147950813 -0.012944157115609542  738512.5058771231
-12.470356202125549 0.5 12.486839906706399 -0.4069844147950813 -0.012944157115609542  738512.5058774797
-12.501071190834045 0.5 12.51753035366612 -0.40696854210390426 -0.012915613095111715  738512.5058778424
-12.524474358558654 0.5 12.540914902561664 -0.4069564974987472 -0.012893947232601746  738512.505878202
-12.524474358558654 0.5 12.540914902561664 -0.4069564974987472 -0.012893947232601746  738512.505878562
-12.547827339172363 0.5 12.564249373384962 -0.4069445211749476 -0.012872399126843417  738512.5058789339
-12.571742749214172 0.5 12.588145898999386 -0.4069323001328331 -0.01285040551154159  738512.505879302
-12.595402693748474 0.5 12.611787231279424 -0.4069202529362942 -0.0128287196138211  738512.5058796633
-12.595402693748474 0.5 12.611787231279424 -0.4069202529362942 -0.0128287196138211  738512.5058800109
-12.595402693748474 0.5 12.611787231279424 -0.4069202529362942 -0.0128287196138211  738512.505880383
-12.626492476463318 0.5 12.642852662876942 -0.4069044876983773 -0.012800333241275741  738512.505880747
-12.649880743026733 0.5 12.666222689306316 -0.4068926762424208 -0.012779060196667196  738512.5058811062
-12.673450446128845 0.5 12.68977407876887 -0.4068808149904252 -0.01275769253691834  738512.5058814799
-12.673450446128845 0.5 12.68977407876887 -0.4068808149904252 -0.01275769253691834  738512.5058818321
-12.696964120864868 0.5 12.713269551036069 -0.40686902355908694 -0.012736445763122143  738512.5058821915
-12.720223999023437 0.5 12.736511489295118 -0.40685740009022126 -0.012715496865422964  738512.5058825527
-12.720223999023437 0.5 12.736511489295118 -0.40685740009022126 -0.012715496865422964  738512.5058828992
-12.750978326797485 0.5 12.736511489295118 -0.40685740009022126 -0.012715496865422964  738512.5058832646
-12.750978326797485 0.5 12.76724219715803 -0.4068420932542899 -0.012687902237072115  738512.5058836279
-12.774206256866455 0.5 12.790452362995941 -0.40683057876741074 -0.012667138914624815  738512.505883992
-12.798024153709411 0.5 12.814252111263636 -0.40681881301595896 -0.012645917709700707  738512.5058843652
-12.798024153709411 0.5 12.814252111263636 -0.40681881301595896 -0.012645917709700707  738512.5058847133
-12.8214617729187 0.5 12.837671937371965 -0.40680727562048796 -0.012625103675033528  738512.5058850775
-12.8214617729187 0.5 12.837671937371965 -0.40680727562048796 -0.012625103675033528  738512.5058854283
-12.852253651618957 0.5 12.86844053832295 -0.40679217873438384 -0.012597861114650572  738512.5058857951
-12.852253651618957 0.5 12.86844053832295 -0.40679217873438384 -0.012597861114650572  738512.5058861637
-12.876219248771667 0.5 12.892388095113208 -0.4067804761325693 -0.012576738114036857  738512.5058865261
-12.89991352558136 0.5 12.916064601589735 -0.4067689466080305 -0.012555922839727559  738512.5058868942
-12.923018908500671 0.5 12.939152718489618 -0.40675774230118994 -0.012535690266515217  738512.505887247
-12.923018908500671 0.5 12.939152718489618 -0.40675774230118994 -0.012535690266515217  738512.5058876011
-12.94612238407135 0.5 12.962238990989427 -0.4067465768976001 -0.012515523589855835  738512.5058879597
-12.94612238407135 0.5 12.962238990989427 -0.4067465768976001 -0.012515523589855835  738512.5058883067
-12.976717090606689 0.5 12.99281101052838 -0.4067318492626694 -0.012488916254844988  738512.5058886698
-12.976717090606689 0.5 12.99281101052838 -0.4067318492626694 -0.012488916254844988  738512.5058890312
-13.000097370147705 0.5 13.016174024678339 -0.4067206388886021 -0.012468658233650197  738512.5058893919
-13.023782229423523 0.5 13.039841456748343 -0.40670932146526223 -0.012448202329839902  738512.5058897632
-13.047053551673889 0.5 13.06309571759833 -0.40669823966984 -0.012428167999894291  738512.5058901294
-13.047053551673889 0.5 13.06309571759833 -0.40669823966984 -0.012428167999894291  738512.5058904818
-13.070192670822143 0.5 13.086217932413758 -0.4066872580102125 -0.012408310490435014  738512.5058908269
-13.070192670822143 0.5 13.086217932413758 -0.4066872580102125 -0.012408310490435014  738512.5058911854
-13.100887870788574 0.5 13.116890799937158 -0.4066727471817092 -0.01238206496102862  738512.505891544
-13.100887870788574 0.5 13.116890799937158 -0.4066727471817092 -0.01238206496102862  738512.5058919142
-13.125076627731323 0.5 13.14106203170579 -0.40666135765474837 -0.012361459765070255  738512.5058922792
-13.148467755317688 0.5 13.16443627324427 -0.40665038158705574 -0.012341598314614106  738512.5058926438
-13.17170283794403 0.5 13.187654641754081 -0.40663951543425153 -0.01232193164310171  738512.5058930035
-13.17170283794403 0.5 13.187654641754081 -0.40663951543425153 -0.01232193164310171  738512.505893364
-13.19490406513214 0.5 13.210839237823194 -0.4066287014208945 -0.012302355276699187  738512.5058937188
-13.19490406513214 0.5 13.210839237823194 -0.4066287014208945 -0.012302355276699187  738512.5058940805
-13.226209378242492 0.5 13.242122202972803 -0.40661416730222877 -0.012276038107628407  738512.5058944518
-13.249596095085144 0.5 13.242122202972803 -0.40732093784650625 -0.012299749502171399  738512.5058948167
-13.249596095085144 0.5 13.265492293519692 -0.4066033521747128 -0.01225645023317751  738512.5058951585
-13.272652006149292 0.5 13.288531870733118 -0.40659272551239206 -0.01223719975795635  738512.5058955242
-13.296157455444336 0.5 13.3120207259283 -0.4065819277424961 -0.01221763531845406  738512.5058958959
-13.296157455444336 0.5 13.3120207259283 -0.4065819277424961 -0.01221763531845406  738512.505896232
-13.296157455444336 0.5 13.3120207259283 -0.4065819277424961 -0.01221763531845406  738512.5058965918
-13.326714611053466 0.5 13.342556396535228 -0.4065679447830352 -0.012192293660280608  738512.5058969484
-13.349698042869568 0.5 13.365523733211827 -0.4065574676934464 -0.012173301351514646  738512.5058973003
-13.349698042869568 0.5 13.365523733211827 -0.4065574676934464 -0.012173301351514646  738512.505897651
-13.37247405052185 0.5 13.388283845477892 -0.406547118965511 -0.012154538011611276  738512.5058980185
-13.396403288841247 0.5 13.412196441705705 -0.40653628231798833 -0.012134886063165701  738512.5058983861
-13.419834470748901 0.5 13.435611385327833 -0.40652570686195955 -0.012115703875547234  738512.5058987571
-13.419834470748901 0.5 13.435611385327833 -0.40652570686195955 -0.012115703875547234  738512.5058991017
-13.45122001171112 0.5 13.435611385327833 -0.40746055046407503 -0.012146615211377646  738512.5058994853
-13.45122001171112 0.5 13.466975263977012 -0.40651159622538513 -0.012090103435819566  738512.5058998346
-13.474635815620422 0.5 13.49037497191888 -0.4065011094640899 -0.01207107322770825  738512.5059002127
-13.498201465606689 0.5 13.513924479230601 -0.4064905905664378 -0.012051980901204547  738512.5059005613
-13.498201465606689 0.5 13.513924479230601 -0.4064905905664378 -0.012051980901204547  738512.5059009151
-13.521220183372497 0.5 13.536927483218777 -0.40648034950589695 -0.012033389207735074  738512.5059012797
-13.521220183372497 0.5 13.536927483218777 -0.40648034950589695 -0.012033389207735074  738512.505901623
-13.551671719551086 0.5 13.567358313488887 -0.40646685247741116 -0.012008881101929629  738512.505901983
-13.551671719551086 0.5 13.567358313488887 -0.40646685247741116 -0.012008881101929629  738512.5059023424
-13.575139260292053 0.5 13.590809960462897 -0.4064564903092807 -0.011990061076762848  738512.5059027077
-13.59858272075653 0.5 13.614237598160091 -0.406446172785554 -0.011971318474063746  738512.5059030617
-13.59858272075653 0.5 13.614237598160091 -0.406446172785554 -0.011971318474063746  738512.5059034309
-13.622162914276123 0.5 13.637801931483923 -0.40643582920896665 -0.011952524878493433  738512.505903784
-13.645089602470398 0.5 13.660713251515261 -0.4064258049495512 -0.011934307960809909  738512.5059041373
-13.645089602470398 0.5 13.660713251515261 -0.4064258049495512 -0.011934307960809909  738512.5059044923
-13.67564127445221 0.5 13.691244524139163 -0.40641249657919337 -0.011910117563227374  738512.505904862
-13.67564127445221 0.5 13.691244524139163 -0.40641249657919337 -0.011910117563227374  738512.505905211
-13.699064826965332 0.5 13.714652498272969 -0.40640233153816047 -0.0118916366557473  738512.5059055751
-13.722701287269592 0.5 13.738273292428998 -0.4063921076230339 -0.01187304514264665  738512.5059059481
-13.745653963088989 0.5 13.761210806796647 -0.4063822115472499 -0.01185504637790618  738512.5059062894
-13.745653963088989 0.5 13.761210806796647 -0.4063822115472499 -0.01185504637790618  738512.5059066494
-13.745653963088989 0.5 13.761210806796647 -0.4063822115472499 -0.01185504637790618  738512.5059069967
-13.77669928073883 0.5 13.792235697639136 -0.4063688763236378 -0.01183078727079627  738512.5059073635
-13.7998872756958 0.5 13.8154084955235 -0.40635895345152856 -0.01181273188555372  738512.5059077204
-13.7998872756958 0.5 13.8154084955235 -0.40635895345152856 -0.01181273188555372  738512.5059080836
-13.823159193992614 0.5 13.838665212933886 -0.4063490265751852 -0.011794665849616318  738512.5059084425
-13.846705770492553 0.5 13.862196461073333 -0.40633901491917385 -0.011776442115331819  738512.5059088087
-13.870201086997985 0.5 13.885676534387029 -0.4063290573639914 -0.011758313466262665  738512.5059091725
-13.870201086997985 0.5 13.885676534387029 -0.4063290573639914 -0.011758313466262665  738512.5059095228
-13.900231337547302 0.5 13.885676534387029 -0.4071945406528861 -0.011786003780839771  738512.5059098791
-13.900231337547302 0.5 13.915687376952919 -0.40631637697169687 -0.011735222746788397  738512.5059102272
-13.9237886428833 0.5 13.9392295161579 -0.4063064663165587 -0.011717171843746828  738512.5059105958
-13.94740650653839 0.5 13.962832226050537 -0.406296562238761 -0.011699129578467764  738512.5059109597
-13.94740650653839 0.5 13.962832226050537 -0.406296562238761 -0.011699129578467764  738512.505911321
-13.970704412460327 0.5 13.98611523363009 -0.40628682362972646 -0.011681385491810047  738512.5059116781
-13.970704412460327 0.5 13.98611523363009 -0.40628682362972646 -0.011681385491810047  738512.5059120372
-14.001425957679748 0.5 14.016817208990613 -0.4062740291778745 -0.011658068648234514  738512.5059123808
-14.024330711364746 0.5 14.016817208990613 -0.4069279768396626 -0.011678795332344871  738512.5059127404
-14.024330711364746 0.5 14.039707427884986 -0.40626452494709653 -0.011640744360623227  738512.5059131013
-14.04788372516632 0.5 14.063245544884888 -0.4062547825629022 -0.011622982781351479  738512.5059134632
-14.071170425415039 0.5 14.086517565728292 -0.4062451809320592 -0.011605474658450562  738512.5059138245
-14.071170425415039 0.5 14.086517565728292 -0.4062451809320592 -0.011605474658450562  738512.5059141843
-14.101692056655883 0.5 14.11702003014062 -0.4062326420043445 -0.01158260580015655  738512.5059145312
-14.101692056655883 0.5 14.11702003014062 -0.4062326420043445 -0.01158260580015655  738512.5059148951
-14.124787664413452 0.5 14.14010118940632 -0.40622318821890885 -0.011565360186034473  738512.5059152484
-14.124787664413452 0.5 14.14010118940632 -0.40622318821890885 -0.011565360186034473  738512.5059156136
-14.148455357551574 0.5 14.163754125028671 -0.40621353082462186 -0.011547740018727094  738512.5059159816
-14.172349309921264 0.5 14.187633228732636 -0.40620381234162306 -0.011530005202126695  738512.5059163532
-14.172349309921264 0.5 14.187633228732636 -0.40620381234162306 -0.011530005202126695  738512.5059167228
-14.196372127532959 0.5 14.211641167915515 -0.4061940729301757 -0.011512228984003873  738512.5059170952
-14.22006413936615 0.5 14.235318555371501 -0.40618449840785403 -0.011494750587986852  738512.5059174531
-14.22006413936615 0.5 14.235318555371501 -0.40618449840785403 -0.011494750587986852  738512.5059178036
-14.250658011436462 0.5 14.265893614590276 -0.4061721796479317 -0.011472257992235647  738512.5059181574
-14.27430555820465 0.5 14.289526675137196 -0.4061626924100432 -0.01145493192130915  738512.5059185389
-14.27430555820465 0.5 14.289526675137196 -0.4061626924100432 -0.01145493192130915  738512.5059188852
-14.29772720336914 0.5 14.312934019634719 -0.4061533253463986 -0.01143782233330794  738512.5059192443
-14.29772720336914 0.5 14.312934019634719 -0.4061533253463986 -0.01143782233330794  738512.5059196014
-14.320728516578674 0.5 14.33592133428524 -0.4061441548690327 -0.011421068951523328  738512.5059199722
-14.344841575622558 0.5 14.360019766297233 -0.4061345713071967 -0.011403557877925352  738512.5059203363
-14.344841575622558 0.5 14.360019766297233 -0.4061345713071967 -0.011403557877925352  738512.5059207001
-14.375878190994262 0.5 14.39103762692026 -0.4061222812351265 -0.011381096934465807  738512.5059210759
-14.375878190994262 0.5 14.39103762692026 -0.4061222812351265 -0.011381096934465807  738512.5059214206
-14.399318671226501 0.5 14.414463996098837 -0.40611303267913945 -0.011364191208354748  738512.505921784
-14.422724223136902 0.5 14.437855503685936 -0.4061038265644829 -0.01134736019758576  738512.5059221409
-14.446437096595764 0.5 14.461554194761472 -0.4060945286403257 -0.011330358437353819  738512.5059225229
-14.446437096595764 0.5 14.461554194761472 -0.4060945286403257 -0.011330358437353819  738512.505922879
-14.4701171875 0.5 14.485220169213363 -0.4060852726325478 -0.011313430430743225  738512.5059232338
-14.4701171875 0.5 14.485220169213363 -0.4060852726325478 -0.011313430430743225  738512.5059235939
-14.501148080825805 0.5 14.516232633739808 -0.4060731871012901 -0.011291323259926427  738512.5059239531
-14.524387574195861 0.5 14.53945837701134 -0.40606416839453663 -0.01127482280227345  738512.5059243158
-14.524387574195861 0.5 14.53945837701134 -0.40606416839453663 -0.01127482280227345  738512.5059246743
-14.547660088539123 0.5 14.562717165684544 -0.40605516447599904 -0.01125834667173594  738512.5059250299
-14.570827460289001 0.5 14.562717165684544 -0.4066918150398228 -0.01127776871692454  738512.5059253908
-14.570827460289001 0.5 14.585870917266224 -0.4060462285466236 -0.011241992258673698  738512.5059257463
-14.601189708709716 0.5 14.61621538098275 -0.4060345585174736 -0.011220629894070218  738512.5059260936
