-0.32081207633018494 -2.145825147628784 0.8456631898880005 0.003907546401023865 0.0006125562940724194 15.0  738559.4329902218
-0.32076922059059143 -2.145817756652832 0.852783203125 0.003905782476067543 0.0006103904452174902 -3.0  738559.4329903387
-0.3207302987575531 -2.145811080932617 0.8506520986557007 0.003895357483997941 0.0006072642281651497 1.0  738559.4329904574
-0.3206914961338043 -2.1458044052124023 0.8519800901412964 0.003881230019032955 0.0005998616688884795 18.0  738559.4329905717
-0.32065287232398987 -2.1457979679107666 0.8558015823364258 0.003864132799208164 0.0005951262428425252 -18.0  738559.4329906838
-0.32061442732810974 -2.145791530609131 0.8495269417762756 0.0038448835257440805 0.0005850773304700851 -20.0  738559.4329908115
-0.32057616114616394 -2.145785093307495 0.852897584438324 0.0038236381951719522 0.0005784889217466116 -1.0  738559.4329909162
-0.32053816318511963 -2.1457788944244385 0.8501772880554199 0.0037935914006084204 0.0005719096516259015 11.0  738559.4329910448
-0.3205004632472992 -2.145772695541382 0.8529760241508484 0.003762609325349331 0.0005670192185789347 22.0  738559.4329911503
-0.32046306133270264 -2.145766496658325 0.8504986763000488 0.0037335786037147045 0.0005564183811657131 0.0  738559.4329912773
-0.32130545377731323 -2.1458048820495605 0.8554659485816956 0.00360439857468009 0.0005339526105672121 8.0  738559.4329913929
-0.3212697207927704 -2.145799160003662 0.8632213473320007 0.0035590040497481823 0.0005176866543479264 34.0  738559.4329914973
-0.3212345242500305 -2.1457936763763428 0.8867006301879883 0.0034942019265145063 0.0004839455068577081 -6.0  738559.4329916125
-0.3211999535560608 -2.1457884311676025 0.8869869709014893 0.003430318320170045 0.0004550499143078923 21.0  738559.4329917259
-0.321166068315506 -2.1457834243774414 0.9027710556983948 0.0033591913525015116 0.00041901294025592506 -12.0  738559.4329918483
-0.3211328685283661 -2.1457788944244385 0.9032360911369324 0.0032955941278487444 0.00038579831016249955 -37.0  738559.4329919696
-0.3211004137992859 -2.1457748413085938 0.8814859986305237 0.0032065538689494133 0.00032669585198163986 -120.0  738559.4329920849
-0.32106876373291016 -2.1457712650299072 0.8199506998062134 0.003128893207758665 0.0002879538806155324 -179.0  738559.4329921899
-0.3210378587245941 -2.145768165588379 0.7185783982276917 0.0030515005346387625 0.0002517624816391617 -165.0  738559.4329923104
-0.3217129111289978 -2.1457834243774414 0.616595983505249 -0.004274297039955854 0.00010449554247315973 -162.0  738559.432992417
-0.3217560648918152 -2.1457831859588623 0.5245895981788635 -0.004354541189968586 3.286361970822327e-05 -188.0  738559.432992541
-0.32180002331733704 -2.1457834243774414 0.41830185055732727 -0.0044374121353030205 -1.958045322680846e-05 -169.0  738559.432992671
-0.32184475660324097 -2.1457841396331787 0.3175112009048462 -0.004505736753344536 -6.306687282631174e-05 -44.0  738559.4329927642
-0.32189032435417175 -2.145785331726074 0.27731600403785706 -0.00461192661896348 -0.0001481524232076481 30.0  738559.4329928881
-0.32193708419799805 -2.145787239074707 0.29464054107666016 -0.0047422717325389385 -0.00021001174172852188 142.0  738559.432992991
-0.3219846189022064 -2.145789623260498 0.3693556785583496 -0.004767157137393951 -0.00021754734916612506 69.0  738559.4329931253
-0.32203230261802673 -2.145792007446289 0.42067649960517883 -0.004774445667862892 -0.00019969078130088747 -58.0  738559.4329932301
-0.322080135345459 -2.14579439163208 0.3952678442001343 -0.004796410445123911 -0.00019905668159481138 -111.0  738559.432993353
-0.3221284747123718 -2.14579701423645 0.3328835368156433 -0.004877392668277025 -0.00025544213713146746 -140.0  738559.4329934565
-0.32217761874198914 -2.1458005905151367 0.2527276873588562 -0.004964821506291628 -0.0004200515686534345 -122.0  738559.4329935871
-0.3082717955112457 -2.1579625606536865 0.17925873398780823 0.15121832489967346 -0.13734671473503113 -108.0  738559.4329937017
-0.3067558705806732 -2.159332275390625 0.11640750616788864 0.1516542136669159 -0.13661733269691467 -133.0  738559.4329938085
-0.3052387237548828 -2.1606996059417725 0.04635358974337578 0.15198110044002533 -0.13544821739196777 -161.0  738559.4329939145
-0.3037198483943939 -2.1620614528656006 -0.03952902555465698 0.15234307944774628 -0.13411618769168854 -156.0  738559.4329940552
-0.3021993041038513 -2.16341495513916 -0.1301288902759552 0.1523449867963791 -0.1323285549879074 -188.0  738559.4329941557
-0.30067822337150574 -2.164757013320923 -0.23631642758846283 0.15198425948619843 -0.13039390742778778 -208.0  738559.4329942833
-0.29915958642959595 -2.166084051132202 -0.34881946444511414 0.15097007155418396 -0.12821388244628906 -256.0  738559.4329943896
-0.2976479232311249 -2.1673941612243652 -0.48069632053375244 0.14912961423397064 -0.12563934922218323 -296.0  738559.4329944975
-0.2961505353450775 -2.1686837673187256 -0.630198061466217 0.1463538259267807 -0.12250800430774689 -311.0  738559.4329946258
-0.30798348784446716 -2.1591153144836426 -0.7932015657424927 -0.012783808633685112 0.0037717747036367655 -315.0  738559.4329947312
-0.30815714597702026 -2.159036159515381 -0.953331470489502 -0.015605109743773937 0.006161901634186506 -335.0  738559.4329948437
-0.3083770275115967 -2.1589183807373047 -1.1130708456039429 -0.019314615055918694 0.009068720042705536 -330.0  738559.4329949683
-0.30865561962127686 -2.158752202987671 -1.2728694677352905 -0.024166973307728767 0.012725950218737125 -349.0  738559.4329950729
-0.30900514125823975 -2.158527374267578 -1.4474701881408691 -0.030236247926950455 0.017209798097610474 -362.0  738559.4329951976
-0.3094359338283539 -2.158233880996704 -1.6355136632919312 -0.03745431452989578 0.0224759541451931 -343.0  738559.432995326
-0.30995532870292664 -2.157862424850464 -1.8327959775924683 -0.04550964757800102 0.028544053435325623 -337.0  738559.4329954279
-0.310565710067749 -2.157407283782959 -2.0420892238616943 -0.054093003273010254 0.03539286181330681 -343.0  738559.4329955553
-0.3112638592720032 -2.1568682193756104 -2.2560698986053467 -0.06294170022010803 0.04287583753466606 -335.0  738559.4329956605
-0.3120417892932892 -2.1562516689300537 -2.4732725620269775 -0.07166547328233719 0.050546128302812576 -380.0  738559.4329957651
-0.31289228796958923 -2.1555652618408203 -2.7114670276641846 -0.08004724979400635 0.057867418974637985 -373.0  738559.4329958897
-0.30926311016082764 -2.166606903076172 -2.9440126419067383 -0.03664233908057213 -0.05313736945390701 -363.0  738559.4329960074
-0.30976659059524536 -2.167027711868286 -3.17138409614563 -0.04322172701358795 -0.04763380065560341 -370.0  738559.4329961202
-0.31031906604766846 -2.167409896850586 -3.3983752727508545 -0.049066390842199326 -0.04312579706311226 -370.0  738559.4329962486
-0.31091198325157166 -2.167764663696289 -3.6164441108703613 -0.054034966975450516 -0.039828501641750336 -385.0  738559.4329963595
-0.31153619289398193 -2.168102979660034 -3.837581157684326 -0.058065954595804214 -0.037918537855148315 -393.0  738559.432996477
-0.31218287348747253 -2.168433904647827 -4.062046051025391 -0.06108859181404114 -0.03726259991526604 -377.0  738559.4329965827
-0.31284454464912415 -2.1687629222869873 -4.278250694274902 -0.06306634843349457 -0.03759074583649635 -355.0  738559.4329967143
-0.3135150969028473 -2.1690924167633057 -4.483521938323975 -0.06423058360815048 -0.038553085178136826 -333.0  738559.432996815
-0.31418970227241516 -2.1694209575653076 -4.67905330657959 -0.06482403725385666 -0.03974390774965286 -330.0  738559.4329969352
-0.31486448645591736 -2.169743776321411 -4.871168613433838 -0.06501144915819168 -0.04060826823115349 -325.0  738559.4329970721
-0.3104046583175659 -2.176825523376465 -5.059613227844238 0.0018827432068064809 -0.11374180018901825 -324.0  738559.4329971658
-0.31047093868255615 -2.1779017448425293 -5.245403289794922 0.00260606175288558 -0.11228504776954651 -309.0  738559.4329972698
-0.31052857637405396 -2.178943395614624 -5.424710750579834 0.0035166461020708084 -0.10951020568609238 -296.0  738559.4329973968
-0.31057560443878174 -2.179939031600952 -5.593643665313721 0.004502607975155115 -0.10545039921998978 -259.0  738559.4329975123
-0.31061121821403503 -2.180879831314087 -5.738536357879639 0.005562132224440575 -0.10034874826669693 -236.0  738559.4329976393
-0.3106358051300049 -2.1817595958709717 -5.866664409637451 0.0065202913247048855 -0.09443066269159317 -215.0  738559.4329977431
-0.3106507658958435 -2.1825733184814453 -5.978413105010986 0.007264177314937115 -0.08792195469141006 -201.0  738559.43299787
-0.31065833568573 -2.1833174228668213 -6.0792975425720215 0.007772413082420826 -0.08101347833871841 -205.0  738559.4329979625
-0.3106614649295807 -2.183990716934204 -6.182328701019287 0.007947010919451714 -0.07393505424261093 -212.0  738559.4329980895
-0.31244975328445435 -2.1900737285614014 -6.2928338050842285 -0.005811663344502449 -0.13730520009994507 -223.0  738559.432998205
-0.3126679062843323 -2.191265344619751 -6.413760185241699 -0.00615715142339468 -0.1303195208311081 -221.0  738559.432998334
-0.3128910958766937 -2.1923904418945312 -6.5321269035339355 -0.006798041518777609 -0.12357135117053986 -207.0  738559.432998439
-0.3131217360496521 -2.1934516429901123 -6.6479597091674805 -0.007748882286250591 -0.1172318086028099 -197.0  738559.432998547
-0.31336185336112976 -2.1944515705108643 -6.761465549468994 -0.009026465937495232 -0.11140573024749756 -174.0  738559.4329986783
-0.31361278891563416 -2.1953911781311035 -6.8641252517700195 -0.010532470420002937 -0.10593975335359573 -168.0  738559.4329987888
-0.31387507915496826 -2.196270704269409 -6.9650068283081055 -0.012207401916384697 -0.10073903948068619 -174.0  738559.4329989116
-0.31414857506752014 -2.1970887184143066 -7.065701484680176 -0.014063899405300617 -0.09560640901327133 -145.0  738559.4329990163
-0.3144322335720062 -2.197843074798584 -7.158022880554199 -0.01597088947892189 -0.09036373347043991 -153.0  738559.4329991376
-0.3147242069244385 -2.198530673980713 -7.2538228034973145 -0.017889533191919327 -0.08478213101625443 -149.0  738559.4329992486
-0.31502214074134827 -2.1991474628448486 -7.347181797027588 -0.019600067287683487 -0.07866645604372025 -148.0  738559.4329993541
-0.31701982021331787 -2.2050681114196777 -7.440484046936035 -0.03174176812171936 -0.12492969632148743 -137.0  738559.4329994941
-0.31749674677848816 -2.206085443496704 -7.525930404663086 -0.03279471397399902 -0.11753159761428833 -126.0  738559.432999601
-0.3179727792739868 -2.2070212364196777 -7.6015706062316895 -0.033691536635160446 -0.10968747735023499 -124.0  738559.4329997041
-0.31844669580459595 -2.2078728675842285 -7.673421859741211 -0.03449249640107155 -0.10154201090335846 -112.0  738559.4329998151
-0.31891778111457825 -2.2086384296417236 -7.738380432128906 -0.035188399255275726 -0.09321459382772446 -114.0  738559.4329999482
-0.3193857669830322 -2.209315299987793 -7.801056385040283 -0.03594566881656647 -0.08477000892162323 -98.0  738559.4330000521
-0.3198506832122803 -2.2099006175994873 -7.8583245277404785 -0.03672623634338379 -0.07619089633226395 -104.0  738559.4330001714
-0.32031264901161194 -2.210392951965332 -7.921636581420898 -0.03772370517253876 -0.0675615444779396 -96.0  738559.4330002796
-0.32077130675315857 -2.210791826248169 -7.9839653968811035 -0.03876672685146332 -0.058871760964393616 -91.0  738559.4330004039
-0.3249088227748871 -2.2226505279541016 -8.045417785644531 -0.06483545899391174 -0.20350436866283417 -97.0  738559.433000517
-0.32581785321235657 -2.2243058681488037 -8.109576225280762 -0.06570827215909958 -0.1948518306016922 -94.0  738559.4330006287
-0.3267193138599396 -2.22586727142334 -8.171693801879883 -0.06646493077278137 -0.1861851066350937 -64.0  738559.4330007404
-0.3276112675666809 -2.2273354530334473 -8.222031593322754 -0.067053884267807 -0.1777193546295166 -64.0  738559.4330008687
-0.3284919261932373 -2.228710889816284 -8.270776748657227 -0.06762736290693283 -0.16948263347148895 -52.0  738559.4330009742
-0.3293592631816864 -2.2299935817718506 -8.311713218688965 -0.06806544214487076 -0.16131199896335602 -31.0  738559.4330010902
-0.33021074533462524 -2.2311816215515137 -8.346942901611328 -0.06839431822299957 -0.15314482152462006 -34.0  738559.4330012044
-0.33104345202445984 -2.232271671295166 -8.38209342956543 -0.06862687319517136 -0.14478841423988342 -19.0  738559.4330013216
-0.33185380697250366 -2.2332592010498047 -8.412142753601074 -0.06860584765672684 -0.13617418706417084 -12.0  738559.4330014441
-0.33263811469078064 -2.234139919281006 -8.439846992492676 -0.06838168948888779 -0.1271371841430664 -12.0  738559.4330015602
-0.333392858505249 -2.234910011291504 -8.465864181518555 -0.06786751002073288 -0.11765402555465698 -6.0  738559.4330016815
-0.3401257395744324 -2.24231219291687 -8.487211227416992 -0.11665326356887817 -0.18160566687583923 0.0  738559.4330017833
-0.34141576290130615 -2.24352765083313 -8.505455017089844 -0.11546381562948227 -0.17082729935646057 4.0  738559.4330019004
-0.34266653656959534 -2.2446227073669434 -8.51671314239502 -0.11393219977617264 -0.15950177609920502 11.0  738559.4330020244
-0.34387582540512085 -2.245595932006836 -8.523398399353027 -0.11224967986345291 -0.1477990597486496 20.0  738559.433002132
-0.34504181146621704 -2.2464470863342285 -8.525035858154297 -0.11029708385467529 -0.13585308194160461 20.0  738559.4330022531
-0.3461628556251526 -2.247176170349121 -8.526517868041992 -0.10829157382249832 -0.12370897829532623 19.0  738559.4330023705
-0.34723716974258423 -2.2477827072143555 -8.527356147766113 -0.10607495903968811 -0.11152719706296921 12.0  738559.433002482
-0.34826239943504333 -2.248265266418457 -8.537108421325684 -0.10380993038415909 -0.09934699535369873 2.0  738559.4330026007
-0.349235862493515 -2.248622417449951 -8.550577163696289 -0.10137417167425156 -0.08715760707855225 6.0  738559.433002712
-0.35015448927879333 -2.248852252960205 -8.561328887939453 -0.09874862432479858 -0.07496431469917297 8.0  738559.433002829
-0.3612309396266937 -2.2587573528289795 -8.570234298706055 -0.19220460951328278 -0.18544171750545502 22.0  738559.4330029445
-0.3631763160228729 -2.259829044342041 -8.572495460510254 -0.1891041398048401 -0.17306625843048096 16.0  738559.4330030646
-0.36505991220474243 -2.260772705078125 -8.574292182922363 -0.18581855297088623 -0.16063843667507172 26.0  738559.4330031776
-0.36687982082366943 -2.2615888118743896 -8.57687759399414 -0.18241652846336365 -0.14823967218399048 30.0  738559.433003292
-0.36863386631011963 -2.262277364730835 -8.57961654663086 -0.1790539026260376 -0.13600975275039673 45.0  738559.4330034083
-0.3703204095363617 -2.2628397941589355 -8.575603485107422 -0.1756248027086258 -0.12383521348237991 53.0  738559.4330035286
-0.37193718552589417 -2.2632768154144287 -8.572294235229492 -0.1720675826072693 -0.11173471063375473 48.0  738559.4330036374
-0.3734809160232544 -2.2635879516601562 -8.570941925048828 -0.1683916449546814 -0.09960844367742538 62.0  738559.4330037546
-0.37494713068008423 -2.2637710571289062 -8.566044807434082 -0.16439983248710632 -0.08729298412799835 65.0  738559.4330038603
-0.37633079290390015 -2.2638237476348877 -8.562257766723633 -0.16014184057712555 -0.07477478682994843 65.0  738559.433003988
-0.37762776017189026 -2.2637453079223633 -8.556268692016602 -0.15543588995933533 -0.06193818524479866 79.0  738559.4330040949
-0.3953907787799835 -2.2733631134033203 -8.54235553741455 -0.28548553586006165 -0.15723520517349243 78.0  738559.4330042178
-0.3980056345462799 -2.2739129066467285 -8.52473258972168 -0.27976515889167786 -0.14359594881534576 74.0  738559.4330043347
-0.4005225598812103 -2.2743313312530518 -8.502426147460938 -0.27353939414024353 -0.1296713501214981 96.0  738559.4330044406
-0.4029393196105957 -2.2746200561523438 -8.471065521240234 -0.2668669521808624 -0.11563613265752792 83.0  738559.4330045694
-0.40525367856025696 -2.274780750274658 -8.446171760559082 -0.2601981461048126 -0.10170578211545944 100.0  738559.4330046785
-0.4074625074863434 -2.2748138904571533 -8.412833213806152 -0.25332751870155334 -0.08800512552261353 116.0  738559.4330047914
-0.409562885761261 -2.2747204303741455 -8.379019737243652 -0.24643191695213318 -0.07448337972164154 112.0  738559.4330049102
-0.41155296564102173 -2.274502992630005 -8.347538948059082 -0.23945854604244232 -0.061124954372644424 128.0  738559.4330050276
-0.41343048214912415 -2.2741639614105225 -8.313701629638672 -0.2321852147579193 -0.047815483063459396 132.0  738559.4330051471
-0.4279261529445648 -2.2793192863464355 -8.277558326721191 -0.35861387848854065 -0.11260619014501572 139.0  738559.4330053597
-0.4310808479785919 -2.279407501220703 -8.2372465133667 -0.3501836359500885 -0.09893352538347244 127.0  738559.433005406
-0.4341096580028534 -2.2793757915496826 -8.198051452636719 -0.3412250280380249 -0.08516435325145721 144.0  738559.4330054765
-0.4370071589946747 -2.279223918914795 -8.155299186706543 -0.3317706286907196 -0.07133056968450546 145.0  738559.4330056051
-0.4397706091403961 -2.278954267501831 -8.113265991210938 -0.3220198452472687 -0.057568084448575974 147.0  738559.4330057157
-0.4423978328704834 -2.2785699367523193 -8.070343017578125 -0.31195980310440063 -0.04387066885828972 155.0  738559.4330058446
-0.4448826313018799 -2.2780706882476807 -8.025420188903809 -0.3013882339000702 -0.03020927496254444 153.0  738559.4330059408
-0.44721925258636475 -2.2774569988250732 -7.982574939727783 -0.2903473377227783 -0.016651473939418793 151.0  738559.4330060679
-0.44940441846847534 -2.2767317295074463 -7.938903331756592 -0.27868422865867615 -0.0031065952498465776 167.0  738559.4330061809
-0.4751465916633606 -2.2776386737823486 -7.889112949371338 -0.5574259161949158 -0.05800849199295044 150.0  738559.4330062985
-0.4798290431499481 -2.276897668838501 -7.839247703552246 -0.5446891784667969 -0.04388980194926262 157.0  738559.4330064115
-0.4843428432941437 -2.2760469913482666 -7.782600402832031 -0.5311682224273682 -0.029656924307346344 155.0  738559.4330065363
-0.48868581652641296 -2.2750895023345947 -7.7287726402282715 -0.5171294808387756 -0.01554445456713438 146.0  738559.4330066433
-0.4928557276725769 -2.2740275859832764 -7.679489612579346 -0.5028910040855408 -0.0016318856505677104 160.0  738559.4330067573
-0.4968491196632385 -2.2728633880615234 -7.633871555328369 -0.4886658489704132 0.012042413465678692 177.0  738559.4330068786
-0.5006618499755859 -2.271599054336548 -7.586645126342773 -0.4742276668548584 0.025697806850075722 321.0  738559.4330069968
-0.504290759563446 -2.270237445831299 -7.477362155914307 -0.4594682455062866 0.039816029369831085 472.0  738559.4330071023
-0.5077295303344727 -2.268779993057251 -7.287175178527832 -0.44415485858917236 0.054525554180145264 597.0  738559.4330072224
-0.5112823247909546 -2.2670679092407227 -7.001707553863525 -0.42625001072883606 0.07116273790597916 679.0  738559.4330073402
-0.5142951607704163 -2.265414237976074 -6.683634281158447 -0.4087158441543579 0.08661149442195892 762.0  738559.4330074533
-0.5298389792442322 -2.262007236480713 -6.312446117401123 -0.4935309588909149 0.12109196186065674 820.0  738559.4330075707
-0.5337449908256531 -2.260004997253418 -5.899227142333984 -0.47164469957351685 0.1369454264640808 847.0  738559.4330076822
-0.5374220013618469 -2.257920265197754 -5.4510650634765625 -0.44831719994544983 0.15248550474643707 874.0  738559.4330078
-0.5408641695976257 -2.2557573318481445 -4.977556228637695 -0.4236912131309509 0.16744989156723022 903.0  738559.4330079181
-0.5440657734870911 -2.2535204887390137 -4.480701446533203 -0.3979044258594513 0.181722030043602 906.0  738559.4330080441
-0.5470225811004639 -2.2512145042419434 -3.9724676609039307 -0.37115463614463806 0.19510632753372192 903.0  738559.4330081493
-0.5497280359268188 -2.2488434314727783 -3.4579880237579346 -0.34357425570487976 0.20754286646842957 894.0  738559.4330082689
-0.5521763563156128 -2.2464115619659424 -2.9420135021209717 -0.3153091073036194 0.21896742284297943 890.0  738559.4330083852
-0.5543645024299622 -2.2439234256744385 -2.421013355255127 -0.28633320331573486 0.22938130795955658 885.0  738559.4330085021
-0.5971595048904419 -2.233555793762207 -1.8986537456512451 -0.7932041883468628 0.31733083724975586 874.0  738559.4330086072
-0.6038611531257629 -2.2300002574920654 -1.3809549808502197 -0.7625441551208496 0.3305235207080841 850.0  738559.4330087344
-0.6102933287620544 -2.22640061378479 -0.8709061741828918 -0.7315394878387451 0.34262344241142273 839.0  738559.433008843
-0.6164540648460388 -2.2227604389190674 -0.3689795434474945 -0.7003036141395569 0.3538101315498352 831.0  738559.433008955
-0.6223405003547668 -2.219083070755005 0.12793733179569244 -0.6689677834510803 0.364165723323822 814.0  738559.4330090788
-0.6279568076133728 -2.2153735160827637 0.6161634922027588 -0.6377038359642029 0.3736664652824402 803.0  738559.4330091947
-0.6333091855049133 -2.211637020111084 1.0974164009094238 -0.6063696146011353 0.3822634518146515 793.0  738559.4330093107
-0.6383963823318481 -2.207879066467285 1.5709089040756226 -0.5750691294670105 0.3898404538631439 801.0  738559.4330094217
-0.6432148218154907 -2.2041056156158447 2.055940866470337 -0.5436484217643738 0.3965210020542145 959.0  738559.4330095403
-0.647763192653656 -2.200324058532715 2.62896466255188 -0.5114313960075378 0.4027484655380249 1086.0  738559.433009656
-0.6520403623580933 -2.1965413093566895 3.2829833030700684 -0.47849035263061523 0.4082401692867279 1175.0  738559.433009769
-0.6645249724388123 -2.170670509338379 3.9946482181549072 -0.4726165533065796 0.6331294775009155 1247.0  738559.4330098882
-0.6691109538078308 -2.164689302444458 4.753506183624268 -0.4351135790348053 0.635138750076294 1303.0  738559.4330099894
-0.6734226942062378 -2.1587283611297607 5.545468807220459 -0.3969818353652954 0.6356109380722046 1312.0  738559.4330101168
-0.6774560809135437 -2.1527950763702393 6.34617805480957 -0.3584783971309662 0.6344088912010193 1323.0  738559.43301023
-0.6812065243721008 -2.1468961238861084 7.150300025939941 -0.3197011947631836 0.6315032839775085 1305.0  738559.433010346
-0.6846686005592346 -2.1410391330718994 7.94965934753418 -0.2808131277561188 0.6267942190170288 1297.0  738559.4330104641
-0.6878337860107422 -2.135232925415039 8.739741325378418 -0.24193723499774933 0.6201783418655396 1284.0  738559.4330105827
-0.6906948089599609 -2.1294877529144287 9.516169548034668 -0.20322185754776 0.6115579009056091 1264.0  738559.4330106939
-0.6932483911514282 -2.1238138675689697 10.276763916015625 -0.1647956371307373 0.6008294224739075 1250.0  738559.4330108131
-0.6954927444458008 -2.118222236633301 11.020112037658691 -0.1267496794462204 0.5879420638084412 1234.0  738559.4330109241
-0.7207911610603333 -2.087886095046997 11.742488861083984 -0.2882118821144104 0.8851693868637085 1202.0  738559.4330110425
-0.7250121235847473 -2.0797290802001953 12.445287704467773 -0.24756284058094025 0.8691686391830444 1175.0  738559.4330111576
-0.7289125919342041 -2.071693181991577 13.124526023864746 -0.20767922699451447 0.8510711193084717 1145.0  738559.433011274
-0.7324877381324768 -2.0637922286987305 13.77337646484375 -0.16870063543319702 0.8310484290122986 1114.0  738559.433011391
-0.7357356548309326 -2.0560381412506104 14.395877838134766 -0.130631223320961 0.8093303442001343 1081.0  738559.4330115067
-0.73865807056427 -2.0484402179718018 14.991948127746582 -0.09350044280290604 0.7861338257789612 1059.0  738559.4330116223
-0.7412570118904114 -2.041006088256836 15.558765411376953 -0.057361941784620285 0.7616656422615051 1006.0  738559.4330117408
-0.743527352809906 -2.0337469577789307 16.093494415283203 -0.022343339398503304 0.7361159920692444 999.0  738559.4330118526
-0.74546217918396 -2.0266740322113037 16.611173629760742 0.011761081404983997 0.7096927165985107 1017.0  738559.433011957
-0.7470628023147583 -2.0197925567626953 17.133264541625977 0.04517669230699539 0.6824942827224731 1135.0  738559.4330120768
-0.7483348846435547 -2.0131046772003174 17.715734481811523 0.07853274792432785 0.6545392870903015 1232.0  738559.4330121904
-0.7692481279373169 -1.9617927074432373 18.347810745239258 0.07002072036266327 1.0475776195526123 1298.0  738559.4330123104
-0.7716897130012512 -1.9514039754867554 19.01865577697754 0.10747595131397247 1.0184324979782104 1358.0  738559.4330124281
-0.7738070487976074 -1.9412169456481934 19.72194480895996 0.1445382833480835 0.9884934425354004 1395.0  738559.4330125431
-0.7756010890007019 -1.9312341213226318 20.44672393798828 0.18093444406986237 0.9577102661132812 1407.0  738559.433012665
-0.7770735621452332 -1.921457290649414 21.18646812438965 0.21650922298431396 0.9260483980178833 1410.0  738559.433012778
-0.7783219218254089 -1.9109442234039307 22.008302688598633 0.25461632013320923 0.8902316093444824 1401.0  738559.4330128962
-0.7791140079498291 -1.901611089706421 22.760665893554688 0.28817352652549744 0.8567796945571899 1384.0  738559.4330130137
-0.7795813679695129 -1.892493724822998 23.511720657348633 0.32068178057670593 0.8225623965263367 1361.0  738559.4330131207
-0.7797252535820007 -1.8835930824279785 24.25579071044922 0.352112740278244 0.7876219153404236 1353.0  738559.4330132471
-0.790961742401123 -1.8323029279708862 24.996706008911133 0.45658186078071594 1.2256883382797241 1320.0  738559.4330133512
-0.7917243242263794 -1.8191295862197876 25.718984603881836 0.4920428693294525 1.1884162425994873 1290.0  738559.4330134753
-0.7921645045280457 -1.8061752319335938 26.42269515991211 0.5262035727500916 1.150572657585144 1250.0  738559.4330135871
-0.7922845482826233 -1.793439269065857 27.103546142578125 0.5590246319770813 1.1122276782989502 1221.0  738559.4330137036
-0.792088508605957 -1.7809195518493652 27.7655086517334 0.5905636548995972 1.0734715461730957 1173.0  738559.4330138229
-0.7915714383125305 -1.768620491027832 28.399259567260742 0.6206773519515991 1.034452199935913 1151.0  738559.4330139355
-0.7907302379608154 -1.756545066833496 29.011011123657227 0.6495592594146729 0.9951916933059692 1106.0  738559.4330140417
-0.7895705699920654 -1.7446900606155396 29.59981918334961 0.6771554350852966 0.9558058977127075 1084.0  738559.4330141649
-0.7880994081497192 -1.733051061630249 30.172714233398438 0.7036119103431702 0.9162828326225281 1057.0  738559.4330142858
-0.796777069568634 -1.6947507858276367 30.730236053466797 0.7837220430374146 1.1642457246780396 1028.0  738559.4330143922
-0.7958314418792725 -1.6806068420410156 31.26701545715332 0.8107234835624695 1.124344825744629 1060.0  738559.4330145079
-0.7945757508277893 -1.66667902469635 31.815807342529297 0.8371639847755432 1.0839542150497437 1158.0  738559.4330146225
-0.7930103540420532 -1.6529674530029297 32.41364288330078 0.8636914491653442 1.0425453186035156 1236.0  738559.4330147451
-0.7911420464515686 -1.639467716217041 33.05435562133789 0.8900253772735596 1.0002210140228271 1306.0  738559.4330148555
-0.7889791131019592 -1.6261742115020752 33.735107421875 0.9159849882125854 0.9571102857589722 1342.0  738559.4330149754
-0.7865212559700012 -1.6130876541137695 34.43644332885742 0.9411705732345581 0.913441002368927 1371.0  738559.4330150916
-0.7837669849395752 -1.6002094745635986 35.151824951171875 0.9654247760772705 0.8693150281906128 1372.0  738559.4330152101
-0.7807234525680542 -1.5875349044799805 35.8741340637207 0.9885748028755188 0.8249489665031433 1381.0  738559.4330153238
-0.7773942351341248 -1.5750619173049927 36.595401763916016 1.0105595588684082 0.7803544402122498 1362.0  738559.4330154409
-0.7737787365913391 -1.5627914667129517 37.3026237487793 1.0311882495880127 0.7357290387153625 1365.0  738559.4330155457
-0.7830557823181152 -1.4843097925186157 37.999385833740234 1.365187644958496 1.324339509010315 1357.0  738559.4330156678
-0.780265748500824 -1.4654394388198853 38.67837905883789 1.391323447227478 1.2756329774856567 1345.0  738559.4330157794
-0.7772017121315002 -1.4467679262161255 39.34062194824219 1.4158183336257935 1.2268383502960205 1335.0  738559.4330158883
-0.7738748788833618 -1.4282904863357544 39.98558044433594 1.438612937927246 1.1779263019561768 1319.0  738559.4330160168
-0.7702888250350952 -1.4100092649459839 40.61813735961914 1.4597059488296509 1.1288989782333374 1300.0  738559.4330161286
-0.7664433717727661 -1.391930341720581 41.231658935546875 1.478961706161499 1.079925537109375 1290.0  738559.4330162358
-0.762344479560852 -1.3740557432174683 41.83281707763672 1.4964988231658936 1.0308529138565063 1273.0  738559.4330163616
-0.7580010890960693 -1.356385350227356 42.41993713378906 1.5122432708740234 0.9817713499069214 1262.0  738559.4330164727
-0.7534196376800537 -1.3389215469360352 42.99687957763672 1.5262240171432495 0.9327064752578735 1245.0  738559.4330165933
-0.751491904258728 -1.2698968648910522 43.56193923950195 1.948505163192749 1.334678292274475 1224.0  738559.4330167153
-0.7468007206916809 -1.2465424537658691 44.11251449584961 1.9632763862609863 1.2807079553604126 1190.0  738559.4330168213
-0.7418854236602783 -1.2234081029891968 44.64241027832031 1.9759002923965454 1.2270504236221313 1176.0  738559.4330169387
-0.7367492914199829 -1.2005008459091187 45.162757873535156 1.9866278171539307 1.1734676361083984 1276.0  738559.4330170532
-0.7313947081565857 -1.1778290271759033 45.734378814697266 1.9967849254608154 1.1179208755493164 1381.0  738559.4330171756
-0.7258293628692627 -1.155394196510315 46.36619567871094 2.0063910484313965 1.0603901147842407 1452.0  738559.433017285
-0.7200621366500854 -1.1331957578659058 47.042823791503906 2.0149595737457275 1.0016812086105347 1492.0  738559.433017401
-0.7140956521034241 -1.1112412214279175 47.75662612915039 2.022287368774414 0.9425548315048218 1511.0  738559.4330175177
-0.7079348564147949 -1.0895349979400635 48.49332809448242 2.028132200241089 0.8835198879241943 1515.0  738559.4330176323
-0.7015892267227173 -1.0680744647979736 49.24523162841797 2.0323750972747803 0.8250566124916077 1524.0  738559.4330177472
-0.695064127445221 -1.0468624830245972 50.00647735595703 2.034947395324707 0.7671645283699036 1494.0  738559.4330178704
-0.6883644461631775 -1.0259026288986206 50.765037536621094 2.0357723236083984 0.710578203201294 1469.0  738559.4330179781
-0.6872943043708801 -0.9966707825660706 51.516475677490234 2.070420026779175 0.760523796081543 1439.0  738559.4330180977
-0.6808025240898132 -0.9754272103309631 52.254234313964844 2.0693769454956055 0.7057852745056152 1427.0  738559.4330182136
-0.6741583347320557 -0.9544340968132019 52.98766326904297 2.066659927368164 0.6519311666488647 1403.0  738559.4330183228
-0.6673666834831238 -0.9336956143379211 53.7076416015625 2.062199115753174 0.5992817282676697 1375.0  738559.4330184446
-0.6604360342025757 -0.9132097363471985 54.409996032714844 2.055962324142456 0.5477092266082764 1348.0  738559.4330185547
-0.6533724069595337 -0.8929786086082458 55.096309661865234 2.0479660034179688 0.49712035059928894 1308.0  738559.433018682
-0.6454551219940186 -0.8710243105888367 55.828739166259766 2.03725004196167 0.44281241297721863 1270.0  738559.4330187906
-0.6381300687789917 -0.8513387441635132 56.46577835083008 2.025485038757324 0.39480915665626526 1222.0  738559.4330189052
-0.630692183971405 -0.8319127559661865 57.072723388671875 2.011902332305908 0.34833022952079773 1201.0  738559.4330190207
-0.6193378567695618 -0.7830703854560852 57.66132736206055 2.2957797050476074 0.4346526861190796 1150.0  738559.4330191499
-0.6112746000289917 -0.7609254717826843 58.21917724609375 2.2797675132751465 0.3876926898956299 1122.0  738559.4330192426
-0.6031171679496765 -0.7390492558479309 58.75740432739258 2.261918306350708 0.34233558177948 1076.0  738559.4330193695
-0.5948727130889893 -0.7174443006515503 59.278018951416016 2.242361545562744 0.29887858033180237 1041.0  738559.4330194831
-0.5865471959114075 -0.6961192488670349 59.794532775878906 2.221369743347168 0.2572397291660309 1126.0  738559.4330195974
-0.5781478881835938 -0.6750808954238892 60.366371154785156 2.1993043422698975 0.21541857719421387 1192.0  738559.4330198946
-0.5696828961372375 -0.6543335914611816 60.9907112121582 2.1762969493865967 0.17402157187461853 1229.0  738559.4330199292
-0.561161458492279 -0.6338810324668884 61.65575408935547 2.152540683746338 0.13385622203350067 1247.0  738559.4330199527
-0.5525944232940674 -0.6137225031852722 62.34917449951172 2.128166437149048 0.09545020014047623 1232.0  738559.4330200644
-0.5425548553466797 -0.5910659432411194 63.05458068847656 2.1350488662719727 0.057252876460552216 1204.0  738559.433020178
-0.5337741374969482 -0.5711802840232849 63.7578239440918 2.110196352005005 0.023967359215021133 1170.0  738559.4330202945
-0.5249829292297363 -0.5515811443328857 64.45379638671875 2.085496187210083 -0.006531492806971073 1138.0  738559.4330204108
-0.5161935091018677 -0.5322631001472473 65.13888549804688 2.0612823963165283 -0.03442069888114929 1078.0  738559.4330205284
-0.5074173808097839 -0.5132171511650085 65.79568481445312 2.0374624729156494 -0.05956315994262695 1023.0  738559.4330206391
-0.4986652135848999 -0.49443191289901733 66.4244155883789 2.0141923427581787 -0.0821673721075058 985.0  738559.4330207534
-0.48994651436805725 -0.47589460015296936 67.02369689941406 1.9915130138397217 -0.10240311920642853 934.0  738559.4330208723
-0.4812707006931305 -0.45759522914886475 67.58612823486328 1.9694257974624634 -0.12029150128364563 865.0  738559.4330209879
-0.47264689207077026 -0.43952476978302 68.10494995117188 1.9478884935379028 -0.13577158749103546 819.0  738559.4330210983
-0.46408361196517944 -0.42167389392852783 68.5920181274414 1.926776647567749 -0.14932703971862793 764.0  738559.4330212233
-0.45558810234069824 -0.40403151512145996 69.04483032226562 1.9060876369476318 -0.16092252731323242 731.0  738559.433021341
-0.41499775648117065 -0.3377044200897217 69.47171020507812 2.4855082035064697 -0.3055640161037445 699.0  738559.4330214417
-0.40329551696777344 -0.3153361976146698 69.8744125366211 2.4646518230438232 -0.3172866106033325 674.0  738559.4330215659
-0.3916807770729065 -0.29314708709716797 70.26063537597656 2.4438681602478027 -0.32731708884239197 669.0  738559.4330216809
-0.380161315202713 -0.2711308002471924 70.64612579345703 2.422966241836548 -0.33589398860931396 682.0  738559.4330217978
-0.3687436878681183 -0.2492792308330536 71.0390853881836 2.4017257690429688 -0.3430081307888031 673.0  738559.4330219132
-0.35743555426597595 -0.22758562862873077 71.43497467041016 2.3800930976867676 -0.34817060828208923 670.0  738559.4330220285
-0.346248060464859 -0.20604662597179413 71.83242797851562 2.3579258918762207 -0.35093820095062256 661.0  738559.433022145
-0.33519241213798523 -0.18465788662433624 72.23141479492188 2.3352558612823486 -0.3513079285621643 646.0  738559.4330222573
-0.3242802619934082 -0.16341513395309448 72.63180541992188 2.311937093734741 -0.3490883708000183 619.0  738559.4330223785
-0.31352806091308594 -0.1423182636499405 73.0206069946289 2.2882325649261475 -0.3439643979072571 584.0  738559.4330224885
-0.2674238085746765 -0.09814299643039703 73.39995574951172 2.5985593795776367 -0.6108929514884949 550.0  738559.4330225961
-0.25317296385765076 -0.07480919361114502 73.76093292236328 2.5721333026885986 -0.5998976826667786 519.0  738559.43302272
-0.23912766575813293 -0.051617708057165146 74.09559631347656 2.5460309982299805 -0.5866890549659729 480.0  738559.4330228404
-0.2253054976463318 -0.028569446876645088 74.399658203125 2.520528554916382 -0.5718602538108826 433.0  738559.4330229535
-0.21172302961349487 -0.0056651439517736435 74.66886901855469 2.4958605766296387 -0.5558417439460754 401.0  738559.4330230667
-0.19838985800743103 0.01709767058491707 74.90043640136719 2.4723145961761475 -0.5388075709342957 368.0  738559.433023193
-0.1853104829788208 0.03972342610359192 75.09850311279297 2.449841260910034 -0.5212778449058533 347.0  738559.4330232979
-0.17249061167240143 0.06221536546945572 75.26792907714844 2.428467273712158 -0.5036705732345581 322.0  738559.4330234146
-0.15993502736091614 0.08457664400339127 75.41062927246094 2.4080963134765625 -0.4857029318809509 291.0  738559.4330235268
-0.14764860272407532 0.10680998116731644 75.52693176269531 2.388558864593506 -0.46713319420814514 250.0  738559.4330236457
-0.13563518226146698 0.12891839444637299 75.62496948242188 2.3694891929626465 -0.4476071000099182 236.0  738559.4330237757
-0.10947038978338242 0.10443155467510223 75.71843719482422 1.9720906019210815 -0.6696646213531494 213.0  738559.4330238805
-0.09667809307575226 0.12200985848903656 75.80842590332031 1.952688217163086 -0.6473120450973511 200.0  738559.4330240001
-0.08416496962308884 0.13947272300720215 75.90089416503906 1.9331916570663452 -0.6238921284675598 190.0  738559.4330241075
-0.07193493098020554 0.15682217478752136 76.0009536743164 1.9134037494659424 -0.5990591645240784 179.0  738559.4330242204
-0.05999483913183212 0.17405909299850464 76.10713195800781 1.8932828903198242 -0.5728330016136169 167.0  738559.4330243486
-0.0472046360373497 0.19289050996303558 76.22777557373047 1.8707627058029175 -0.5422660112380981 146.0  738559.433024466
-0.03589560091495514 0.2098938524723053 76.33607482910156 1.8500466346740723 -0.5127503871917725 126.0  738559.4330245714
-0.024898599833250046 0.22678713500499725 76.43978118896484 1.8290616273880005 -0.4818389415740967 93.0  738559.4330246877
-0.014223529025912285 0.24357019364833832 76.52674865722656 1.8080898523330688 -0.449590265750885 62.0  738559.4330248067
0.031022023409605026 0.24218609929084778 76.5978012084961 1.6895800828933716 -0.8219707012176514 41.0  738559.4330249171
0.04482220858335495 0.2567862272262573 76.64973449707031 1.6685677766799927 -0.7871952056884766 16.0  738559.4330250375
0.05827623978257179 0.271276593208313 76.67529296875 1.6481612920761108 -0.7518473267555237 -7.0  738559.4330251563
0.07137903571128845 0.28565847873687744 76.67803192138672 1.6283270120620728 -0.7164439558982849 -12.0  738559.4330252659
0.08412279188632965 0.29993242025375366 76.66043090820312 1.609043836593628 -0.6815068125724792 -20.0  738559.4330253704
0.09649777412414551 0.3140982389450073 76.631591796875 1.5901236534118652 -0.6471624970436096 -20.0  738559.4330255061
0.10850105434656143 0.32815736532211304 76.59647369384766 1.571554183959961 -0.6134694218635559 -29.0  738559.433025616
0.12013202905654907 0.3421115279197693 76.5521240234375 1.5532389879226685 -0.5798677802085876 -40.0  738559.4330257354
0.13138815760612488 0.3559618890285492 76.50341033935547 1.5350340604782104 -0.5464450120925903 -50.0  738559.4330258416
0.16239167749881744 0.339110404253006 76.46215057373047 1.249504566192627 -0.8090260624885559 -34.0  738559.4330259599
0.17509622871875763 0.34940871596336365 76.43724822998047 1.23081636428833 -0.7757219672203064 -29.0  738559.433026075
0.18742427229881287 0.3596061170101166 76.42373657226562 1.2117772102355957 -0.741934061050415 -25.0  738559.4330261865
0.19937199354171753 0.36970216035842896 76.42032623291016 1.1923896074295044 -0.7076350450515747 -29.0  738559.4330263122
0.2109375149011612 0.37969690561294556 76.42807006835938 1.1725237369537354 -0.6726541519165039 -25.0  738559.4330264184
0.22212326526641846 0.3895914554595947 76.44393920898438 1.1522740125656128 -0.6369602680206299 -32.0  738559.4330265461
0.2329263985157013 0.3993854522705078 76.4665756225586 1.1316074132919312 -0.6006713509559631 -33.0  738559.4330266474
0.24334101378917694 0.40907764434814453 76.49333190917969 1.1106425523757935 -0.5640100836753845 -42.0  738559.4330267635
0.2533609867095947 0.4186666011810303 76.51058197021484 1.089625597000122 -0.5269759297370911 -48.0  738559.4330268889
0.26297929883003235 0.4281506836414337 76.52243041992188 1.0685069561004639 -0.489754319190979 -61.0  738559.4330269973
0.27218863368034363 0.437528133392334 76.5235366821289 1.047417163848877 -0.45253074169158936 -62.0  738559.4330271129
0.3486488461494446 0.4321569800376892 76.51738739013672 1.039366602897644 -1.0789031982421875 -64.0  738559.4330272289
0.3640541434288025 0.4397978186607361 76.50899505615234 1.0182667970657349 -1.0417375564575195 -71.0  738559.4330273496
0.3790452480316162 0.4473302662372589 76.49034118652344 0.997383177280426 -1.0048552751541138 -76.0  738559.4330274671
0.3936215341091156 0.4547538459300995 76.46107482910156 0.9767258167266846 -0.9681172966957092 -87.0  738559.4330275764
0.4077807664871216 0.46206775307655334 76.42544555664062 0.9561238884925842 -0.931355893611908 -92.0  738559.4330276998
0.42151910066604614 0.46927085518836975 76.37866973876953 0.9357321262359619 -0.894542396068573 -96.0  738559.4330278094
0.43483588099479675 0.47636300325393677 76.3296127319336 0.9152849316596985 -0.8576286435127258 -105.0  738559.4330279306
0.4477282464504242 0.48334354162216187 76.27474212646484 0.894934356212616 -0.8204668760299683 -104.0  738559.4330280325
0.46018826961517334 0.4902106821537018 76.22055053710938 0.8745443820953369 -0.783066987991333 -89.0  738559.4330281642
0.47221019864082336 0.4969635307788849 76.16220092773438 0.85426926612854 -0.7454662322998047 -98.0  738559.4330282802
0.5447390079498291 0.4786471724510193 76.10469055175781 0.72825026512146 -1.3695627450942993 -107.0  738559.4330286401
0.5625324845314026 0.4824511706829071 76.03507232666016 0.7089546322822571 -1.330958366394043 -109.0  738559.433028698
0.5798813700675964 0.48614266514778137 75.95991516113281 0.6898162364959717 -1.2919447422027588 -118.0  738559.4330287327
0.5967845320701599 0.48972317576408386 75.87504577636719 0.671021580696106 -1.2526774406433105 -126.0  738559.4330287557
0.6132410168647766 0.4931945502758026 75.770751953125 0.6529574990272522 -1.213281512260437 -128.0  738559.433028848
0.6292486190795898 0.49655890464782715 75.65303802490234 0.6353809833526611 -1.1739140748977661 -148.0  738559.4330289724
0.6448063254356384 0.49981898069381714 75.51911926269531 0.6183761358261108 -1.1344558000564575 -154.0  738559.4330290925
0.6599084734916687 0.5029767751693726 75.35855865478516 0.6024312376976013 -1.0952377319335938 -150.0  738559.4330291981
0.674549400806427 0.5060350298881531 75.18212890625 0.5872334837913513 -1.0562572479248047 -163.0  738559.4330293153
0.6887257695198059 0.5089975595474243 74.98331451416016 0.5729864835739136 -1.0174922943115234 -164.0  738559.4330294257
0.7024381160736084 0.5118697285652161 74.76664733886719 0.5596803426742554 -0.9789800643920898 -156.0  738559.4330295493
0.748479962348938 0.4720093905925751 74.5254898071289 0.2665604054927826 -1.3441945314407349 -150.0  738559.4330296648
0.7642640471458435 0.4708162248134613 74.26274108886719 0.2567002475261688 -1.306369423866272 -146.0  738559.4330297813
0.7795863747596741 0.46955373883247375 73.98123168945312 0.24808432161808014 -1.2688829898834229 -114.0  738559.4330298988
0.7944468259811401 0.4682310223579407 73.68041229248047 0.24082164466381073 -1.2316423654556274 -103.0  738559.4330299996
0.8088456988334656 0.466858446598053 73.36428833007812 0.2348555475473404 -1.194515347480774 -85.0  738559.4330301139
0.8241539597511292 0.4653049111366272 72.98920440673828 0.23015037178993225 -1.1537388563156128 -68.0  738559.4330302442
0.8375916481018066 0.46386781334877014 72.62223052978516 0.2277662605047226 -1.116774320602417 -59.0  738559.4330303542
0.8505784273147583 0.4624229967594147 72.23422241210938 0.22711561620235443 -1.080114722251892 -34.0  738559.4330304759
0.8631200790405273 0.46098729968070984 71.82185363769531 0.22841501235961914 -1.0437474250793457 0.0  738559.4330305869
0.9214032292366028 0.4300982356071472 71.38909149169922 0.09013011306524277 -1.5598500967025757 18.0  738559.4330307019
0.9381187558174133 0.4255187511444092 70.93299102783203 0.0994238555431366 -1.524198055267334 49.0  738559.4330308156
0.9544106721878052 0.4210093021392822 70.45497131347656 0.11114902794361115 -1.4888367652893066 80.0  738559.4330309295
0.9702919721603394 0.41659295558929443 69.95790100097656 0.12536457180976868 -1.4535627365112305 108.0  738559.4330310497
0.9857710003852844 0.41229620575904846 69.43954467773438 0.14227168262004852 -1.4185067415237427 150.0  738559.4330312662
1.0008577108383179 0.4081481993198395 68.90055847167969 0.1618737429380417 -1.383829951286316 176.0  738559.4330312931
1.015565037727356 0.4041792154312134 68.33296203613281 0.18448935449123383 -1.3496066331863403 210.0  738559.4330313981
1.0299091339111328 0.40042081475257874 67.74349975585938 0.20995381474494934 -1.3158986568450928 244.0  738559.4330315157
1.043906331062317 0.39690670371055603 67.13272094726562 0.23833809792995453 -1.2827107906341553 284.0  738559.4330316252
1.0712882280349731 0.36546534299850464 66.49046325683594 0.054995499551296234 -1.4702222347259521 320.0  738559.4330317499
1.0861279964447021 0.35949352383613586 65.82239532470703 0.09463980793952942 -1.4381804466247559 361.0  738559.4330318712
1.1006784439086914 0.3538805842399597 65.12577819824219 0.13774390518665314 -1.4069414138793945 417.0  738559.4330319714
