0.10162792354822159 -1.7718842029571533 103.65425872802734 -0.00023541739210486412 0.000500756548717618 3.0  738512.6712210898
0.10162362456321716 -1.7718876600265503 103.6592788696289 -0.00023221226001624018 0.0004971622838638723 -1.0  738512.671221206
0.10161936283111572 -1.7718911170959473 103.66312408447266 -0.0002321776410099119 0.0004922549705952406 18.0  738512.6712213306
0.10161515325307846 -1.7718945741653442 103.66800689697266 -0.0002452290500514209 0.00048999855061993 5.0  738512.6712214233
0.10161099582910538 -1.7718981504440308 103.67049407958984 -0.0002538015542086214 0.0004865542287006974 -26.0  738512.6712215521
0.10160692036151886 -1.7719017267227173 103.66468048095703 -0.00025965168606489897 0.00047667374019511044 -14.0  738512.671221666
0.10160297900438309 -1.7719054222106934 103.66213989257812 -0.000271296565188095 0.0004629268660210073 -14.0  738512.6712217915
0.10159923136234283 -1.771909236907959 103.65118408203125 -0.0003011970838997513 0.00044807515223510563 -17.0  738512.6712218913
0.10159561783075333 -1.7719132900238037 103.64134979248047 -0.0003149812400806695 0.0004456724564079195 -37.0  738512.6712220256
0.10159212350845337 -1.771917462348938 103.62064361572266 -0.0003411166835576296 0.00043276420910842717 -19.0  738512.671222123
0.10179082304239273 -1.7714881896972656 103.61481475830078 -0.0003266101412009448 0.00041684761526994407 45.0  738512.6712222447
0.10178744047880173 -1.7714923620224 103.63835144042969 -0.00032822813955135643 0.00043546268716454506 0.0  738512.6712223663
0.10178375989198685 -1.7714965343475342 103.63988494873047 -0.0003151090641040355 0.00047649777843616903 -40.0  738512.67122249
0.10177963227033615 -1.7715007066726685 103.60836791992188 -0.00029779726173728704 0.0005200901068747044 -140.0  738512.6712225927
0.10177498310804367 -1.7715047597885132 103.52620697021484 -0.0002695668663363904 0.0005681616603396833 -251.0  738512.6712227177
0.10176931321620941 -1.7715083360671997 103.38115692138672 -0.00016693121870048344 0.0006860234425403178 -384.0  738512.6712228156
0.10176146775484085 -1.7715106010437012 103.15385437011719 5.589880311163142e-05 0.0009218395571224391 -492.0  738512.6712229432
0.10175000131130219 -1.7715107202529907 102.88758850097656 0.00040058649028651416 0.001270164968445897 -420.0  738512.671223054
0.10173387825489044 -1.7715080976486206 102.65837860107422 0.0007787061622366309 0.0017071274342015386 -408.0  738512.6712231635
0.1028415709733963 -1.7714165449142456 102.43859100341797 -0.0005893022753298283 -0.00943396519869566 -374.0  738512.6712232673
0.10293342918157578 -1.7714016437530518 102.23600006103516 -0.00042292100260965526 -0.009165570139884949 -220.0  738512.671223399
0.10302387923002243 -1.7713865041732788 102.09591674804688 -0.0004221007984597236 -0.009151367470622063 -91.0  738512.6712235134
0.10311507433652878 -1.771372675895691 102.01236724853516 -0.0006206216057762504 -0.009241550229489803 -146.0  738512.6712236335
0.10320768505334854 -1.7713611125946045 101.91459655761719 -0.0009206224349327385 -0.009359386749565601 -226.0  738512.6712237603
0.10330142080783844 -1.7713524103164673 101.78282165527344 -0.0012401092099025846 -0.009343810379505157 -301.0  738512.6712238581
0.10339561849832535 -1.7713462114334106 101.61811828613281 -0.001377156120724976 -0.00935383141040802 -447.0  738512.6712239812
0.10348986834287643 -1.7713412046432495 101.39730834960938 -0.0014005796983838081 -0.00931031908839941 -375.0  738512.6712240943
0.10358280688524246 -1.7713371515274048 101.1601791381836 -0.0014393192250281572 -0.009109165519475937 -459.0  738512.6712242146
0.10367250442504883 -1.7713342905044556 100.88763427734375 -0.0014238115400075912 -0.008705243468284607 -453.0  738512.6712243193
0.10376515984535217 -1.7713316679000854 100.57968139648438 -0.0012667590053752065 -0.008138412609696388 -420.0  738512.6712244315
0.10699479281902313 -1.7706413269042969 100.30560302734375 8.354611054528505e-05 -0.04110751673579216 -376.0  738512.671224554
0.107389897108078 -1.7705681324005127 100.04995727539062 0.0003681532689370215 -0.03988523781299591 -443.0  738512.6712246842
0.10776850581169128 -1.7704983949661255 99.77238464355469 0.0005127995391376317 -0.03820202872157097 -447.0  738512.6712247824
0.10812585055828094 -1.7704359292984009 99.5078353881836 0.00035007696715183556 -0.03612256795167923 -485.0  738512.6712248977
0.10845813155174255 -1.7703860998153687 99.24024200439453 -0.00016562777454964817 -0.03372258320450783 -512.0  738512.671225015
0.10876394808292389 -1.770354151725769 98.96233367919922 -0.0011929256143048406 -0.031156422570347786 -432.0  738512.6712251515
0.10904251784086227 -1.7703441381454468 98.70182037353516 -0.0026149137411266565 -0.028425201773643494 -444.0  738512.6712252505
0.10929326713085175 -1.7703592777252197 98.45710754394531 -0.004451182670891285 -0.025611570104956627 -528.0  738512.6712253761
0.10951533168554306 -1.7704010009765625 98.19589233398438 -0.006451677531003952 -0.02266213670372963 -499.0  738512.6712254878
0.10970740020275116 -1.7704700231552124 97.93211364746094 -0.008522477000951767 -0.019663779065012932 -466.0  738512.6712255927
0.10960706323385239 -1.768723964691162 97.67723083496094 0.008082888089120388 -0.016247333958745003 -473.0  738512.6712257075
0.1097121313214302 -1.768656611442566 97.41328430175781 0.0061096264980733395 -0.013058021664619446 -343.0  738512.6712258238
0.10978556424379349 -1.7686115503311157 97.18778991699219 0.004271060694009066 -0.009810141287744045 -445.0  738512.6712259494
0.10982522368431091 -1.7685871124267578 96.95189666748047 0.002601304091513157 -0.006502860691398382 -405.0  738512.6712260667
0.1098293662071228 -1.7685811519622803 96.72447967529297 0.0011460070963948965 -0.0029603492002934217 -476.0  738512.6712261828
0.1097969114780426 -1.7685911655426025 96.47904968261719 3.3395306672900915e-05 0.0006855333340354264 -364.0  738512.6712262951
0.1097271740436554 -1.76861572265625 96.26007843017578 -0.0008339663036167622 0.004293621983379126 -432.0  738512.6712264025
0.10962069779634476 -1.7686545848846436 96.0013656616211 -0.0017132534412667155 0.00803255196660757 -279.0  738512.6712265315
0.109479621052742 -1.7687079906463623 95.79165649414062 -0.0025860765017569065 0.011568722315132618 -446.0  738512.6712266376
0.10930711776018143 -1.7687766551971436 95.56937408447266 -0.003532526781782508 0.014940218068659306 -430.0  738512.671226753
0.11384108662605286 -1.7695209980010986 95.33856964111328 -0.015950538218021393 -0.03147853538393974 -277.0  738512.6712268685
0.1141146719455719 -1.7696930170059204 95.13858032226562 -0.01717064529657364 -0.028682632371783257 -345.0  738512.6712269828
0.11436585336923599 -1.7698839902877808 94.94229125976562 -0.018442068248987198 -0.026110611855983734 -385.0  738512.6712270952
0.11459778994321823 -1.770094394683838 94.7373046875 -0.01994706504046917 -0.023985883221030235 -365.0  738512.6712272234
0.11481234431266785 -1.7703255414962769 94.53521728515625 -0.021718068048357964 -0.022161567583680153 -336.0  738512.6712273273
0.1150108203291893 -1.7705776691436768 94.3544692993164 -0.02367168478667736 -0.020528338849544525 -437.0  738512.671227446
0.11519420892000198 -1.770849585533142 94.16018676757812 -0.02559213526546955 -0.01906292699277401 -377.0  738512.6712275621
0.11536256223917007 -1.771140456199646 93.97552490234375 -0.027466680854558945 -0.017810821533203125 -257.0  738512.6712276875
0.11551530659198761 -1.7714489698410034 93.81970977783203 -0.02926388569176197 -0.016606207937002182 -242.0  738512.671227796
0.11565132439136505 -1.7717735767364502 93.66732788085938 -0.03110591508448124 -0.0153004489839077 -231.0  738512.6712279194
0.11819750815629959 -1.7709487676620483 93.51942443847656 -0.02178388275206089 -0.04096359387040138 -210.0  738512.6712280124
0.11856068670749664 -1.7711727619171143 93.38009643554688 -0.02322167530655861 -0.0390985831618309 -209.0  738512.6712281372
0.11890200525522232 -1.771406888961792 93.24330139160156 -0.024510426446795464 -0.036974042654037476 -206.0  738512.6712282547
0.1192202940583229 -1.77164888381958 93.10566711425781 -0.025643840432167053 -0.03460543602705002 -248.0  738512.6712283696
0.11951439827680588 -1.7718960046768188 92.96601867675781 -0.026391275227069855 -0.032047901302576065 -237.0  738512.6712284876
0.11978462338447571 -1.7721452713012695 92.82796478271484 -0.02683132141828537 -0.02953234128654003 -212.0  738512.6712286121
0.12003201991319656 -1.772394061088562 92.691650390625 -0.026941770687699318 -0.02714942768216133 -188.0  738512.6712287321
0.12025764584541321 -1.7726398706436157 92.57124328613281 -0.026741687208414078 -0.0248836912214756 -131.0  738512.6712288334
0.12046287208795547 -1.772881031036377 92.46405792236328 -0.026303568854928017 -0.02284669131040573 -84.0  738512.6712289386
0.12064845860004425 -1.7731163501739502 92.38359832763672 -0.02558675780892372 -0.02097654528915882 -158.0  738512.67122907
0.12081469595432281 -1.7733452320098877 92.29963684082031 -0.024831067770719528 -0.01923396997153759 -170.0  738512.6712291937
0.12172503024339676 -1.7752530574798584 92.21966552734375 -0.03961530700325966 -0.024035068228840828 -16.0  738512.6712292959
0.1219230368733406 -1.775625228881836 92.15796661376953 -0.03875967115163803 -0.02253875695168972 -37.0  738512.6712294229
0.12210006266832352 -1.7759931087493896 92.11125183105469 -0.03807826340198517 -0.02085009217262268 -108.0  738512.6712295208
0.12225469201803207 -1.776357650756836 92.03815460205078 -0.037601083517074585 -0.01912311650812626 -31.0  738512.6712296451
0.12238629162311554 -1.7767196893692017 91.98683166503906 -0.03733876720070839 -0.01723569631576538 -116.0  738512.6712297635
0.12249355763196945 -1.777079463005066 91.95362091064453 -0.03701917827129364 -0.015199554152786732 -91.0  738512.6712298801
0.12258089333772659 -1.7774723768234253 91.88627624511719 -0.0368981771171093 -0.012730537913739681 46.0  738512.6712299851
0.12263096868991852 -1.7778264284133911 91.85517120361328 -0.03698130324482918 -0.010130230337381363 0.0  738512.671230098
0.12265249341726303 -1.778176188468933 91.82551574707031 -0.03689883276820183 -0.007375195622444153 54.0  738512.6712302258
0.13406167924404144 -1.773918867111206 91.80650329589844 0.009567664004862309 -0.13325703144073486 29.0  738512.6712303373
0.13528992235660553 -1.7737451791763306 91.78941345214844 0.009796797297894955 -0.1300085484981537 -92.0  738512.6712304547
0.13649114966392517 -1.7735602855682373 91.76061248779297 0.01034427247941494 -0.12694142758846283 -103.0  738512.6712305724
0.13766658306121826 -1.7733609676361084 91.73261260986328 0.011370940133929253 -0.12439776211977005 -6.0  738512.6712306768
0.1388169825077057 -1.7731447219848633 91.70032501220703 0.012813976034522057 -0.1221373975276947 -74.0  738512.6712307904
0.13994191586971283 -1.7729095220565796 91.6860122680664 0.014794223941862583 -0.12049318104982376 -27.0  738512.6712309179
0.14103908836841583 -1.7726540565490723 91.6884994506836 0.016939235851168633 -0.11888475716114044 -83.0  738512.6712310351
0.14210493862628937 -1.7723784446716309 91.67892456054688 0.019386006519198418 -0.11738166958093643 1.0  738512.6712311383
0.14313483238220215 -1.7720837593078613 91.68551635742188 0.02184387668967247 -0.11567181348800659 25.0  738512.6712312648
0.1407429277896881 -1.7740143537521362 91.68937683105469 0.001030887826345861 -0.0719151496887207 77.0  738512.6712313709
0.14130136370658875 -1.773940086364746 91.71805572509766 0.0032302390318363905 -0.06888780742883682 2.0  738512.6712314882
0.1418045312166214 -1.7738540172576904 91.7509994506836 0.005340145900845528 -0.06502851843833923 117.0  738512.6712316122
0.1422455757856369 -1.7737597227096558 91.78214263916016 0.006798171438276768 -0.06020840257406235 2.0  738512.6712317185
0.1426182985305786 -1.77366042137146 91.7951889038086 0.008002737537026405 -0.054420165717601776 60.0  738512.6712318354
0.1429196447134018 -1.7735586166381836 91.81272888183594 0.008807167410850525 -0.047915030270814896 61.0  738512.6712319511
0.14314885437488556 -1.7734564542770386 91.85794830322266 0.009193452075123787 -0.040811557322740555 -15.0  738512.6712320689
0.14330530166625977 -1.7733551263809204 91.87744903564453 0.009402019903063774 -0.033374205231666565 30.0  738512.6712321868
0.1433916538953781 -1.7732551097869873 91.87760162353516 0.009282871149480343 -0.02589310333132744 104.0  738512.6712323019
0.1434125453233719 -1.773155927658081 91.90245819091797 0.00917091965675354 -0.01848267763853073 42.0  738512.6712324129
0.14337290823459625 -1.7730568647384644 91.91484069824219 0.00913050677627325 -0.011435111053287983 1.0  738512.6712325299
0.15012554824352264 -1.771398663520813 91.92073059082031 0.022907938808202744 -0.07776196300983429 152.0  738512.6712326461
0.15068773925304413 -1.771135687828064 91.97936248779297 0.02300967089831829 -0.07194729149341583 10.0  738512.6712327679
0.15120267868041992 -1.770870566368103 92.00228881835938 0.023327717557549477 -0.0666750967502594 139.0  738512.6712328761
0.15167294442653656 -1.770603060722351 92.06958770751953 0.023854676634073257 -0.06270018965005875 53.0  738512.6712329972
0.15209876000881195 -1.7703332901000977 92.09335327148438 0.02428828552365303 -0.05874642729759216 38.0  738512.6712331128
0.15248039364814758 -1.770061731338501 92.14253997802734 0.025053270161151886 -0.05580867826938629 118.0  738512.671233228
0.1528168022632599 -1.7697893381118774 92.18167877197266 0.025541307404637337 -0.05252896249294281 24.0  738512.671233343
0.15310446918010712 -1.769517183303833 92.22576141357422 0.026066750288009644 -0.049358148127794266 40.0  738512.6712334569
0.1533384919166565 -1.7692465782165527 92.25760650634766 0.026513585820794106 -0.04600556939840317 96.0  738512.6712335704
0.15622438490390778 -1.7683531045913696 92.30928802490234 0.033428650349378586 -0.0753338634967804 130.0  738512.6712336867
0.15667006373405457 -1.7680130004882812 92.35603332519531 0.03335797041654587 -0.07060445100069046 56.0  738512.6712338027
0.1570502370595932 -1.7676786184310913 92.39863586425781 0.033516354858875275 -0.06538133323192596 104.0  738512.671233918
0.15736353397369385 -1.7673509120941162 92.4527359008789 0.03327930346131325 -0.05933687835931778 56.0  738512.6712340346
0.15760987997055054 -1.7670305967330933 92.50774383544922 0.03275435045361519 -0.05301288887858391 31.0  738512.6712341522
0.15778960287570953 -1.7667179107666016 92.54119110107422 0.03227066993713379 -0.04637761786580086 60.0  738512.671234266
0.1579037308692932 -1.766412615776062 92.59197235107422 0.03185880184173584 -0.039477087557315826 101.0  738512.6712343803
0.15795470774173737 -1.766114592552185 92.63858032226562 0.03156895935535431 -0.03234235197305679 49.0  738512.6712344947
0.15794460475444794 -1.7658238410949707 92.68677520751953 0.03127742558717728 -0.025545891374349594 112.0  738512.6712346204
0.15787485241889954 -1.7655408382415771 92.75167846679688 0.030923781916499138 -0.01935453712940216 48.0  738512.6712347243
0.15774625539779663 -1.7652660608291626 92.78877258300781 0.030431004241108894 -0.013155996799468994 134.0  738512.6712348419
0.1575608104467392 -1.764999508857727 92.86164855957031 0.030091777443885803 -0.007387119811028242 157.0  738512.671234957
0.16095764935016632 -1.7639610767364502 92.9326171875 0.03505634889006615 -0.03534160181879997 70.0  738512.6712350708
0.1609957069158554 -1.76364004611969 93.01273345947266 0.03454754874110222 -0.030234869569540024 75.0  738512.6712351844
0.16098283231258392 -1.7633273601531982 93.07508850097656 0.03403111547231674 -0.025304634124040604 204.0  738512.6712353148
0.16091914474964142 -1.763023018836975 93.15685272216797 0.033570319414138794 -0.020689599215984344 84.0  738512.6712354193
0.16078858077526093 -1.7626982927322388 93.2601318359375 0.03347888961434364 -0.015372351743280888 154.0  738512.671235548
0.16061437129974365 -1.7624130249023438 93.34822845458984 0.03317473083734512 -0.010197024792432785 168.0  738512.6712356525
0.16038769483566284 -1.76213800907135 93.4205551147461 0.033000074326992035 -0.004911940079182386 154.0  738512.6712357696
0.16010871529579163 -1.7618740797042847 93.51493835449219 0.03259231150150299 0.00041486849659122527 76.0  738512.6712358852
0.15977810323238373 -1.7616220712661743 93.57291412353516 0.03209231048822403 0.006075656041502953 141.0  738512.6712360001
0.16329902410507202 -1.7600065469741821 93.65399169921875 0.04396206513047218 -0.03188155218958855 146.0  738512.6712361121
0.16329945623874664 -1.759628176689148 93.7262191772461 0.0429326556622982 -0.02610268071293831 97.0  738512.6712362404
0.16325004398822784 -1.7592638731002808 93.79914855957031 0.041912782937288284 -0.020485633984208107 142.0  738512.671236344
0.16315113008022308 -1.7589141130447388 93.88019561767578 0.04083707928657532 -0.014843910001218319 174.0  738512.6712364616
0.16300415992736816 -1.7585790157318115 93.94144439697266 0.0396544523537159 -0.009353239089250565 225.0  738512.6712365788
0.16280964016914368 -1.7582587003707886 94.02375793457031 0.03855180740356445 -0.004316234029829502 126.0  738512.671236693
0.16256853938102722 -1.75795316696167 94.09770965576172 0.037417806684970856 0.000655075185932219 44.0  738512.6712368064
0.16228194534778595 -1.757662296295166 94.1679916381836 0.03631315752863884 0.0053803338669240475 58.0  738512.671236923
0.16194987297058105 -1.7573862075805664 94.21971893310547 0.03519618883728981 0.010079986415803432 156.0  738512.6712370432
0.16157250106334686 -1.7571250200271606 94.29138946533203 0.03410873934626579 0.014928885735571384 181.0  738512.6712371596
0.16115006804466248 -1.7568787336349487 94.35879516601562 0.03326696157455444 0.01979328691959381 155.0  738512.6712372724
0.16435593366622925 -1.7564456462860107 94.43791198730469 0.0320063978433609 -0.009896703995764256 149.0  738512.6712373892
0.16417832672595978 -1.7562122344970703 94.49954223632812 0.03102712705731392 -0.004820386413484812 206.0  738512.6712375034
0.1639556884765625 -1.7559959888458252 94.56895446777344 0.030024318024516106 0.0002180572773795575 -101.0  738512.6712376185
0.16368868947029114 -1.7557978630065918 94.54032135009766 0.02894928678870201 0.004951481241732836 -116.0  738512.6712377457
0.16337843239307404 -1.7556182146072388 94.43988037109375 0.027439206838607788 0.009990953840315342 -286.0  738512.6712378489
0.16302549839019775 -1.7554575204849243 94.2973861694336 0.026083363220095634 0.014894919469952583 -310.0  738512.6712379664
0.16262994706630707 -1.7553162574768066 94.130126953125 0.024344349279999733 0.019926326349377632 -340.0  738512.6712380805
0.1621912121772766 -1.7551954984664917 93.90765380859375 0.022298539057374 0.025087323039770126 -343.0  738512.6712381955
0.16171041131019592 -1.7550950050354004 93.69247436523438 0.020365199074149132 0.0300276018679142 -360.0  738512.6712383098
0.16471579670906067 -1.7535861730575562 93.47941589355469 0.03199475631117821 -0.005468894727528095 -431.0  738512.6712384225
0.16454742848873138 -1.7533659934997559 93.25115203857422 0.02995031699538231 -0.0005777368205599487 -357.0  738512.6712385444
0.16433991491794586 -1.7531652450561523 93.02142333984375 0.027887945994734764 0.004581425804644823 -430.0  738512.6712386638
0.16409416496753693 -1.752983570098877 92.78218841552734 0.02586163580417633 0.009418840520083904 -384.0  738512.6712387707
0.16381166875362396 -1.7528204917907715 92.54900360107422 0.023787032812833786 0.013875886797904968 -470.0  738512.6712388917
0.16349323093891144 -1.7526756525039673 92.31202697753906 0.021873319521546364 0.018200110644102097 -399.0  738512.6712390053
0.16313867270946503 -1.752549171447754 92.09171295166016 0.019958658143877983 0.022129317745566368 -475.0  738512.6712391205
0.16274785995483398 -1.752441167831421 91.87109375 0.01804417558014393 0.02604737877845764 -416.0  738512.6712392392
0.1623205542564392 -1.7523517608642578 91.65821838378906 0.0159506406635046 0.029937701299786568 -321.0  738512.6712393543
0.1618567556142807 -1.752280592918396 91.46475982666016 0.014107158407568932 0.03367878496646881 -347.0  738512.6712394691
0.1613560914993286 -1.7522276639938354 91.27843475341797 0.012048084288835526 0.037656355649232864 -331.0  738512.6712395966
0.16549593210220337 -1.7522889375686646 91.07981872558594 0.008301381021738052 -0.000274020858341828 -357.0  738512.6712397018
0.1653462052345276 -1.7522807121276855 90.89261627197266 0.006481490097939968 0.004098535981029272 -394.0  738512.6712398184
0.1651589721441269 -1.752291202545166 90.69917297363281 0.0045683677308261395 0.00834102462977171 -345.0  738512.6712399449
0.16493487358093262 -1.752320647239685 90.5190658569336 0.002534368308261037 0.012623537331819534 -272.0  738512.6712400531
0.1646740436553955 -1.7523695230484009 90.31739807128906 0.0003861504956148565 0.01673230342566967 -447.0  738512.6712401642
0.16437585651874542 -1.7524386644363403 90.06721496582031 -0.0019874603021889925 0.020650461316108704 -405.0  738512.6712402721
0.1640407145023346 -1.7525277137756348 89.80841064453125 -0.00427206140011549 0.024506259709596634 -347.0  738512.671240385
0.1636686623096466 -1.752636194229126 89.57373046875 -0.00670927157625556 0.02840733341872692 -479.0  738512.6712405031
0.16325920820236206 -1.7527637481689453 89.3058090209961 -0.009074253961443901 0.03227948769927025 -415.0  738512.6712406273
0.1662762612104416 -1.7527188062667847 89.04682159423828 -0.008590186014771461 -0.0028461222536861897 -496.0  738512.6712407434
0.16617898643016815 -1.7528612613677979 88.79156494140625 -0.010601196438074112 0.0012245569378137589 -426.0  738512.6712408592
0.1660436987876892 -1.7530205249786377 88.55107879638672 -0.012590746395289898 0.0053164167329669 -410.0  738512.6712409803
0.16587094962596893 -1.753196120262146 88.28815460205078 -0.014678147621452808 0.00928754173219204 -281.0  738512.6712410857
0.16565987467765808 -1.7533880472183228 88.06646728515625 -0.01685335487127304 0.01331408228725195 -403.0  738512.6712412022
0.16538263857364655 -1.753617286682129 87.80506896972656 -0.019038192927837372 0.017591750249266624 -364.0  738512.6712413228
0.16508865356445312 -1.753841519355774 87.80506896972656 -0.02109682373702526 0.02158968336880207 -461.0  738512.6712414384
0.1647544801235199 -1.754079818725586 87.323974609375 -0.022982178255915642 0.02551966905593872 -403.0  738512.6712415557
0.16438060998916626 -1.7543307542800903 87.323974609375 -0.024709731340408325 0.029556509107351303 -412.0  738512.6712416726
0.16769181191921234 -1.754332184791565 87.0987319946289 -0.02152014710009098 -0.00627482682466507 -265.0  738512.6712417796
0.16764356195926666 -1.7545779943466187 86.88040161132812 -0.02306506782770157 -0.0020201827865093946 -420.0  738512.6712418984
0.16755400598049164 -1.754834771156311 86.5284652709961 -0.02445404976606369 0.0021462233271449804 -309.0  738512.6712420128
0.1674230992794037 -1.755102276802063 86.5284652709961 -0.02591066062450409 0.00639547361060977 -405.0  738512.67124213
0.16725081205368042 -1.755380392074585 86.17144775390625 -0.0273493230342865 0.010578542947769165 -393.0  738512.671242247
0.16703656315803528 -1.755669116973877 86.17144775390625 -0.028801696375012398 0.01473487913608551 -255.0  738512.6712423629
0.16677972674369812 -1.7559683322906494 85.82769775390625 -0.030215861275792122 0.018886500969529152 -188.0  738512.6712424685
0.16648028790950775 -1.7562780380249023 85.68126678466797 -0.03180934116244316 0.023137643933296204 -282.0  738512.6712425877
0.16613808274269104 -1.7565979957580566 85.54086303710938 -0.033323388546705246 0.02733907662332058 -188.0  738512.6712427107
0.16575190424919128 -1.7569276094436646 85.4128646850586 -0.034911829978227615 0.03176321089267731 -291.0  738512.6712428287
0.16532032191753387 -1.7572662830352783 85.2817611694336 -0.03640417754650116 0.03628735616803169 -292.0  738512.6712429301
0.16821667551994324 -1.7564418315887451 85.14700317382812 -0.022828906774520874 0.006742588244378567 -193.0  738512.6712430579
0.16803312301635742 -1.7566771507263184 85.01232147216797 -0.02402266301214695 0.011325790546834469 -70.0  738512.6712431777
0.16780422627925873 -1.7569183111190796 84.9035415649414 -0.025210218504071236 0.016057970002293587 -166.0  738512.6712432877
0.16753052175045013 -1.757164478302002 84.9035415649414 -0.026211930438876152 0.020662611350417137 -138.0  738512.6712434049
0.16721279919147491 -1.7574149370193481 84.79994201660156 -0.027190377935767174 0.025226112455129623 -167.0  738512.6712435207
0.16685156524181366 -1.7576689720153809 84.70726013183594 -0.028052136301994324 0.029644029214978218 -192.0  738512.6712436327
0.16644802689552307 -1.757926106452942 84.63333129882812 -0.028850171715021133 0.033983826637268066 -171.0  738512.6712437415
0.16600242257118225 -1.7581859827041626 84.56079864501953 -0.029615404084324837 0.038245510309934616 -44.0  738512.671243869
0.16551493108272552 -1.7584482431411743 84.4670181274414 -0.0303221195936203 0.042507871985435486 -192.0  738512.6712439749
0.1649867445230484 -1.758712649345398 84.39540100097656 -0.03099377080798149 0.04667466878890991 -188.0  738512.6712440875
0.16857120394706726 -1.7584096193313599 84.33551788330078 -0.021945646032691002 0.010847404599189758 43.0  738512.6712442139
0.16838407516479492 -1.7586207389831543 84.27092742919922 -0.022696081548929214 0.01521419920027256 -138.0  738512.6712443314
0.16815438866615295 -1.7588344812393188 84.22427368164062 -0.023404685780405998 0.019588561728596687 -75.0  738512.6712444354
0.16788189113140106 -1.759050726890564 84.181396484375 -0.024168025702238083 0.023995542898774147 -85.0  738512.6712445527
0.16756652295589447 -1.7592695951461792 84.11853790283203 -0.024886656552553177 0.02833070605993271 -152.0  738512.6712446677
0.1672079861164093 -1.7594910860061646 84.06185150146484 -0.025659944862127304 0.032665617763996124 -123.0  738512.6712447819
0.16680596768856049 -1.7597153186798096 84.0008773803711 -0.026439016684889793 0.03701334074139595 -30.0  738512.6712449092
0.16636008024215698 -1.7599421739578247 83.95541381835938 -0.027227196842432022 0.04137038439512253 -11.0  738512.6712450245
0.16586892306804657 -1.7601715326309204 83.90751647949219 -0.027995515614748 0.045844271779060364 -119.0  738512.6712451375
0.1653321087360382 -1.760403037071228 83.86810302734375 -0.02872457168996334 0.05031529441475868 -64.0  738512.6712452526
0.17264620959758759 -1.7596303224563599 83.83758544921875 -0.009898929856717587 -0.02915526181459427 -8.0  738512.6712453685
0.17282192409038544 -1.7597624063491821 83.78677368164062 -0.010546029545366764 -0.024560121819376945 -34.0  738512.6712454796
0.17295344173908234 -1.7598952054977417 83.76154327392578 -0.011096479371190071 -0.020105071365833282 59.0  738512.671245595
0.17304152250289917 -1.7600284814834595 83.7332763671875 -0.011664840392768383 -0.015569464303553104 -51.0  738512.671245729
0.17308686673641205 -1.760162115097046 83.72420501708984 -0.012188085354864597 -0.011274700984358788 -26.0  738512.6712458226
0.17308935523033142 -1.7602959871292114 83.70005798339844 -0.012692048214375973 -0.0069859810173511505 55.0  738512.671245946
0.1730474829673767 -1.7604299783706665 83.711181640625 -0.01323144230991602 -0.0026379346381872892 103.0  738512.6712460725
0.17296110093593597 -1.760563850402832 83.71562194824219 -0.013771895319223404 0.0018515445990487933 -30.0  738512.6712461924
0.17282985150814056 -1.7606972455978394 83.7249526977539 -0.014219563454389572 0.006395997945219278 86.0  738512.6712463052
0.17265212535858154 -1.7608299255371094 83.71659851074219 -0.014672352001070976 0.011154064908623695 62.0  738512.6712464066
0.16836336255073547 -1.7633036375045776 83.72400665283203 -0.046612080186605453 0.06889243423938751 0.0  738512.6712465179
0.16764235496520996 -1.763691782951355 83.72377014160156 -0.04713008925318718 0.0744207501411438 10.0  738512.6712466418
0.16686804592609406 -1.7640790939331055 83.73065948486328 -0.047724612057209015 0.08004365861415863 -21.0  738512.6712467588
0.1659543812274933 -1.7645045518875122 83.71788787841797 -0.048411596566438675 0.08629508316516876 -28.0  738512.6712468691
0.1659543812274933 -1.7645045518875122 83.72085571289062 -0.048411596566438675 0.08629508316516876 13.0  738512.671246985
0.16412217915058136 -1.7652779817581177 83.70854187011719 -0.049781907349824905 0.09731258451938629 2.0  738512.6712471015
0.16412217915058136 -1.7652779817581177 83.6919174194336 -0.049781907349824905 0.09731258451938629 -68.0  738512.6712472137
0.16312232613563538 -1.7656654119491577 83.6781997680664 -0.050399620085954666 0.10246594250202179 60.0  738512.6712473332
0.16206806898117065 -1.766053318977356 83.6605453491211 -0.05098605901002884 0.10726722329854965 -10.0  738512.6712474483
0.15980926156044006 -1.7668293714523315 83.65216064453125 -0.051898788660764694 0.11570339649915695 -61.0  738512.6712475613
0.15980926156044006 -1.7668293714523315 83.63282012939453 -0.051898788660764694 0.11570339649915695 16.0  738512.6712476788
0.1674097776412964 -1.7652208805084229 83.61543273925781 -0.02239174023270607 0.030036872252821922 -13.0  738512.6712477925
0.1666533499956131 -1.7655954360961914 83.61095428466797 -0.022986823692917824 0.037200525403022766 -87.0  738512.67124792
0.1666533499956131 -1.7655954360961914 83.60469818115234 -0.022986823692917824 0.037200525403022766 -29.0  738512.6712480242
0.16576652228832245 -1.7659614086151123 83.57759857177734 -0.023227304220199585 0.04307114705443382 -67.0  738512.6712481383
0.16576652228832245 -1.7659614086151123 83.58262634277344 -0.023227304220199585 0.04307114705443382 -58.0  738512.6712482541
0.1647658497095108 -1.766313076019287 83.56749725341797 -0.023112846538424492 0.04835333675146103 79.0  738512.6712483793
0.1647658497095108 -1.766313076019287 83.5717544555664 -0.023112846538424492 0.04835333675146103 40.0  738512.6712484846
0.16365137696266174 -1.7666434049606323 83.57804870605469 -0.02257549576461315 0.05401286110281944 -28.0  738512.6712486098
0.16365137696266174 -1.7666434049606323 83.60057830810547 -0.02257549576461315 0.05401286110281944 25.0  738512.6712487169
0.16651564836502075 -1.7665348052978516 83.60334014892578 -0.01422459352761507 0.01513016875833273 19.0  738512.6712488376
0.16630545258522034 -1.766649603843689 83.63359069824219 -0.013799253851175308 0.018479254096746445 77.0  738512.6712489481
0.1660606563091278 -1.7667571306228638 83.65699768066406 -0.013445600867271423 0.022035662084817886 -3.0  738512.6712490657
0.16578011214733124 -1.7668577432632446 83.66127014160156 -0.013106531463563442 0.025659458711743355 21.0  738512.6712491808
0.1654624342918396 -1.7669520378112793 83.70114135742188 -0.012835349887609482 0.029364891350269318 136.0  738512.6712492959
0.16510631144046783 -1.7670408487319946 83.75016021728516 -0.012651489116251469 0.033123455941677094 45.0  738512.6712494117
0.16471132636070251 -1.767125129699707 83.77973937988281 -0.012615220621228218 0.03699815645813942 13.0  738512.6712495274
0.1642778217792511 -1.7672057151794434 83.82205963134766 -0.012592905201017857 0.04088377207517624 27.0  738512.6712496426
0.16380709409713745 -1.7672832012176514 83.84471893310547 -0.012666167691349983 0.04478290304541588 61.0  738512.6712497587
0.1632995903491974 -1.7673581838607788 83.87992095947266 -0.01275763288140297 0.048567671328783035 -46.0  738512.6712498764
0.1627558320760727 -1.767431378364563 83.93014526367188 -0.012969601899385452 0.052389565855264664 91.0  738512.671249993
0.16611932218074799 -1.7666274309158325 83.9708023071289 -0.0005569898057729006 0.01896236464381218 77.0  738512.6712500969
0.1658928394317627 -1.7666116952896118 84.00411224365234 -0.0008093151263892651 0.02267656847834587 0.0  738512.6712502185
0.1656305193901062 -1.766594648361206 84.04954528808594 -0.0010414259741082788 0.026336800307035446 39.0  738512.6712503385
0.16533222794532776 -1.7665762901306152 84.10009765625 -0.0012751666363328695 0.02995900996029377 111.0  738512.6712504511
0.1649981439113617 -1.7665561437606812 84.12166595458984 -0.0014491297770291567 0.03351123258471489 102.0  738512.6712505674
0.16462844610214233 -1.7665338516235352 84.157470703125 -0.001552075264044106 0.037059325724840164 102.0  738512.6712506837
0.16422317922115326 -1.7665090560913086 84.19953918457031 -0.001624209457077086 0.04060260206460953 105.0  738512.6712507989
0.16378295421600342 -1.7664817571640015 84.24762725830078 -0.001670536701567471 0.04418594762682915 39.0  738512.6712509161
0.16330762207508087 -1.7664521932601929 84.28992462158203 -0.001771054812707007 0.04783438891172409 51.0  738512.6712510319
0.1658700555562973 -1.7660788297653198 84.33965301513672 0.006281766574829817 0.012605387717485428 52.0  738512.6712511535
0.16571161150932312 -1.7660034894943237 84.37626647949219 0.006016559898853302 0.016367914155125618 98.0  738512.6712512693
0.16551581025123596 -1.7659282684326172 84.40011596679688 0.005609292071312666 0.020153848454356194 106.0  738512.671251382
0.16528330743312836 -1.765854001045227 84.44164276123047 0.005169506650418043 0.023927997797727585 5.0  738512.6712514962
0.1650141030550003 -1.7657814025878906 84.47126007080078 0.004633386619389057 0.027716610580682755 33.0  738512.6712516065
0.16470769047737122 -1.7657114267349243 84.49699401855469 0.003996032755821943 0.031464386731386185 -13.0  738512.6712517327
0.16436414420604706 -1.7656446695327759 84.53467559814453 0.0033001990523189306 0.03520863130688667 27.0  738512.6712518487
0.1639835685491562 -1.7655816078186035 84.54964447021484 0.0025584192480891943 0.038966331630945206 32.0  738512.6712519547
0.163564994931221 -1.7655224800109863 84.59012603759766 0.0018047461053356528 0.042759429663419724 62.0  738512.6712520728
0.16572576761245728 -1.765001893043518 84.61970520019531 0.00952179916203022 0.016233094036579132 99.0  738512.6712521914
0.16554124653339386 -1.7648948431015015 84.65043640136719 0.008795480243861675 0.020126985386013985 30.0  738512.6712522949
0.16531714797019958 -1.76479172706604 84.6915054321289 0.008035784587264061 0.02406810224056244 50.0  738512.6712524107
0.1650242954492569 -1.7646831274032593 84.74627685546875 0.007203069981187582 0.028473518788814545 42.0  738512.6712525502
0.1647157371044159 -1.7645893096923828 84.77052307128906 0.006342100445181131 0.03246772289276123 -43.0  738512.6712526522
0.16436712443828583 -1.764500617980957 84.76451110839844 0.005444548558443785 0.0364018939435482 -30.0  738512.67125278
0.16397888958454132 -1.7644174098968506 84.78408813476562 0.004538967274129391 0.04034353047609329 119.0  738512.6712528928
0.1635512262582779 -1.764339804649353 84.79825592041016 0.0035887525882571936 0.04422927275300026 -32.0  738512.6712530113
0.16308513283729553 -1.7642674446105957 84.78636169433594 0.002669592620804906 0.04805433005094528 62.0  738512.6712531281
0.16258184611797333 -1.7641981840133667 84.8121566772461 0.0020752251148223877 0.05172890052199364 46.0  738512.6712532412
0.16204310953617096 -1.7641270160675049 84.79583740234375 0.002022217493504286 0.05518912523984909 -18.0  738512.6712533566
0.1614731401205063 -1.7640459537506104 84.78068542480469 0.00284785614348948 0.058307379484176636 -13.0  738512.6712534631
0.1650930494070053 -1.7640904188156128 84.77723693847656 0.007301021367311478 0.020081831142306328 77.0  738512.6712535911
0.16488732397556305 -1.7639719247817993 84.781982421875 0.0107031324878335 0.02226710319519043 18.0  738512.6712537064
0.1646675020456314 -1.7638075351715088 84.77983093261719 0.015567976981401443 0.023944739252328873 -19.0  738512.6712538261
0.16444005072116852 -1.763584017753601 84.78558349609375 0.02190782129764557 0.025105521082878113 20.0  738512.6712539396
0.16421134769916534 -1.7632893323898315 84.76814270019531 0.029635675251483917 0.02570698782801628 9.0  738512.6712540465
0.16398723423480988 -1.7629112005233765 84.7789535522461 0.03867313265800476 0.025847600772976875 -18.0  738512.6712541587
0.1637725532054901 -1.7624377012252808 84.78256225585938 0.04875966161489487 0.025636855512857437 41.0  738512.6712542799
0.16357067227363586 -1.7618602514266968 84.77313995361328 0.059716761112213135 0.02522258833050728 -7.0  738512.6712544119
0.16338331997394562 -1.7611721754074097 84.77125549316406 0.0712849572300911 0.02475188858807087 41.0  738512.6712545061
0.16594341397285461 -1.7615361213684082 84.76226806640625 0.07057803869247437 -0.010571346618235111 23.0  738512.6712546294
0.16612231731414795 -1.7607580423355103 84.7600326538086 0.08268424868583679 -0.010813613422214985 -38.0  738512.6712547509
0.16631288826465607 -1.759860873222351 84.7612533569336 0.09470712393522263 -0.010845248587429523 21.0  738512.6712548671
0.16651257872581482 -1.7588456869125366 84.76028442382812 0.10656316578388214 -0.010608477517962456 102.0  738512.6712549757
0.16671855747699738 -1.7577142715454102 84.76055145263672 0.11819038540124893 -0.010101383551955223 -24.0  738512.6712550856
0.16692812740802765 -1.7564692497253418 84.75727081298828 0.12951552867889404 -0.009335496462881565 -2.0  738512.6712551998
0.16713926196098328 -1.755110263824463 84.7674789428711 0.1406114250421524 -0.008443749509751797 5.0  738512.6712553174
0.16735059022903442 -1.7536388635635376 84.75984954833984 0.15151986479759216 -0.007400544360280037 49.0  738512.6712554318
0.16756175458431244 -1.7520562410354614 84.75720977783203 0.1623426377773285 -0.0063717965967953205 -11.0  738512.6712555744
0.1677732914686203 -1.750362515449524 84.75394439697266 0.17308345437049866 -0.0053994981572031975 -64.0  738512.6712556623
0.16798639297485352 -1.748561143875122 84.7446060180664 0.18381604552268982 -0.004557832609862089 -83.0  738512.6712557886
0.17246109247207642 -1.7442301511764526 84.74104309082031 0.2216719537973404 -0.04386172816157341 44.0  738512.6712559045
0.17310607433319092 -1.7419707775115967 84.7598876953125 0.2324783354997635 -0.04351808503270149 90.0  738512.6712560221
0.1737581342458725 -1.7396031618118286 84.75178527832031 0.24338369071483612 -0.04321795701980591 -4.0  738512.6712561324
0.17441865801811218 -1.7371265888214111 84.7325439453125 0.2543920576572418 -0.04301876947283745 -14.0  738512.671256248
0.17508840560913086 -1.734541893005371 84.73373413085938 0.26543286442756653 -0.04297640174627304 -29.0  738512.6712563507
0.17576752603054047 -1.731847882270813 84.72307586669922 0.2764449119567871 -0.042900193482637405 -28.0  738512.6712564663
0.1764553338289261 -1.729045033454895 84.72761535644531 0.2873292565345764 -0.04281565174460411 3.0  738512.6712565883
0.17715005576610565 -1.7261375188827515 84.75174713134766 0.29794880747795105 -0.042696669697761536 29.0  738512.6712567043
0.17784921824932098 -1.7231287956237793 84.76795959472656 0.3082507252693176 -0.04226582124829292 54.0  738512.6712568084
0.18163850903511047 -1.7207322120666504 84.76874542236328 0.31321898102760315 -0.08138060569763184 -52.0  738512.6712569367
0.18273070454597473 -1.7176189422607422 84.7645034790039 0.32266244292259216 -0.08029107749462128 -40.0  738512.6712570477
0.18381854891777039 -1.7144144773483276 84.76982879638672 0.3316039741039276 -0.07897927612066269 -45.0  738512.6712571661
0.1848994344472885 -1.7111238241195679 84.76339721679688 0.33998534083366394 -0.07742898911237717 -51.0  738512.671257282
0.18597130477428436 -1.707753300666809 84.77852630615234 0.34778937697410583 -0.07581231743097305 -16.0  738512.6712574082
0.18703210353851318 -1.7043075561523438 84.78282928466797 0.35511934757232666 -0.07398375868797302 0.0  738512.6712575249
0.188079833984375 -1.7007898092269897 84.78785705566406 0.3619573414325714 -0.07203026860952377 -16.0  738512.6712576413
0.18911312520503998 -1.6972055435180664 84.81378173828125 0.36834362149238586 -0.07009977102279663 -55.0  738512.6712577464
0.19013090431690216 -1.6935594081878662 84.82196807861328 0.3743565082550049 -0.06795590370893478 5.0  738512.6712578632
0.1911318302154541 -1.6898536682128906 84.8258056640625 0.3800325095653534 -0.06573964655399323 -37.0  738512.6712579748
0.19211524724960327 -1.6860918998718262 84.81566619873047 0.38540583848953247 -0.06337960064411163 9.0  738512.6712580919
0.19671514630317688 -1.6823720932006836 84.83832550048828 0.39286181330680847 -0.0971333384513855 18.0  738512.6712582207
0.19815172255039215 -1.678127646446228 84.85977172851562 0.39814528822898865 -0.0946676954627037 -4.0  738512.6712583364
0.19943706691265106 -1.6742186546325684 84.87268829345703 0.4026681184768677 -0.09229986369609833 -56.0  738512.6712584387
0.20070189237594604 -1.6702648401260376 84.88211822509766 0.406928688287735 -0.08980969339609146 20.0  738512.6712585574
0.2019452005624771 -1.666268229484558 84.88970184326172 0.4110232889652252 -0.08722969889640808 59.0  738512.6712586642
0.20316585898399353 -1.662230372428894 84.89766693115234 0.41482916474342346 -0.0845918133854866 71.0  738512.6712587882
0.20436224341392517 -1.6581531763076782 84.91548156738281 0.4183494746685028 -0.08192187547683716 42.0  738512.6712589088
0.2055334746837616 -1.6540403366088867 84.92127227783203 0.4215739071369171 -0.07902105152606964 111.0  738512.6712590246
0.20667852461338043 -1.649895429611206 84.93589782714844 0.4244135022163391 -0.07609939575195312 47.0  738512.6712591401
0.207795187830925 -1.6457209587097168 84.93890380859375 0.42695415019989014 -0.07290317118167877 38.0  738512.6712592357
0.21098119020462036 -1.642819881439209 84.94611358642578 0.4165416955947876 -0.09464225172996521 -19.0  738512.6712593635
0.21227046847343445 -1.6387406587600708 84.94476318359375 0.41849827766418457 -0.09117180109024048 -18.0  738512.6712594908
0.21352645754814148 -1.6346406936645508 84.9441146850586 0.4201723635196686 -0.0875786542892456 10.0  738512.6712595965
0.21474780142307281 -1.63052237033844 84.94329071044922 0.4215922951698303 -0.0838807076215744 -11.0  738512.6712597057
0.21593254804611206 -1.6263879537582397 84.9416275024414 0.4227330684661865 -0.08011594414710999 -59.0  738512.6712598294
0.2170804738998413 -1.6222400665283203 84.9234848022461 0.4236828684806824 -0.07621973752975464 -72.0  738512.671259948
0.21819201111793518 -1.618080735206604 84.93413543701172 0.42441585659980774 -0.07255107164382935 -65.0  738512.6712600501
0.2192666381597519 -1.613911747932434 84.94023132324219 0.42498016357421875 -0.06887224316596985 -53.0  738512.6712601676
0.2203049659729004 -1.6097346544265747 84.94303131103516 0.42541569471359253 -0.06518758833408356 1.0  738512.6712602946
0.22130723297595978 -1.6055508852005005 84.94905090332031 0.4256933033466339 -0.06154486909508705 16.0  738512.6712604197
0.22581981122493744 -1.602146029472351 84.9530258178711 0.42118266224861145 -0.09401990473270416 -65.0  738512.6712605128
0.22710393369197845 -1.5980308055877686 84.94957733154297 0.4212713837623596 -0.09039730578660965 9.0  738512.671260619
0.2283530980348587 -1.5939122438430786 84.9606704711914 0.4212423264980316 -0.08694472908973694 105.0  738512.6712607471
0.22956784069538116 -1.5897914171218872 84.97879791259766 0.4210852086544037 -0.08359966427087784 117.0  738512.6712608761
0.23074838519096375 -1.5856692790985107 84.98121643066406 0.42089927196502686 -0.08015299588441849 -36.0  738512.671260989
0.23189444839954376 -1.5815465450286865 84.96826934814453 0.4206259250640869 -0.07662206143140793 -5.0  738512.6712611179
0.2330058217048645 -1.5774236917495728 84.98668670654297 0.4203110635280609 -0.07327680289745331 113.0  738512.671261219
0.23408199846744537 -1.573301076889038 85.01398468017578 0.4199094772338867 -0.06991129368543625 114.0  738512.6712613361
0.23512187600135803 -1.5691794157028198 85.041015625 0.4194480776786804 -0.06649446487426758 56.0  738512.6712614516
0.23612549901008606 -1.5650594234466553 85.06836700439453 0.41891002655029297 -0.0630331039428711 -6.0  738512.6712615517
0.241062730550766 -1.561816930770874 85.0708236694336 0.41237252950668335 -0.10471075028181076 26.0  738512.671261682
0.24243934452533722 -1.5578004121780396 85.10578155517578 0.4116808772087097 -0.10128182172775269 112.0  738512.6712617954
0.24377873539924622 -1.5537874698638916 85.13831329345703 0.410921186208725 -0.09784850478172302 111.0  738512.671261914
0.24508115649223328 -1.549778699874878 85.15966796875 0.4101356863975525 -0.09435992687940598 116.0  738512.671262029
0.24634672701358795 -1.5457745790481567 85.20146942138672 0.4092700779438019 -0.09103711694478989 11.0  738512.6712621426
0.24757593870162964 -1.5417754650115967 85.21410369873047 0.4084285497665405 -0.0874948725104332 71.0  738512.6712622584
0.24876835942268372 -1.5377812385559082 85.2447280883789 0.4075973927974701 -0.08406690508127213 -36.0  738512.6712623702
0.24992328882217407 -1.5337915420532227 85.25324249267578 0.4068557620048523 -0.0804063007235527 5.0  738512.6712624881
0.251039981842041 -1.5298057794570923 85.29930114746094 0.4060755968093872 -0.076903335750103 0.0  738512.6712625999
0.253246933221817 -1.5273644924163818 85.31633758544922 0.38964003324508667 -0.08729173988103867 34.0  738512.6712627204
0.2544080317020416 -1.5235546827316284 85.3603744506836 0.3889290690422058 -0.08359674364328384 17.0  738512.6712628343
0.2555275559425354 -1.5197477340698242 85.38270568847656 0.3882937729358673 -0.07970434427261353 55.0  738512.6712629535
0.2566050589084625 -1.515943169593811 85.41928100585938 0.3876853883266449 -0.07587572187185287 -6.0  738512.6712630683
0.25764161348342896 -1.5121403932571411 85.42312622070312 0.3871884047985077 -0.07180624455213547 60.0  738512.6712631884
0.2586371898651123 -1.5083386898040771 85.44962310791016 0.38676002621650696 -0.06792792677879333 44.0  738512.6712632995
0.2595919668674469 -1.5045373439788818 85.48087310791016 0.38637179136276245 -0.06408801674842834 91.0  738512.6712634186
0.26050686836242676 -1.5007359981536865 85.51100158691406 0.3860449194908142 -0.06030680611729622 55.0  738512.6712635364
0.2613823115825653 -1.4969342947006226 85.53605651855469 0.3857412338256836 -0.0565294586122036 9.0  738512.6712636477
0.26221925020217896 -1.4931317567825317 85.53797149658203 0.3855416178703308 -0.05267972871661186 -26.0  738512.6712637485
0.2674468159675598 -1.4873958826065063 85.56867980957031 0.40694940090179443 -0.09696092456579208 -34.0  738512.671263871
0.26870518922805786 -1.4834120273590088 85.5951156616211 0.4068511724472046 -0.09346304088830948 37.0  738512.6712639715
0.2699282467365265 -1.4794255495071411 85.62570190429688 0.40681618452072144 -0.09005745500326157 58.0  738512.6712641054
0.2711166441440582 -1.4754359722137451 85.63865661621094 0.4068666100502014 -0.08660407364368439 126.0  738512.671264218
0.2722705602645874 -1.4714429378509521 85.67533874511719 0.4069029986858368 -0.08340704441070557 92.0  738512.671264328
0.2733910083770752 -1.4674463272094727 85.69690704345703 0.40698695182800293 -0.0801030844449997 112.0  738512.6712644498
0.27447786927223206 -1.463445782661438 85.7259521484375 0.4071354568004608 -0.07687322050333023 -3.0  738512.6712645637
0.27553054690361023 -1.4594398736953735 85.7524642944336 0.40745991468429565 -0.0735732913017273 17.0  738512.6712646706
0.27654823660850525 -1.4554260969161987 85.79391479492188 0.4081057012081146 -0.07031293958425522 10.0  738512.6712647923
0.2775295376777649 -1.4514000415802002 85.83511352539062 0.40921536087989807 -0.06698023527860641 95.0  738512.6712649047
0.279391884803772 -1.4515607357025146 85.89727020263672 0.36542603373527527 -0.07744552940130234 172.0  738512.6712650304
0.2804012596607208 -1.4479526281356812 85.96388244628906 0.3678140938282013 -0.07414574176073074 222.0  738512.6712651373
0.28137513995170593 -1.4443113803863525 86.02653503417969 0.37115803360939026 -0.07082381099462509 277.0  738512.6712652594
0.28231367468833923 -1.4406265020370483 86.11164093017578 0.37544867396354675 -0.06768424808979034 191.0  738512.6712653773
0.28321823477745056 -1.4368880987167358 86.18107604980469 0.3807065486907959 -0.06454265117645264 270.0  738512.6712654809
0.2840903103351593 -1.4330859184265137 86.27621459960938 0.3869428038597107 -0.061680614948272705 231.0  738512.6712656097
0.28493189811706543 -1.4292105436325073 86.37002563476562 0.3940085172653198 -0.05897770822048187 227.0  738512.6712657209
0.2857460081577301 -1.4252569675445557 86.47222137451172 0.4018835127353668 -0.05649794638156891 271.0  738512.6712658245
0.28653448820114136 -1.4212192296981812 86.60525512695312 0.41046619415283203 -0.054361023008823395 171.0  738512.6712659568
0.28729814291000366 -1.4170894622802734 86.7059097290039 0.4196825325489044 -0.0521143414080143 247.0  738512.6712660665
0.2908545732498169 -1.4141720533370972 86.84228515625 0.4170953035354614 -0.0803409144282341 207.0  738512.6712661709
0.291864812374115 -1.4099805355072021 86.97660064697266 0.4269780218601227 -0.07851125299930573 191.0  738512.6712662876
0.2928520441055298 -1.4056875705718994 87.12647247314453 0.4369491934776306 -0.0767904669046402 275.0  738512.6712664113
0.2938157916069031 -1.401292324066162 87.27134704589844 0.44703468680381775 -0.07504504173994064 280.0  738512.671266529
0.29475536942481995 -1.3967951536178589 87.41751098632812 0.457027405500412 -0.07328197360038757 287.0  738512.6712666445
0.2956695854663849 -1.392197847366333 87.58368682861328 0.4668496549129486 -0.07156999409198761 319.0  738512.6712667608
0.2965562045574188 -1.3874995708465576 87.74584197998047 0.4765734076499939 -0.06972422450780869 292.0  738512.6712668699
0.2974132299423218 -1.38270103931427 87.89860534667969 0.4862027168273926 -0.06765295565128326 240.0  738512.6712669894
0.2982388436794281 -1.377802848815918 88.04564666748047 0.49575552344322205 -0.06543023139238358 265.0  738512.6712671077
0.29903116822242737 -1.3728039264678955 88.20460510253906 0.5052645206451416 -0.06323182582855225 267.0  738512.6712672308
0.3031447231769562 -1.3672479391098022 88.36349487304688 0.5196864604949951 -0.09854421019554138 270.0  738512.6712673358
0.3042428195476532 -1.362002968788147 88.51407623291016 0.5290766954421997 -0.09630487114191055 394.0  738512.6712674525
0.3053075671195984 -1.35666024684906 88.68167877197266 0.5384771823883057 -0.09430806338787079 261.0  738512.6712675692
0.30633944272994995 -1.3512201309204102 88.82569885253906 0.5479537844657898 -0.09218158572912216 309.0  738512.6712676819
0.3073394298553467 -1.3456848859786987 89.00261688232422 0.5573246479034424 -0.09044768661260605 269.0  738512.6712677956
0.30830761790275574 -1.340054988861084 89.15619659423828 0.566677987575531 -0.0885651707649231 290.0  738512.6712679076
0.30924418568611145 -1.3343313932418823 89.32704162597656 0.5759921073913574 -0.08690393716096878 260.0  738512.6712680334
0.3101493716239929 -1.3285160064697266 89.50737762451172 0.58519446849823 -0.08539196848869324 362.0  738512.6712681514
0.31102263927459717 -1.3226103782653809 89.68331146240234 0.5942035913467407 -0.08381207287311554 387.0  738512.6712682586
0.3118627071380615 -1.316616415977478 89.86695098876953 0.602927565574646 -0.08224837481975555 334.0  738512.6712683789
0.31266772747039795 -1.3105353116989136 90.03911590576172 0.6114436984062195 -0.080437071621418 288.0  738512.6712685076
0.3161125183105469 -1.3060014247894287 90.21473693847656 0.604737401008606 -0.10298255831003189 253.0  738512.6712686087
0.31708866357803345 -1.2999036312103271 90.383056640625 0.6126042008399963 -0.10092931985855103 234.0  738512.6712687273
0.31802594661712646 -1.2937270402908325 90.55535125732422 0.6201603412628174 -0.09886228293180466 298.0  738512.6712688418
0.31892359256744385 -1.2874748706817627 90.73462677001953 0.6273954510688782 -0.09684309363365173 319.0  738512.6712689571
0.31978169083595276 -1.281151533126831 90.90797424316406 0.634351909160614 -0.09472934901714325 305.0  738512.6712690693
0.32059967517852783 -1.2747597694396973 91.08549499511719 0.6409992575645447 -0.09267359972000122 276.0  738512.6712691879
0.3213764727115631 -1.2683013677597046 91.25314331054688 0.6473789811134338 -0.09050250798463821 330.0  738512.6712693085
0.3221835196018219 -1.2611241340637207 91.45708465576172 0.654109537601471 -0.08834080398082733 331.0  738512.6712694215
0.32287389039993286 -1.2545357942581177 91.62645721435547 0.6599803566932678 -0.08619754761457443 312.0  738512.6712695442
0.32542553544044495 -1.256718397140503 91.79708099365234 0.5599531531333923 -0.10403099656105042 311.0  738512.6712696526
0.32625481486320496 -1.2510509490966797 91.97148895263672 0.5653336644172668 -0.10166717320680618 304.0  738512.6712697741
0.3270416557788849 -1.24532949924469 92.15255737304688 0.5704882740974426 -0.0994010642170906 175.0  738512.671269882
0.32778555154800415 -1.2395555973052979 92.29829406738281 0.5754947662353516 -0.09681593626737595 254.0  738512.6712699981
0.32848748564720154 -1.2337323427200317 92.47431182861328 0.5802302360534668 -0.09459862858057022 314.0  738512.671270115
0.32914790511131287 -1.227862000465393 92.6629409790039 0.5847529172897339 -0.09257911145687103 298.0  738512.6712702309
0.32976558804512024 -1.22194504737854 92.83545684814453 0.5891530513763428 -0.0903870239853859 307.0  738512.6712703452
0.33034053444862366 -1.2159825563430786 93.00807189941406 0.5935125946998596 -0.08824506402015686 219.0  738512.6712704555
0.3308737576007843 -1.209976077079773 93.1595230102539 0.5978786945343018 -0.08589954674243927 265.0  738512.6712705783
0.3313654363155365 -1.203925371170044 93.34736633300781 0.6022616624832153 -0.0839967280626297 266.0  738512.6712706917
0.33181527256965637 -1.1978297233581543 93.5260238647461 0.6067425608634949 -0.08199730515480042 281.0  738512.6712708096
0.33674368262290955 -1.1851164102554321 93.71168518066406 0.6743238568305969 -0.12987123429775238 281.0  738512.6712709197
0.33756551146507263 -1.1782687902450562 93.88542938232422 0.6788537502288818 -0.12798739969730377 290.0  738512.6712710322
0.33834460377693176 -1.1713744401931763 94.06861114501953 0.6834667921066284 -0.1261928826570511 348.0  738512.6712711572
0.33908069133758545 -1.1644330024719238 94.24596405029297 0.6881581544876099 -0.12433867156505585 397.0  738512.6712712724
0.33977407217025757 -1.1574451923370361 94.44832611083984 0.6927784085273743 -0.12278422713279724 329.0  738512.6712713825
0.34042373299598694 -1.1504113674163818 94.62522888183594 0.6973844766616821 -0.12083499878644943 304.0  738512.671271499
0.3410290777683258 -1.1433329582214355 94.81797790527344 0.7018100619316101 -0.11904792487621307 296.0  738512.671271615
0.3415910303592682 -1.1362135410308838 95.02276611328125 0.7059730291366577 -0.11735105514526367 277.0  738512.6712717286
0.34210896492004395 -1.1290562152862549 95.23043823242188 0.709762692451477 -0.11556946486234665 302.0  738512.671271847
0.34487661719322205 -1.1241509914398193 95.43023681640625 0.6817011833190918 -0.13987651467323303 367.0  738512.6712719644
0.34558719396591187 -1.1172130107879639 95.63447570800781 0.6846286058425903 -0.137698695063591 334.0  738512.6712720825
0.34624871611595154 -1.1102486848831177 95.82846069335938 0.6871389746665955 -0.1352536529302597 328.0  738512.6712721963
0.3468586504459381 -1.103261947631836 96.02297973632812 0.6892935633659363 -0.13262662291526794 361.0  738512.671272316
0.3474159836769104 -1.096256971359253 96.2099838256836 0.6910848617553711 -0.12977299094200134 419.0  738512.671272432
0.34792035818099976 -1.0892376899719238 96.41242980957031 0.6925351619720459 -0.12701694667339325 395.0  738512.6712725466
0.3483702838420868 -1.0822068452835083 96.61702728271484 0.6937564015388489 -0.12413979321718216 383.0  738512.6712726469
0.34876441955566406 -1.0751667022705078 96.82221984863281 0.69480299949646 -0.12121725082397461 361.0  738512.6712727735
0.3491021692752838 -1.068118691444397 97.02703857421875 0.6957787871360779 -0.11824992299079895 366.0  738512.6712728888
0.349383682012558 -1.0610637664794922 97.22833251953125 0.6967076659202576 -0.11523131281137466 356.0  738512.6712730153
0.3532240688800812 -1.047639012336731 97.42805480957031 0.7600924968719482 -0.15954090654850006 342.0  738512.6712731131
0.3537813723087311 -1.0398904085159302 97.6246337890625 0.760956883430481 -0.15674838423728943 365.0  738512.6712732324
0.3542841374874115 -1.032135009765625 97.83566284179688 0.7618251442909241 -0.15415798127651215 349.0  738512.6712733512
0.35473376512527466 -1.0243728160858154 98.04867553710938 0.7627199292182922 -0.15164914727210999 323.0  738512.6712734634
0.3551291525363922 -1.0166040658950806 98.25366973876953 0.763617217540741 -0.14900097250938416 376.0  738512.6712735768
0.355469286441803 -1.0088297128677368 98.46836853027344 0.7643841505050659 -0.1464643031358719 332.0  738512.6712737007
0.3557552695274353 -1.0010513067245483 98.67974853515625 0.7650402784347534 -0.14381419122219086 308.0  738512.6712738083
0.35598644614219666 -0.9932708144187927 98.904541015625 0.7654696702957153 -0.14124563336372375 331.0  738512.671273932
0.356161504983902 -0.985491156578064 99.13935852050781 0.7655787467956543 -0.13866987824440002 375.0  738512.6712740477
0.35628029704093933 -0.9777159690856934 99.3795394897461 0.7653475999832153 -0.13600735366344452 326.0  738512.6712741547
0.35844674706459045 -0.981280505657196 99.58719635009766 0.6439573168754578 -0.13465243577957153 375.0  738512.6712742693
0.35867056250572205 -0.9747143983840942 99.80972290039062 0.6430348753929138 -0.1309589147567749 360.0  738512.6712743852
0.3588326573371887 -0.9681650400161743 100.03218841552734 0.6418343186378479 -0.12709183990955353 319.0  738512.6712745039
0.35893234610557556 -0.961635947227478 100.2433853149414 0.640367865562439 -0.12299343198537827 317.0  738512.671274616
0.35897085070610046 -0.9551294445991516 100.45418548583984 0.6386867761611938 -0.11887077987194061 350.0  738512.6712747359
0.35894858837127686 -0.9486472606658936 100.66523742675781 0.6369104385375977 -0.11477917432785034 388.0  738512.6712748519
0.35885342955589294 -0.9415460824966431 100.89266967773438 0.6349781155586243 -0.11031728237867355 433.0  738512.6712749731
0.35870277881622314 -0.9351163506507874 101.09217834472656 0.633413553237915 -0.10632291436195374 429.0  738512.6712750747
0.3584919571876526 -0.9287086129188538 101.30680084228516 0.6321250200271606 -0.10262636095285416 360.0  738512.6712751981
0.35822322964668274 -0.9223189353942871 101.49581909179688 0.6312702894210815 -0.09879045188426971 398.0  738512.6712753278
0.361019104719162 -0.9177782535552979 101.69235229492188 0.60430908203125 -0.12394676357507706 425.0  738512.6712754354
0.36097607016563416 -0.911612868309021 101.8859634399414 0.6043824553489685 -0.12040330469608307 345.0  738512.6712755441
0.3608761131763458 -0.9054515361785889 102.07518768310547 0.6049421429634094 -0.11697409301996231 330.0  738512.6712756633
0.3607221245765686 -0.8992897272109985 102.28035736083984 0.6059519648551941 -0.11381037533283234 354.0  738512.671275779
0.36051395535469055 -0.8931233882904053 102.48615264892578 0.6073809862136841 -0.1107717752456665 364.0  738512.6712758945
0.3602503836154938 -0.8869488835334778 102.68550872802734 0.609159529209137 -0.10770267248153687 399.0  738512.6712760075
0.35993140935897827 -0.8807636499404907 102.89555358886719 0.6111883521080017 -0.10472771525382996 374.0  738512.671276122
0.3595159649848938 -0.8739454746246338 103.12602996826172 0.6136575937271118 -0.10137635469436646 339.0  738512.6712762383
0.35907742381095886 -0.8677323460578918 103.3409423828125 0.6160869598388672 -0.0982884094119072 237.0  738512.6712763543
0.3585786819458008 -0.861504077911377 103.52861785888672 0.6186429262161255 -0.09483642876148224 301.0  738512.6712764701
0.35802024602890015 -0.8552608489990234 103.7380142211914 0.62120121717453 -0.09156201034784317 311.0  738512.6712765899
0.36150678992271423 -0.8505316376686096 103.92829895019531 0.6009893417358398 -0.12122859060764313 435.0  738512.6712767003
0.36120641231536865 -0.8444011807441711 104.1479721069336 0.6033591628074646 -0.11787369102239609 378.0  738512.6712768179
0.3608444631099701 -0.838257372379303 104.351318359375 0.6057443022727966 -0.11433983594179153 351.0  738512.6712769343
0.3604222238063812 -0.8321008086204529 104.54646301269531 0.6081750392913818 -0.11076029390096664 343.0  738512.6712770502
0.35994020104408264 -0.8259314894676208 104.7425537109375 0.6106375455856323 -0.10727463662624359 291.0  738512.6712771641
0.35939696431159973 -0.81974858045578 104.93627166748047 0.6131900548934937 -0.10386671125888824 270.0  738512.6712772865
0.35879218578338623 -0.8135510087013245 105.12149047851562 0.615882158279419 -0.10044639557600021 376.0  738512.6712773922
0.3581266403198242 -0.8073376417160034 105.3147201538086 0.6187099814414978 -0.0971904844045639 374.0  738512.6712775141
0.35739991068840027 -0.8011069297790527 105.49699401855469 0.6217302083969116 -0.09389860183000565 391.0  738512.6712776269
0.3596118986606598 -0.7956047058105469 105.69298553466797 0.6076409816741943 -0.12101533263921738 417.0  738512.6712777409
0.3590959906578064 -0.7894168496131897 105.892333984375 0.6108492612838745 -0.11800088733434677 371.0  738512.6712778549
0.35852041840553284 -0.783207356929779 106.0944595336914 0.6142193078994751 -0.11506963521242142 322.0  738512.6712779795
0.3578844964504242 -0.7769745588302612 106.2871322631836 0.617777407169342 -0.11210796236991882 315.0  738512.6712780948
0.3571879267692566 -0.7707170844078064 106.47708892822266 0.6214978694915771 -0.10912391543388367 301.0  738512.6712782022
0.35643142461776733 -0.764434278011322 106.66622161865234 0.6253760457038879 -0.10612739622592926 297.0  738512.671278324
0.3556152880191803 -0.7581258416175842 106.85438537597656 0.6293428540229797 -0.10309658944606781 347.0  738512.6712784385
0.3547385036945343 -0.7517912983894348 107.06427764892578 0.6333565711975098 -0.10024207085371017 273.0  738512.6712785542
0.3537995517253876 -0.7454304099082947 107.25365447998047 0.6374393105506897 -0.09707974642515182 301.0  738512.6712786682
0.3527977466583252 -0.7390434741973877 107.45191955566406 0.6415064334869385 -0.09399042278528214 328.0  738512.6712787871
0.3517315983772278 -0.7326306104660034 107.6587905883789 0.6455625891685486 -0.09095277637243271 383.0  738512.6712789059
0.35457924008369446 -0.7278090715408325 107.85637664794922 0.6245657205581665 -0.11758788675069809 388.0  738512.6712790127
0.35374531149864197 -0.7214931845664978 108.04698944091797 0.6284691095352173 -0.11426272243261337 385.0  738512.6712791347
0.3528459370136261 -0.7151530981063843 108.25054931640625 0.6322911381721497 -0.11115284264087677 291.0  738512.6712792455
0.3518809974193573 -0.708789050579071 108.44489288330078 0.6361075043678284 -0.10801368951797485 338.0  738512.671279361
0.3508528769016266 -0.7024019360542297 108.63700103759766 0.6398774981498718 -0.10496937483549118 338.0  738512.6712794814
0.34976401925086975 -0.6959925889968872 108.82725524902344 0.6436474323272705 -0.10201630741357803 290.0  738512.671279591
0.34861430525779724 -0.68956059217453 109.00785064697266 0.6474336981773376 -0.09907028079032898 341.0  738512.6712797002
0.3474038243293762 -0.6831058859825134 109.1893310546875 0.6512186527252197 -0.09618045389652252 410.0  738512.6712798307
0.3461339473724365 -0.6766292452812195 109.3814468383789 0.6549524068832397 -0.09344371408224106 348.0  738512.671279942
0.3499642312526703 -0.6770444512367249 109.58222198486328 0.5615768432617188 -0.12044571340084076 295.0  738512.6712800498
0.3491831421852112 -0.6713408827781677 109.75640869140625 0.5652467608451843 -0.11716357618570328 350.0  738512.6712801799
0.3483410179615021 -0.6656162142753601 109.93014526367188 0.5689599514007568 -0.1138487309217453 349.0  738512.6712802895
0.34743839502334595 -0.6598708033561707 110.1014633178711 0.5726773142814636 -0.11051414906978607 352.0  738512.6712803991
0.34647464752197266 -0.6541048884391785 110.26596069335938 0.5763898491859436 -0.10712640732526779 371.0  738512.671280519
0.34544867277145386 -0.6483184099197388 110.44660949707031 0.5800949335098267 -0.10390360653400421 340.0  738512.6712806368
0.34436124563217163 -0.6425116658210754 110.63674926757812 0.5838290452957153 -0.10079759359359741 236.0  738512.6712807507
0.34321263432502747 -0.6366843581199646 110.80758666992188 0.5877162218093872 -0.09754038602113724 222.0  738512.6712808663
0.34200137853622437 -0.6308349370956421 110.96743774414062 0.5918027758598328 -0.09419862926006317 273.0  738512.6712809787
0.34072646498680115 -0.6249615550041199 111.14482879638672 0.5960922241210938 -0.0910523384809494 307.0  738512.6712810966
0.33938831090927124 -0.6190627217292786 111.32542419433594 0.6005991697311401 -0.08798831701278687 309.0  738512.6712812224
0.33990854024887085 -0.5985459089279175 111.50301361083984 0.7301144003868103 -0.15509849786758423 318.0  738512.6712813257
0.33862847089767456 -0.5911689400672913 111.6792221069336 0.7347912788391113 -0.15243202447891235 257.0  738512.6712814518
0.33728405833244324 -0.5837618112564087 111.84716796875 0.7396469116210938 -0.14971265196800232 248.0  738512.6712815606
0.3358754515647888 -0.5763235688209534 111.99810791015625 0.7446434497833252 -0.14684312045574188 408.0  738512.6712816677
0.33440226316452026 -0.5688537359237671 112.19017791748047 0.7495377659797668 -0.1445140838623047 313.0  738512.6712817841
0.332864910364151 -0.5613539218902588 112.37033081054688 0.7543035745620728 -0.14190146327018738 275.0  738512.6712819099
0.3312632441520691 -0.5538269877433777 112.54640197753906 0.7587826251983643 -0.1391371786594391 255.0  738512.6712820401
0.3295966386795044 -0.5462766885757446 112.7280502319336 0.7628844976425171 -0.1362089067697525 222.0  738512.6712821979
0.3278661072254181 -0.5387084484100342 112.91094207763672 0.766457736492157 -0.13307777047157288 158.0  738512.6712822565
0.3319176733493805 -0.5470331907272339 113.06959533691406 0.5700995326042175 -0.11944279074668884 285.0  738512.6712823594
0.3307451903820038 -0.5413197875022888 113.26202392578125 0.5725389122962952 -0.11529046297073364 302.0  738512.6712824883
0.3295075595378876 -0.5356073379516602 113.44088745117188 0.5744072198867798 -0.11080555617809296 228.0  738512.6712826077
0.3282056748867035 -0.529901921749115 113.6044921875 0.5757613778114319 -0.10597328096628189 217.0  738512.6712827102
0.32683905959129333 -0.5242092609405518 113.7568130493164 0.5766773819923401 -0.10095331072807312 259.0  738512.6712828416
0.3254077136516571 -0.51853346824646 113.90299987792969 0.5773414969444275 -0.09588530659675598 232.0  738512.6712829509
0.32391253113746643 -0.5128762722015381 114.02689361572266 0.5779691338539124 -0.09073270112276077 325.0  738512.671283071
0.32235485315322876 -0.5072368383407593 114.16802215576172 0.578731119632721 -0.08590231090784073 356.0  738512.6712831751
0.3207361698150635 -0.5016124248504639 114.3077163696289 0.5798072218894958 -0.08123026043176651 332.0  738512.671283299
0.3190560042858124 -0.49599894881248474 114.44911193847656 0.5813782215118408 -0.07687196135520935 298.0  738512.671283414
0.3172624707221985 -0.4744875431060791 114.58390045166016 0.737126350402832 -0.1426166445016861 308.0  738512.6712835191
0.31545326113700867 -0.4671897292137146 114.72530364990234 0.7396718859672546 -0.1393052637577057 243.0  738512.6712836351
0.31358492374420166 -0.4598834216594696 114.84529113769531 0.7429177165031433 -0.13603217899799347 236.0  738512.6712837542
0.311656653881073 -0.4525615870952606 114.97322082519531 0.7467657327651978 -0.13314737379550934 229.0  738512.6712838643
0.3096683621406555 -0.4452180862426758 115.10848999023438 0.7511135935783386 -0.13055461645126343 192.0  738512.6712839918
0.3076215982437134 -0.4378497898578644 115.25651550292969 0.7557193636894226 -0.1282372921705246 198.0  738512.6712841062
0.30551639199256897 -0.4304554760456085 115.40008544921875 0.7603816986083984 -0.12587511539459229 335.0  738512.6712842255
0.30335256457328796 -0.42303666472435 115.5652084350586 0.764782726764679 -0.12359429895877838 218.0  738512.6712843281
0.30112916231155396 -0.41559740900993347 115.73640441894531 0.7687177658081055 -0.121058888733387 246.0  738512.6712844501
0.29884612560272217 -0.4081445038318634 115.91161346435547 0.7719643115997314 -0.11814827471971512 173.0  738512.6712845663
0.2965034544467926 -0.40068569779396057 116.0702896118164 0.7745038270950317 -0.11457546055316925 199.0  738512.6712846786
0.2999790608882904 -0.404413104057312 116.22563171386719 0.655046284198761 -0.11386294662952423 279.0  738512.6712847981
0.2980789840221405 -0.39804068207740784 116.39259338378906 0.6560016870498657 -0.10937292873859406 232.0  738512.6712849118
0.29611989855766296 -0.39168670773506165 116.54810333251953 0.6563092470169067 -0.10450515896081924 151.0  738512.6712851321
0.29410216212272644 -0.3853578269481659 116.68377685546875 0.6560941934585571 -0.09936213493347168 128.0  738512.6712851567
0.2920251190662384 -0.37905973196029663 116.81281280517578 0.6556040644645691 -0.09419511258602142 275.0  738512.6712852485
0.2898898720741272 -0.3727947175502777 116.9599609375 0.6549818515777588 -0.08940917998552322 223.0  738512.6712853858
0.28769922256469727 -0.3665618896484375 117.08438110351562 0.6545026302337646 -0.08465485274791718 195.0  738512.6712854883
0.2854553163051605 -0.360358327627182 117.19817352294922 0.6543577313423157 -0.08009518682956696 255.0  738512.6712856112
0.28315794467926025 -0.3541802763938904 117.33234405517578 0.6546339392662048 -0.07611121982336044 199.0  738512.6712857268
0.2856155335903168 -0.3472064137458801 117.44314575195312 0.6388013958930969 -0.12400925159454346 159.0  738512.6712858413
0.2837403416633606 -0.3409719467163086 117.5499496459961 0.6400123238563538 -0.12030033022165298 191.0  738512.6712859529
0.2816191613674164 -0.3341211676597595 117.65476989746094 0.6420512795448303 -0.11639286577701569 323.0  738512.6712860609
0.279636949300766 -0.3278931975364685 117.78614044189453 0.6444393992424011 -0.11351700127124786 207.0  738512.671286189
0.2776030898094177 -0.32165980339050293 117.92198181152344 0.6472622752189636 -0.11081257462501526 208.0  738512.6712863097
0.27551698684692383 -0.31541770696640015 118.04862213134766 0.650438129901886 -0.10801208764314651 197.0  738512.6712864178
0.2733771502971649 -0.30916476249694824 118.19802856445312 0.6538246273994446 -0.10542276501655579 229.0  738512.6712865289
0.27118194103240967 -0.302900493144989 118.34353637695312 0.6573243141174316 -0.10252607613801956 181.0  738512.6712866588
0.26892849802970886 -0.29662570357322693 118.49186706542969 0.6608186960220337 -0.09940462559461594 215.0  738512.6712867585
0.26661401987075806 -0.2903423309326172 118.64446258544922 0.6642023921012878 -0.09599778056144714 171.0  738512.6712868791
0.26423707604408264 -0.28405332565307617 118.77641296386719 0.667424201965332 -0.09208923578262329 198.0  738512.6712869969
0.26587074995040894 -0.28001508116722107 118.89693450927734 0.6338759660720825 -0.11101633310317993 288.0  738512.6712871047
0.2637394368648529 -0.2739318311214447 119.03491973876953 0.6366340517997742 -0.10672780871391296 243.0  738512.6712872261
0.26154306530952454 -0.26785150170326233 119.15573120117188 0.6392313838005066 -0.1021798625588417 186.0  738512.6712873495
0.25928235054016113 -0.26177603006362915 119.27659606933594 0.6416672468185425 -0.09763507544994354 179.0  738512.6712874578
0.2569567561149597 -0.2557067573070526 119.38520050048828 0.6440271735191345 -0.0930175930261612 163.0  738512.6712875789
0.2545672655105591 -0.24964377284049988 119.48748779296875 0.6464100480079651 -0.08844195306301117 168.0  738512.6712876846
0.25211644172668457 -0.243586003780365 119.58769989013672 0.6488712430000305 -0.08403311669826508 194.0  738512.6712877955
0.24960482120513916 -0.23753191530704498 119.6856689453125 0.6514700651168823 -0.07977622002363205 224.0  738512.6712879257
0.24703183770179749 -0.23147925734519958 119.79845428466797 0.6542636156082153 -0.07585833221673965 114.0  738512.6712880308
0.24784092605113983 -0.22480525076389313 119.891845703125 0.6443862318992615 -0.10795365273952484 104.0  738512.6712881491
0.2455274760723114 -0.21867986023426056 119.98607635498047 0.6475769877433777 -0.10414983332157135 125.0  738512.6712882636
0.24315401911735535 -0.21254825592041016 120.0906753540039 0.6509625315666199 -0.10061398148536682 111.0  738512.6712883811
0.24072086811065674 -0.20640841126441956 120.17778778076172 0.6545482873916626 -0.0969512015581131 94.0  738512.6712884933
0.23822970688343048 -0.20025913417339325 120.27632904052734 0.6582706570625305 -0.09348545223474503 111.0  738512.6712886129
0.2356802225112915 -0.19409950077533722 120.37199401855469 0.6620897054672241 -0.08996351063251495 123.0  738512.67128873
0.2330717146396637 -0.18792924284934998 120.45915985107422 0.6659513711929321 -0.08633029460906982 153.0  738512.6712888448
0.23040524125099182 -0.18174895644187927 120.54116821289062 0.6698147058486938 -0.08253519982099533 196.0  738512.6712889588
0.22767972946166992 -0.1755593717098236 120.6405029296875 0.6735876798629761 -0.07884779572486877 124.0  738512.6712890819
0.22489288449287415 -0.16936148703098297 120.73407745361328 0.6772834658622742 -0.07499705255031586 72.0  738512.6712891875
0.2220449000597 -0.16315679252147675 120.8228988647461 0.680864691734314 -0.07101338356733322 87.0  738512.6712893109
0.222773477435112 -0.15841692686080933 120.89904022216797 0.6561629176139832 -0.08805801719427109 154.0  738512.6712894266
0.22013156116008759 -0.15233556926250458 120.98204040527344 0.6594412326812744 -0.08387817442417145 136.0  738512.6712895362
0.2174297571182251 -0.1462518572807312 121.0625 0.6625635623931885 -0.07971473783254623 118.0  738512.671289651
0.21466968953609467 -0.1401669681072235 121.12555694580078 0.6655640602111816 -0.07542642951011658 174.0  738512.6712897683
0.21185195446014404 -0.13408170640468597 121.19618225097656 0.6684586405754089 -0.07131132483482361 173.0  738512.6712898737
0.2089776247739792 -0.12799642980098724 121.27692413330078 0.671278715133667 -0.06744074821472168 110.0  738512.6712899962
0.20604844391345978 -0.12191103398799896 121.33707427978516 0.674106776714325 -0.063473179936409 129.0  738512.6712901121
0.20306478440761566 -0.11582496017217636 121.39225006103516 0.6769559979438782 -0.059592485427856445 155.0  738512.6712902251
0.2000265121459961 -0.1097373217344284 121.45201110839844 0.6798484921455383 -0.055895715951919556 171.0  738512.6712903433
0.2031911015510559 -0.10271646827459335 121.51057434082031 0.6547650694847107 -0.11794788390398026 147.0  738512.6712904641
0.20075057446956635 -0.09651809185743332 121.576171875 0.657697856426239 -0.11443827301263809 89.0  738512.6712905823
0.19825704395771027 -0.0903155654668808 121.62287902832031 0.6607263684272766 -0.11078328639268875 108.0  738512.6712906959
0.1957111954689026 -0.0841081514954567 121.65927124023438 0.6638381481170654 -0.10705069452524185 158.0  738512.6712908114
0.193113774061203 -0.07789547741413116 121.71797943115234 0.6669256687164307 -0.10358628630638123 11.0  738512.6712909351
0.19046418368816376 -0.07167751342058182 121.7667465209961 0.6700491905212402 -0.09997458010911942 46.0  738512.6712910449
0.187761127948761 -0.06545435637235641 121.81880950927734 0.6731950044631958 -0.09632018208503723 99.0  738512.6712911598
0.18500447273254395 -0.059226542711257935 121.86701202392578 0.6763371229171753 -0.09251327067613602 130.0  738512.6712912684
0.18219394981861115 -0.05299493670463562 121.92491912841797 0.679430365562439 -0.08870256692171097 73.0  738512.6712913828
0.17932875454425812 -0.04676046222448349 121.9781265258789 0.6824971437454224 -0.08473315834999084 55.0  738512.6712914994
0.17640893161296844 -0.04052414000034332 122.01451873779297 0.685514509677887 -0.08046753704547882 142.0  738512.6712916226
0.17545004189014435 -0.03562718629837036 122.07798767089844 0.6686666011810303 -0.08518470823764801 61.0  738512.6712917372
0.17231521010398865 -0.02889961563050747 122.1432113647461 0.6716821789741516 -0.08071921765804291 83.0  738512.6712918425
0.16940926015377045 -0.022785289213061333 122.19696807861328 0.674233615398407 -0.07664123922586441 138.0  738512.6712919621
0.1664510816335678 -0.01667388156056404 122.24229431152344 0.6766658425331116 -0.07252313196659088 152.0  738512.6712920789
0.16344085335731506 -0.010566268116235733 122.31017303466797 0.678978681564331 -0.0687069520354271 52.0  738512.6712921967
0.16037973761558533 -0.004463039804250002 122.34373474121094 0.6812466979026794 -0.06457925587892532 169.0  738512.6712923151
0.15726952254772186 0.0016356203705072403 122.39775085449219 0.6834467649459839 -0.0607902891933918 150.0  738512.6712924195
0.15411026775836945 0.007729724049568176 122.45970916748047 0.685617983341217 -0.057188063859939575 79.0  738512.6712925484
0.15090227127075195 0.013819420710206032 122.50776672363281 0.6877962946891785 -0.0535321980714798 35.0  738512.6712926627
0.15510262548923492 0.013003264553844929 122.53779602050781 0.5729883313179016 -0.08094228804111481 72.0  738512.6712927808
0.15268348157405853 0.018266819417476654 122.57298278808594 0.5751817226409912 -0.07721879333257675 22.0  738512.6712928895
0.15021733939647675 0.023527545854449272 122.57960510253906 0.577447235584259 -0.07330509275197983 109.0  738512.671292999
0.14770551025867462 0.02878638356924057 122.59612274169922 0.5797668099403381 -0.06957317143678665 119.0  738512.6712931244
0.14514818787574768 0.034044183790683746 122.62010955810547 0.582116425037384 -0.06599457561969757 83.0  738512.6712932413
0.1425451636314392 0.03930164501070976 122.63546752929688 0.5845494270324707 -0.062364909797906876 56.0  738512.6712933547
0.13989688456058502 0.044559773057699203 122.64986419677734 0.58711838722229 -0.058765754103660583 81.0  738512.671293472
0.13720254600048065 0.049819961190223694 122.66285705566406 0.5898576974868774 -0.055196162313222885 97.0  738512.6712935885
0.13446004688739777 0.055084194988012314 122.68942260742188 0.5928345322608948 -0.051774539053440094 35.0  738512.6712937045
0.13166870176792145 0.060354653745889664 122.70703125 0.5960832834243774 -0.04827265813946724 -22.0  738512.6712938105
0.12882797420024872 0.06563358008861542 122.73200225830078 0.5996368527412415 -0.044848039746284485 -27.0  738512.6712939361
0.12328093498945236 0.0858195498585701 122.7450942993164 0.7392436265945435 -0.0981370359659195 40.0  738512.6712940533
0.12007786333560944 0.09257252514362335 122.75999450683594 0.7433099746704102 -0.09473839402198792 9.0  738512.6712941559
0.11682207137346268 0.09934133291244507 122.77283477783203 0.7476024031639099 -0.09135687351226807 56.0  738512.6712942752
0.11351150274276733 0.10612823069095612 122.79154968261719 0.7520050406455994 -0.08808215707540512 67.0  738512.6712943903
0.11014638096094131 0.11293382942676544 122.81822967529297 0.7563880681991577 -0.08493508398532867 39.0  738512.671294505
0.1067289263010025 0.11975706368684769 122.83966064453125 0.7606430053710938 -0.08172428607940674 57.0  738512.6712946239
0.10326096415519714 0.12659600377082825 122.8578872680664 0.7646079659461975 -0.0784645527601242 91.0  738512.6712947366
0.09974495321512222 0.13344734907150269 122.87602233886719 0.7681281566619873 -0.07513444870710373 68.0  738512.6712948488
0.09618251025676727 0.14030684530735016 122.89282989501953 0.7710908055305481 -0.07166598737239838 64.0  738512.6712949751
0.09257503598928452 0.14716918766498566 122.90987396240234 0.7734226584434509 -0.06809177994728088 61.0  738512.6712950871
0.09661046415567398 0.1463131457567215 122.94467163085938 0.6636772751808167 -0.08840428292751312 21.0  738512.6712951947
0.09372375905513763 0.15235725045204163 122.9458999633789 0.6647908091545105 -0.08435151726007462 24.0  738512.6712953208
0.09079910814762115 0.15838706493377686 122.94683074951172 0.6653899550437927 -0.08020870387554169 -15.0  738512.671295429
0.08783833682537079 0.16439837217330933 122.93413543701172 0.6656014323234558 -0.07588041573762894 1.0  738512.6712955489
0.0848427340388298 0.17038820683956146 122.91583251953125 0.6655881404876709 -0.07150525599718094 61.0  738512.6712956631
0.08181241154670715 0.1763547658920288 122.93346405029297 0.6654666066169739 -0.06759394705295563 -7.0  738512.6712957801
0.0787472128868103 0.18229778110980988 122.92450714111328 0.6654401421546936 -0.063471719622612 -29.0  738512.6712958942
0.07564748823642731 0.18821930885314941 122.91077423095703 0.6656539440155029 -0.05942220985889435 35.0  738512.6712960106
0.07251302152872086 0.19412261247634888 122.90055847167969 0.6661990880966187 -0.05552545189857483 -56.0  738512.6712961306
0.07263851910829544 0.2012552171945572 122.90364837646484 0.6589499711990356 -0.08938189595937729 -53.0  738512.6712962396
0.06978708505630493 0.20726779103279114 122.88904571533203 0.6602454781532288 -0.08570346236228943 4.0  738512.6712963528
0.0668974369764328 0.21327415108680725 122.85847473144531 0.6619802117347717 -0.08197780698537827 46.0  738512.6712964722
0.06396874785423279 0.21927820146083832 122.84942626953125 0.6640275120735168 -0.07857988774776459 -9.0  738512.6712965866
0.06100066006183624 0.22528302669525146 122.83585357666016 0.666375994682312 -0.07519739121198654 33.0  738512.6712966964
0.05799289047718048 0.2312908172607422 122.83990478515625 0.6689596772193909 -0.07199333608150482 -33.0  738512.6712968225
0.05494363605976105 0.2373027205467224 122.8418197631836 0.6716428399085999 -0.06866616010665894 -59.0  738512.6712969374
0.0518510527908802 0.24331866204738617 122.83167266845703 0.6743472814559937 -0.06508765369653702 51.0  738512.6712970553
0.04871450364589691 0.24933768808841705 122.8241958618164 0.6769712567329407 -0.061403412371873856 65.0  738512.6712971659
0.0455336757004261 0.2553583085536957 122.8253173828125 0.6794561147689819 -0.057708024978637695 2.0  738512.6712972831
0.04230889305472374 0.26137879490852356 122.84207916259766 0.6817871332168579 -0.05409175530076027 -68.0  738512.6712974116
0.04759794846177101 0.2599058747291565 122.85221862792969 0.5822219252586365 -0.07916295528411865 -63.0  738512.6712975136
0.044831447303295135 0.2657548189163208 122.84012603759766 0.5843574404716492 -0.07466810196638107 -74.0  738512.6712976291
0.04227236285805702 0.2710660398006439 122.84012603759766 0.5861104130744934 -0.07059790194034576 -83.0  738512.6712977408
0.03967256471514702 0.27637046575546265 122.8154525756836 0.5877829790115356 -0.06652345508337021 -18.0  738512.6712978613
0.03703276440501213 0.28166794776916504 122.8154525756836 0.5894731879234314 -0.06251996755599976 10.0  738512.6712979764
0.03435162082314491 0.2869589328765869 122.80094909667969 0.5912806391716003 -0.05876236408948898 9.0  738512.6712980879
0.031627584248781204 0.29224520921707153 122.80094909667969 0.593323290348053 -0.055026739835739136 19.0  738512.6712982088
0.028860827907919884 0.29752957820892334 122.78966522216797 0.5956577658653259 -0.051432665437459946 62.0  738512.6712983235
0.026051511988043785 0.30281510949134827 122.78966522216797 0.5983565449714661 -0.048020124435424805 26.0  738512.6712984416
0.023197773844003677 0.3081054985523224 122.8086929321289 0.6014602184295654 -0.04477916657924652 51.0  738512.6712985567
0.017134839668869972 0.3259781301021576 122.8086929321289 0.7217313051223755 -0.08317770063877106 129.0  738512.6712986737
0.017134839668869972 0.3259781301021576 122.80978393554688 0.7217313051223755 -0.08317770063877106 49.0  738512.671298778
0.01060905959457159 0.33903929591178894 122.82744598388672 0.7296527028083801 -0.07751196622848511 -12.0  738512.6712989026
0.0072731138207018375 0.3455979824066162 122.84635162353516 0.7339629530906677 -0.07460315525531769 2.0  738512.6712990145
0.00388830597512424 0.35217735171318054 122.85149383544922 0.7383638024330139 -0.07187201827764511 36.0  738512.6712991415
0.00045526609756052494 0.35877713561058044 122.86978149414062 0.742691695690155 -0.0689273402094841 81.0  738512.6712992507
-0.0030249981209635735 0.36539551615715027 122.87380981445312 0.7467612624168396 -0.06608620285987854 87.0  738512.6712993637
-0.006551052909344435 0.37202921509742737 122.8923110961914 0.7504269480705261 -0.06319590657949448 50.0  738512.6712994813
-0.010122256353497505 0.3786739706993103 122.91781616210938 0.7536069750785828 -0.05995500460267067 -18.0  738512.6712996002
-0.010122256353497505 0.3786739706993103 122.93244171142578 0.7536069750785828 -0.05995500460267067 82.0  738512.6712997126
-0.005920527968555689 0.37857165932655334 122.93560028076172 0.6416882276535034 -0.08978033065795898 11.0  738512.67129983
-0.008674697019159794 0.38444358110427856 122.93192291259766 0.6438084840774536 -0.08600549399852753 -51.0  738512.6712999416
-0.011469904333353043 0.39031127095222473 122.91664123535156 0.6453942656517029 -0.08200212568044662 -116.0  738512.6713000658
-0.014304066076874733 0.3961699306964874 122.89198303222656 0.6465205550193787 -0.07782711088657379 -96.0  738512.6713001761
-0.01717476174235344 0.40201595425605774 122.8780746459961 0.6472589373588562 -0.07374149560928345 -65.0  738512.6713002911
-0.02008134499192238 0.4078463017940521 122.861572265625 0.6477798819541931 -0.06962532550096512 9.0  738512.6713004037
-0.023023823276162148 0.41365915536880493 122.84940338134766 0.6482326984405518 -0.06562909483909607 55.0  738512.6713005156
-0.02600162662565708 0.41945475339889526 122.8351821899414 0.6487724184989929 -0.061695463955402374 31.0  738512.6713006353
-0.029014332219958305 0.4252350628376007 122.83258819580078 0.6495299339294434 -0.05803472548723221 -4.0  738512.6713007541
-0.029991770163178444 0.43226662278175354 122.81578063964844 0.6497523188591003 -0.08383120596408844 -4.0  738512.6713008644
-0.03282866254448891 0.4381774663925171 122.79471588134766 0.6512007117271423 -0.08021177351474762 3.0  738512.6713009862
-0.035703882575035095 0.44408369064331055 122.79106903076172 0.6530261635780334 -0.0768747627735138 34.0  738512.6713011041
-0.038618188351392746 0.44998931884765625 122.80339050292969 0.655203104019165 -0.07384198158979416 97.0  738512.671301216
-0.04157249629497528 0.45589807629585266 122.8085708618164 0.6577506065368652 -0.07082153111696243 87.0  738512.6713013328
-0.04456806927919388 0.4618131220340729 122.8153305053711 0.6605830788612366 -0.06785999238491058 44.0  738512.6713014517
-0.04760570079088211 0.46773654222488403 122.85396575927734 0.6635912656784058 -0.06525992602109909 152.0  738512.6713015676
-0.050686098635196686 0.4736694097518921 122.90293884277344 0.6666744351387024 -0.06278344988822937 166.0  738512.6713016746
-0.053810298442840576 0.47961172461509705 122.9283447265625 0.6698129773139954 -0.059891730546951294 105.0  738512.6713017978
-0.0569782480597496 0.4855625331401825 122.96808624267578 0.6728852987289429 -0.057071276009082794 169.0  738512.6713019133
-0.06018969789147377 0.49152037501335144 123.02914428710938 0.675792932510376 -0.05438684672117233 159.0  738512.6713020385
-0.05898516997694969 0.4963414669036865 123.06863403320312 0.643530547618866 -0.0833580419421196 35.0  738512.671302168
-0.06182258576154709 0.5021888017654419 123.09815979003906 0.6460354328155518 -0.08010326325893402 -18.0  738512.6713022639
-0.06470263004302979 0.5080369114875793 123.14126586914062 0.6483085751533508 -0.07694190740585327 24.0  738512.671302364
-0.06762441992759705 0.5138840675354004 123.19001007080078 0.6503873467445374 -0.07387488335371017 4.0  738512.6713024763
-0.07058786600828171 0.5197288990020752 123.22783660888672 0.6523482203483582 -0.07071598619222641 54.0  738512.6713026064
-0.07359181344509125 0.525570809841156 123.26782989501953 0.654235303401947 -0.06766485422849655 65.0  738512.671302724
-0.07663445174694061 0.5314098000526428 123.31804656982422 0.656093955039978 -0.06478743255138397 102.0  738512.6713028335
-0.07971575856208801 0.5372462272644043 123.36553192138672 0.6580362319946289 -0.061935871839523315 137.0  738512.6713029457
-0.08283776044845581 0.5430809259414673 123.41903686523438 0.6600661873817444 -0.059199243783950806 87.0  738512.6713030704
-0.08446092903614044 0.5559175610542297 123.46111297607422 0.6464023590087891 -0.10446052998304367 34.0  738512.6713031855
-0.08446092903614044 0.5559175610542297 123.52497863769531 0.6464023590087891 -0.10446052998304367 120.0  738512.6713032927
-0.0899515450000763 0.5678548812866211 123.59834289550781 0.6515244841575623 -0.09961993992328644 115.0  738512.6713034103
-0.0899515450000763 0.5678548812866211 123.67119598388672 0.6515244841575623 -0.09961993992328644 116.0  738512.6713035244
-0.09561193734407425 0.5798134207725525 123.74359893798828 0.6571229100227356 -0.09471481293439865 28.0  738512.6713036477
-0.09561193734407425 0.5798134207725525 123.81394958496094 0.6571229100227356 -0.09471481293439865 93.0  738512.671303764
-0.098507821559906 0.5858019590377808 123.88362884521484 0.6600467562675476 -0.09216536581516266 236.0  738512.6713038797
-0.10144896805286407 0.5917966365814209 123.96367645263672 0.6629918813705444 -0.08959107100963593 129.0  738512.6713039988
-0.1044364869594574 0.5977967381477356 124.05595397949219 0.6659316420555115 -0.08701657503843307 197.0  738512.6713041022
-0.10747265815734863 0.6038011908531189 124.15953826904297 0.668808102607727 -0.08438868075609207 253.0  738512.671304218
-0.11055921018123627 0.6098086833953857 124.26136779785156 0.6716605424880981 -0.08160543441772461 239.0  738512.6713043472
-0.11688277125358582 0.6218273639678955 124.35396575927734 0.6771647334098816 -0.07566587626934052 192.0  738512.6713044827
-0.10970679670572281 0.6150601506233215 124.464111328125 0.5861538648605347 -0.09490039199590683 195.0  738512.6713045744
-0.11487434059381485 0.6257931590080261 124.57167053222656 0.5912060141563416 -0.08850590139627457 198.0  738512.6713046903
-0.11487434059381485 0.6257931590080261 124.6812973022461 0.5912060141563416 -0.08850590139627457 236.0  738512.6713047968
-0.12024116516113281 0.6365143656730652 124.78495025634766 0.5959306359291077 -0.08225052058696747 202.0  738512.6713049118
-0.12024116516113281 0.6365143656730652 124.90316009521484 0.5959306359291077 -0.08225052058696747 215.0  738512.6713050281
-0.12299797683954239 0.6418694853782654 125.00999450683594 0.598275363445282 -0.07917474955320358 245.0  738512.6713051427
-0.12580442428588867 0.6472212076187134 125.11195373535156 0.6006996035575867 -0.07612296938896179 246.0  738512.6713052759
-0.12865982949733734 0.6525707244873047 125.23374938964844 0.6032441258430481 -0.0733414962887764 188.0  738512.671305375
-0.13156381249427795 0.6579194664955139 125.36589050292969 0.6059585213661194 -0.07074925303459167 196.0  738512.6713054919
-0.1330050677061081 0.6684190630912781 125.50662994384766 0.651612401008606 -0.12229760736227036 250.0  738512.6713056096
-0.1358177214860916 0.674433708190918 125.6639175415039 0.6546958088874817 -0.12022596597671509 301.0  738512.6713057258
-0.13868345320224762 0.6804546117782593 125.83000183105469 0.6580240726470947 -0.11833326518535614 268.0  738512.6713058412
-0.1416025012731552 0.6864840984344482 125.99097442626953 0.6616448760032654 -0.11646813154220581 354.0  738512.6713059532
-0.14457660913467407 0.6925247311592102 126.14598083496094 0.6655309200286865 -0.11457549780607224 437.0  738512.671306069
-0.14760644733905792 0.6985781192779541 126.35388946533203 0.6694930195808411 -0.11328630894422531 422.0  738512.6713061847
-0.15069182217121124 0.7046443819999695 126.56495666503906 0.6734991073608398 -0.11196814477443695 413.0  738512.6713063027
-0.15383410453796387 0.7107231020927429 126.78404235839844 0.67750084400177 -0.11062455177307129 456.0  738512.6713064181
-0.15703468024730682 0.7168128490447998 127.00126647949219 0.6814151406288147 -0.10907133668661118 455.0  738512.6713065319
-0.16029343008995056 0.7229111790657043 127.2271957397461 0.6851521134376526 -0.10742869228124619 440.0  738512.6713066552
-0.16224758327007294 0.7339314222335815 127.46924591064453 0.7214114665985107 -0.1483880877494812 459.0  738512.6713067656
-0.1654820442199707 0.7405570149421692 127.70582580566406 0.724406898021698 -0.14654198288917542 488.0  738512.6713068841
-0.16877728700637817 0.7471805810928345 127.95443725585938 0.7270849347114563 -0.1446550488471985 402.0  738512.6713069992
-0.1721317321062088 0.7537984251976013 128.20553588867188 0.7294600605964661 -0.14266659319400787 364.0  738512.6713071121
-0.17554371058940887 0.7604073286056519 128.4508514404297 0.7315719723701477 -0.14048779010772705 382.0  738512.6713072234
-0.17901381850242615 0.7670038342475891 128.69700622558594 0.7334314584732056 -0.13820071518421173 440.0  738512.6713073523
-0.1825421303510666 0.7735848426818848 128.95663452148438 0.7350553274154663 -0.13604484498500824 534.0  738512.6713074835
-0.18612663447856903 0.7801485657691956 129.2157440185547 0.7365345358848572 -0.1338331699371338 543.0  738512.6713075707
-0.18976657092571259 0.786693274974823 129.47451782226562 0.7378689050674438 -0.13161541521549225 495.0  738512.6713076914
-0.19346269965171814 0.7932169437408447 129.7544403076172 0.739063560962677 -0.12965348362922668 491.0  738512.6713078071
-0.1878354549407959 0.7881619334220886 130.04747009277344 0.5633667707443237 -0.12474945932626724 507.0  738512.6713079226
-0.19052712619304657 0.7932674884796143 130.3310546875 0.5643936991691589 -0.12192243337631226 498.0  738512.6713080355
-0.19327162206172943 0.798349142074585 130.61134338378906 0.5653712153434753 -0.11902093142271042 497.0  738512.6713081466
-0.19606946408748627 0.8034054636955261 130.90713500976562 0.566259503364563 -0.11622411012649536 520.0  738512.6713082667
-0.19892118871212006 0.8084349632263184 131.19528198242188 0.5671154260635376 -0.11335684359073639 586.0  738512.6713083867
-0.201826274394989 0.8134371042251587 131.49258422851562 0.5679764747619629 -0.11058898270130157 604.0  738512.6713085006
-0.20478437840938568 0.818412184715271 131.8212432861328 0.5688744187355042 -0.10816729813814163 645.0  738512.6713086102
-0.20779629051685333 0.8233610391616821 132.1708526611328 0.569953978061676 -0.10600768774747849 727.0  738512.6713087299
-0.2111738920211792 0.8287761807441711 132.5933074951172 0.5714001059532166 -0.10407066345214844 738.0  738512.6713088378
-0.21430432796478271 0.8336756825447083 132.98098754882812 0.573094367980957 -0.10243643075227737 808.0  738512.6713089618
-0.22020521759986877 0.8514832258224487 133.3836669921875 0.6953837275505066 -0.17518527805805206 773.0  738512.6713090751
-0.2237435132265091 0.8577309250831604 133.81243896484375 0.6973550915718079 -0.17510169744491577 850.0  738512.6713091915
-0.22734560072422028 0.8639671206474304 134.2697296142578 0.6997221112251282 -0.17550614476203918 852.0  738512.6713093088
-0.23101496696472168 0.8701955676078796 134.73294067382812 0.7025354504585266 -0.17607729136943817 846.0  738512.6713094275
-0.23475320637226105 0.8764196634292603 135.21044921875 0.7056928277015686 -0.17693176865577698 815.0  738512.6713095473
-0.23856055736541748 0.8826417326927185 135.72337341308594 0.7089736461639404 -0.1783229559659958 983.0  738512.6713096534
-0.242437943816185 0.8888626098632812 136.27691650390625 0.7122836709022522 -0.1801867038011551 1032.0  738512.6713097628
-0.24638624489307404 0.8950813412666321 136.83187866210938 0.7155346274375916 -0.18195678293704987 1035.0  738512.6713098866
-0.2504041790962219 0.9012957215309143 137.40281677246094 0.7186143398284912 -0.18375971913337708 981.0  738512.6713100014
-0.24847766757011414 0.9023709297180176 138.0074005126953 0.6214585900306702 -0.18847773969173431 988.0  738512.671310124
-0.2518770694732666 0.907917320728302 138.62451171875 0.6236484050750732 -0.1891205608844757 1073.0  738512.6713102476
-0.255347341299057 0.9134433269500732 139.2634735107422 0.6252938508987427 -0.18959906697273254 1133.0  738512.6713103519
-0.2588864862918854 0.9189421534538269 139.91783142089844 0.6263753175735474 -0.18980346620082855 1166.0  738512.6713104689
-0.26249197125434875 0.9244074821472168 140.56398010253906 0.6270073652267456 -0.18951481580734253 1132.0  738512.6713105893
-0.2661623954772949 0.9298332929611206 141.233642578125 0.6271805167198181 -0.1891471892595291 1197.0  738512.6713107005
-0.2698979079723358 0.9352137446403503 141.91537475585938 0.6270699501037598 -0.1886715590953827 1238.0  738512.6713108149
-0.2736998498439789 0.9405438899993896 142.5854034423828 0.626934826374054 -0.18789565563201904 1236.0  738512.6713109283
-0.2775699496269226 0.9458204507827759 143.28598022460938 0.6267778873443604 -0.18738774955272675 1263.0  738512.6713110408
-0.2815093696117401 0.9510427713394165 143.96307373046875 0.6269058585166931 -0.1866520792245865 1281.0  738512.6713111501
-0.2824903428554535 0.9578080773353577 144.67921447753906 0.6096966862678528 -0.2210923582315445 1386.0  738512.6713112748
-0.2862347960472107 0.9631046652793884 145.40826416015625 0.6099097728729248 -0.22087469696998596 1365.0  738512.6713113934
-0.2900521159172058 0.9683539271354675 146.14414978027344 0.6105520725250244 -0.22087213397026062 1359.0  738512.6713115103
-0.2939453423023224 0.9735586643218994 146.88601684570312 0.6116699576377869 -0.22110944986343384 1345.0  738512.6713116242
-0.2979172170162201 0.9787218570709229 147.6511993408203 0.6131773591041565 -0.22174811363220215 1344.0  738512.6713117356
-0.3019704818725586 0.9838459491729736 148.4340057373047 0.6150572896003723 -0.2226884514093399 1483.0  738512.6713118418
-0.30610787868499756 0.9889329075813293 149.22593688964844 0.6172822117805481 -0.22388295829296112 1521.0  738512.671311972
-0.31032970547676086 0.9939844608306885 150.0203857421875 0.6198019981384277 -0.22510501742362976 1470.0  738512.6713120855
-0.3146359920501709 0.9990012645721436 150.849853515625 0.6224195957183838 -0.22668735682964325 1460.0  738512.6713121952
-0.31902989745140076 1.003981351852417 151.6732635498047 0.6251800656318665 -0.22803261876106262 1511.0  738512.671312311
-0.32351455092430115 1.0089213848114014 152.51467895507812 0.6279423236846924 -0.22940807044506073 1510.0  738512.6713124322
