-0.7628238201141357 -1.5992754697799683 98.21670532226562 -0.004304323811084032 -0.0014466072898358107 0.0  738512.6260959598
-0.762803316116333 -1.5993160009384155 98.21661376953125 -0.004307526163756847 -0.0014477074146270752 -15.0  738512.626096075
-0.7627828121185303 -1.5993565320968628 98.21175384521484 -0.004311962053179741 -0.001447318121790886 17.0  738512.6260961908
-0.7627623081207275 -1.5993971824645996 98.218505859375 -0.004315357189625502 -0.0014450354501605034 -33.0  738512.6260963049
-0.7627418637275696 -1.5994378328323364 98.2082290649414 -0.004318683873862028 -0.0014441149542108178 0.0  738512.6260964138
-0.7627214193344116 -1.5994786024093628 98.20995330810547 -0.004327434580773115 -0.0014409442665055394 -6.0  738512.6260965398
-0.7627009749412537 -1.5995193719863892 98.20870208740234 -0.004332712385803461 -0.0014434506883844733 -15.0  738512.6260966619
-0.7626805305480957 -1.599560260772705 98.21186828613281 -0.004336622543632984 -0.001436262740753591 -41.0  738512.6260967675
-0.7626601457595825 -1.599601149559021 98.19798278808594 -0.004339100793004036 -0.0014308517565950751 -20.0  738512.6260968916
-0.7626398205757141 -1.599642038345337 98.18225860595703 -0.004343112464994192 -0.0014206079067662358 18.0  738512.6260970078
-0.762823224067688 -1.5991122722625732 98.18095397949219 -0.004300577566027641 -0.0013963553356006742 -9.0  738512.6260971228
-0.7628033757209778 -1.5991530418395996 98.17090606689453 -0.004328084643930197 -0.0013736771652475 -37.0  738512.6260972276
-0.7627837657928467 -1.5991941690444946 98.14877319335938 -0.004360415041446686 -0.001340750721283257 13.0  738512.6260973382
-0.762764573097229 -1.5992356538772583 98.16088104248047 -0.004400929901748896 -0.0012800670228898525 -9.0  738512.6260974646
-0.7627455592155457 -1.5992780923843384 98.17693328857422 -0.004543025512248278 -0.0012800295371562243 92.0  738512.6260975952
-0.7627266049385071 -1.5993216037750244 98.22745513916016 -0.004611892160028219 -0.00123113754671067 167.0  738512.6260977054
-0.7627077698707581 -1.5993660688400269 98.310791015625 -0.004720642231404781 -0.001222175545990467 150.0  738512.6260978103
-0.7626890540122986 -1.599411129951477 98.40708923339844 -0.004742536693811417 -0.0011717126471921802 243.0  738512.6260979337
-0.7626705765724182 -1.5994569063186646 98.54048156738281 -0.004849588964134455 -0.0011367036495357752 249.0  738512.6260980405
-0.7626517415046692 -1.599503993988037 98.66072845458984 -0.005031703505665064 -0.0011756171006709337 117.0  738512.6260981492
-0.7624930739402771 -1.598990797996521 98.75611877441406 -0.0005318461917340755 -0.003030157182365656 80.0  738512.6260982734
-0.7624624967575073 -1.598991870880127 98.81324768066406 -0.0006175143644213676 -0.002984937047585845 121.0  738512.6260983805
-0.7624319791793823 -1.5989943742752075 98.88142395019531 -0.000806778552941978 -0.0029718708246946335 97.0  738512.6260985134
-0.7624019384384155 -1.5989990234375 98.92198944091797 -0.001053476007655263 -0.0028185348492115736 -19.0  738512.6260986092
-0.7623722553253174 -1.5990056991577148 98.91192626953125 -0.0011973961954936385 -0.0028487739618867636 -45.0  738512.626098739
-0.7623418569564819 -1.5990138053894043 98.9017105102539 -0.001379490364342928 -0.002890815259888768 -115.0  738512.6260988427
-0.7623117566108704 -1.599023699760437 98.84381103515625 -0.001530977664515376 -0.0027320622466504574 -171.0  738512.6260989715
-0.7622836232185364 -1.599035620689392 98.77690887451172 -0.0016806117491796613 -0.0024715147446841 -100.0  738512.6260990858
-0.7622572779655457 -1.5990492105484009 98.69925689697266 -0.0017920174868777394 -0.0023461475502699614 -174.0  738512.626099211
-0.7622321248054504 -1.5990654230117798 98.62030792236328 -0.0020448151044547558 -0.0021913819946348667 -176.0  738512.626099313
-0.7602649927139282 -1.5983370542526245 98.52701568603516 0.002719864249229431 -0.025342293083667755 -173.0  738512.6260994257
-0.7600202560424805 -1.598281979560852 98.42402648925781 0.0020083715207874775 -0.025060269981622696 -208.0  738512.6260995371
-0.7597784996032715 -1.5982425212860107 98.29443359375 0.0008238277514465153 -0.024613209068775177 -268.0  738512.6260996575
-0.7595409154891968 -1.5982263088226318 98.14646911621094 -0.0008815219043754041 -0.02391934208571911 -289.0  738512.6260997687
-0.7593078017234802 -1.5982420444488525 97.99431610107422 -0.003355850698426366 -0.023178065195679665 -304.0  738512.6260998895
-0.759078860282898 -1.5982965230941772 97.8383560180664 -0.00656241225078702 -0.022329336032271385 -283.0  738512.6260999977
-0.7588538527488708 -1.5983936786651611 97.67001342773438 -0.010431257076561451 -0.02150386944413185 -283.0  738512.6261001168
-0.7586328983306885 -1.5985368490219116 97.48849487304688 -0.01477097999304533 -0.020676176995038986 -367.0  738512.6261002521
-0.7584170699119568 -1.5987275838851929 97.28740692138672 -0.019212784245610237 -0.019686711952090263 -262.0  738512.6261003466
-0.7582074403762817 -1.5989643335342407 97.09010314941406 -0.02352660894393921 -0.0188114196062088 -361.0  738512.6261004725
-0.7557656168937683 -1.5967520475387573 96.88439178466797 -0.004797801375389099 -0.044216375797986984 -324.0  738512.6261005754
-0.7553355097770691 -1.5968042612075806 96.69001770019531 -0.008378811180591583 -0.04313305392861366 -448.0  738512.6261007095
-0.7549149990081787 -1.5968880653381348 96.4494400024414 -0.011345431208610535 -0.04196596518158913 -370.0  738512.626100813
-0.7545056343078613 -1.5969994068145752 96.22128295898438 -0.013930954039096832 -0.040814392268657684 -374.0  738512.6261009362
-0.7541093230247498 -1.5971356630325317 95.99246215820312 -0.01612737402319908 -0.039554912596940994 -382.0  738512.6261010405
-0.753727912902832 -1.5972939729690552 95.76099395751953 -0.017874082550406456 -0.038254305720329285 -286.0  738512.6261011743
-0.7533628344535828 -1.5974723100662231 95.56787109375 -0.019538668915629387 -0.03680841624736786 -420.0  738512.6261012765
-0.7530157566070557 -1.5976698398590088 95.33953094482422 -0.020953435450792313 -0.03529830276966095 -341.0  738512.6261013899
-0.7526890635490417 -1.5978869199752808 95.13774108886719 -0.0224108025431633 -0.03383327275514603 -380.0  738512.6261015058
-0.7523852586746216 -1.5981236696243286 94.94046783447266 -0.024056099355220795 -0.0321248434484005 -295.0  738512.6261016325
-0.7521071434020996 -1.5983796119689941 94.74327087402344 -0.02539663389325142 -0.03024343214929104 -407.0  738512.6261017444
-0.7468565106391907 -1.5993198156356812 94.5499496459961 -0.03701839596033096 -0.07552505284547806 -374.0  738512.6261018593
-0.7461591362953186 -1.599679708480835 94.35285949707031 -0.03818318247795105 -0.07259125262498856 -311.0  738512.6261019881
-0.7454971075057983 -1.6000607013702393 94.18949127197266 -0.03960159048438072 -0.06936986744403839 -282.0  738512.6261020914
-0.7448720335960388 -1.6004642248153687 94.03067016601562 -0.04112811014056206 -0.06607873737812042 -316.0  738512.6261022177
-0.7442854642868042 -1.6008915901184082 93.84728240966797 -0.04286928102374077 -0.06249536946415901 -294.0  738512.6261023219
-0.743736207485199 -1.6013422012329102 93.69979095458984 -0.044670820236206055 -0.058925095945596695 -344.0  738512.6261024384
-0.7432231307029724 -1.6018153429031372 93.5175552368164 -0.0467190258204937 -0.05502132326364517 -226.0  738512.6261025531
-0.7427458763122559 -1.6023107767105103 93.38672637939453 -0.04883971065282822 -0.05128754675388336 -195.0  738512.6261026608
-0.7423030734062195 -1.6028273105621338 93.25763702392578 -0.05093726888298988 -0.0473516546189785 -236.0  738512.6261027867
-0.7398308515548706 -1.6019706726074219 93.1007308959961 -0.03866419196128845 -0.06805536895990372 -286.0  738512.6261028926
-0.739214301109314 -1.6023634672164917 92.95795440673828 -0.04068667069077492 -0.06442107260227203 -211.0  738512.6261030171
-0.7386253476142883 -1.602769374847412 92.82789611816406 -0.04245363175868988 -0.06113274022936821 -205.0  738512.6261031328
-0.7380604147911072 -1.6031843423843384 92.68212890625 -0.04427546635270119 -0.05830671638250351 -301.0  738512.6261032415
-0.7375170588493347 -1.603603720664978 92.52283477783203 -0.04512576386332512 -0.05614224821329117 -193.0  738512.6261033509
-0.7369945645332336 -1.60402250289917 92.41014099121094 -0.045639846473932266 -0.0542321503162384 -331.0  738512.6261034794
-0.7364932298660278 -1.6044363975524902 92.24555969238281 -0.04532294720411301 -0.05255709961056709 -85.0  738512.6261035991
-0.7360134124755859 -1.6048423051834106 92.1715087890625 -0.04458026587963104 -0.051060114055871964 -208.0  738512.626103703
-0.7355569005012512 -1.6052383184432983 92.04520416259766 -0.043392911553382874 -0.04936894029378891 -144.0  738512.6261038149
-0.7319356799125671 -1.6062102317810059 91.95542907714844 -0.05044691264629364 -0.08688049018383026 -229.0  738512.6261039441
-0.7311431765556335 -1.60665762424469 91.8387222290039 -0.048916205763816833 -0.08478080481290817 -60.0  738512.6261040542
-0.7303838729858398 -1.6070966720581055 91.76620483398438 -0.047109056264162064 -0.08267902582883835 -179.0  738512.6261041682
-0.7296618819236755 -1.607530117034912 91.6861343383789 -0.04579916223883629 -0.07968796789646149 -77.0  738512.6261042871
-0.7289810180664062 -1.6079611778259277 91.61376190185547 -0.04479972645640373 -0.07654476165771484 -152.0  738512.6261043985
-0.7283438444137573 -1.608392596244812 91.54244232177734 -0.044219836592674255 -0.07281269878149033 -116.0  738512.6261045164
-0.7277520895004272 -1.6088265180587769 91.46061706542969 -0.04451508820056915 -0.06881912797689438 -186.0  738512.626104639
-0.7272076606750488 -1.6092637777328491 91.36764526367188 -0.044866982847452164 -0.06437472999095917 -39.0  738512.6261047475
-0.7267119288444519 -1.6097034215927124 91.31050872802734 -0.045692358165979385 -0.05992007255554199 -68.0  738512.6261048669
-0.7262653708457947 -1.6101434230804443 91.24203491210938 -0.04640468209981918 -0.055003512650728226 -122.0  738512.6261049801
-0.7258684039115906 -1.610580563545227 91.16999053955078 -0.04669320210814476 -0.05016743019223213 -27.0  738512.626105085
-0.7108688950538635 -1.6196134090423584 91.12797546386719 -0.1398199498653412 -0.2021210938692093 -77.0  738512.6261052123
-0.7090785503387451 -1.62091064453125 91.07320404052734 -0.1402786523103714 -0.19719581305980682 -83.0  738512.626105313
-0.7073357105255127 -1.6221946477890015 91.02980041503906 -0.14020749926567078 -0.19258981943130493 -70.0  738512.6261054495
-0.7056392431259155 -1.623462200164795 90.97820281982422 -0.13956397771835327 -0.18793050944805145 -87.0  738512.6261055551
-0.7039879560470581 -1.6247107982635498 90.93556213378906 -0.1385452300310135 -0.18424059450626373 -47.0  738512.6261056645
-0.7023815512657166 -1.6259381771087646 90.90606689453125 -0.13776323199272156 -0.18102365732192993 -67.0  738512.6261057872
-0.7008207440376282 -1.6271424293518066 90.87342071533203 -0.13656063377857208 -0.17813226580619812 -53.0  738512.626105891
-0.6993086934089661 -1.628320574760437 90.83894348144531 -0.13527894020080566 -0.17552071809768677 95.0  738512.6261060185
-0.6978501677513123 -1.6294691562652588 90.85369873046875 -0.13368169963359833 -0.17310838401317596 1.0  738512.6261061329
-0.6964501738548279 -1.6305855512619019 90.85939025878906 -0.1321592479944229 -0.16949604451656342 74.0  738512.6261062486
-0.7021224498748779 -1.6211044788360596 90.87651824951172 -0.0023291369434446096 -0.07306847721338272 63.0  738512.626106369
-0.7016293406486511 -1.6209828853607178 90.89151000976562 0.000985055579803884 -0.066757433116436 -30.0  738512.62610648
-0.7012120485305786 -1.6208186149597168 90.8909683227539 0.0050153546035289764 -0.05968790128827095 59.0  738512.6261065858
-0.7008776068687439 -1.6206068992614746 90.91397094726562 0.009540455415844917 -0.05193812772631645 40.0  738512.6261067106
-0.7006292939186096 -1.6203452348709106 90.93109130859375 0.014583372510969639 -0.04339870065450668 7.0  738512.6261068269
-0.7004704475402832 -1.6200313568115234 90.94523620605469 0.020256344228982925 -0.03423432260751724 82.0  738512.626106942
-0.7004045844078064 -1.619663119316101 90.97805786132812 0.026257436722517014 -0.0247992891818285 -10.0  738512.6261070584
-0.7004314064979553 -1.6192413568496704 90.99085998535156 0.03222918137907982 -0.015237387269735336 47.0  738512.6261071722
-0.700550377368927 -1.6187673807144165 91.02052307128906 0.038292258977890015 -0.005935422144830227 -24.0  738512.626107288
-0.7007591724395752 -1.6182444095611572 91.0371322631836 0.044213391840457916 0.003280228702351451 -2.0  738512.6261074075
-0.7057040333747864 -1.607750654220581 91.07451629638672 0.15723817050457 0.06949789822101593 -19.0  738512.6261075238
-0.7065510153770447 -1.606138825416565 91.09735107421875 0.16132622957229614 0.07720289379358292 108.0  738512.6261076834
-0.7074742317199707 -1.6044954061508179 91.16471862792969 0.16492502391338348 0.08442176878452301 -85.0  738512.6261077988
-0.7084687948226929 -1.6028268337249756 91.15870666503906 0.16783735156059265 0.0916358157992363 -45.0  738512.6261078684
-0.7095317840576172 -1.6011379957199097 91.1727066040039 0.17034471035003662 0.09838154166936874 -72.0  738512.6261079846
-0.7106639742851257 -1.5994335412979126 91.16008758544922 0.17229461669921875 0.10488013178110123 -25.0  738512.6261080907
-0.7118642330169678 -1.5977193117141724 91.1681137084961 0.17388299107551575 0.11105424165725708 -140.0  738512.6261082168
-0.7131281495094299 -1.5960017442703247 91.11479187011719 0.17484135925769806 0.11743563413619995 -91.0  738512.626108332
-0.7144516706466675 -1.5942870378494263 91.08260345458984 0.1754397749900818 0.12320464104413986 -181.0  738512.6261084395
-0.7158315777778625 -1.5925824642181396 91.01661682128906 0.17542757093906403 0.12890416383743286 -139.0  738512.6261085635
-0.6925280094146729 -1.5968977212905884 90.95243835449219 0.1085004135966301 -0.14492298662662506 -151.0  738512.6261086784
-0.6912779808044434 -1.5958980321884155 90.89584350585938 0.10933782905340195 -0.1392141580581665 -179.0  738512.6261087918
-0.690069854259491 -1.59493088722229 90.82284545898438 0.10939878970384598 -0.1340378075838089 -172.0  738512.6261089048
-0.688898503780365 -1.5940035581588745 90.74686431884766 0.10874012112617493 -0.12947021424770355 -73.0  738512.6261090294
-0.6877596974372864 -1.5931226015090942 90.68204498291016 0.10697910934686661 -0.12634657323360443 -172.0  738512.6261091332
-0.6866514682769775 -1.592293620109558 90.60704803466797 0.10429218411445618 -0.12426041811704636 -23.0  738512.6261092542
-0.6855742931365967 -1.5915205478668213 90.58490753173828 0.1003362312912941 -0.123392753303051 -103.0  738512.6261093651
-0.6845311522483826 -1.5908057689666748 90.54463195800781 0.09568779915571213 -0.12324316054582596 -25.0  738512.6261094834
-0.6835273504257202 -1.5901496410369873 90.51869201660156 0.09004813432693481 -0.12353209406137466 44.0  738512.6261096069
-0.682569682598114 -1.5895508527755737 90.51923370361328 0.0838603526353836 -0.12389497458934784 12.0  738512.6261097153
-0.6815793514251709 -1.5889556407928467 90.5079345703125 0.07701987773180008 -0.12354622781276703 93.0  738512.6261098421
-0.6888112425804138 -1.5900787115097046 90.52996826171875 0.05609463155269623 -0.04713098332285881 103.0  738512.6261099445
-0.6887956261634827 -1.5897892713546753 90.54718780517578 0.05015059560537338 -0.04368112236261368 44.0  738512.6261100672
-0.6888604164123535 -1.5895447731018066 90.55404663085938 0.04382814094424248 -0.03892790898680687 33.0  738512.6261101752
-0.6890090107917786 -1.5893404483795166 90.55131530761719 0.03825713321566582 -0.03256845101714134 115.0  738512.626110291
-0.6892438530921936 -1.5891718864440918 90.5821533203125 0.03292301297187805 -0.024243811145424843 4.0  738512.6261104058
-0.6895663142204285 -1.5890355110168457 90.5954360961914 0.028719652444124222 -0.014660567976534367 56.0  738512.6261105215
-0.6899755597114563 -1.588928461074829 90.63339233398438 0.025138048455119133 -0.003850772278383374 104.0  738512.626110649
-0.6904688477516174 -1.5888489484786987 90.67432403564453 0.021728402003645897 0.007493371609598398 78.0  738512.6261107512
-0.6910426020622253 -1.5887959003448486 90.7056884765625 0.018708856776356697 0.018673382699489594 86.0  738512.6261108684
-0.6977599859237671 -1.5905206203460693 90.75401306152344 -0.0023917381186038256 0.0969192162156105 71.0  738512.6261109911
-0.6991850137710571 -1.5907212495803833 90.79178619384766 -0.0055864425376057625 0.1069285199046135 133.0  738512.6261111002
-0.7006707191467285 -1.5909439325332642 90.85172271728516 -0.008568080142140388 0.11557942628860474 102.0  738512.6261112164
-0.7022122740745544 -1.5911871194839478 90.9011459350586 -0.01155751384794712 0.12377782166004181 116.0  738512.6261113319
-0.7038042545318604 -1.5914486646652222 90.97866821289062 -0.014043839648365974 0.13074064254760742 117.0  738512.626111458
-0.7054435014724731 -1.5917270183563232 91.04283142089844 -0.01708347164094448 0.13737870752811432 160.0  738512.6261115739
-0.7071279883384705 -1.5920203924179077 91.11003112792969 -0.019646871834993362 0.143525630235672 114.0  738512.6261116789
-0.7088543772697449 -1.5923264026641846 91.19253540039062 -0.02217717282474041 0.1491548717021942 242.0  738512.6261117945
-0.710618793964386 -1.5926424264907837 91.29500579833984 -0.02446889504790306 0.15502969920635223 168.0  738512.6261119103
-0.6981515288352966 -1.5906089544296265 91.37501525878906 -0.0026168054901063442 -0.010138075798749924 120.0  738512.6261120316
-0.6982666850090027 -1.5906537771224976 91.45594024658203 -0.004303290043026209 -0.0043276832439005375 107.0  738512.626112142
-0.6984118223190308 -1.5907009840011597 91.51339721679688 -0.005780229810625315 0.001253219903446734 186.0  738512.6261122593
-0.6985836625099182 -1.5907481908798218 91.61018371582031 -0.00673034368082881 0.0063138194382190704 151.0  738512.6261123831
-0.6987789869308472 -1.5907931327819824 91.70519256591797 -0.006830279249697924 0.010517198592424393 142.0  738512.626112496
-0.6989948749542236 -1.5908337831497192 91.79393768310547 -0.006837575696408749 0.013972046785056591 171.0  738512.6261125989
-0.6992285847663879 -1.5908689498901367 91.88111114501953 -0.006054067052900791 0.01636175811290741 18.0  738512.6261127245
-0.6994779706001282 -1.5908979177474976 91.90882110595703 -0.005041655618697405 0.017785383388400078 -95.0  738512.6261128448
-0.6997426152229309 -1.5909206867218018 91.8476791381836 -0.004291880875825882 0.0181223526597023 -97.0  738512.6261129477
-0.7000241875648499 -1.5909373760223389 91.77723693847656 -0.003545569023117423 0.01850983500480652 -160.0  738512.6261130631
-0.7003257274627686 -1.5909483432769775 91.69300079345703 -0.002473109634593129 0.01874004304409027 -203.0  738512.6261131776
-0.6963440775871277 -1.5894895792007446 91.56364440917969 0.011755544692277908 -0.02585642971098423 -181.0  738512.6261132945
-0.6962583065032959 -1.5893409252166748 91.43180847167969 0.012974192388355732 -0.024313416332006454 -286.0  738512.6261134176
-0.6962053179740906 -1.5891883373260498 91.28423309326172 0.01389487087726593 -0.021525265648961067 -284.0  738512.6261135307
-0.696189284324646 -1.589032769203186 91.12824249267578 0.01457013189792633 -0.01837415061891079 -278.0  738512.626113654
-0.6962131857872009 -1.5888750553131104 90.95620727539062 0.015131206251680851 -0.014394878409802914 -276.0  738512.6261137584
-0.6962775588035583 -1.5887157917022705 90.80522918701172 0.015394835732877254 -0.010316470637917519 -376.0  738512.6261138772
-0.6963822245597839 -1.5885553359985352 90.62364196777344 0.015756897628307343 -0.005521050654351711 -292.0  738512.6261139942
-0.6965275406837463 -1.5883938074111938 90.46641540527344 0.01611430197954178 -0.0008962885476648808 -290.0  738512.6261141079
-0.6967141628265381 -1.5882316827774048 90.29530334472656 0.016200996935367584 0.004070625174790621 -281.0  738512.626114236
-0.6969419121742249 -1.588069200515747 90.13188934326172 0.01632586121559143 0.008613606914877892 -332.0  738512.6261143314
-0.693669319152832 -1.58687424659729 89.96023559570312 0.027878927066922188 -0.02518928423523903 -334.0  738512.6261144548
-0.6935840845108032 -1.5865973234176636 89.7911605834961 0.02801039069890976 -0.02088070474565029 -288.0  738512.6261145711
-0.6935374736785889 -1.5863207578659058 89.64955139160156 0.028095537796616554 -0.016469741240143776 -304.0  738512.6261146826
-0.6935291290283203 -1.5860447883605957 89.48064422607422 0.028118539601564407 -0.012189025059342384 -182.0  738512.6261147965
-0.6935610771179199 -1.5857698917388916 89.36094665527344 0.028189709410071373 -0.008167065680027008 -299.0  738512.626114924
-0.6936360001564026 -1.5854965448379517 89.2018051147461 0.028130140155553818 -0.0036993154790252447 -182.0  738512.6261150321
-0.6937550902366638 -1.5852254629135132 89.08776092529297 0.028102394193410873 0.000623077095951885 -268.0  738512.6261151466
-0.6939188241958618 -1.584957242012024 88.93988037109375 0.027874354273080826 0.005422221031039953 -230.0  738512.6261152668
-0.6941511034965515 -1.5846666097640991 88.80315399169922 0.02755153365433216 0.010564075782895088 -254.0  738512.6261153809
-0.6944097876548767 -1.5844072103500366 88.66780853271484 0.027078621089458466 0.015743453055620193 -202.0  738512.6261154965
-0.6902372241020203 -1.5839554071426392 88.54560852050781 0.02960330806672573 -0.023570271208882332 -257.0  738512.6261156142
-0.6901413798332214 -1.5836883783340454 88.42284393310547 0.028996700420975685 -0.018129125237464905 -231.0  738512.6261157184
-0.6900966167449951 -1.5834296941757202 88.2958755493164 0.0280567966401577 -0.012793760746717453 -248.0  738512.6261158437
-0.6901019811630249 -1.58318030834198 88.16478729248047 0.0270683616399765 -0.007399291265755892 -219.0  738512.6261159589
-0.6901546120643616 -1.5829401016235352 88.05049133300781 0.02593899890780449 -0.0021500587463378906 -223.0  738512.6261160728
-0.6902532577514648 -1.582709550857544 87.91798400878906 0.02482878603041172 0.003049989929422736 -118.0  738512.6261161906
-0.6903976798057556 -1.582489013671875 87.82959747314453 0.02345522865653038 0.007924477569758892 -178.0  738512.6261163009
-0.6905876398086548 -1.5822789669036865 87.71601867675781 0.022072967141866684 0.012802657671272755 -181.0  738512.6261164228
-0.6908250451087952 -1.582079529762268 87.61971282958984 0.02068866603076458 0.017643840983510017 -142.0  738512.6261165399
-0.6911121010780334 -1.5818908214569092 87.51783752441406 0.019307229667901993 0.02263462170958519 -161.0  738512.626116652
-0.6875132918357849 -1.5816564559936523 87.42913818359375 0.020618876442313194 -0.016292216256260872 -163.0  738512.6261167654
-0.6874643564224243 -1.5814825296401978 87.32196807861328 0.01932905800640583 -0.010962730273604393 -202.0  738512.6261168852
-0.6874678134918213 -1.581318974494934 87.22925567626953 0.018144218251109123 -0.005623795557767153 -101.0  738512.626117002
-0.6875245571136475 -1.5811662673950195 87.14694213867188 0.016852039843797684 -1.094668641599128e-05 -207.0  738512.6261171169
-0.6876354217529297 -1.5810253620147705 87.05155181884766 0.015465104021131992 0.005530790891498327 -117.0  738512.6261172284
-0.687800943851471 -1.580897331237793 86.9935531616211 0.013823384419083595 0.011194907128810883 -254.0  738512.6261173387
-0.6880223751068115 -1.5807833671569824 86.88842010498047 0.01206319872289896 0.01689332164824009 -78.0  738512.6261174642
-0.6883010268211365 -1.580683946609497 86.82829284667969 0.010251985862851143 0.022509777918457985 -165.0  738512.6261175788
-0.6886377334594727 -1.5805996656417847 86.73251342773438 0.008354304358363152 0.02821599878370762 -176.0  738512.6261176942
-0.6890331506729126 -1.5805304050445557 86.65680694580078 0.006517769303172827 0.03402725234627724 -214.0  738512.6261178188
-0.689487099647522 -1.58047616481781 86.5428695678711 0.004534305538982153 0.03986183926463127 -5.0  738512.626117927
-0.685283899307251 -1.5797430276870728 86.51383209228516 0.011398118920624256 0.00381763675250113 -161.0  738512.6261180433
-0.6854252815246582 -1.5796558856964111 86.44117736816406 0.009420736692845821 0.009870238602161407 -60.0  738512.6261181552
-0.6856252551078796 -1.579584002494812 86.4017333984375 0.007502239663153887 0.01575128361582756 -100.0  738512.626118281
-0.6858829855918884 -1.579527497291565 86.34507751464844 0.005442482884973288 0.021807795390486717 -149.0  738512.6261183955
-0.6861981153488159 -1.57948637008667 86.28046417236328 0.003527575870975852 0.027649112045764923 -88.0  738512.6261185097
-0.6865707039833069 -1.5794610977172852 86.21581268310547 0.0015017326222732663 0.03344181552529335 -134.0  738512.6261186242
-0.6870003342628479 -1.5794520378112793 86.16947174072266 -0.00048642943147569895 0.038979727774858475 -157.0  738512.6261187335
-0.6874867677688599 -1.5794596672058105 86.10305786132812 -0.0025094738230109215 0.044481825083494186 -77.0  738512.6261188549
-0.688028872013092 -1.579484224319458 86.07466888427734 -0.004686727654188871 0.04989921674132347 -125.0  738512.6261189586
-0.6835219264030457 -1.5784685611724854 86.0146255493164 0.008270309306681156 0.0011227779323235154 41.0  738512.6261190758
-0.6836040019989014 -1.5784087181091309 86.00047302246094 0.006113878916949034 0.006683010142296553 -27.0  738512.6261192036
-0.6837406754493713 -1.578365445137024 85.98372650146484 0.003989769611507654 0.012241307646036148 38.0  738512.6261193077
-0.6839320659637451 -1.578338623046875 85.97969055175781 0.001847167150117457 0.01782776229083538 -88.0  738512.6261194232
-0.6841795444488525 -1.5783283710479736 85.94786071777344 -0.00023008314019534737 0.023325268179178238 36.0  738512.6261195382
-0.6844830513000488 -1.5783343315124512 85.93997955322266 -0.002256506122648716 0.02877720259130001 -73.0  738512.6261196547
-0.6848409175872803 -1.5783557891845703 85.90647888183594 -0.004205168690532446 0.034148409962654114 27.0  738512.6261197699
-0.6852515935897827 -1.5783920288085938 85.89653015136719 -0.006155710201710463 0.03947430104017258 -57.0  738512.6261198984
-0.6857154369354248 -1.5784430503845215 85.86076354980469 -0.008121618069708347 0.04479992762207985 -1.0  738512.6261199984
-0.6862339973449707 -1.578508734703064 85.83513641357422 -0.010071296244859695 0.05017391964793205 -31.0  738512.6261201262
-0.6868091821670532 -1.5785887241363525 85.80979919433594 -0.011855927295982838 0.05575558543205261 -50.0  738512.6261202459
-0.6836303472518921 -1.5795201063156128 85.7914047241211 -0.019076870754361153 0.02698662132024765 -31.0  738512.626120346
-0.6839726567268372 -1.5797054767608643 85.7747573852539 -0.0209785345941782 0.03270440548658371 -58.0  738512.626120469
-0.6843728423118591 -1.5799057483673096 85.75997161865234 -0.02293672226369381 0.03845159336924553 -96.0  738512.6261205856
-0.6848323941230774 -1.5801219940185547 85.7236099243164 -0.024989886209368706 0.04417511820793152 46.0  738512.6261207031
-0.6853498220443726 -1.5803539752960205 85.72702026367188 -0.027063682675361633 0.049889497458934784 -103.0  738512.6261208226
-0.685923159122467 -1.5806012153625488 85.67091369628906 -0.029131056740880013 0.05559203401207924 76.0  738512.6261209262
-0.6865547299385071 -1.5808638334274292 85.69173431396484 -0.03110378235578537 0.061195049434900284 -16.0  738512.626121053
-0.6872455477714539 -1.5811413526535034 85.68199157714844 -0.0329977311193943 0.0669393390417099 61.0  738512.626121169
-0.6879936456680298 -1.5814319849014282 85.70076751708984 -0.03469241410493851 0.0724821537733078 -51.0  738512.6261212851
-0.6822128891944885 -1.5809491872787476 85.6993637084961 -0.021455423906445503 0.002346125664189458 6.0  738512.6261213894
-0.682302713394165 -1.581170916557312 85.71409606933594 -0.022908341139554977 0.007677461951971054 3.0  738512.6261215132
-0.6824447512626648 -1.5814024209976196 85.71665954589844 -0.0243314690887928 0.012907520867884159 17.0  738512.626121631
-0.6826377511024475 -1.581642746925354 85.70439910888672 -0.025557290762662888 0.017885006964206696 84.0  738512.6261217335
-0.6828826069831848 -1.5818908214569092 85.70895385742188 -0.02670350857079029 0.0228850319981575 20.0  738512.6261218579
-0.6831780076026917 -1.5821454524993896 85.72425079345703 -0.027691423892974854 0.027807267382740974 19.0  738512.6261219681
-0.6835237145423889 -1.5824054479599 85.73152160644531 -0.028606265783309937 0.0329291895031929 107.0  738512.6261220847
-0.6839223504066467 -1.5826702117919922 85.76953125 -0.029433324933052063 0.03808872774243355 63.0  738512.6261221946
-0.6843758821487427 -1.5829393863677979 85.79895782470703 -0.030233439058065414 0.043492719531059265 117.0  738512.6261223224
-0.6848858594894409 -1.5832126140594482 85.85616302490234 -0.03096460923552513 0.04897606745362282 90.0  738512.6261224308
-0.6834547519683838 -1.5835742950439453 85.90010833740234 -0.031138421967625618 0.03380903601646423 137.0  738512.6261225473
-0.6838678121566772 -1.5838642120361328 85.96299743652344 -0.03190820664167404 0.03948419541120529 47.0  738512.6261226672
-0.6843387484550476 -1.584157943725586 85.99425506591797 -0.03265641629695892 0.04530453309416771 157.0  738512.6261227862
-0.6848679184913635 -1.5844552516937256 86.08363342285156 -0.033332087099552155 0.05101291835308075 57.0  738512.626122894
-0.6854527592658997 -1.584755778312683 86.1160888671875 -0.03404508903622627 0.05666147172451019 134.0  738512.6261230096
-0.6860899329185486 -1.5850589275360107 86.19557189941406 -0.03460007533431053 0.06211715191602707 112.0  738512.6261231323
-0.6867790222167969 -1.5853638648986816 86.23323822021484 -0.03507990390062332 0.06750532239675522 126.0  738512.6261232365
-0.6875206828117371 -1.5856691598892212 86.31187438964844 -0.03530740737915039 0.07264050841331482 98.0  738512.6261233626
-0.6883132457733154 -1.5859735012054443 86.3521728515625 -0.03551571071147919 0.07766067981719971 102.0  738512.6261234728
-0.6891546845436096 -1.5862756967544556 86.40211486816406 -0.035498570650815964 0.08248191326856613 75.0  738512.6261235892
-0.6835556626319885 -1.5862666368484497 86.45264434814453 -0.027986034750938416 0.019331105053424835 27.0  738512.6261237073
-0.6838144659996033 -1.5865280628204346 86.47868347167969 -0.027721060439944267 0.023909932002425194 104.0  738512.6261238195
-0.6841192245483398 -1.5867836475372314 86.527099609375 -0.027422545477747917 0.028328383341431618 58.0  738512.6261239358
-0.6844695806503296 -1.5870331525802612 86.56765747070312 -0.027058620005846024 0.032752908766269684 61.0  738512.6261240487
-0.6848635077476501 -1.587276816368103 86.59102630615234 -0.026713956147432327 0.03706858679652214 94.0  738512.6261241743
-0.6853005886077881 -1.5875146389007568 86.62129211425781 -0.02633652463555336 0.04147244617342949 54.0  738512.6261242919
-0.6857835650444031 -1.5877466201782227 86.67195129394531 -0.025956278666853905 0.04600261524319649 14.0  738512.6261244076
-0.686314582824707 -1.5879733562469482 86.6897964477539 -0.02568168379366398 0.0506880022585392 40.0  738512.6261245232
-0.686894953250885 -1.5881956815719604 86.71022033691406 -0.025530729442834854 0.055540572851896286 115.0  738512.6261246302
-0.6875261068344116 -1.5884140729904175 86.74586486816406 -0.025375815108418465 0.060726530849933624 36.0  738512.6261247464
-0.6851078867912292 -1.5873726606369019 86.77554321289062 -0.009522478096187115 0.03350644186139107 38.0  738512.6261248623
-0.6855010390281677 -1.5874464511871338 86.8209228515625 -0.009526409208774567 0.03895803168416023 14.0  738512.6261249831
-0.6859479546546936 -1.5875179767608643 86.84980010986328 -0.00957423448562622 0.0444842129945755 52.0  738512.6261250946
-0.686448872089386 -1.587587833404541 86.88630676269531 -0.009676947258412838 0.04993562027812004 71.0  738512.6261252207
-0.6870022416114807 -1.5876566171646118 86.91951751708984 -0.009793998673558235 0.05526103079319 76.0  738512.6261253211
-0.6876063942909241 -1.5877254009246826 86.9577865600586 -0.010130658745765686 0.06042926385998726 114.0  738512.6261254371
-0.6882610321044922 -1.5877948999404907 86.99919128417969 -0.010462531819939613 0.06550194323062897 8.0  738512.6261255525
-0.6889654994010925 -1.5878641605377197 87.01390075683594 -0.010764776729047298 0.07042790949344635 48.0  738512.62612567
-0.6897169947624207 -1.5879303216934204 87.04168701171875 -0.010782762430608273 0.07512005418539047 25.0  738512.626125801
-0.6905116438865662 -1.5879877805709839 87.03457641601562 -0.010159734636545181 0.0794932097196579 143.0  738512.6261259061
-0.6913449764251709 -1.5880287885665894 87.08686065673828 -0.008688617497682571 0.08346884697675705 44.0  738512.6261260414
-0.6864283084869385 -1.5882551670074463 87.09810638427734 -0.006137985736131668 0.033480413258075714 94.0  738512.6261261436
-0.6867914199829102 -1.5882511138916016 87.13603973388672 -0.0025135537143796682 0.036449793726205826 109.0  738512.6261262611
-0.6871750354766846 -1.5881963968276978 87.15819549560547 0.002470453968271613 0.03886696696281433 30.0  738512.626126379
-0.6875724196434021 -1.588076114654541 87.15804290771484 0.009071228094398975 0.04056721180677414 43.0  738512.626126495
-0.6879763007164001 -1.587876796722412 87.19607543945312 0.01715068705379963 0.04153020307421684 58.0  738512.6261266046
-0.6883809566497803 -1.5875874757766724 87.2266616821289 0.026468873023986816 0.042020536959171295 -6.0  738512.6261267262
-0.6887817978858948 -1.5871957540512085 87.23414611816406 0.036971937865018845 0.042039740830659866 62.0  738512.6261268377
-0.6891751885414124 -1.5866907835006714 87.26300811767578 0.048346616327762604 0.04173332080245018 6.0  738512.6261269528
-0.6895595788955688 -1.5860651731491089 87.28547668457031 0.060429081320762634 0.041364796459674835 61.0  738512.6261270726
-0.6850309371948242 -1.5858612060546875 87.29891967773438 0.06753788143396378 -0.01691613160073757 47.0  738512.626127188
-0.6848207712173462 -1.5850530862808228 87.318359375 0.08014471083879471 -0.017273718491196632 -23.0  738512.6261273145
-0.6846034526824951 -1.5841230154037476 87.31633758544922 0.09275921434164047 -0.017461521551012993 87.0  738512.6261274195
-0.6843805313110352 -1.5830705165863037 87.34095001220703 0.1052226796746254 -0.017516285181045532 4.0  738512.6261275229
-0.6841539740562439 -1.5818943977355957 87.34029388427734 0.11750107258558273 -0.0173361636698246 58.0  738512.6261276485
-0.6839255690574646 -1.5805931091308594 87.36375427246094 0.12961727380752563 -0.017043493688106537 78.0  738512.6261277648
-0.6836973428726196 -1.579169750213623 87.36890411376953 0.14155049622058868 -0.016456495970487595 7.0  738512.6261278808
-0.6834704279899597 -1.5776305198669434 87.38716888427734 0.15335586667060852 -0.01592988520860672 91.0  738512.626127998
-0.6832459568977356 -1.575977087020874 87.40922546386719 0.16501609981060028 -0.015122903510928154 -9.0  738512.6261281021
-0.6830249428749084 -1.5742082595825195 87.42462158203125 0.17679919302463531 -0.014345104806125164 174.0  738512.6261282295
-0.6794834136962891 -1.5719773769378662 87.48029327392578 0.19581758975982666 -0.04874442517757416 -16.0  738512.6261283447
-0.6789143681526184 -1.5699433088302612 87.4894027709961 0.20754700899124146 -0.04788900911808014 108.0  738512.6261284511
-0.6783484816551208 -1.5677950382232666 87.53112030029297 0.21925203502178192 -0.04720005393028259 54.0  738512.6261285656
-0.6777852773666382 -1.5655325651168823 87.53992462158203 0.23107674717903137 -0.04647798463702202 81.0  738512.6261286769
-0.6772241592407227 -1.5631533861160278 87.57414245605469 0.2429501712322235 -0.04594210162758827 121.0  738512.6261288034
-0.6766652464866638 -1.5606552362442017 87.61241912841797 0.2548739016056061 -0.04540421813726425 56.0  738512.626128923
-0.6761093139648438 -1.558038353919983 87.6314697265625 0.2667637765407562 -0.04469480365514755 23.0  738512.6261290407
-0.675557553768158 -1.5553021430969238 87.67735290527344 0.2784074544906616 -0.0440451018512249 20.0  738512.6261291447
-0.6750116944313049 -1.5524495840072632 87.68814086914062 0.2897626459598541 -0.043035343289375305 41.0  738512.6261292765
-0.6744734048843384 -1.549486756324768 87.70890808105469 0.30076760053634644 -0.04196958616375923 30.0  738512.6261293788
-0.673944890499115 -1.5464181900024414 87.74855041503906 0.3113456964492798 -0.040689241141080856 48.0  738512.6261295003
-0.668352484703064 -1.5387853384017944 87.76740264892578 0.3686683177947998 -0.08890468627214432 0.0  738512.6261296108
-0.667336106300354 -1.5350607633590698 87.7708969116211 0.37828385829925537 -0.0870274007320404 127.0  738512.6261297321
-0.666336178779602 -1.5312429666519165 87.81759643554688 0.3873234987258911 -0.08534787595272064 -61.0  738512.6261298455
-0.6653539538383484 -1.5273385047912598 87.80425262451172 0.39591464400291443 -0.08307155966758728 117.0  738512.6261299661
-0.6643905639648438 -1.5233523845672607 87.84361267089844 0.40395787358283997 -0.08114150166511536 9.0  738512.6261300807
-0.663447916507721 -1.5192880630493164 87.8444595336914 0.4115377962589264 -0.07869769632816315 124.0  738512.6261301908
-0.662527322769165 -1.515151023864746 87.90369415283203 0.4185851514339447 -0.07667436450719833 -26.0  738512.6261303015
-0.6616297364234924 -1.510947823524475 87.9222640991211 0.42508378624916077 -0.07410067319869995 50.0  738512.6261304271
-0.6607570648193359 -1.5066826343536377 87.96576690673828 0.4310544729232788 -0.07167620956897736 48.0  738512.6261305398
-0.656188428401947 -1.5046467781066895 87.99567413330078 0.41353917121887207 -0.11017583310604095 40.0  738512.6261306527
-0.6549614667892456 -1.5005230903625488 88.0199966430664 0.41854074597358704 -0.10734937340021133 -8.0  738512.6261307655
-0.6537619829177856 -1.4963520765304565 88.02355194091797 0.42308926582336426 -0.10432424396276474 45.0  738512.6261308905
-0.6525912880897522 -1.49213707447052 88.02733612060547 0.42725175619125366 -0.10125017911195755 54.0  738512.626130994
-0.651449978351593 -1.4878818988800049 88.04627990722656 0.4309879541397095 -0.09822634607553482 44.0  738512.626131099
-0.6503391265869141 -1.4835902452468872 88.07162475585938 0.4343796372413635 -0.09510838240385056 29.0  738512.62613122
-0.6492609977722168 -1.4792648553848267 88.08794403076172 0.4373708665370941 -0.09182122349739075 -16.0  738512.6261313439
-0.6482173204421997 -1.4749095439910889 88.11309051513672 0.44002243876457214 -0.08839458972215652 -13.0  738512.6261314567
-0.6472092866897583 -1.4705281257629395 88.11431884765625 0.442399799823761 -0.08457501977682114 -2.0  738512.6261315726
-0.6462382674217224 -1.4661238193511963 88.1202392578125 0.4444650709629059 -0.08061863481998444 13.0  738512.6261316871
-0.6405355334281921 -1.4625086784362793 88.1224594116211 0.43920499086380005 -0.12697750329971313 -37.0  738512.62613181
-0.6391505002975464 -1.4581469297409058 88.10108947753906 0.441170871257782 -0.12260816991329193 70.0  738512.6261319104
-0.6378105878829956 -1.4537608623504639 88.11976623535156 0.4433304965496063 -0.11845123767852783 -6.0  738512.6261320368
-0.6365171074867249 -1.4493449926376343 88.08798217773438 0.4461155831813812 -0.11381066590547562 168.0  738512.6261321527
-0.635269284248352 -1.444892168045044 88.14241790771484 0.4495008885860443 -0.10989231616258621 0.0  738512.6261322587
-0.634066104888916 -1.4403945207595825 88.14037322998047 0.4538317322731018 -0.10541597753763199 9.0  738512.6261323759
-0.6329056024551392 -1.4358443021774292 88.14840698242188 0.45934805274009705 -0.10106398165225983 60.0  738512.6261324978
-0.631787896156311 -1.4312292337417603 88.15867614746094 0.4660368859767914 -0.09673314541578293 79.0  738512.6261326051
-0.6307145357131958 -1.4265336990356445 88.19181823730469 0.47386276721954346 -0.0926600992679596 90.0  738512.626132722
-0.6296862959861755 -1.4217448234558105 88.22393035888672 0.4826885461807251 -0.08844707161188126 82.0  738512.6261328446
-0.6278883814811707 -1.4196003675460815 88.26052856445312 0.4630098342895508 -0.09384611994028091 66.0  738512.6261329501
-0.6268590092658997 -1.4149048328399658 88.29328918457031 0.47345274686813354 -0.08957306295633316 81.0  738512.626133076
-0.6258734464645386 -1.4100979566574097 88.34274291992188 0.4844190776348114 -0.08538655936717987 95.0  738512.6261331904
-0.624933123588562 -1.4051746129989624 88.39527893066406 0.4955597221851349 -0.08115970343351364 116.0  738512.6261333067
-0.6240381598472595 -1.4001352787017822 88.45896911621094 0.5067873597145081 -0.07705113291740417 98.0  738512.6261334213
-0.6231885552406311 -1.3949830532073975 88.53898620605469 0.5178656578063965 -0.07293643802404404 60.0  738512.626133535
-0.622385561466217 -1.38972008228302 88.58444213867188 0.528758704662323 -0.06843006610870361 67.0  738512.6261336509
-0.6216300129890442 -1.3843481540679932 88.64695739746094 0.5395074486732483 -0.06401186436414719 42.0  738512.6261337635
-0.6209220290184021 -1.3788713216781616 88.69554901123047 0.5499966740608215 -0.05932620167732239 105.0  738512.6261338785
-0.6202620267868042 -1.3732914924621582 88.73433685302734 0.5602899789810181 -0.05462191626429558 109.0  738512.6261339943
-0.6196513772010803 -1.3676069974899292 88.79350280761719 0.5704441666603088 -0.050074655562639236 87.0  738512.626134128
-0.6131154298782349 -1.361151099205017 88.8424301147461 0.5852139592170715 -0.10018143057823181 71.0  738512.6261342263
-0.6120651960372925 -1.3551998138427734 88.88260650634766 0.5951159000396729 -0.09563492238521576 95.0  738512.6261343521
-0.6110612154006958 -1.3491477966308594 88.91812133789062 0.6050568222999573 -0.09113861620426178 62.0  738512.626134463
-0.6101027131080627 -1.3429930210113525 88.94424438476562 0.6151528358459473 -0.08665262162685394 22.0  738512.6261345772
-0.6091897487640381 -1.3367304801940918 88.9625244140625 0.6253914833068848 -0.08228961378335953 -30.0  738512.6261346897
-0.6083213090896606 -1.3303581476211548 88.9503173828125 0.6358435750007629 -0.07771776616573334 138.0  738512.6261348021
-0.6074954271316528 -1.3238784074783325 88.98284912109375 0.6462050080299377 -0.073771171271801 -59.0  738512.6261349177
-0.6067105531692505 -1.317294716835022 88.9760513305664 0.6566914916038513 -0.0694587230682373 31.0  738512.6261350315
-0.6059662699699402 -1.3106091022491455 88.9837646484375 0.6671494245529175 -0.06519488245248795 -63.0  738512.6261351572
-0.6025207042694092 -1.3051148653030396 88.97747802734375 0.6635633111000061 -0.09300926327705383 43.0  738512.6261352645
-0.601535975933075 -1.2983824014663696 88.98930358886719 0.6734710335731506 -0.08867829293012619 -72.0  738512.62613538
-0.6005944013595581 -1.2915533781051636 88.9579849243164 0.6830992102622986 -0.08384527266025543 23.0  738512.6261355069
-0.599695086479187 -1.284633755683899 88.93925476074219 0.6923317909240723 -0.07907124608755112 -66.0  738512.6261356116
-0.5988371968269348 -1.2776285409927368 88.89563751220703 0.7012750506401062 -0.074046291410923 11.0  738512.6261357297
-0.5980205535888672 -1.2705415487289429 88.87127685546875 0.7097469568252563 -0.06920738518238068 -117.0  738512.6261358474
-0.5972450375556946 -1.2633761167526245 88.81964874267578 0.717904806137085 -0.06407119333744049 -46.0  738512.6261359609
-0.5965110063552856 -1.2561345100402832 88.79389953613281 0.725640594959259 -0.05927954614162445 -140.0  738512.6261360762
-0.5958192944526672 -1.2488185167312622 88.72928619384766 0.7329996228218079 -0.05402909219264984 -78.0  738512.6261361918
-0.5951699018478394 -1.2414301633834839 88.66259765625 0.7401272654533386 -0.04874922335147858 -176.0  738512.626136308
-0.5945624113082886 -1.233971118927002 88.58772277832031 0.7470164895057678 -0.04346369206905365 -153.0  738512.6261364227
-0.5921846628189087 -1.2283811569213867 88.5011978149414 0.7358486652374268 -0.05577416718006134 -118.0  738512.6261365942
-0.5914800763130188 -1.2209795713424683 88.41148376464844 0.742123544216156 -0.050558432936668396 -81.0  738512.6261366499
-0.5908118486404419 -1.2135182619094849 88.33751678466797 0.7482047080993652 -0.045650508254766464 -220.0  738512.6261367671
-0.5901773571968079 -1.2060019969940186 88.22480773925781 0.7540059089660645 -0.04034580662846565 -99.0  738512.6261368889
-0.5895755887031555 -1.198432207107544 88.14141845703125 0.7595869302749634 -0.035626087337732315 -257.0  738512.6261370028
-0.5890061855316162 -1.190809726715088 88.0354995727539 0.7649847865104675 -0.030644886195659637 -234.0  738512.6261371182
-0.5884684324264526 -1.1831364631652832 87.9208984375 0.7701190114021301 -0.025622311979532242 -181.0  738512.6261372332
-0.5879619717597961 -1.175413966178894 87.80010223388672 0.775039553642273 -0.02058541774749756 -184.0  738512.626137349
-0.5874859690666199 -1.1676441431045532 87.6805419921875 0.7797538638114929 -0.01564098708331585 -256.0  738512.6261374651
-0.5830716490745544 -1.1628097295761108 87.53072357177734 0.7503182888031006 -0.059241387993097305 -169.0  738512.6261375817
-0.5821838974952698 -1.1553049087524414 87.40605926513672 0.7547261714935303 -0.05444957688450813 -308.0  738512.6261377037
-0.5813238024711609 -1.147758960723877 87.26018524169922 0.7588707804679871 -0.04949280992150307 -288.0  738512.6261378075
-0.5804904699325562 -1.1401749849319458 87.1019515991211 0.7626190185546875 -0.04447922110557556 -273.0  738512.626137936
-0.5796829462051392 -1.1325560808181763 86.9552230834961 0.7661439180374146 -0.03966985642910004 -286.0  738512.6261380527
-0.5789005160331726 -1.1249043941497803 86.79464721679688 0.7694289684295654 -0.0347161628305912 -230.0  738512.6261381579
-0.5781425833702087 -1.1172221899032593 86.64521026611328 0.7724131941795349 -0.030012009665369987 -346.0  738512.6261382749
-0.5774095058441162 -1.1095105409622192 86.45663452148438 0.7752714157104492 -0.024770578369498253 -346.0  738512.6261383927
-0.5767014026641846 -1.1017701625823975 86.28262329101562 0.7780154347419739 -0.019741566851735115 -400.0  738512.6261385094
-0.5760176777839661 -1.094002366065979 86.072265625 0.7806267142295837 -0.014245854690670967 -264.0  738512.6261386231
-0.5720754265785217 -1.0880553722381592 85.90757751464844 0.765644907951355 -0.04633447527885437 -405.0  738512.6261387399
-0.5710865259170532 -1.0804327726364136 85.71356201171875 0.7681564092636108 -0.04116389527916908 -439.0  738512.6261388445
-0.5701218843460083 -1.072783350944519 85.48474884033203 0.7707133889198303 -0.03559442609548569 -238.0  738512.6261389724
-0.5691798329353333 -1.0651086568832397 85.31328582763672 0.7730423808097839 -0.030898159369826317 -401.0  738512.6261390774
-0.5682594180107117 -1.0574098825454712 85.0989990234375 0.7753084301948547 -0.025736838579177856 -362.0  738512.6261391907
-0.5673598051071167 -1.0496879816055298 84.9024429321289 0.7774124145507812 -0.020873764529824257 -337.0  738512.6261393103
-0.5664806365966797 -1.041943907737732 84.6783676147461 0.779432475566864 -0.01566007360816002 -416.0  738512.6261394237
-0.5656213164329529 -1.034178376197815 84.47022247314453 0.7814303040504456 -0.010684620589017868 -434.0  738512.6261395414
-0.5647813081741333 -1.0263926982879639 84.23005676269531 0.783301055431366 -0.005250913556665182 -361.0  738512.6261396601
-0.5639607310295105 -1.0185878276824951 83.99205780029297 0.785026490688324 0.00018915098917204887 -364.0  738512.6261397761
-0.5587716698646545 -1.015689730644226 83.77567291259766 0.7416992783546448 -0.044446464627981186 -464.0  738512.6261398861
-0.5575433373451233 -1.0083503723144531 83.50658416748047 0.7433632016181946 -0.038798924535512924 -333.0  738512.6261400023
-0.5563340783119202 -1.000994324684143 83.29335021972656 0.7449442148208618 -0.033973075449466705 -420.0  738512.6261401171
-0.5551435947418213 -0.9936221837997437 83.061767578125 0.7463734745979309 -0.028905220329761505 -502.0  738512.6261402345
-0.553970992565155 -0.9862344861030579 82.79934692382812 0.7477700114250183 -0.023591697216033936 -386.0  738512.6261403558
-0.552814781665802 -0.9788310527801514 82.5651626586914 0.7491644620895386 -0.018747452646493912 -456.0  738512.6261404752
-0.5516733527183533 -0.9714117646217346 82.31147766113281 0.7506008148193359 -0.013788757845759392 -411.0  738512.6261405742
-0.5505450963973999 -0.963976263999939 82.06938934326172 0.7520748376846313 -0.009122504852712154 -382.0  738512.6261407007
-0.5494291186332703 -0.956523597240448 81.82142639160156 0.7536474466323853 -0.00442727142944932 -472.0  738512.626140823
-0.5483248233795166 -0.9490528106689453 81.57537841796875 0.7553428411483765 0.00026202615117654204 -441.0  738512.6261409371
-0.5468965172767639 -0.9432369470596313 81.31885528564453 0.7401881217956543 -0.0007635098299942911 -458.0  738512.6261410495
-0.5457773804664612 -0.9359126091003418 81.06993865966797 0.7420810461044312 0.003896901151165366 -438.0  738512.6261411591
-0.5446691513061523 -0.9285679459571838 80.8190689086914 0.7440189719200134 0.008627904579043388 -452.0  738512.6261412863
-0.5435722470283508 -0.9212020635604858 80.54356384277344 0.7459754347801208 0.013737811706960201 -373.0  738512.626141389
-0.5424869656562805 -0.9138140678405762 80.30374908447266 0.7479626536369324 0.018416009843349457 -482.0  738512.6261415149
-0.5414134860038757 -0.9064037799835205 80.03839874267578 0.7499405741691589 0.023501934483647346 -485.0  738512.6261416313
-0.5403518676757812 -0.8989711999893188 79.77283477783203 0.7518999576568604 0.028591934591531754 -446.0  738512.6261417493
-0.539301335811615 -0.8915170431137085 79.51988983154297 0.7538277506828308 0.03343799337744713 -576.0  738512.6261418643
-0.5382611155509949 -0.884041428565979 79.21515655517578 0.7556870579719543 0.03888625651597977 -420.0  738512.6261419788
-0.5372306108474731 -0.8765439391136169 78.97030639648438 0.7575328946113586 0.04344616085290909 -474.0  738512.6261420948
-0.5315413475036621 -0.873429000377655 78.68781280517578 0.7243884801864624 -0.006845114752650261 -535.0  738512.626142211
-0.5300562977790833 -0.8663317561149597 78.38801574707031 0.7264147996902466 -0.002007697941735387 -573.0  738512.6261423153
-0.5285767912864685 -0.8592124581336975 78.08414459228516 0.7283569574356079 0.002679859520867467 -526.0  738512.6261424314
-0.5271006226539612 -0.8520713448524475 77.80284881591797 0.7303254008293152 0.006906396243721247 -580.0  738512.6261425496
-0.5256257057189941 -0.8449083566665649 77.47845458984375 0.7323380708694458 0.011529163457453251 -421.0  738512.6261426652
-0.5241501927375793 -0.8377236723899841 77.21588897705078 0.7343417406082153 0.015233214944601059 -564.0  738512.6261427797
-0.5226728320121765 -0.8305174708366394 76.90813446044922 0.7363951206207275 0.019435128197073936 -524.0  738512.6261428996
-0.5211924314498901 -0.8232888579368591 76.60501861572266 0.7385669350624084 0.02350626140832901 -610.0  738512.6261430157
-0.5197080373764038 -0.816036581993103 76.27494812011719 0.740841269493103 0.027913255617022514 -471.0  738512.6261431379
-0.5182191729545593 -0.8087594509124756 75.97664642333984 0.7432177066802979 0.031923387199640274 -648.0  738512.6261432498
-0.5136623382568359 -0.8048706650733948 75.64629364013672 0.7167630195617676 -0.0060956357046961784 -588.0  738512.6261433782
-0.5118241906166077 -0.797919750213623 75.31513977050781 0.7194893956184387 -0.0015965213533490896 -551.0  738512.6261434822
-0.5099828243255615 -0.7909405827522278 74.99835205078125 0.722213089466095 0.0027890896890312433 -556.0  738512.6261435902
-0.5081384181976318 -0.7839338779449463 74.67170715332031 0.7249358892440796 0.007346632424741983 -588.0  738512.6261437128
-0.5062910914421082 -0.7769001126289368 74.33706665039062 0.7276706695556641 0.01205564197152853 -556.0  738512.626143832
-0.5044407844543457 -0.769838809967041 74.00473022460938 0.7303813695907593 0.016757873818278313 -553.0  738512.6261439684
-0.5025872588157654 -0.7627498507499695 73.67279052734375 0.7331138253211975 0.02146890200674534 -548.0  738512.6261440607
-0.5007300972938538 -0.7556329965591431 73.35287475585938 0.7358477711677551 0.026022547855973244 -561.0  738512.6261441763
-0.49886882305145264 -0.7484877705574036 73.01541137695312 0.7385711669921875 0.030800286680459976 -507.0  738512.6261442953
-0.4970027506351471 -0.7413140535354614 72.69401550292969 0.7412667274475098 0.03532721474766731 -515.0  738512.6261444044
-0.4951310455799103 -0.7341126799583435 72.3718032836914 0.7439634203910828 0.03979438915848732 -601.0  738512.6261445283
-0.4913354516029358 -0.7304646372795105 72.04512786865234 0.721114993095398 0.017358729615807533 -585.0  738512.6261446405
-0.489273339509964 -0.7235385775566101 71.71175384521484 0.7238707542419434 0.02152937464416027 -594.0  738512.6261447456
-0.48720136284828186 -0.7165858745574951 71.3974838256836 0.7266413569450378 0.025355014950037003 -599.0  738512.6261448667
-0.48511776328086853 -0.7096059918403625 71.0677719116211 0.7293724417686462 0.029245669022202492 -523.0  738512.6261449772
-0.48302116990089417 -0.7025992274284363 70.74302673339844 0.7321503162384033 0.03300147131085396 -484.0  738512.6261451001
-0.4809110462665558 -0.6955664157867432 70.43678283691406 0.735011100769043 0.03646334260702133 -528.0  738512.6261452157
-0.47878628969192505 -0.688507080078125 70.12521362304688 0.7379526495933533 0.039920903742313385 -570.0  738512.6261453312
-0.476645290851593 -0.6814197301864624 69.81951141357422 0.7409350872039795 0.04326869174838066 -553.0  738512.6261454464
-0.47448718547821045 -0.6743037700653076 69.52225494384766 0.7439764738082886 0.046500638127326965 -518.0  738512.6261455619
-0.4720534682273865 -0.6773451566696167 69.2197494506836 0.6360527873039246 0.004798282403498888 -503.0  738512.6261456724
-0.46983039379119873 -0.6713652014732361 68.93660736083984 0.6393998861312866 0.0072408257983624935 -552.0  738512.6261457887
-0.4675881862640381 -0.6653565168380737 68.64198303222656 0.6427061557769775 0.009764456190168858 -406.0  738512.626145903
-0.46532580256462097 -0.6593192219734192 68.3769760131836 0.6459409594535828 0.01191082876175642 -489.0  738512.6261460191
-0.46304237842559814 -0.6532537937164307 68.0983657836914 0.6490599513053894 0.014200151897966862 -555.0  738512.6261461371
-0.4607371687889099 -0.6471612453460693 67.8246078491211 0.6522273421287537 0.01628042384982109 -430.0  738512.6261462559
-0.4584096074104309 -0.6410422325134277 67.58308410644531 0.6554597020149231 0.017974503338336945 -498.0  738512.6261463729
-0.4560583531856537 -0.6348956823348999 67.3488540649414 0.6588667631149292 0.019507769495248795 -403.0  738512.6261464768
-0.4536815583705902 -0.6287193298339844 67.12115478515625 0.6625324487686157 0.020960792899131775 -399.0  738512.6261465987
-0.45127740502357483 -0.6225100755691528 66.91085815429688 0.6665058135986328 0.02220533788204193 -364.0  738512.6261467158
-0.4488445222377777 -0.6162651777267456 66.7216567993164 0.6708179116249084 0.023210542276501656 -300.0  738512.6261468313
-0.4392392635345459 -0.5966736078262329 66.52555084228516 0.8233036398887634 0.011944923549890518 -229.0  738512.6261469458
-0.43605077266693115 -0.5890538692474365 66.3734359741211 0.8282842636108398 0.012949506752192974 -299.0  738512.6261470608
-0.4328312277793884 -0.5813920497894287 66.1951675415039 0.833552360534668 0.01438803318887949 -226.0  738512.6261471796
-0.42957913875579834 -0.5736851096153259 66.03997039794922 0.8390936851501465 0.015497972257435322 -259.0  738512.6261472945
-0.42629361152648926 -0.5659311413764954 65.8768310546875 0.8447061777114868 0.016765816137194633 -249.0  738512.6261474113
-0.42297500371932983 -0.5581306219100952 65.70223236083984 0.8502876162528992 0.01820497214794159 -204.0  738512.6261475271
-0.4192871153354645 -0.5494986176490784 65.53150939941406 0.856126606464386 0.019443733617663383 -304.0  738512.6261476421
-0.4159022271633148 -0.5416083931922913 65.36373901367188 0.8608388900756836 0.020834380760788918 -254.0  738512.6261477665
-0.41248950362205505 -0.5336825251579285 65.19529724121094 0.8649716377258301 0.022279204800724983 -232.0  738512.6261478718
-0.40835174918174744 -0.5387772917747498 65.0281982421875 0.7338528633117676 -0.0473591610789299 -318.0  738512.6261479768
-0.40481045842170715 -0.5323109030723572 64.84175109863281 0.7369634509086609 -0.0459076464176178 -365.0  738512.6261481252
-0.40124979615211487 -0.5258244276046753 64.6504135131836 0.739501416683197 -0.04433306306600571 -307.0  738512.6261482185
-0.39767342805862427 -0.5193231105804443 64.4604721069336 0.7414387464523315 -0.04261060431599617 -310.0  738512.6261483352
-0.3940846920013428 -0.512811541557312 64.28173065185547 0.7428673505783081 -0.04097852483391762 -318.0  738512.6261484618
-0.3904862105846405 -0.506292998790741 64.12026977539062 0.7439181804656982 -0.03945471718907356 -276.0  738512.6261485659
-0.3868800401687622 -0.49976903200149536 63.96147918701172 0.7447850704193115 -0.03779556602239609 -204.0  738512.6261486808
-0.3832675814628601 -0.4932388365268707 63.83595657348633 0.7457063794136047 -0.03638295829296112 -232.0  738512.6261487954
-0.37964996695518494 -0.4866997301578522 63.70176315307617 0.7468569874763489 -0.034636013209819794 -255.0  738512.6261489221
-0.37602776288986206 -0.4801482856273651 63.57746124267578 0.7483697533607483 -0.032818958163261414 -228.0  738512.6261490391
-0.37078219652175903 -0.4752286374568939 63.46491241455078 0.7425694465637207 -0.05458204075694084 -203.0  738512.6261491453
-0.3669745624065399 -0.4688187539577484 63.34528732299805 0.745028018951416 -0.05249769985675812 -169.0  738512.62614933
-0.36316075921058655 -0.46238261461257935 63.22872543334961 0.7479066252708435 -0.05032980814576149 -89.0  738512.6261493762
-0.35934025049209595 -0.4559163749217987 63.14791488647461 0.7510427236557007 -0.04848649352788925 -179.0  738512.6261494912
-0.3555128872394562 -0.4494175910949707 63.06645202636719 0.7544213533401489 -0.04652762413024902 -211.0  738512.6261496067
-0.3516782522201538 -0.44288334250450134 62.974456787109375 0.7579090595245361 -0.04437880963087082 -40.0  738512.6261497224
-0.3478367030620575 -0.4363136291503906 62.91004180908203 0.7614305019378662 -0.04251103848218918 -169.0  738512.6261498374
-0.34398916363716125 -0.42971011996269226 62.85247039794922 0.7648917436599731 -0.04065694659948349 -116.0  738512.6261499533
-0.3401367664337158 -0.4230732321739197 62.78302001953125 0.7681215405464172 -0.03853936493396759 -143.0  738512.6261501506
-0.3362807631492615 -0.4164030849933624 62.72005844116211 0.7711686491966248 -0.03648749366402626 -82.0  738512.6261501866
-0.33242267370224 -0.40970179438591003 62.673866271972656 0.7739688754081726 -0.03455290198326111 -108.0  738512.6261502906
-0.32518965005874634 -0.40746232867240906 62.614295959472656 0.7535368800163269 -0.08004342764616013 -86.0  738512.6261504164
-0.32101497054100037 -0.4011271595954895 62.57567596435547 0.7559834122657776 -0.07801859080791473 -135.0  738512.6261505304
-0.31684306263923645 -0.3947651982307434 62.52680587768555 0.7583097815513611 -0.07579565793275833 -117.0  738512.6261506492
-0.31267496943473816 -0.38837772607803345 62.478118896484375 0.7605506777763367 -0.07344512641429901 -77.0  738512.6261507641
-0.3085121214389801 -0.3819645941257477 62.44706344604492 0.7626890540122986 -0.07119882851839066 -16.0  738512.6261508681
-0.30435630679130554 -0.37552398443222046 62.424598693847656 0.7648440003395081 -0.06890683621168137 -65.0  738512.6261510086
-0.300209105014801 -0.36905381083488464 62.4031867980957 0.7670214772224426 -0.06649117171764374 -58.0  738512.6261511111
-0.29607129096984863 -0.36255407333374023 62.389068603515625 0.7692354321479797 -0.06406372040510178 -16.0  738512.6261512277
-0.29194337129592896 -0.35602453351020813 62.3700065612793 0.7715657353401184 -0.061392467468976974 79.0  738512.626151344
-0.2866896390914917 -0.3535669445991516 62.390235900878906 0.7391800284385681 -0.09166178107261658 20.0  738512.626151456
-0.28245922923088074 -0.3474251329898834 62.3918571472168 0.7415930032730103 -0.08905114233493805 23.0  738512.626151564
-0.2782415449619293 -0.34124863147735596 62.39885711669922 0.7440487742424011 -0.08641991764307022 -27.0  738512.6261516882
-0.27403751015663147 -0.33503592014312744 62.405250549316406 0.7465370893478394 -0.0836951956152916 86.0  738512.6261518057
-0.2698478102684021 -0.32878607511520386 62.44841766357422 0.7490113377571106 -0.081361323595047 4.0  738512.6261519175
-0.26567280292510986 -0.3224988877773285 62.46869659423828 0.751578688621521 -0.0786454826593399 111.0  738512.626152048
-0.2615125775337219 -0.31617435812950134 62.50201416015625 0.7541636824607849 -0.07606188207864761 101.0  738512.6261521421
-0.2573673725128174 -0.3098123073577881 62.56473922729492 0.7567777037620544 -0.07374567538499832 128.0  738512.6261522644
-0.25323790311813354 -0.3034127354621887 62.6317253112793 0.7593358159065247 -0.07140854746103287 61.0  738512.6261523844
-0.2491253912448883 -0.29697397351264954 62.695499420166016 0.7619814276695251 -0.06894098222255707 126.0  738512.6261525005
-0.24503111839294434 -0.2904939353466034 62.77234649658203 0.7646262645721436 -0.06654713302850723 115.0  738512.6261526159
-0.23909498751163483 -0.2888737618923187 62.84510803222656 0.7349130511283875 -0.0999324768781662 130.0  738512.626152733
-0.2348681390285492 -0.282760351896286 62.90903854370117 0.737583577632904 -0.09717034548521042 225.0  738512.6261528449
-0.2306605726480484 -0.2766065299510956 63.01094436645508 0.7401973605155945 -0.09482834488153458 94.0  738512.6261529613
-0.22647324204444885 -0.2704113721847534 63.10568618774414 0.7428423166275024 -0.09232896566390991 223.0  738512.6261530775
-0.2223067283630371 -0.26417529582977295 63.208560943603516 0.7453944683074951 -0.08988158404827118 197.0  738512.6261531898
-0.2181614488363266 -0.25789839029312134 63.335628509521484 0.7479937076568604 -0.0877017229795456 128.0  738512.6261533016
-0.2136273980140686 -0.25094521045684814 63.4699592590332 0.7508397102355957 -0.08513322472572327 244.0  738512.6261534233
-0.2095300257205963 -0.2445792406797409 63.60289001464844 0.7534855008125305 -0.08281103521585464 217.0  738512.62615354
-0.20545673370361328 -0.23816969990730286 63.73623275756836 0.756212055683136 -0.08036766201257706 226.0  738512.6261536531
-0.20154868066310883 -0.23586176335811615 63.88150405883789 0.7175190448760986 -0.09620189666748047 229.0  738512.6261537737
-0.19754189252853394 -0.2298193722963333 64.00089263916016 0.7203463315963745 -0.09332094341516495 254.0  738512.6261538862
-0.19356168806552887 -0.22372967004776 64.14939880371094 0.7231619954109192 -0.0907885953783989 136.0  738512.626154005
-0.18960696458816528 -0.21759480237960815 64.29360961914062 0.725963294506073 -0.08824034780263901 270.0  738512.626154114
-0.1856776624917984 -0.21141527593135834 64.43888092041016 0.7287551164627075 -0.08572445064783096 257.0  738512.6261542363
-0.18177448213100433 -0.20518989861011505 64.62444305419922 0.7314937114715576 -0.08377528190612793 227.0  738512.6261543441
-0.17789790034294128 -0.19891765713691711 64.77225494384766 0.7342981696128845 -0.08140701055526733 307.0  738512.626154469
-0.17404742538928986 -0.19259858131408691 64.91993713378906 0.7371716499328613 -0.07909659296274185 356.0  738512.6261545626
-0.17022214829921722 -0.186233252286911 65.1123275756836 0.7400652170181274 -0.07734367251396179 251.0  738512.6261547023
-0.1664218008518219 -0.17982123792171478 65.27742767333984 0.7430964708328247 -0.07526248693466187 258.0  738512.6261548095
-0.16264654695987701 -0.1733611822128296 65.43231964111328 0.7462199330329895 -0.07301996648311615 408.0  738512.6261549424
-0.15554013848304749 -0.17026284337043762 65.61743927001953 0.732937216758728 -0.1130116805434227 251.0  738512.626155048
-0.15150631964206696 -0.16401825845241547 65.80460357666016 0.7360212802886963 -0.11111868917942047 338.0  738512.6261551621
-0.14749892055988312 -0.15772280097007751 65.9791488647461 0.7391291260719299 -0.10898524522781372 366.0  738512.6261552721
-0.14351782202720642 -0.15137670934200287 66.14926147460938 0.7423595786094666 -0.1068025603890419 334.0  738512.6261554001
-0.1395624727010727 -0.14498095214366913 66.34635925292969 0.7455322742462158 -0.10495171695947647 310.0  738512.6261554997
-0.13563312590122223 -0.13853590190410614 66.50435638427734 0.7487783432006836 -0.10258135944604874 368.0  738512.6261556168
-0.13173028826713562 -0.1320410817861557 66.70999145507812 0.7519729733467102 -0.10082417726516724 312.0  738512.6261557342
-0.1278553158044815 -0.12549535930156708 66.89273071289062 0.7551344633102417 -0.09873346984386444 388.0  738512.6261558442
-0.12400925904512405 -0.11889829486608505 67.08505249023438 0.758319079875946 -0.09672471135854721 352.0  738512.6261559641
-0.11848866939544678 -0.11627767235040665 67.27106475830078 0.7275749444961548 -0.1289982944726944 364.0  738512.6261560804
-0.1145085021853447 -0.11003591865301132 67.4742660522461 0.7305577993392944 -0.126926451921463 333.0  738512.6261561937
-0.11055847257375717 -0.10374476760625839 67.67157745361328 0.7335481643676758 -0.12472499907016754 296.0  738512.6261563195
-0.10664036870002747 -0.09740246832370758 67.85099029541016 0.7365941405296326 -0.12224076688289642 308.0  738512.626156434
-0.1027548760175705 -0.09100870043039322 68.03832244873047 0.7396429777145386 -0.11983326077461243 345.0  738512.6261565457
-0.09890162944793701 -0.08456515520811081 68.21955871582031 0.7426596283912659 -0.11732251197099686 326.0  738512.6261566624
-0.09508085995912552 -0.07807227969169617 68.40813446044922 0.7457235455513 -0.11487802118062973 270.0  738512.6261567834
-0.09129307419061661 -0.07152942568063736 68.59300231933594 0.7489194869995117 -0.11224350333213806 402.0  738512.6261568996
-0.08753997087478638 -0.06493435800075531 68.7967300415039 0.7521540522575378 -0.1097545251250267 311.0  738512.6261570121
-0.08382326364517212 -0.058284711092710495 69.00226593017578 0.7554879784584045 -0.10721392184495926 329.0  738512.626157126
-0.08014292269945145 -0.051580872386693954 69.1981201171875 0.7588894367218018 -0.10446124523878098 380.0  738512.6261572436
-0.07517005503177643 -0.048590950667858124 69.4040756225586 0.7350199818611145 -0.12445881962776184 358.0  738512.6261573598
-0.07144110649824142 -0.04212304577231407 69.60302734375 0.7382922172546387 -0.12158853560686111 406.0  738512.6261574763
-0.0677509605884552 -0.03560101240873337 69.81700134277344 0.741481602191925 -0.11887174099683762 359.0  738512.6261575927
-0.06410118192434311 -0.029024003073573112 70.01870727539062 0.744685709476471 -0.11598343402147293 422.0  738512.6261577051
-0.06049087643623352 -0.02239474281668663 70.22142791748047 0.7477269172668457 -0.11319632083177567 382.0  738512.6261578258
-0.056918974965810776 -0.015716316178441048 70.42393493652344 0.7506999969482422 -0.110448457300663 370.0  738512.6261579222
-0.05338490754365921 -0.008990675210952759 70.614501953125 0.7536391019821167 -0.10753882676362991 349.0  738512.6261580498
-0.04989016801118851 -0.0022172448225319386 70.83633422851562 0.7564917206764221 -0.1049913614988327 347.0  738512.6261581613
-0.04643674194812775 0.004605076741427183 71.03274536132812 0.7593622803688049 -0.10208839178085327 445.0  738512.6261582761
-0.04525076225399971 0.0017214471008628607 71.23261260986328 0.6437686681747437 -0.11119856685400009 326.0  738512.626158395
-0.04214657470583916 0.007478749379515648 71.4275131225586 0.6466223001480103 -0.10786030441522598 400.0  738512.6261585074
-0.03908438980579376 0.01328385341912508 71.60408020019531 0.6495254039764404 -0.10429559648036957 273.0  738512.626158634
-0.03606473654508591 0.019137311726808548 71.79488372802734 0.6524689793586731 -0.10089582204818726 371.0  738512.6261587419
-0.03308866545557976 0.025040220469236374 71.98766326904297 0.655432939529419 -0.09753905981779099 340.0  738512.6261588567
-0.029866456985473633 0.03159324824810028 72.22171783447266 0.6588722467422485 -0.09420152008533478 326.0  738512.6261589705
-0.026983004063367844 0.03760677948594093 72.22171783447266 0.6622776389122009 -0.09093452244997025 415.0  738512.6261590873
-0.024140357971191406 0.04367402568459511 72.6205062866211 0.6659596562385559 -0.08799921721220016 398.0  738512.6261592018
-0.021336261183023453 0.04979614540934563 72.6205062866211 0.6700066328048706 -0.08503684401512146 318.0  738512.6261593229
-0.01856932044029236 0.05597612261772156 73.0140380859375 0.6744573712348938 -0.08200079947710037 467.0  738512.6261594434
-0.00595578458160162 0.07281771302223206 73.0140380859375 0.8165481686592102 -0.14728254079818726 386.0  738512.626159548
-0.0022157689090818167 0.08024246245622635 73.46234893798828 0.8213772773742676 -0.14516720175743103 369.0  738512.6261596668
0.0014896963257342577 0.08773541450500488 73.46234893798828 0.8263435959815979 -0.14343462884426117 315.0  738512.6261597826
0.005161471664905548 0.09529778361320496 73.87574005126953 0.8316063284873962 -0.14093084633350372 424.0  738512.6261598975
0.008800903335213661 0.10292743891477585 74.09518432617188 0.8367007970809937 -0.13903142511844635 253.0  738512.6261600129
0.012408066540956497 0.110621877014637 74.26287078857422 0.8417453765869141 -0.136341392993927 186.0  738512.6261601271
0.01598060131072998 0.11838120967149734 74.43587493896484 0.8464841246604919 -0.1335955262184143 157.0  738512.626160243
0.019514840096235275 0.1262039840221405 74.5384750366211 0.8508692383766174 -0.12971633672714233 240.0  738512.6261603605
0.023008069023489952 0.1340845674276352 74.66837310791016 0.8546259999275208 -0.12608931958675385 84.0  738512.6261604741
0.02645779959857464 0.14201629161834717 74.73563385009766 0.8579190373420715 -0.12133584171533585 79.0  738512.626160601
0.027911648154258728 0.13878291845321655 74.80831909179688 0.7431332468986511 -0.1278805136680603 57.0  738512.6261607133
0.031064333394169807 0.14563912153244019 74.82683563232422 0.7454041838645935 -0.12195707857608795 -79.0  738512.6261608229
0.03416440635919571 0.15253068506717682 74.79753875732422 0.7472826242446899 -0.11529567092657089 40.0  738512.626160947
0.03720896691083908 0.15945392847061157 74.79753875732422 0.748724639415741 -0.10860501974821091 -153.0  738512.6261610682
0.04019693285226822 0.16640563309192657 74.76871490478516 0.7500600218772888 -0.10098885744810104 -271.0  738512.6261611729
0.043127767741680145 0.17338444292545319 74.66641998291016 0.7512574195861816 -0.0937858372926712 -206.0  738512.6261612846
0.046001024544239044 0.18039071559906006 74.58834075927734 0.7525790333747864 -0.08622328191995621 -135.0  738512.6261613902
0.048817217350006104 0.18742585182189941 74.47579956054688 0.754003643989563 -0.07897910475730896 -126.0  738512.6261615177
0.05157821998000145 0.19449207186698914 74.37062072753906 0.7556790113449097 -0.07202473282814026 -163.0  738512.6261616349
0.054287515580654144 0.20159201323986053 74.27268981933594 0.757733166217804 -0.0648258626461029 -217.0  738512.626161748
0.059139542281627655 0.2064284235239029 74.14225769042969 0.7427453994750977 -0.08737161755561829 -216.0  738512.6261618675
0.061992108821868896 0.21335700154304504 74.00450134277344 0.7455297112464905 -0.08079559355974197 -229.0  738512.6261619749
0.06480231136083603 0.22032807767391205 73.89323425292969 0.7485970258712769 -0.07386496663093567 -288.0  738512.6261621101
0.06757441908121109 0.22734111547470093 73.74564361572266 0.7518720626831055 -0.06700389832258224 -249.0  738512.6261622086
0.07031021267175674 0.2343965768814087 73.58858489990234 0.7551884055137634 -0.06032051146030426 -340.0  738512.6261623274
0.07300937920808792 0.24149581789970398 73.44610595703125 0.7585985660552979 -0.05324336513876915 -293.0  738512.6261624445
0.07567093521356583 0.24863985180854797 73.27532196044922 0.7619178295135498 -0.04604769125580788 -290.0  738512.6261625568
0.07829469442367554 0.2558276355266571 73.10408020019531 0.7651016712188721 -0.0389610156416893 -218.0  738512.6261626666
0.08088111877441406 0.26305678486824036 72.93953704833984 0.7680565714836121 -0.03168164938688278 -368.0  738512.6261627914
0.0834304615855217 0.27032479643821716 72.76522827148438 0.7708063125610352 -0.024099690839648247 -381.0  738512.6261629052
0.08594311028718948 0.27762940526008606 72.56792449951172 0.7732712626457214 -0.01645807735621929 -401.0  738512.6261630264
0.09110850840806961 0.28049808740615845 72.35758209228516 0.7437090277671814 -0.044742610305547714 -472.0  738512.6261631377
0.09379854798316956 0.28745511174201965 72.11083984375 0.7459526658058167 -0.03715674579143524 -503.0  738512.6261632447
0.09645335376262665 0.2944455146789551 71.86959838867188 0.7481310367584229 -0.029390322044491768 -488.0  738512.6261633687
0.09907512366771698 0.30146855115890503 71.59797668457031 0.7502366304397583 -0.02170887403190136 -482.0  738512.6261634879
0.1016673818230629 0.30852267146110535 71.3104476928711 0.7523327469825745 -0.014400247484445572 -524.0  738512.6261635957
0.10423286259174347 0.31560736894607544 71.03340148925781 0.754447340965271 -0.007295656483620405 -532.0  738512.6261637153
0.10677337646484375 0.322723388671875 70.75445556640625 0.7566270232200623 -7.569952867925167e-05 -506.0  738512.6261638309
0.10929107666015625 0.32987120747566223 70.45503997802734 0.7588960528373718 0.006816564127802849 -445.0  738512.6261639441
0.11178763955831528 0.33705106377601624 70.17083740234375 0.7612079381942749 0.01376176904886961 -563.0  738512.6261640519
0.11619365215301514 0.3409419357776642 69.87895202636719 0.7364102602005005 -0.011967862956225872 -537.0  738512.6261641689
0.11886648833751678 0.34781867265701294 69.54975128173828 0.7390830516815186 -0.004992401693016291 -578.0  738512.6261642951
0.12152193486690521 0.3547292649745941 69.23928833007812 0.7418347001075745 0.0023980047553777695 -648.0  738512.6261643989
0.12442300468683243 0.3623726963996887 68.8953857421875 0.7448632121086121 0.010546326637268066 -619.0  738512.6261645246
0.12442300468683243 0.3623726963996887 68.5127182006836 0.7448632121086121 0.010546326637268066 -553.0  738512.6261646379
0.12964500486850739 0.37638571858406067 68.17412567138672 0.7501683831214905 0.02531946450471878 -620.0  738512.6261647593
0.12964500486850739 0.37638571858406067 67.82062530517578 0.7501683831214905 0.02531946450471878 -554.0  738512.6261648663
0.13480228185653687 0.3905428647994995 67.48322296142578 0.7550272345542908 0.04008858650922775 -627.0  738512.6261649891
0.13480228185653687 0.3905428647994995 67.12328338623047 0.7550272345542908 0.04008858650922775 -722.0  738512.6261651015
0.13735832273960114 0.3976733386516571 66.738037109375 0.7573613524436951 0.047831419855356216 -673.0  738512.6261652195
0.13990096747875214 0.4048386216163635 66.35993194580078 0.7596423029899597 0.05534064397215843 -724.0  738512.6261653417
0.14535431563854218 0.40710902214050293 65.98556518554688 0.7284876108169556 0.015782324597239494 -658.0  738512.6261654457
0.14816677570343018 0.41385146975517273 65.58108520507812 0.7309582829475403 0.0231077391654253 -719.0  738512.6261655634
0.15097223222255707 0.4206255376338959 65.1889877319336 0.7333484292030334 0.030016247183084488 -766.0  738512.6261656778
0.15657226741313934 0.43426039814949036 64.76986694335938 0.7377744913101196 0.04364485666155815 -702.0  738512.6261658014
0.15657226741313934 0.43426039814949036 64.35659790039062 0.7377744913101196 0.04364485666155815 -652.0  738512.6261659055
0.16217316687107086 0.4480017423629761 63.94514846801758 0.7419220805168152 0.05657197907567024 -776.0  738512.626166032
0.16217316687107086 0.4480017423629761 63.50784683227539 0.7419220805168152 0.05657197907567024 -662.0  738512.6261661452
0.16779212653636932 0.46184834837913513 63.11560821533203 0.7460914850234985 0.06778964400291443 -766.0  738512.6261662623
0.16779212653636932 0.46184834837913513 62.74091720581055 0.7460914850234985 0.06778964400291443 -697.0  738512.6261663716
0.17061282694339752 0.46881040930747986 62.33431625366211 0.7481561899185181 0.07350856810808182 -788.0  738512.6261664932
0.1748945415019989 0.4722433090209961 61.91721725463867 0.7217735648155212 0.04448159784078598 -629.0  738512.6261665961
0.17790693044662476 0.4788370430469513 61.50465393066406 0.7242497205734253 0.0498901903629303 -753.0  738512.6261667168
0.18093113601207733 0.4854556918144226 61.0808219909668 0.7266810536384583 0.055405303835868835 -674.0  738512.6261668281
0.18396800756454468 0.49209871888160706 60.66408920288086 0.7291995882987976 0.06073925271630287 -792.0  738512.6261669454
0.18701906502246857 0.4987662434577942 60.25798797607422 0.7316430807113647 0.0658290907740593 -699.0  738512.6261670721
0.1900855153799057 0.5054581761360168 59.86594772338867 0.7341620922088623 0.07068736106157303 -604.0  738512.6261671885
0.19316846132278442 0.5121750235557556 59.509796142578125 0.7367835640907288 0.07507902383804321 -627.0  738512.6261673018
0.19626934826374054 0.5189171433448792 59.147098541259766 0.7393705248832703 0.07943681627511978 -480.0  738512.6261674209
0.1993892639875412 0.5256833434104919 58.825347900390625 0.7420516014099121 0.08312555402517319 -538.0  738512.6261675266
0.20371931791305542 0.5300281643867493 58.53398895263672 0.7272382974624634 0.05963471159338951 -516.0  738512.6261676403
0.20701901614665985 0.5365543961524963 58.232933044433594 0.7301225066184998 0.06282234191894531 -518.0  738512.6261677536
0.21034196019172668 0.543104350566864 57.97456741333008 0.7330975532531738 0.06534920632839203 -311.0  738512.6261678704
0.2136896401643753 0.5496773719787598 57.7182502746582 0.7360832691192627 0.06769872456789017 -452.0  738512.6261679959
0.217063307762146 0.5562725067138672 57.4969596862793 0.7390846610069275 0.0694860965013504 -265.0  738512.6261681129
0.2204640507698059 0.5628886818885803 57.29936218261719 0.7421437501907349 0.07079794257879257 -285.0  738512.626168224
0.22389373183250427 0.569525420665741 57.1341438293457 0.7452202439308167 0.07156667858362198 -189.0  738512.6261683392
0.22735421359539032 0.5761822462081909 56.99608612060547 0.7483547329902649 0.07184664160013199 -142.0  738512.6261684546
0.23084670305252075 0.5828584432601929 56.888858795166016 0.7515134215354919 0.07160817831754684 -146.0  738512.6261685711
0.23437152802944183 0.5895528793334961 56.809661865234375 0.7546911239624023 0.07090263813734055 -70.0  738512.6261686824
0.23792894184589386 0.5962645411491394 56.7396240234375 0.7578058242797852 0.0700058713555336 -60.0  738512.6261688035
0.24340955913066864 0.5980295538902283 56.68562316894531 0.7281877994537354 0.023855987936258316 16.0  738512.6261689133
0.2472304403781891 0.6042538285255432 56.69306182861328 0.7312594652175903 0.021899182349443436 105.0  738512.6261690295
0.2510814964771271 0.6104928255081177 56.738590240478516 0.7342236638069153 0.019579438492655754 188.0  738512.6261691449
0.25496241450309753 0.616746723651886 56.8011589050293 0.7372421622276306 0.017046617344021797 131.0  738512.6261692707
0.2588741183280945 0.6230165958404541 56.91086959838867 0.7402162551879883 0.013997712172567844 313.0  738512.6261693882
0.2628159821033478 0.6293025612831116 57.0703239440918 0.7431959509849548 0.010306928306818008 379.0  738512.6261695023
0.2667870819568634 0.6356047987937927 57.246429443359375 0.7461171746253967 0.006508209276944399 451.0  738512.6261696162
0.2707858085632324 0.6419233679771423 57.45697021484375 0.7489802837371826 0.002344910055398941 490.0  738512.6261697245
0.2748105525970459 0.6482584476470947 57.71711730957031 0.7518137693405151 -0.0023482919204980135 534.0  738512.626169843
0.27946212887763977 0.6504641175270081 57.989013671875 0.7152906060218811 -0.04026780650019646 633.0  738512.626169987
0.283609002828598 0.6563254594802856 58.30239486694336 0.7178080081939697 -0.0452057383954525 635.0  738512.6261700928
