0.3634640872478485 -1.866194486618042 93.00081634521484 -0.0017283812630921602 -0.0005020606331527233 7.0  738512.6552936676
0.3634699881076813 -1.8662114143371582 93.00390625 -0.001725963898934424 -0.0005008158041164279 -8.0  738512.6552937714
0.36347585916519165 -1.8662283420562744 93.00163269042969 -0.0017237913561984897 -0.0004961348022334278 3.0  738512.6552938939
0.363481730222702 -1.8662452697753906 93.0035629272461 -0.0017204147297888994 -0.0004971897578798234 10.0  738512.6552940103
0.36348757147789 -1.8662621974945068 93.00394439697266 -0.0017130279447883368 -0.0004929272108711302 10.0  738512.6552941352
0.363493412733078 -1.8662790060043335 93.00337219238281 -0.0017086176667362452 -0.0004950855509378016 -17.0  738512.6552942449
0.3634992837905884 -1.8662958145141602 92.99286651611328 -0.0017162846634164453 -0.0005019931704737246 -25.0  738512.6552943431
0.36350518465042114 -1.8663127422332764 92.98682403564453 -0.0017208795761689544 -0.0005014322814531624 37.0  738512.6552944594
0.3635110557079315 -1.8663296699523926 92.9969253540039 -0.0017136033857241273 -0.0004951679147779942 -61.0  738512.6552945852
0.36351701617240906 -1.8663467168807983 92.97346496582031 -0.0017426639096811414 -0.0005171274533495307 52.0  738512.6552947075
0.363660991191864 -1.866196632385254 92.99449157714844 -0.0017120112897828221 -0.0005049817264080048 52.0  738512.6552948146
0.36366674304008484 -1.866213321685791 93.02302551269531 -0.0016905238153412938 -0.0004699764249380678 6.0  738512.6552949222
0.3636723458766937 -1.8662302494049072 93.03035736083984 -0.0017284346977248788 -0.0004638168611563742 -20.0  738512.6552950519
0.3636782467365265 -1.8662480115890503 93.02296447753906 -0.0018562271725386381 -0.0005233318079262972 -28.0  738512.6552951619
0.3636847138404846 -1.8662669658660889 93.00674438476562 -0.0019960838835686445 -0.000568488787394017 -16.0  738512.6552952741
0.3636915683746338 -1.866287350654602 92.99790954589844 -0.0021238236222416162 -0.0005862219841219485 41.0  738512.65529539
0.36369869112968445 -1.8663092851638794 93.0128173828125 -0.0022955688182264566 -0.0006013644742779434 6.0  738512.6552955005
0.3637063801288605 -1.8663333654403687 93.02064514160156 -0.0025599682703614235 -0.0006771697662770748 -20.0  738512.6552956243
0.3637145757675171 -1.8663595914840698 93.01214599609375 -0.00275774416513741 -0.0006922805332578719 -18.0  738512.6552957366
0.36322101950645447 -1.8663811683654785 93.0071029663086 -0.002423571888357401 0.004612566903233528 -123.0  738512.6552958523
0.3631744980812073 -1.8664066791534424 92.93972778320312 -0.002193888882175088 0.0049485089257359505 -182.0  738512.6552959761
0.36312374472618103 -1.8664294481277466 92.84581756591797 -0.0018350710161030293 0.005416387692093849 -189.0  738512.655296084
0.3630684018135071 -1.8664493560791016 92.74713897705078 -0.001584007521159947 0.005849464330822229 -112.0  738512.6552962104
0.3630093038082123 -1.8664673566818237 92.66431427001953 -0.0014338430482894182 0.006154707167297602 -155.0  738512.6552963089
0.3629474341869354 -1.8664844036102295 92.57166290283203 -0.0013913771836087108 0.006377987563610077 -196.0  738512.6552964327
0.3628838360309601 -1.8665012121200562 92.45793151855469 -0.0013997111236676574 0.006498050410300493 -183.0  738512.6552965476
0.3628188371658325 -1.866518259048462 92.35681915283203 -0.0014578569680452347 0.006660909857600927 -212.0  738512.6552966614
0.36275237798690796 -1.8665356636047363 92.23007202148438 -0.0014778204495087266 0.0067840260453522205 -210.0  738512.6552967745
0.36268383264541626 -1.8665530681610107 92.09502410888672 -0.0014920840039849281 0.007023210637271404 -285.0  738512.6552968876
0.36261337995529175 -1.8665701150894165 91.91200256347656 -0.001443771761842072 0.007156680338084698 -325.0  738512.6552970146
0.3633674383163452 -1.8667606115341187 91.7218246459961 -0.0035148251336067915 -0.0018244789680466056 -386.0  738512.655297121
0.3633861839771271 -1.8667954206466675 91.51508331298828 -0.003516400931403041 -0.0017774772131815553 -287.0  738512.6552972369
0.36340320110321045 -1.8668315410614014 91.34459686279297 -0.003662655595690012 -0.001592373475432396 -409.0  738512.6552973526
0.36341601610183716 -1.8668714761734009 91.13290405273438 -0.004031977616250515 -0.0011440040543675423 -344.0  738512.6552974753
0.3634222447872162 -1.8669182062149048 90.92286682128906 -0.004685911349952221 -0.000494814186822623 -421.0  738512.6552975759
0.3634199798107147 -1.8669754266738892 90.698486328125 -0.005659251473844051 0.0003449767827987671 -379.0  738512.6552976979
0.36340785026550293 -1.8670473098754883 90.47520446777344 -0.007000516168773174 0.0012671609874814749 -416.0  738512.6552978157
0.3633856475353241 -1.8671375513076782 90.24530792236328 -0.008687122724950314 0.0022394522093236446 -360.0  738512.6552979328
0.3633541166782379 -1.8672490119934082 90.0250015258789 -0.010680028237402439 0.003171496093273163 -440.0  738512.6552980575
0.3633148968219757 -1.8673847913742065 89.78656005859375 -0.012966708280146122 0.0038879835046827793 -370.0  738512.655298155
0.3652793765068054 -1.8668030500411987 89.57633972167969 -0.007341594435274601 -0.01733493246138096 -391.0  738512.6552982766
0.36544835567474365 -1.8669127225875854 89.33358764648438 -0.010041462257504463 -0.01701953634619713 -372.0  738512.6552984021
0.365614652633667 -1.8670504093170166 89.0919418334961 -0.012831374071538448 -0.016947688534855843 -404.0  738512.6552985176
0.36577823758125305 -1.8672149181365967 88.84645080566406 -0.015438148751854897 -0.016845952719449997 -430.0  738512.6552986335
0.3659381866455078 -1.8674038648605347 88.60094451904297 -0.017841270193457603 -0.016768241301178932 -423.0  738512.6552987383
0.3660926818847656 -1.8676148653030396 88.34970092773438 -0.020020192489027977 -0.016508053988218307 -437.0  738512.6552988722
0.3662392497062683 -1.867845058441162 88.09613037109375 -0.02187219075858593 -0.01608322747051716 -517.0  738512.6552989808
0.36637499928474426 -1.8680915832519531 87.8264389038086 -0.023507822304964066 -0.01537956390529871 -427.0  738512.6552990855
0.3665090799331665 -1.868377923965454 87.54322052001953 -0.025007283315062523 -0.01440688967704773 -481.0  738512.6552992129
0.36661505699157715 -1.8686487674713135 87.28887176513672 -0.026057308539748192 -0.013191388919949532 -433.0  738512.6552993192
0.36830034852027893 -1.868719220161438 87.03622436523438 -0.023908672854304314 -0.02808261290192604 -450.0  738512.6552994472
0.3685353398323059 -1.8689823150634766 86.7768325805664 -0.024600587785243988 -0.026478752493858337 -446.0  738512.655299561
0.36875244975090027 -1.869249701499939 86.50608825683594 -0.02505658194422722 -0.024890992790460587 -424.0  738512.6552996775
0.36895307898521423 -1.8695199489593506 86.252197265625 -0.025414662435650826 -0.023374170064926147 -433.0  738512.6552997907
0.3691384792327881 -1.869792103767395 85.99925994873047 -0.025728704407811165 -0.02190040983259678 -482.0  738512.6552999151
0.3693098723888397 -1.8700652122497559 85.73765563964844 -0.026036927476525307 -0.020655635744333267 -366.0  738512.6553000087
0.36946818232536316 -1.8703378438949585 85.50652313232422 -0.02621164545416832 -0.01956728845834732 -356.0  738512.6553001283
0.3696138560771942 -1.8706085681915283 85.28881072998047 -0.026235569268465042 -0.01848268322646618 -367.0  738512.6553002502
0.369747132062912 -1.8708759546279907 85.06949615478516 -0.026102496311068535 -0.01749207079410553 -347.0  738512.6553003544
0.3698676526546478 -1.8711386919021606 84.85401916503906 -0.025766732171177864 -0.016454648226499557 -362.0  738512.6553004812
0.3731648623943329 -1.872143030166626 84.65868377685547 -0.030208785086870193 -0.05123742297291756 -355.0  738512.6553005974
0.37360888719558716 -1.8724768161773682 84.47327423095703 -0.02952445112168789 -0.049984294921159744 -308.0  738512.6553007154
0.3740383982658386 -1.8728052377700806 84.29351043701172 -0.028892476111650467 -0.04851580038666725 -267.0  738512.6553008182
0.37445318698883057 -1.8731287717819214 84.11365509033203 -0.02838306501507759 -0.04708680137991905 -334.0  738512.6553009341
0.3748532831668854 -1.8734478950500488 83.94580078125 -0.027798643335700035 -0.04554729163646698 -218.0  738512.6553010598
0.37523922324180603 -1.873763084411621 83.7909927368164 -0.027370749041438103 -0.04405741021037102 -319.0  738512.6553011847
0.3756117522716522 -1.874075174331665 83.6338882446289 -0.0270428117364645 -0.0425788089632988 -262.0  738512.6553012958
0.3759719431400299 -1.8743846416473389 83.49866485595703 -0.02675246261060238 -0.041319482028484344 -226.0  738512.6553014024
0.3763207495212555 -1.8746920824050903 83.34237670898438 -0.026629073545336723 -0.0401502288877964 -128.0  738512.6553015328
0.3766585886478424 -1.874997615814209 83.25895690917969 -0.026843274012207985 -0.03923263028264046 -217.0  738512.6553016657
0.37698522210121155 -1.8753001689910889 83.13023376464844 -0.0271015465259552 -0.0381653793156147 -133.0  738512.6553018608
0.38141071796417236 -1.875619649887085 83.0407485961914 -0.02300686202943325 -0.07482025772333145 -225.0  738512.65530201
0.38209134340286255 -1.8759111166000366 82.91963958740234 -0.022700700908899307 -0.0737653523683548 -48.0  738512.6553023699
0.38276031613349915 -1.8761918544769287 82.85079956054688 -0.022374551743268967 -0.07281877845525742 -141.0  738512.6553023926
0.38341766595840454 -1.8764597177505493 82.76351928710938 -0.021367305889725685 -0.07180783897638321 -57.0  738512.6553024157
0.38406267762184143 -1.8767125606536865 82.70600128173828 -0.020248640328645706 -0.070833221077919 -164.0  738512.6553024503
0.38469380140304565 -1.876948595046997 82.63890838623047 -0.01892436109483242 -0.06966548413038254 -108.0  738512.6553025165
0.3853093087673187 -1.8771663904190063 82.59246826171875 -0.017364712432026863 -0.06860150396823883 -109.0  738512.6553026482
0.38590705394744873 -1.8773647546768188 82.55052947998047 -0.015739481896162033 -0.06715191155672073 -47.0  738512.6553026796
0.38648444414138794 -1.8775429725646973 82.51625061035156 -0.01386391744017601 -0.06551054865121841 37.0  738512.6553028012
0.38901495933532715 -1.878614068031311 82.51898193359375 -0.019289538264274597 -0.08728241920471191 -45.0  738512.6553029206
0.3897736072540283 -1.878857970237732 82.50328826904297 -0.01764168031513691 -0.08493208885192871 -30.0  738512.6553030554
0.3905027210712433 -1.8790805339813232 82.48666381835938 -0.015757223591208458 -0.08210615813732147 -75.0  738512.6553031423
0.39119893312454224 -1.8792810440063477 82.46647644042969 -0.013701939955353737 -0.07919435948133469 22.0  738512.6553032589
0.3918605446815491 -1.8794605731964111 82.45747375488281 -0.011907295323908329 -0.07582461833953857 5.0  738512.6553033815
0.392484188079834 -1.8796195983886719 82.44092559814453 -0.010258014313876629 -0.07232077419757843 -83.0  738512.6553034834
0.3930666744709015 -1.8797581195831299 82.39505004882812 -0.008535145781934261 -0.0684405267238617 18.0  738512.6553036014
0.39360785484313965 -1.8798776865005493 82.37712097167969 -0.007156830281019211 -0.06434101611375809 -30.0  738512.6553037305
0.39410749077796936 -1.8799793720245361 82.3558349609375 -0.005924548488110304 -0.060069091618061066 -10.0  738512.6553038349
0.3945641815662384 -1.8800629377365112 82.3488540649414 -0.0048531703650951385 -0.05569819360971451 -86.0  738512.6553039582
0.3949770927429199 -1.8801279067993164 82.315185546875 -0.0038292414974421263 -0.05130283907055855 3.0  738512.6553040557
0.40075793862342834 -1.8806854486465454 82.3052978515625 -0.0015929094515740871 -0.1040857583284378 -19.0  738512.6553041718
0.4016209840774536 -1.8807610273361206 82.29866027832031 -0.0006335582002066076 -0.09958721697330475 25.0  738512.6553043021
0.4024410843849182 -1.8808152675628662 82.29708862304688 0.0006814840016886592 -0.09504625201225281 14.0  738512.6553044029
0.40321895480155945 -1.8808472156524658 82.3051986694336 0.0021785132121294737 -0.09106045961380005 63.0  738512.6553045339
0.40395495295524597 -1.8808568716049194 82.33148193359375 0.00372257805429399 -0.08756566792726517 -26.0  738512.6553046439
0.40471604466438293 -1.8808420896530151 82.34701538085938 0.005476484540849924 -0.08340241014957428 93.0  738512.6553047674
0.40536272525787354 -1.8808058500289917 82.37866973876953 0.007086560130119324 -0.07972690463066101 89.0  738512.6553048731
0.40596339106559753 -1.8807475566864014 82.40845489501953 0.008812665939331055 -0.07610610127449036 87.0  738512.655304984
0.4065130650997162 -1.8806662559509277 82.45097351074219 0.010318286716938019 -0.07199589163064957 78.0  738512.6553051071
0.40968483686447144 -1.881317377090454 82.49825286865234 0.0074339332059025764 -0.09787912666797638 102.0  738512.65530522
0.4104289710521698 -1.8812764883041382 82.5605239868164 0.008825507946312428 -0.09306156635284424 98.0  738512.6553053344
0.41111528873443604 -1.881212830543518 82.61046600341797 0.010101409628987312 -0.08762247860431671 128.0  738512.6553054538
0.41173988580703735 -1.8811253309249878 82.67328643798828 0.011476574465632439 -0.08214204013347626 19.0  738512.6553055699
0.4123033583164215 -1.8810144662857056 82.71324157714844 0.013168832287192345 -0.07627268135547638 136.0  738512.6553056862
0.41280797123908997 -1.880881667137146 82.77032470703125 0.014785430394113064 -0.07027217000722885 30.0  738512.6553058007
0.41325223445892334 -1.8807271718978882 82.7990493774414 0.01657486893236637 -0.06397276371717453 101.0  738512.6553059053
0.4136321246623993 -1.8805506229400635 82.84857177734375 0.01795940287411213 -0.05751648545265198 125.0  738512.6553060311
0.4139457941055298 -1.880352258682251 82.90361785888672 0.019286086782813072 -0.051391441375017166 75.0  738512.6553061381
0.4163219928741455 -1.8792721033096313 82.94017791748047 0.03435847535729408 -0.06850068271160126 144.0  738512.655306255
0.416753888130188 -1.8789280652999878 83.01068115234375 0.03574403002858162 -0.06226310506463051 95.0  738512.6553063784
0.4171174168586731 -1.8785642385482788 83.05203247070312 0.037152767181396484 -0.055635932832956314 38.0  738512.6553064935
0.41741496324539185 -1.878182291984558 83.10767364501953 0.03861381858587265 -0.04954347386956215 72.0  738512.6553066092
0.41764771938323975 -1.877784013748169 83.14572143554688 0.04014907777309418 -0.04302654415369034 49.0  738512.6553067147
0.41781511902809143 -1.8773709535598755 83.19416046142578 0.04175849258899689 -0.03705122321844101 102.0  738512.6553068307
0.4179169833660126 -1.8769454956054688 83.25315856933594 0.043013520538806915 -0.030974121764302254 115.0  738512.6553069493
0.4179550111293793 -1.8765102624893188 83.30439758300781 0.04393243417143822 -0.02501610666513443 86.0  738512.6553070633
0.4179295003414154 -1.8760671615600586 83.36070251464844 0.04449513182044029 -0.018906977027654648 117.0  738512.6553071804
0.41783860325813293 -1.8756176233291626 83.40872955322266 0.04476297274231911 -0.012309473939239979 120.0  738512.655307304
0.4176831543445587 -1.875162959098816 83.46332550048828 0.04479674622416496 -0.0060157557018101215 103.0  738512.6553074048
0.42086100578308105 -1.8751353025436401 83.51246643066406 0.04411883279681206 -0.03648192062973976 21.0  738512.6553075354
0.42091646790504456 -1.8747153282165527 83.53378295898438 0.043968234211206436 -0.02967282384634018 134.0  738512.6553076477
0.4209120273590088 -1.8742917776107788 83.59770965576172 0.04362333565950394 -0.023255515843629837 108.0  738512.6553077593
0.4208505153656006 -1.873865008354187 83.68514251708984 0.043264202773571014 -0.016720924526453018 387.0  738512.6553078803
0.4207327365875244 -1.8734352588653564 83.94022369384766 0.04286670312285423 -0.010759822092950344 602.0  738512.6553079853
0.42056018114089966 -1.8730027675628662 84.32159423828125 0.04231758415699005 -0.004890642128884792 812.0  738512.6553081139
0.42033547163009644 -1.8725676536560059 84.82470703125 0.041901543736457825 0.00083895557327196 1130.0  738512.6553082279
0.42006051540374756 -1.8721299171447754 85.45783233642578 0.04163438454270363 0.00627072062343359 1353.0  738512.6553083401
0.4197375774383545 -1.8716895580291748 86.221923828125 0.041700344532728195 0.011311222799122334 1435.0  738512.6553084567
0.4223644733428955 -1.8724262714385986 87.08154296875 0.030217571184039116 -0.013958456926047802 1581.0  738512.6553085726
0.42230138182640076 -1.8721190690994263 88.01805114746094 0.030396245419979095 -0.009264306165277958 1809.0  738512.6553086841
0.42219600081443787 -1.8718104362487793 89.04923248291016 0.030804604291915894 -0.004874728620052338 1855.0  738512.6553088
0.4220494329929352 -1.8715015649795532 90.11771392822266 0.03136252984404564 -0.0006198147893883288 1951.0  738512.6553089117
0.42186239361763 -1.871193766593933 91.23585510253906 0.03205323964357376 0.0034305325243622065 1991.0  738512.6553090283
0.4216356575489044 -1.8708888292312622 92.385009765625 0.03284233435988426 0.007295172195881605 1966.0  738512.6553091438
0.4213699698448181 -1.8705886602401733 93.54851531982422 0.0335853137075901 0.011139399372041225 2018.0  738512.6553092704
0.42106544971466064 -1.870295763015747 94.74645233154297 0.034436825662851334 0.014729972928762436 2039.0  738512.6553093734
0.42072173953056335 -1.8700132369995117 95.94818115234375 0.034958820790052414 0.018447577953338623 2019.0  738512.6553094998
0.4203391969203949 -1.869744062423706 97.1522216796875 0.035346709191799164 0.02198794111609459 2060.0  738512.6553096082
0.4199189245700836 -1.8694908618927002 98.36076354980469 0.03559597581624985 0.025632720440626144 2090.0  738512.6553097245
0.42419588565826416 -1.8693201541900635 99.56533813476562 0.028595181182026863 -0.021553946658968925 2016.0  738512.6553098517
0.4241800308227539 -1.8691127300262451 100.74869537353516 0.027315178886055946 -0.017744146287441254 2089.0  738512.6553099628
0.4241297245025635 -1.86892831325531 101.9385986328125 0.025828098878264427 -0.014102363027632236 1978.0  738512.6553100724
0.4240453243255615 -1.8687686920166016 103.09722137451172 0.023919623345136642 -0.010542442090809345 1990.0  738512.6553101939
0.4239281713962555 -1.8686339855194092 104.25741577148438 0.021813809871673584 -0.007127784192562103 1948.0  738512.6553102979
0.42376258969306946 -1.8685137033462524 105.51296997070312 0.019328013062477112 -0.0033960086293518543 1956.0  738512.6553104246
0.42357808351516724 -1.8684293031692505 106.65889739990234 0.01703593134880066 -0.0003163547080475837 1883.0  738512.6553105463
0.42335957288742065 -1.8683671951293945 107.74332427978516 0.014614548534154892 0.0028671715408563614 1905.0  738512.655310651
0.4231058359146118 -1.8683249950408936 108.80876922607422 0.012728970497846603 0.0062956176698207855 1864.0  738512.6553107756
0.4228147864341736 -1.8683000802993774 109.86152648925781 0.011354870162904263 0.009922107681632042 1712.0  738512.6553108803
0.42629721760749817 -1.8676440715789795 110.88104248046875 0.0024153408594429493 -0.026480544358491898 1702.0  738512.6553109962
0.4263406991958618 -1.8675763607025146 111.8819808959961 0.001380142173729837 -0.02231154963374138 1658.0  738512.6553111157
0.42634108662605286 -1.8675191402435303 112.84521484375 0.0012118081795051694 -0.017989618703722954 1702.0  738512.6553112312
0.42629653215408325 -1.8674705028533936 113.7905044555664 0.0013281477149575949 -0.013639331795275211 1603.0  738512.6553113508
0.42620575428009033 -1.867429256439209 114.70777893066406 0.0019916067831218243 -0.009109321981668472 1569.0  738512.6553114628
0.4260673522949219 -1.8673940896987915 115.6014633178711 0.003233735915273428 -0.004750874824821949 1487.0  738512.6553115848
0.42588070034980774 -1.8673642873764038 116.47191619873047 0.004655581433326006 -0.00027091294759884477 1451.0  738512.6553117007
0.425645649433136 -1.8673394918441772 117.30581665039062 0.006324423011392355 0.0043435776606202126 1408.0  738512.655311818
0.42536017298698425 -1.8673193454742432 118.11245727539062 0.008306700736284256 0.008964202366769314 1366.0  738512.65531192
0.4250228703022003 -1.867303729057312 118.88566589355469 0.010363288223743439 0.013707321137189865 1326.0  738512.6553120342
0.4276474714279175 -1.866083025932312 119.62938690185547 0.008329403586685658 -0.013290704227983952 1232.0  738512.6553121578
0.42750340700149536 -1.86595618724823 120.36336517333984 0.010317182168364525 -0.008538682013750076 1165.0  738512.6553122628
0.42730793356895447 -1.8658324480056763 121.0374755859375 0.012428773567080498 -0.00367252086289227 1139.0  738512.6553123837
0.4270617663860321 -1.8657108545303345 121.69822692871094 0.015023150481283665 0.0008882339461706579 1115.0  738512.6553124965
0.4267658293247223 -1.8655906915664673 122.31976318359375 0.01749614253640175 0.005589271429926157 1099.0  738512.6553126122
0.4264208972454071 -1.865471363067627 122.93311309814453 0.020505204796791077 0.0099808843806386 998.0  738512.6553127349
0.42602628469467163 -1.8653522729873657 123.51702117919922 0.023659158498048782 0.014348830096423626 943.0  738512.6553128397
0.4255814850330353 -1.8652334213256836 124.07808685302734 0.027035079896450043 0.01869839057326317 952.0  738512.6553129636
0.42508792877197266 -1.8651149272918701 124.63002014160156 0.03044159896671772 0.022939739748835564 852.0  738512.6553130787
0.42454686760902405 -1.8649972677230835 125.13578033447266 0.033725839108228683 0.027028512209653854 876.0  738512.6553131943
0.4278223216533661 -1.862429141998291 125.62909698486328 0.034274034202098846 -0.019469622522592545 817.0  738512.6553133093
0.4276190400123596 -1.8620409965515137 126.09061431884766 0.036986447870731354 -0.0154596958309412 794.0  738512.6553134237
0.427368700504303 -1.861654281616211 126.52230834960938 0.039709314703941345 -0.011541150510311127 730.0  738512.6553135434
0.4270718991756439 -1.8612687587738037 126.93060302734375 0.04271121323108673 -0.007749991957098246 669.0  738512.6553136486
0.426729679107666 -1.860884428024292 127.32388305664062 0.04569321870803833 -0.003994325175881386 647.0  738512.6553137649
0.42634397745132446 -1.8605016469955444 127.68672180175781 0.04883042350411415 -0.00030047193286009133 675.0  738512.6553139014
0.4259173274040222 -1.8601207733154297 128.04347229003906 0.051675986498594284 0.003223795909434557 560.0  738512.6553140082
0.42544952034950256 -1.8597427606582642 128.37789916992188 0.05449385568499565 0.006667726207524538 503.0  738512.655314121
0.4249389171600342 -1.8593684434890747 128.68572998046875 0.057115588337183 0.009971537627279758 575.0  738512.655314237
0.4243856966495514 -1.8589987754821777 128.98802185058594 0.05973045527935028 0.013416813686490059 486.0  738512.655314356
0.4251335859298706 -1.8571041822433472 129.26121520996094 0.06490101665258408 -0.0042022960260510445 448.0  738512.6553144698
0.4246276915073395 -1.8565936088562012 129.53602600097656 0.06725751608610153 -0.0007597520598210394 384.0  738512.6553145873
0.4240778684616089 -1.8560898303985596 129.7703857421875 0.06968537718057632 0.002930011134594679 291.0  738512.6553147017
0.423484206199646 -1.8555930852890015 129.99258422851562 0.07233426719903946 0.006612576078623533 310.0  738512.6553148169
0.4228469729423523 -1.855103850364685 130.1877899169922 0.07486692070960999 0.010395129211246967 346.0  738512.6553149332
0.4221663177013397 -1.8546230792999268 130.37518310546875 0.07766621559858322 0.014323990792036057 259.0  738512.6553150375
0.4214419424533844 -1.8541520833969116 130.5610809326172 0.08027026802301407 0.018127048388123512 276.0  738512.6553151647
0.4206736087799072 -1.8536933660507202 130.729248046875 0.08267558366060257 0.022039160132408142 316.0  738512.6553152694
0.41986334323883057 -1.8532487154006958 130.8814239501953 0.08478349447250366 0.026116134598851204 293.0  738512.6553153903
0.4190140962600708 -1.8528192043304443 131.05419921875 0.08670084178447723 0.03011111542582512 223.0  738512.6553155065
0.42049381136894226 -1.8499552011489868 131.18643188476562 0.09143567085266113 -0.0032435618340969086 168.0  738512.6553156164
0.4198351204395294 -1.8492876291275024 131.2958984375 0.09269494563341141 0.0006693929899483919 275.0  738512.6553157321
0.4191429913043976 -1.8486379384994507 131.43312072753906 0.09371162950992584 0.0046826256439089775 89.0  738512.6553158589
0.4184178411960602 -1.848007321357727 131.5228271484375 0.09471212327480316 0.008572240360081196 257.0  738512.6553159732
0.4176607131958008 -1.8473960161209106 131.6341552734375 0.09551861137151718 0.012414718046784401 112.0  738512.6553160878
0.41687220335006714 -1.8468049764633179 131.7244110107422 0.09636333584785461 0.01608530804514885 149.0  738512.6553161953
0.41605275869369507 -1.8462355136871338 131.8072967529297 0.0969376415014267 0.019811607897281647 121.0  738512.6553163187
0.4152032136917114 -1.845689058303833 131.87765502929688 0.09735331684350967 0.023494495078921318 156.0  738512.6553164511
0.41432368755340576 -1.8451670408248901 131.95008850097656 0.09762682020664215 0.02726724185049534 105.0  738512.6553165471
0.41341423988342285 -1.8446708917617798 132.01748657226562 0.09790018200874329 0.031009361147880554 167.0  738512.6553166638
0.4124762713909149 -1.844200849533081 132.08401489257812 0.09798890352249146 0.03490094095468521 38.0  738512.6553167779
0.4140804409980774 -1.841269612312317 132.13429260253906 0.09912863373756409 0.005627003498375416 53.0  738512.6553168898
0.41332343220710754 -1.84062659740448 132.1686553955078 0.09893917292356491 0.009696305729448795 -7.0  738512.6553170132
0.412540078163147 -1.8400129079818726 132.20176696777344 0.09866484999656677 0.013698301278054714 98.0  738512.6553171214
0.41173091530799866 -1.8394302129745483 132.25668334960938 0.09818973392248154 0.017713898792862892 53.0  738512.6553172362
0.4108964800834656 -1.838880181312561 132.3009033203125 0.097625233232975 0.02178121916949749 10.0  738512.6553173519
0.41003814339637756 -1.8383636474609375 132.33238220214844 0.09686022251844406 0.02588716149330139 100.0  738512.6553174709
0.4091576933860779 -1.8378809690475464 132.37039184570312 0.09588105976581573 0.02992701530456543 37.0  738512.6553175901
0.40825602412223816 -1.8374334573745728 132.3746337890625 0.09474584460258484 0.03408284857869148 68.0  738512.6553177041
0.4073341190814972 -1.837022066116333 132.41468811035156 0.09352084249258041 0.037998996675014496 -45.0  738512.65531782
0.40828943252563477 -1.8338998556137085 132.42527770996094 0.10025855153799057 0.0062952833250164986 39.0  738512.6553179335
0.4075413644313812 -1.8332576751708984 132.43588256835938 0.09869206696748734 0.010296580381691456 58.0  738512.6553180513
0.40677616000175476 -1.8326547145843506 132.44317626953125 0.0969369113445282 0.01426777895539999 12.0  738512.6553181751
0.4059951603412628 -1.8320904970169067 132.44241333007812 0.09507577866315842 0.018163027241826057 -54.0  738512.6553182793
0.4051991403102875 -1.8315647840499878 132.43869018554688 0.09317084401845932 0.021986452862620354 -61.0  738512.6553184012
0.4043884575366974 -1.8310774564743042 132.42819213867188 0.09130365401506424 0.025762345641851425 -20.0  738512.6553185233
0.4035630524158478 -1.8306291103363037 132.42501831054688 0.08937425911426544 0.02955648861825466 -24.0  738512.6553186239
0.4027229845523834 -1.8302202224731445 132.40016174316406 0.08748139441013336 0.03341135382652283 60.0  738512.6553187505
0.40186864137649536 -1.8298513889312744 132.4154815673828 0.08544903248548508 0.037194784730672836 -78.0  738512.6553188496
0.4010002613067627 -1.8295241594314575 132.40354919433594 0.08329036831855774 0.04108459874987602 -47.0  738512.6553189734
0.4033733308315277 -1.828119158744812 132.39691162109375 0.06782974302768707 0.01296349335461855 -9.0  738512.6553190977
0.4028020203113556 -1.8277661800384521 132.37655639648438 0.06550056487321854 0.017096107825636864 86.0  738512.6553192039
0.40221789479255676 -1.827457070350647 132.3936004638672 0.06307213753461838 0.021182309836149216 -19.0  738512.6553193196
0.4016215205192566 -1.827195167541504 132.38954162597656 0.060386739671230316 0.025267235934734344 6.0  738512.6553194416
0.40101364254951477 -1.8269823789596558 132.36949157714844 0.05760946497321129 0.029326586052775383 0.0  738512.6553195694
0.4003950357437134 -1.8268178701400757 132.3688201904297 0.054817114025354385 0.033373285084962845 -76.0  738512.6553196673
0.3997665047645569 -1.826701283454895 132.3405303955078 0.05189547687768936 0.03737591207027435 -45.0  738512.6553197848
0.39912858605384827 -1.8266329765319824 132.33322143554688 0.0489753820002079 0.04124070703983307 -12.0  738512.6553199016
0.39848142862319946 -1.8266125917434692 132.3229522705078 0.04607405140995979 0.045103758573532104 -162.0  738512.6553200237
0.39782530069351196 -1.826637864112854 132.2894287109375 0.04316921904683113 0.04888700693845749 -48.0  738512.6553201381
0.3991411328315735 -1.8229410648345947 132.25543212890625 0.05505562946200371 0.011771700344979763 -84.0  738512.6553202542
0.39867204427719116 -1.8226615190505981 132.234375 0.05247034877538681 0.015512430109083652 -49.0  738512.6553203715
0.398191899061203 -1.8224258422851562 132.20216369628906 0.04995761439204216 0.019301051273941994 -101.0  738512.6553204905
0.39770036935806274 -1.8222324848175049 132.16094970703125 0.047536611557006836 0.0229768306016922 -53.0  738512.6553206049
0.3971971273422241 -1.8220789432525635 132.11390686035156 0.04516694322228432 0.02665674313902855 -26.0  738512.6553207214
0.39668118953704834 -1.8219619989395142 132.0732879638672 0.042998261749744415 0.030217699706554413 -64.0  738512.655320826
0.3961506485939026 -1.8218762874603271 132.01434326171875 0.04135037213563919 0.03365930914878845 -129.0  738512.655320942
0.39560118317604065 -1.8218148946762085 131.9653778076172 0.040611300617456436 0.0367884486913681 -30.0  738512.6553210792
0.3950265645980835 -1.8217672109603882 131.93043518066406 0.04102974012494087 0.039635371416807175 -71.0  738512.6553211783
0.3944202661514282 -1.8217201232910156 131.86468505859375 0.042889658361673355 0.04215618222951889 -59.0  738512.6553212942
0.39734408259391785 -1.8214298486709595 131.8091583251953 0.022646738216280937 0.013563470914959908 -23.0  738512.655321415
0.39703869819641113 -1.821312427520752 131.7749786376953 0.02830292098224163 0.015153016895055771 -60.0  738512.6553215322
0.39667513966560364 -1.8211474418640137 131.7378692626953 0.03586544096469879 0.01633727177977562 -79.0  738512.6553216444
0.39624491333961487 -1.820919394493103 131.6963348388672 0.045345649123191833 0.01711704581975937 -14.0  738512.6553217714
0.3957398235797882 -1.820613980293274 131.6667938232422 0.05661149322986603 0.017543558031320572 -54.0  738512.6553218709
0.39515119791030884 -1.820217490196228 131.63404846191406 0.0693533644080162 0.017726490274071693 -13.0  738512.6553220043
0.3944721817970276 -1.8197190761566162 131.6177978515625 0.08332527428865433 0.01765608973801136 -71.0  738512.6553221202
0.3936954140663147 -1.8191090822219849 131.58319091796875 0.09826590120792389 0.01759197562932968 3.0  738512.6553222134
0.39281439781188965 -1.8183802366256714 131.55760192871094 0.11388306319713593 0.01748744025826454 -35.0  738512.655322346
0.3918273448944092 -1.817531943321228 131.54908752441406 0.1299261748790741 0.017471225932240486 -36.0  738512.6553224565
0.3907351791858673 -1.81656813621521 131.52874755859375 0.1461070328950882 0.017721964046359062 -82.0  738512.6553225938
0.39195361733436584 -1.8119392395019531 131.50955200195312 0.1740095615386963 -0.020849615335464478 3.0  738512.6553226892
0.3908693492412567 -1.8104103803634644 131.4964141845703 0.19019459187984467 -0.020108245313167572 -63.0  738512.655322794
0.3896733224391937 -1.8087682723999023 131.47824096679688 0.2062460333108902 -0.019132452085614204 -54.0  738512.6553229106
0.3883647918701172 -1.8070145845413208 131.4607696533203 0.22217315435409546 -0.017997870221734047 26.0  738512.6553230414
0.3869439661502838 -1.8051507472991943 131.44403076171875 0.237947016954422 -0.016786331310868263 -4.0  738512.6553231549
0.38541123270988464 -1.803177833557129 131.44149780273438 0.2535546123981476 -0.015575668774545193 -87.0  738512.6553232514
0.3837690055370331 -1.8010978698730469 131.43130493164062 0.2691167891025543 -0.01439733151346445 -55.0  738512.6553233812
0.38201844692230225 -1.7989109754562378 131.40745544433594 0.28465476632118225 -0.013210433535277843 -2.0  738512.6553234973
0.3801589608192444 -1.7966148853302002 131.39212036132812 0.3002098798751831 -0.012195060029625893 -57.0  738512.6553236018
0.3822827935218811 -1.7943387031555176 131.3857879638672 0.2803761065006256 -0.04586122930049896 -48.0  738512.6553237217
0.38067707419395447 -1.791833758354187 131.37376403808594 0.2958531379699707 -0.0450943186879158 0.0  738512.6553238505
0.37896454334259033 -1.7892166376113892 131.35626220703125 0.31122735142707825 -0.044416408985853195 -83.0  738512.6553239503
0.3771477937698364 -1.7864887714385986 131.3612518310547 0.3264315724372864 -0.04396501183509827 42.0  738512.655324069
0.37522873282432556 -1.7836518287658691 131.35475158691406 0.3414075970649719 -0.04346773028373718 14.0  738512.6553241854
0.37320810556411743 -1.780706763267517 131.35047912597656 0.3561744689941406 -0.04306025803089142 45.0  738512.6553242967
0.3710859417915344 -1.777654767036438 131.369384765625 0.37063974142074585 -0.04266820847988129 -101.0  738512.6553244143
0.3688635230064392 -1.7744998931884766 131.37037658691406 0.38477978110313416 -0.04205717146396637 59.0  738512.6553245299
0.36654141545295715 -1.771246075630188 131.3737030029297 0.39856046438217163 -0.04114898294210434 8.0  738512.655324669
0.36412155628204346 -1.7678985595703125 131.38356018066406 0.41194474697113037 -0.040153708308935165 19.0  738512.6553247621
0.3616065979003906 -1.7644627094268799 131.3763427734375 0.4249610900878906 -0.03877899795770645 44.0  738512.6553248949
0.3586274981498718 -1.7527196407318115 131.38316345214844 0.4997630715370178 -0.08857166767120361 4.0  738512.6553249875
0.35589084029197693 -1.7483068704605103 131.38986206054688 0.5121538639068604 -0.08698918670415878 -12.0  738512.6553251103
0.3530634343624115 -1.7438163757324219 131.3848876953125 0.524205207824707 -0.08527936786413193 52.0  738512.6553252201
0.35014602541923523 -1.7392503023147583 131.3977813720703 0.5357541441917419 -0.08361196517944336 0.0  738512.6553253382
0.34714198112487793 -1.734613060951233 131.40956115722656 0.5468490719795227 -0.08196176588535309 60.0  738512.6553254535
0.34405550360679626 -1.7299100160598755 131.4293212890625 0.5573148727416992 -0.08030837029218674 -46.0  738512.6553255911
0.34088924527168274 -1.7251455783843994 131.4330596923828 0.5672085285186768 -0.07842397689819336 43.0  738512.6553257066
0.33764564990997314 -1.7203246355056763 131.45098876953125 0.5764294862747192 -0.0765964537858963 21.0  738512.6553258039
0.3343290388584137 -1.7154536247253418 131.4536895751953 0.5850326418876648 -0.07447119802236557 57.0  738512.6553259217
0.3385501205921173 -1.7170164585113525 131.47512817382812 0.47881394624710083 -0.08835406601428986 15.0  738512.6553260374
0.33598095178604126 -1.7128158807754517 131.48822021484375 0.4859541952610016 -0.08594661951065063 -52.0  738512.6553261424
0.33335089683532715 -1.7085845470428467 131.4865264892578 0.49239876866340637 -0.08328849822282791 40.0  738512.6553262683
0.3306630849838257 -1.7043280601501465 131.51596069335938 0.49807530641555786 -0.08073588460683823 -41.0  738512.6553263942
0.3279195725917816 -1.7000516653060913 131.52320861816406 0.5031569600105286 -0.07783662527799606 -71.0  738512.6553265126
0.32512393593788147 -1.6957601308822632 131.51307678222656 0.5078033208847046 -0.07470797747373581 35.0  738512.6553266258
0.32227832078933716 -1.6914564371109009 131.5192108154297 0.512050449848175 -0.0716906487941742 -42.0  738512.6553267267
0.3193819224834442 -1.6871423721313477 131.52099609375 0.5160823464393616 -0.06859695911407471 -35.0  738512.6553268435
0.3161367177963257 -1.6823861598968506 131.5122528076172 0.5204083323478699 -0.06508413702249527 44.0  738512.655326958
0.3131348788738251 -1.678053379058838 131.51620483398438 0.5242667198181152 -0.06201906502246857 27.0  738512.6553270638
0.3078855276107788 -1.6628981828689575 131.51368713378906 0.6300409436225891 -0.11881934851408005 -14.0  738512.6553272019
0.3045497536659241 -1.6573864221572876 131.5191650390625 0.6339051127433777 -0.11585360020399094 12.0  738512.655327328
0.30116528272628784 -1.651865839958191 131.52749633789062 0.6377615928649902 -0.11289308220148087 0.0  738512.6553274323
0.29773223400115967 -1.6463367938995361 131.53236389160156 0.6415543556213379 -0.10999030619859695 -14.0  738512.65532763
0.2942516505718231 -1.6408003568649292 131.54843139648438 0.6452826261520386 -0.10713048279285431 20.0  738512.6553277108
0.2907247245311737 -1.6352589130401611 131.55763244628906 0.6487634778022766 -0.10406079888343811 34.0  738512.65532778
0.2871530055999756 -1.6297158002853394 131.5914764404297 0.651922345161438 -0.10118123143911362 33.0  738512.6553278918
0.2835384011268616 -1.6241753101348877 131.61656188964844 0.6545335650444031 -0.09798447042703629 -12.0  738512.6553280045
0.2798830270767212 -1.618642807006836 131.65223693847656 0.6566564440727234 -0.09469574689865112 49.0  738512.6553281466
0.2761886417865753 -1.613123893737793 131.68116760253906 0.6581723093986511 -0.09105437994003296 60.0  738512.6553282555
0.27245742082595825 -1.6076246500015259 131.71046447753906 0.6590908169746399 -0.08723873645067215 62.0  738512.6553283494
0.2802600860595703 -1.6137837171554565 131.7362823486328 0.5039454102516174 -0.0910516083240509 67.0  738512.6553284616
0.2775619924068451 -1.609442949295044 131.7635498046875 0.5035457611083984 -0.08686861395835876 32.0  738512.6553285812
0.27483561635017395 -1.605137825012207 131.78062438964844 0.5026251673698425 -0.08251240849494934 -39.0  738512.6553287008
0.27208369970321655 -1.6008716821670532 131.7688751220703 0.501325249671936 -0.07785335183143616 24.0  738512.6553287996
0.26930832862854004 -1.5966461896896362 131.77955627441406 0.49973076581954956 -0.07344208657741547 30.0  738512.655328928
0.2665101885795593 -1.5924630165100098 131.77377319335938 0.49804437160491943 -0.06892740726470947 -64.0  738512.6553290382
0.2636888921260834 -1.5883222818374634 131.77896118164062 0.4964430332183838 -0.06463055312633514 -48.0  738512.6553291486
0.26084432005882263 -1.5842204093933105 131.76963806152344 0.49509403109550476 -0.06030084565281868 -51.0  738512.655329267
0.25797590613365173 -1.580152988433838 131.76376342773438 0.49413710832595825 -0.056154437363147736 -53.0  738512.6553293931
0.2517758011817932 -1.5637011528015137 131.7758331298828 0.6204476356506348 -0.11642404645681381 -78.0  738512.6553295166
0.24848514795303345 -1.5583186149597168 131.7764129638672 0.6204982399940491 -0.11260399222373962 -19.0  738512.6553296151
0.2451624870300293 -1.5529582500457764 131.77969360351562 0.6210476756095886 -0.10891839116811752 54.0  738512.655329743
0.24180586636066437 -1.547615885734558 131.7823028564453 0.6220634579658508 -0.10528595745563507 12.0  738512.6553298605
0.23841318488121033 -1.542288899421692 131.80880737304688 0.6233245134353638 -0.1020214632153511 -25.0  738512.6553299803
0.23498231172561646 -1.53697669506073 131.82662963867188 0.6247878074645996 -0.09854959696531296 73.0  738512.6553300751
0.2315129041671753 -1.5316802263259888 131.85984802246094 0.6261112689971924 -0.09515678882598877 105.0  738512.655330192
0.22800609469413757 -1.5264016389846802 131.90158081054688 0.6272672414779663 -0.09163423627614975 40.0  738512.6553303039
0.2244630753993988 -1.521144151687622 131.93783569335938 0.6281160116195679 -0.08781915158033371 84.0  738512.6553304301
0.22088506817817688 -1.5159121751785278 131.99903869628906 0.6284719705581665 -0.08403582870960236 12.0  738512.6553305626
0.2172728031873703 -1.5107115507125854 132.05062866210938 0.6283277869224548 -0.07986442744731903 -1.0  738512.6553306619
0.2136276513338089 -1.5055477619171143 132.0810546875 0.6277366876602173 -0.07527553290128708 17.0  738512.6553307731
0.22421777248382568 -1.5151605606079102 132.1215057373047 0.45309358835220337 -0.07594328373670578 41.0  738512.6553309063
0.2217208743095398 -1.5113270282745361 132.16802978515625 0.4516114294528961 -0.07116379588842392 62.0  738512.6553310225
0.21919743716716766 -1.5075401067733765 132.1777801513672 0.44984620809555054 -0.06611012667417526 90.0  738512.65533114
0.21665015816688538 -1.5037999153137207 132.20448303222656 0.44782739877700806 -0.06127001717686653 5.0  738512.6553312442
0.21408022940158844 -1.5001076459884644 132.24429321289062 0.44566041231155396 -0.05666450411081314 -49.0  738512.6553313608
0.21148830652236938 -1.496463656425476 132.25173950195312 0.4435439705848694 -0.05198391154408455 -41.0  738512.6553314903
0.20887471735477448 -1.4928648471832275 132.26463317871094 0.44165846705436707 -0.047593917697668076 -59.0  738512.6553315835
0.2062384933233261 -1.4893070459365845 132.27761840820312 0.4401876926422119 -0.043419402092695236 -10.0  738512.6553316972
0.20085769891738892 -1.4755977392196655 132.28506469726562 0.5539777278900146 -0.09848111867904663 54.0  738512.6553318112
0.1978367120027542 -1.4708575010299683 132.2871551513672 0.5537049770355225 -0.09473734349012375 11.0  738512.655331928
0.19478538632392883 -1.4661403894424438 132.29434204101562 0.5541335344314575 -0.09123215079307556 24.0  738512.6553320425
0.19170039892196655 -1.461439609527588 132.25643920898438 0.5553329586982727 -0.0874306783080101 -93.0  738512.6553321558
0.18857908248901367 -1.456749677658081 132.20162963867188 0.5571731328964233 -0.08363121747970581 -64.0  738512.6553322735
0.1854182928800583 -1.4520666599273682 132.14529418945312 0.5594542026519775 -0.07977323979139328 -143.0  738512.6553323896
0.1822141408920288 -1.447388768196106 132.09811401367188 0.5620905756950378 -0.07590445876121521 -131.0  738512.6553325051
0.17863701283931732 -1.4422487020492554 132.01502990722656 0.5651368498802185 -0.07112333178520203 -202.0  738512.6553326199
0.17533789575099945 -1.4375821352005005 131.9049530029297 0.5679373145103455 -0.06619268655776978 -214.0  738512.6553327355
0.1719934642314911 -1.4329235553741455 131.78237915039062 0.5705872178077698 -0.06086746230721474 -163.0  738512.6553328525
0.1686018705368042 -1.4282759428024292 131.6671600341797 0.5730651021003723 -0.05527207627892494 -235.0  738512.655332967
0.1749231368303299 -1.432681679725647 131.5518035888672 0.4573071300983429 -0.06025807559490204 -338.0  738512.6553330815
0.17230555415153503 -1.4288735389709473 131.407470703125 0.4593473970890045 -0.05426790565252304 -276.0  738512.6553331977
0.16964136064052582 -1.4250844717025757 131.2310028076172 0.4610368013381958 -0.04801815748214722 -212.0  738512.6553333112
0.16693250834941864 -1.4213154315948486 131.09378051757812 0.46256959438323975 -0.042136434465646744 -244.0  738512.6553334366
0.1641799807548523 -1.4175664186477661 131.09378051757812 0.46398448944091797 -0.03638045862317085 -199.0  738512.6553335446
0.16138514876365662 -1.4138360023498535 130.9480743408203 0.4654274582862854 -0.030727848410606384 -274.0  738512.6553336608
0.15855050086975098 -1.4101204872131348 130.77877807617188 0.467082142829895 -0.025463521480560303 -293.0  738512.655333776
0.15567646920681 -1.4064154624938965 130.61727905273438 0.4691309928894043 -0.020381679758429527 -226.0  738512.6553338936
0.15276087820529938 -1.4027163982391357 130.44195556640625 0.47160232067108154 -0.015132822096347809 -351.0  738512.655334005
0.15213751792907715 -1.397428274154663 130.22023010253906 0.4714966416358948 -0.04146050661802292 -356.0  738512.6553341192
0.14939546585083008 -1.3935471773147583 129.99832153320312 0.4750616252422333 -0.03681663051247597 -357.0  738512.655334238
0.1466047465801239 -1.3896559476852417 129.80184936523438 0.4791305959224701 -0.031908068805933 -420.0  738512.6553343547
0.14376316964626312 -1.3857498168945312 129.5591583251953 0.48355385661125183 -0.027287451550364494 -406.0  738512.6553344704
0.14087074995040894 -1.3818261623382568 129.3396453857422 0.48830118775367737 -0.022502867504954338 -392.0  738512.6553345863
0.1379266232252121 -1.3778825998306274 129.10165405273438 0.49324357509613037 -0.017810726538300514 -391.0  738512.6553347018
0.13493087887763977 -1.3739184141159058 128.87135314941406 0.498258501291275 -0.012938478030264378 -429.0  738512.6553348122
0.13188357651233673 -1.369933009147644 128.62750244140625 0.5034037828445435 -0.008061472326517105 -439.0  738512.6553349281
0.1287841647863388 -1.3659257888793945 128.39088439941406 0.5085723400115967 -0.0029001834336668253 -459.0  738512.6553350429
0.12563249468803406 -1.3618965148925781 128.1298065185547 0.513633131980896 0.0021797390654683113 -529.0  738512.6553351694
0.1260347068309784 -1.3583838939666748 127.87621307373047 0.492397278547287 -0.017540570348501205 -473.0  738512.6553352781
0.12313474714756012 -1.3543634414672852 127.590576171875 0.49717995524406433 -0.012318131513893604 -527.0  738512.6553354198
0.12018407881259918 -1.3503214120864868 127.2979965209961 0.5018315315246582 -0.0070492238737642765 -430.0  738512.6553355237
0.11718347668647766 -1.3462576866149902 126.99613189697266 0.506331741809845 -0.00174909015186131 -492.0  738512.6553356337
0.11413439363241196 -1.3421721458435059 126.6832275390625 0.5107601881027222 0.0032479509245604277 -496.0  738512.6553357436
0.1110382080078125 -1.338064432144165 126.39804077148438 0.5151634812355042 0.00833236612379551 -601.0  738512.6553358592
