-0.48460420966148376 -2.476872205734253 88.09014129638672 -0.008041243068873882 -0.002111931564286351 -2.0  738546.6715228019
-0.48458385467529297 -2.476963758468628 88.09029388427734 -0.010141652077436447 -0.002566817682236433 0.0  738546.6715229027
-0.4845598042011261 -2.477076292037964 88.08920288085938 -0.012171337381005287 -0.002989779692143202 -1.0  738546.6715230335
-0.4845316708087921 -2.477208137512207 88.08939361572266 -0.014014835469424725 -0.0035115776117891073 0.0  738546.6715231499
-0.4844989776611328 -2.477358818054199 88.08988952636719 -0.015898514539003372 -0.004029567819088697 -1.0  738546.6715232764
-0.48446187376976013 -2.477529287338257 88.08909606933594 -0.017918448895215988 -0.00452364282682538 -1.0  738546.671523387
-0.48441988229751587 -2.4777204990386963 88.08940124511719 -0.02003592811524868 -0.005146665498614311 2.0  738546.6715234958
-0.484374076128006 -2.477932929992676 88.0885238647461 -0.022119645029306412 -0.00542786717414856 4.0  738546.6715236056
-0.48432591557502747 -2.478165864944458 88.0903091430664 -0.02411331795156002 -0.005753162782639265 6.0  738546.6715237414
-0.4842745363712311 -2.4784188270568848 88.09127807617188 -0.026100561022758484 -0.006201428826898336 1.0  738546.6715238391
-0.48461589217185974 -2.475902795791626 88.09092712402344 -0.027808962389826775 -0.00667438842356205 3.0  738546.6715239522
-0.48455607891082764 -2.4761927127838135 88.09117126464844 -0.02974875085055828 -0.007215089630335569 0.0  738546.6715240685
-0.4844909906387329 -2.4765026569366455 88.09134674072266 -0.03176059573888779 -0.007857345044612885 0.0  738546.6715241814
-0.48442089557647705 -2.4768338203430176 88.09207153320312 -0.033948495984077454 -0.008356248959898949 -1.0  738546.6715243021
-0.48434731364250183 -2.477186441421509 88.09217071533203 -0.03605715185403824 -0.008701944723725319 -2.0  738546.671524411
-0.484270840883255 -2.477559804916382 88.09262084960938 -0.03805004060268402 -0.009071636013686657 0.0  738546.6715245316
-0.4841914474964142 -2.4779534339904785 88.09343719482422 -0.04009607061743736 -0.009415521286427975 -1.0  738546.6715246441
-0.4841092824935913 -2.4783685207366943 88.09392547607422 -0.04230765253305435 -0.009770922362804413 0.0  738546.6715247703
-0.48402416706085205 -2.4788060188293457 88.09303283691406 -0.044585324823856354 -0.01015437114983797 -1.0  738546.6715248781
-0.4848710894584656 -2.4768614768981934 88.09231567382812 -0.022307822480797768 -0.00023615015379618853 0.0  738546.6715249979
-0.48487338423728943 -2.477095127105713 88.09281158447266 -0.024392224848270416 -0.0008592618978582323 0.0  738546.671525126
-0.48486995697021484 -2.477349281311035 88.09121704101562 -0.026399770751595497 -0.0015171930426731706 0.0  738546.6715252347
-0.48486071825027466 -2.4776244163513184 88.0926284790039 -0.028517834842205048 -0.0021574993152171373 3.0  738546.6715253502
-0.4848462641239166 -2.4779205322265625 88.0928955078125 -0.030567243695259094 -0.0027011611964553595 0.0  738546.6715254656
-0.4848271906375885 -2.4782373905181885 88.09362030029297 -0.03263750672340393 -0.0032163034193217754 -2.0  738546.6715255813
-0.48480355739593506 -2.478574275970459 88.09343719482422 -0.03455232456326485 -0.0037483859341591597 0.0  738546.6715256965
-0.4847748875617981 -2.478930950164795 88.09319305419922 -0.03655414655804634 -0.0043516606092453 0.0  738546.6715258025
-0.48474156856536865 -2.4793083667755127 88.09307861328125 -0.03865835815668106 -0.0048200832679867744 2.0  738546.671525933
-0.48469969630241394 -2.479748487472534 88.09270477294922 -0.04105004295706749 -0.005447391886264086 -7.0  738546.6715260402
-0.48465603590011597 -2.4801712036132812 88.09199523925781 -0.043169423937797546 -0.006092322524636984 2.0  738546.6715261559
-0.48462608456611633 -2.475820541381836 88.09339904785156 0.008578681387007236 -0.004680310841649771 -5.0  738546.6715262715
-0.48457372188568115 -2.4757466316223145 88.09314727783203 0.006566089577972889 -0.00529685290530324 3.0  738546.6715263859
-0.484516441822052 -2.4756929874420166 88.09393310546875 0.004542028997093439 -0.005800238810479641 -1.0  738546.6715264908
-0.4844546616077423 -2.4756598472595215 88.09486389160156 0.0024965396150946617 -0.006329402793198824 0.0  738546.6715266062
-0.4843882918357849 -2.475646734237671 88.09632873535156 0.0005940935225225985 -0.006850642152130604 -1.0  738546.6715267347
-0.4843171536922455 -2.4756524562835693 88.09569549560547 -0.001271897810511291 -0.007407031487673521 1.0  738546.6715268479
-0.48424166440963745 -2.475677490234375 88.09553527832031 -0.00324443937279284 -0.00785315316170454 3.0  738546.6715269608
-0.4841625392436981 -2.475722312927246 88.09651947021484 -0.005158800166100264 -0.008263816125690937 0.0  738546.6715270744
-0.48407885432243347 -2.4757871627807617 88.09647369384766 -0.007238154765218496 -0.008894764818251133 0.0  738546.6715271915
-0.4839891791343689 -2.47587251663208 88.09693908691406 -0.009226778522133827 -0.009598824195563793 3.0  738546.6715273218
-0.48465219140052795 -2.47598934173584 88.09709930419922 -0.011638381518423557 -0.0015724864788353443 -1.0  738546.6715274323
-0.48463746905326843 -2.476116180419922 88.09839630126953 -0.013601789250969887 -0.002213038969784975 -1.0  738546.6715275336
-0.4846176207065582 -2.4762637615203857 88.0976333618164 -0.015746979042887688 -0.002731304382905364 1.0  738546.6715276684
-0.48459309339523315 -2.4764328002929688 88.09839630126953 -0.017896408215165138 -0.003295488888397813 -2.0  738546.6715277743
-0.48456355929374695 -2.476623296737671 88.09811401367188 -0.01996719464659691 -0.0038728597573935986 2.0  738546.6715278998
-0.48452916741371155 -2.476834535598755 88.09843444824219 -0.02202218770980835 -0.004405212122946978 1.0  738546.6715279921
-0.48449110984802246 -2.4770658016204834 88.09857177734375 -0.023944539949297905 -0.004735355731099844 0.0  738546.6715281268
-0.48445016145706177 -2.477316379547119 88.0990982055664 -0.02587941475212574 -0.005113170016556978 -1.0  738546.671528235
-0.48440518975257874 -2.4775872230529785 88.09898376464844 -0.027947183698415756 -0.005672396160662174 0.0  738546.6715283499
-0.48435598611831665 -2.4778783321380615 88.10016632080078 -0.029918773099780083 -0.006094250828027725 -1.0  738546.6715284698
-0.4843027889728546 -2.478189706802368 88.09944152832031 -0.03196660801768303 -0.0066030691377818584 0.0  738546.6715285898
-0.4848913252353668 -2.475989580154419 88.09928894042969 -0.008710343390703201 0.00024559395387768745 3.0  738546.6715286969
-0.4848950505256653 -2.4760870933532715 88.10079193115234 -0.010787767358124256 -0.00014656585699412972 0.0  738546.6715288109
-0.48489508032798767 -2.476205348968506 88.10082244873047 -0.012852060608565807 -0.0006310579483397305 -3.0  738546.6715289347
-0.4848906099796295 -2.476343870162964 88.10009002685547 -0.014791548252105713 -0.0011816112091764808 -3.0  738546.6715290435
-0.48488131165504456 -2.476501703262329 88.09992218017578 -0.016689617186784744 -0.0017231403617188334 -1.0  738546.6715291616
-0.484867125749588 -2.4766788482666016 88.09944915771484 -0.018628258258104324 -0.002287811366841197 2.0  738546.671529269
-0.484848290681839 -2.476876735687256 88.0998306274414 -0.020814742892980576 -0.00279034161940217 1.0  738546.6715294028
-0.4848247468471527 -2.4770963191986084 88.10043334960938 -0.022906215861439705 -0.003373035229742527 -1.0  738546.6715295038
-0.48479601740837097 -2.4773366451263428 88.10061645507812 -0.0249625314027071 -0.003964035771787167 0.0  738546.6715296354
-0.4848750829696655 -2.4760448932647705 88.10083770751953 -0.00796021893620491 -0.00238024047575891 2.0  738546.6715297397
-0.4848520755767822 -2.476135492324829 88.10222625732422 -0.009978415444493294 -0.0028163245879113674 0.0  738546.6715298523
-0.4848250150680542 -2.4762463569641113 88.10115051269531 -0.012025797739624977 -0.0033295101020485163 0.0  738546.6715299833
-0.4847935736179352 -2.4763782024383545 88.10086059570312 -0.01412475761026144 -0.0038303155452013016 0.0  738546.6715300839
-0.4847582280635834 -2.4765303134918213 88.10082244873047 -0.016052503138780594 -0.004242333117872477 1.0  738546.6715301963
-0.48471906781196594 -2.4767019748687744 88.10184478759766 -0.01799166202545166 -0.004722038749605417 0.0  738546.6715303159
-0.484675794839859 -2.4768927097320557 88.10200500488281 -0.019857164472341537 -0.005192330572754145 -1.0  738546.6715304324
-0.48462867736816406 -2.477102279663086 88.10198974609375 -0.02172878012061119 -0.0056161656975746155 -3.0  738546.6715305559
-0.48457789421081543 -2.4773316383361816 88.10140991210938 -0.023769976571202278 -0.00605362094938755 1.0  738546.6715306755
-0.4845236539840698 -2.47758150100708 88.1011734008789 -0.025840023532509804 -0.0064414809457957745 -1.0  738546.6715307797
-0.4844653308391571 -2.4778525829315186 88.10163116455078 -0.027964603155851364 -0.0070123979821801186 2.0  738546.6715308945
-0.48459452390670776 -2.4758546352386475 88.1038589477539 -0.0071188174188137054 -0.004864327609539032 1.0  738546.6715310173
-0.48454612493515015 -2.475937843322754 88.10443115234375 -0.009185689501464367 -0.005359066184610128 -2.0  738546.6715311097
-0.48449409008026123 -2.4760420322418213 88.10420227050781 -0.01127598062157631 -0.005734463222324848 0.0  738546.671531233
-0.4844387471675873 -2.4761672019958496 88.10416412353516 -0.013360355980694294 -0.006155692040920258 0.0  738546.6715313616
-0.4843790829181671 -2.476313352584839 88.10443878173828 -0.015454425476491451 -0.0067368014715611935 -5.0  738546.6715314853
-0.48430758714675903 -2.47649884223938 88.10456085205078 -0.01781863160431385 -0.0073721036314964294 0.0  738546.6715315868
-0.4842366576194763 -2.4766898155212402 88.10366821289062 -0.01987777091562748 -0.008067544549703598 -4.0  738546.671531705
-0.48416024446487427 -2.476901054382324 88.10371398925781 -0.02182323858141899 -0.008605082519352436 -1.0  738546.671531816
-0.4840788245201111 -2.4771316051483154 88.10294342041016 -0.0237344428896904 -0.009199937805533409 0.0  738546.6715319285
-0.48460546135902405 -2.4768800735473633 88.10281372070312 -0.019827593117952347 -0.0020350038539618254 0.0  738546.6715320557
-0.4845893383026123 -2.4770896434783936 88.10363006591797 -0.021942760795354843 -0.0025720568373799324 0.0  738546.6715321633
-0.4845689833164215 -2.4773201942443848 88.10295104980469 -0.024015355855226517 -0.0030180811882019043 4.0  738546.6715322889
-0.4845440685749054 -2.4775712490081787 88.1038589477539 -0.026035400107502937 -0.003617892973124981 0.0  738546.6715324044
-0.4845130443572998 -2.4778425693511963 88.10317993164062 -0.027984000742435455 -0.004371616058051586 0.0  738546.6715325125
-0.48447567224502563 -2.4781339168548584 88.1031723022461 -0.030003268271684647 -0.005019990261644125 -4.0  738546.6715326394
-0.4844331443309784 -2.4784464836120605 88.10099792480469 -0.0322163850069046 -0.005547286476939917 0.0  738546.671532749
-0.4843868017196655 -2.4787814617156982 88.10107421875 -0.03445705771446228 -0.005932185798883438 0.0  738546.6715328592
-0.48433706164360046 -2.479137897491455 88.10198211669922 -0.03648477792739868 -0.006364912260323763 3.0  738546.6715329739
-0.4846312701702118 -2.4768388271331787 88.10261535644531 -0.006354203447699547 -0.0015364729333668947 2.0  738546.6715330848
-0.48461636900901794 -2.476912498474121 88.1026382446289 -0.008252039551734924 -0.0019319297280162573 -1.0  738546.6715332022
-0.48459744453430176 -2.47700572013855 88.10319519042969 -0.010265336371958256 -0.002467585261911154 -4.0  738546.6715333203
-0.4845735728740692 -2.477118968963623 88.10236358642578 -0.01219320110976696 -0.003053653286769986 0.0  738546.671533432
-0.48454445600509644 -2.4772517681121826 88.10274505615234 -0.014138464815914631 -0.0036492350045591593 1.0  738546.6715335535
-0.4845098853111267 -2.4774041175842285 88.10255432128906 -0.0160899069160223 -0.004273609723895788 -1.0  738546.6715336691
-0.484469473361969 -2.477576732635498 88.1017837524414 -0.018136486411094666 -0.004945713561028242 1.0  738546.671533786
-0.4844229519367218 -2.4777705669403076 88.10150909423828 -0.020320843905210495 -0.0056393868289887905 3.0  738546.6715339015
-0.48437076807022095 -2.4779856204986572 88.10255432128906 -0.02232282981276512 -0.006215118337422609 2.0  738546.6715340095
-0.4843136668205261 -2.4782204627990723 88.10302734375 -0.0242485161870718 -0.0067545343190431595 2.0  738546.671534121
-0.48425233364105225 -2.478475570678711 88.10411834716797 -0.026338523253798485 -0.007197036407887936 -1.0  738546.6715342443
-0.484794557094574 -2.4770076274871826 88.10428619384766 -0.010484307073056698 -0.0005818661884404719 0.0  738546.671534359
-0.4847903847694397 -2.4771230220794678 88.10408782958984 -0.012533782981336117 -0.0010118266800418496 -3.0  738546.671534477
-0.48478204011917114 -2.4772591590881348 88.10293579101562 -0.01463223621249199 -0.0015551417600363493 0.0  738546.6715345929
-0.4847690463066101 -2.477416753768921 88.10284423828125 -0.01677596941590309 -0.002085809363052249 1.0  738546.6715347092
-0.4847513735294342 -2.477595567703247 88.10331726074219 -0.01884540170431137 -0.0026284821797162294 -3.0  738546.6715348256
-0.48472923040390015 -2.4777939319610596 88.10274505615234 -0.020661743357777596 -0.003110655816271901 -1.0  738546.6715349413
-0.4847038984298706 -2.4780113697052 88.10306549072266 -0.02261834591627121 -0.0033928530756384134 2.0  738546.6715350557
-0.4846761226654053 -2.4782488346099854 88.10352325439453 -0.024670250713825226 -0.0037287832237780094 0.0  738546.6715351796
-0.48464521765708923 -2.4785075187683105 88.10391235351562 -0.026826921850442886 -0.004159493371844292 -1.0  738546.6715353066
-0.4846106171607971 -2.478787660598755 88.10308837890625 -0.02896585501730442 -0.004608053248375654 0.0  738546.6715354025
-0.4848041832447052 -2.4769959449768066 88.10324096679688 -0.006823833100497723 -0.0015857216203585267 0.0  738546.6715355242
-0.48478835821151733 -2.4770748615264893 88.1033706665039 -0.008834929205477238 -0.0020976290106773376 0.0  738546.6715356366
-0.48476842045783997 -2.4771745204925537 88.10281372070312 -0.010951928794384003 -0.002546564443036914 -1.0  738546.6715357527
-0.48474398255348206 -2.477295398712158 88.10286712646484 -0.013026731088757515 -0.003139467677101493 1.0  738546.6715358694
-0.4847146272659302 -2.4774374961853027 88.10319519042969 -0.015200542286038399 -0.003667314536869526 -1.0  738546.6715359756
-0.48468124866485596 -2.4776012897491455 88.1028823852539 -0.017297523096203804 -0.004089419264346361 0.0  738546.6715360911
-0.48464420437812805 -2.47778582572937 88.10320281982422 -0.019333723932504654 -0.004537683911621571 0.0  738546.6715362065
-0.4846038222312927 -2.4779913425445557 88.1027603149414 -0.021465010941028595 -0.004894097335636616 0.0  738546.6715363342
-0.4845600724220276 -2.478217124938965 88.10216522216797 -0.023392172530293465 -0.005346878431737423 1.0  738546.6715364489
-0.4845122694969177 -2.4784622192382812 88.1026382446289 -0.02529967948794365 -0.005832755006849766 3.0  738546.6715365597
-0.48446083068847656 -2.478726625442505 88.10298919677734 -0.027235042303800583 -0.006201398093253374 -1.0  738546.6715366644
-0.4842313230037689 -2.476860523223877 88.10187530517578 -0.0077849640510976315 -0.007475497666746378 2.0  738546.6715367909
-0.48415741324424744 -2.4769508838653564 88.10226440429688 -0.009773182682693005 -0.007900737226009369 1.0  738546.6715369103
-0.48408010601997375 -2.477062463760376 88.10255432128906 -0.011999051086604595 -0.008294904604554176 2.0  738546.6715370122
-0.48399975895881653 -2.4771957397460938 88.103271484375 -0.014096582308411598 -0.008647616021335125 -1.0  738546.6715371348
-0.4839167594909668 -2.4773502349853516 88.10333251953125 -0.016241341829299927 -0.008969041518867016 1.0  738546.6715372506
-0.4838225543498993 -2.4775452613830566 88.10400390625 -0.018620073795318604 -0.009323833510279655 0.0  738546.671537365
-0.4837341606616974 -2.477745294570923 88.1046371459961 -0.020797550678253174 -0.009674551896750927 6.0  738546.6715374859
-0.48364222049713135 -2.47796630859375 88.10591888427734 -0.022756751626729965 -0.010168185457587242 -5.0  738546.6715375991
-0.483546644449234 -2.4782063961029053 88.10491943359375 -0.02461412362754345 -0.010527307167649269 3.0  738546.671537709
-0.48480895161628723 -2.475999116897583 88.10606384277344 0.001514952746219933 0.005910874810069799 0.0  738546.6715378317
-0.48486632108688354 -2.47599196434021 88.1062240600586 -0.00046985462540760636 0.0056006950326263905 0.0  738546.6715379513
-0.48492056131362915 -2.4760050773620605 88.1065444946289 -0.002481757430359721 0.0051470426842570305 0.0  738546.671538063
-0.48497119545936584 -2.476038694381714 88.10750579833984 -0.004573582671582699 0.004744500853121281 0.0  738546.6715381844
-0.4850183129310608 -2.476093292236328 88.10807037353516 -0.006640964187681675 0.004307008348405361 -1.0  738546.6715382958
-0.4850615859031677 -2.476168632507324 88.10704803466797 -0.008719018660485744 0.003839244833216071 -1.0  738546.6715384119
-0.4851004183292389 -2.476264715194702 88.10726165771484 -0.010748921893537045 0.0032793309073895216 -3.0  738546.6715385244
-0.4851343333721161 -2.476381301879883 88.10617065429688 -0.012793799862265587 0.0027250624261796474 2.0  738546.6715386398
-0.4851638376712799 -2.4765186309814453 88.10688018798828 -0.014852404594421387 0.002260662615299225 4.0  738546.6715387569
-0.48463204503059387 -2.475794553756714 88.10819244384766 -0.006119581405073404 -0.004433746449649334 -3.0  738546.6715388743
-0.4845885932445526 -2.475867509841919 88.10843658447266 -0.008189813233911991 -0.004737147595733404 2.0  738546.6715389881
-0.4845427870750427 -2.475961446762085 88.10955810546875 -0.010298904962837696 -0.005039885640144348 2.0  738546.6715391079
-0.48449525237083435 -2.47607684135437 88.11088562011719 -0.012450993061065674 -0.005226649809628725 1.0  738546.6715392105
-0.484445720911026 -2.4762134552001953 88.11119842529297 -0.014521552249789238 -0.005573171656578779 -1.0  738546.6715393331
-0.48439326882362366 -2.476370096206665 88.11096954345703 -0.016449840739369392 -0.00594487925991416 2.0  738546.6715394491
-0.4843369424343109 -2.476546049118042 88.11167907714844 -0.018346739932894707 -0.006475343834608793 0.0  738546.6715395707
-0.4842767119407654 -2.476741313934326 88.11078643798828 -0.020302491262555122 -0.006853217724710703 -2.0  738546.6715396746
-0.484212726354599 -2.476956844329834 88.10963439941406 -0.02237122319638729 -0.007362030446529388 -1.0  738546.67153979
-0.48414352536201477 -2.477193832397461 88.11027526855469 -0.024549290537834167 -0.00803502555936575 4.0  738546.6715399057
-0.48406994342803955 -2.477452516555786 88.11090850830078 -0.026685964316129684 -0.008382176980376244 -3.0  738546.6715400208
-0.4839940071105957 -2.477731466293335 88.10909271240234 -0.028579771518707275 -0.008638831786811352 0.0  738546.6715401363
-0.4846052825450897 -2.4771018028259277 88.10889434814453 -0.02215082198381424 -0.0021378137171268463 0.0  738546.671540252
-0.4845895767211914 -2.4773342609405518 88.10877227783203 -0.024207323789596558 -0.0025268502067774534 0.0  738546.6715403788
-0.484569787979126 -2.4775874614715576 88.10808563232422 -0.026284676045179367 -0.0030919350683689117 0.0  738546.6715404828
-0.484546035528183 -2.477861166000366 88.1077651977539 -0.02828824333846569 -0.0034570517018437386 -2.0  738546.671540611
-0.48451828956604004 -2.4781556129455566 88.10733032226562 -0.03040301240980625 -0.004025350324809551 3.0  738546.6715407135
-0.4844852685928345 -2.478471279144287 88.10842895507812 -0.03247109800577164 -0.004652990959584713 -2.0  738546.6715408299
-0.48444709181785583 -2.4788074493408203 88.10829162597656 -0.03450160101056099 -0.005192890297621489 0.0  738546.6715409571
-0.48440396785736084 -2.479163885116577 88.10853576660156 -0.036486297845840454 -0.005771887954324484 0.0  738546.6715410689
-0.48435622453689575 -2.4795403480529785 88.10873413085938 -0.03848196193575859 -0.006248969119042158 -2.0  738546.6715411982
-0.48485270142555237 -2.47698974609375 88.10834503173828 -0.006287755910307169 0.0007400276372209191 0.0  738546.6715413022
-0.484859824180603 -2.477062225341797 88.10868072509766 -0.008242066018283367 0.0002069301117444411 -1.0  738546.6715414152
-0.4848620593547821 -2.4771552085876465 88.1081771850586 -0.010340145789086819 -0.0003702183603309095 1.0  738546.6715415247
-0.4848594665527344 -2.477269172668457 88.1083755493164 -0.012418951839208603 -0.0009008098277263343 1.0  738546.6715416533
-0.48485293984413147 -2.477403402328491 88.10894012451172 -0.01435629278421402 -0.0012857272522524 -1.0  738546.6715417575
-0.4848436415195465 -2.4775571823120117 88.10861206054688 -0.016304798424243927 -0.0015867517795413733 0.0  738546.6715418714
-0.48483148217201233 -2.4777307510375977 88.10891723632812 -0.01833401247859001 -0.001986553892493248 0.0  738546.6715419948
-0.48481622338294983 -2.4779253005981445 88.10890197753906 -0.020444804802536964 -0.002346937544643879 0.0  738546.671542124
-0.48479756712913513 -2.478140354156494 88.10820770263672 -0.02241652086377144 -0.002803131705150008 -2.0  738546.6715422166
-0.4847746789455414 -2.4783761501312256 88.10787963867188 -0.024561766535043716 -0.0033272719010710716 2.0  738546.6715423446
-0.4847465753555298 -2.4786336421966553 88.10872650146484 -0.026732085272669792 -0.003987692762166262 -1.0  738546.6715424511
-0.48479703068733215 -2.477113723754883 88.10861206054688 -0.011236139573156834 -0.003131587989628315 0.0  738546.6715425673
-0.484767347574234 -2.477238178253174 88.10786437988281 -0.01344364881515503 -0.003621653886511922 -2.0  738546.6715426912
-0.48472967743873596 -2.477400541305542 88.10736083984375 -0.01583411917090416 -0.004199559800326824 0.0  738546.6715427951
-0.48469096422195435 -2.477570056915283 88.1070327758789 -0.017770182341337204 -0.004659315571188927 -1.0  738546.6715429105
-0.4846478998661041 -2.4777591228485107 88.10639953613281 -0.0197464469820261 -0.005197654943913221 -2.0  738546.6715430378
-0.48459967970848083 -2.477968454360962 88.10491180419922 -0.02178378589451313 -0.005824252497404814 3.0  738546.6715431438
-0.48454657196998596 -2.478198528289795 88.1059799194336 -0.023873554542660713 -0.006314470432698727 3.0  738546.6715432648
-0.48448944091796875 -2.478449583053589 88.10669708251953 -0.025922991335392 -0.006763368379324675 0.0  738546.6715433783
-0.4844285547733307 -2.4787206649780273 88.1061782836914 -0.027846477925777435 -0.007197102531790733 2.0  738546.6715434983
-0.48481398820877075 -2.4770102500915527 88.10763549804688 -0.006812181789427996 -0.0013977095950394869 0.0  738546.6715436177
-0.484801709651947 -2.4770889282226562 88.10749816894531 -0.008837800472974777 -0.001574424677528441 -1.0  738546.6715437336
-0.4847867488861084 -2.4771881103515625 88.1074447631836 -0.010872076265513897 -0.002068910049274564 -2.0  738546.6715438493
-0.48476725816726685 -2.477307081222534 88.10612487792969 -0.012795716524124146 -0.002612159587442875 0.0  738546.6715439878
-0.4847434461116791 -2.4774458408355713 88.1064224243164 -0.014785349369049072 -0.0030655846931040287 -5.0  738546.6715441148
-0.4847158193588257 -2.4776058197021484 88.105224609375 -0.01701282523572445 -0.0035172677598893642 2.0  738546.6715441841
-0.4846835732460022 -2.4777867794036865 88.10566711425781 -0.018948357552289963 -0.004124854225665331 0.0  738546.6715443113
-0.48464712500572205 -2.477987051010132 88.1044692993164 -0.020826132968068123 -0.004485939629375935 1.0  738546.6715445418
-0.4846077859401703 -2.4782063961029053 88.1048355102539 -0.02273523434996605 -0.004825744777917862 2.0  738546.6715448305
-0.4845649302005768 -2.478445291519165 88.10610961914062 -0.024739522486925125 -0.005323025397956371 0.0  738546.6715448536
-0.4848063588142395 -2.4769999980926514 88.10678100585938 -0.0087208840996027 -0.0020753005519509315 3.0  738546.6715448766
-0.4847864508628845 -2.477098226547241 88.10798645019531 -0.01076949667185545 -0.002553691389039159 -2.0  738546.6715449921
-0.48476260900497437 -2.477217197418213 88.107177734375 -0.012833715416491032 -0.002998364856466651 1.0  738546.6715450152
-0.4847356677055359 -2.4773566722869873 88.10692596435547 -0.014883315190672874 -0.0033117488492280245 0.0  738546.6715451075
-0.4847060739994049 -2.4775166511535645 88.107421875 -0.016918854787945747 -0.003661578753963113 0.0  738546.6715452231
-0.484672874212265 -2.4776968955993652 88.10762023925781 -0.01887291669845581 -0.004163969773799181 0.0  738546.6715453394
-0.4846351444721222 -2.477896213531494 88.1072998046875 -0.0207230132073164 -0.004696092568337917 -5.0  738546.6715454541
-0.4845922887325287 -2.478114366531372 88.10623168945312 -0.022584158927202225 -0.005311107728630304 0.0  738546.671545577
-0.484544575214386 -2.478351354598999 88.10681915283203 -0.024455025792121887 -0.005789855029433966 3.0  738546.6715457044
-0.4844937324523926 -2.4786088466644287 88.10820770263672 -0.02667938359081745 -0.006073072552680969 1.0  738546.6715458079
-0.48444002866744995 -2.478888750076294 88.10786437988281 -0.028901850804686546 -0.006510370876640081 3.0  738546.671545936
-0.48458030819892883 -2.476907968521118 88.10881805419922 -0.007520024199038744 -0.004316532518714666 -2.0  738546.6715460337
-0.48453769087791443 -2.4769957065582275 88.10807037353516 -0.009714356623589993 -0.004780301824212074 0.0  738546.6715461604
-0.48449161648750305 -2.4771056175231934 88.10810852050781 -0.011937670409679413 -0.005157184787094593 3.0  738546.6715462874
-0.48444226384162903 -2.477236747741699 88.10861206054688 -0.01395129133015871 -0.005578786134719849 0.0  738546.6715463912
-0.48438963294029236 -2.4773876667022705 88.10908508300781 -0.015882818028330803 -0.005939080845564604 0.0  738546.671546495
-0.48433396220207214 -2.477558135986328 88.11003112792969 -0.01784193329513073 -0.006317834835499525 1.0  738546.6715466105
-0.48427510261535645 -2.4777488708496094 88.10965728759766 -0.019898315891623497 -0.0067060040310025215 2.0  738546.671546726
-0.48421287536621094 -2.4779601097106934 88.11058044433594 -0.02191651612520218 -0.007128627505153418 2.0  738546.6715468414
-0.48414701223373413 -2.4781928062438965 88.11103057861328 -0.024138767272233963 -0.00757178058847785 2.0  738546.6715469569
-0.4845908284187317 -2.4759902954101562 88.11154174804688 0.001463837455958128 -0.0013241576962172985 4.0  738546.6715470838
-0.4845748245716095 -2.4759864807128906 88.11289978027344 -0.0006137573509477079 -0.0018550159875303507 0.0  738546.6715471993
-0.4845546782016754 -2.476003646850586 88.11297607421875 -0.002698509721085429 -0.002295197919011116 -1.0  738546.6715473032
-0.4845317602157593 -2.476041555404663 88.11286926269531 -0.004731383174657822 -0.0025410025846213102 -6.0  738546.6715474301
-0.4845067858695984 -2.4761009216308594 88.1117935180664 -0.00698719872161746 -0.0028484915383160114 -2.0  738546.6715475341
-0.4844786822795868 -2.476182222366333 88.11178588867188 -0.009058196097612381 -0.003310462925583124 -2.0  738546.671547661
-0.48444655537605286 -2.4762840270996094 88.11195373535156 -0.011058653704822063 -0.003792504547163844 2.0  738546.6715477764
-0.48441067337989807 -2.4764063358306885 88.11266326904297 -0.01316116750240326 -0.0041943383403122425 1.0  738546.6715478803
-0.4843706488609314 -2.4765498638153076 88.11285400390625 -0.015249915421009064 -0.004758325405418873 0.0  738546.6715479958
-0.4843253493309021 -2.4767138957977295 88.1125717163086 -0.01725582219660282 -0.005387202370911837 2.0  738546.6715481111
-0.4848160147666931 -2.477222442626953 88.11271667480469 -0.022972067818045616 -8.688927482580766e-05 0.0  738546.6715482381
-0.48482027649879456 -2.4774622917175293 88.11199188232422 -0.025022394955158234 -0.0006340029067359865 -1.0  738546.6715483537
-0.48481976985931396 -2.477750301361084 88.11100769042969 -0.02732483111321926 -0.001170679577626288 -1.0  738546.6715484575
-0.48481547832489014 -2.4780333042144775 88.1105728149414 -0.029229456558823586 -0.0015391906490549445 0.0  738546.6715485846
-0.484807550907135 -2.4783358573913574 88.11063385009766 -0.03119610622525215 -0.0020290487445890903 2.0  738546.6715486998
-0.4847959876060486 -2.47865891456604 88.11156463623047 -0.033294398337602615 -0.0023988443426787853 3.0  738546.6715488153
-0.4847820997238159 -2.479003429412842 88.11223602294922 -0.03547731041908264 -0.0026380466297268867 3.0  738546.6715489307
-0.4847659766674042 -2.4793701171875 88.1124496459961 -0.03770511969923973 -0.002991459798067808 2.0  738546.6715490462
-0.4847466051578522 -2.4797580242156982 88.11328125 -0.039697568863630295 -0.0034223950933665037 0.0  738546.6715491619
-0.48472338914871216 -2.480165481567383 88.11402130126953 -0.04159902036190033 -0.0038871995639055967 -1.0  738546.6715492773
-0.4846963882446289 -2.480592966079712 88.11415100097656 -0.04367472976446152 -0.004313056822866201 -1.0  738546.6715493925
-0.4847738742828369 -2.4770429134368896 88.11370849609375 -0.008817671798169613 -0.002643741900101304 3.0  738546.6715495079
-0.4847475290298462 -2.477142095565796 88.11531066894531 -0.01081032119691372 -0.003274887800216675 -1.0  738546.6715496234
-0.4847155511379242 -2.4772608280181885 88.11582946777344 -0.012703676708042622 -0.0039029312320053577 0.0  738546.6715497387
-0.4846774935722351 -2.477398633956909 88.1163330078125 -0.014603137038648129 -0.004616294987499714 0.0  738546.6715498542
-0.48463428020477295 -2.477555990219116 88.11663818359375 -0.0165448896586895 -0.00505856005474925 0.0  738546.6715499697
-0.4845867455005646 -2.4777333736419678 88.11722564697266 -0.018604792654514313 -0.005609915126115084 3.0  738546.6715500851
-0.484534353017807 -2.4779317378997803 88.11854553222656 -0.020709043368697166 -0.006171205081045628 1.0  738546.6715502008
-0.48447751998901367 -2.478151321411133 88.11907958984375 -0.02278994396328926 -0.0066351559944450855 -2.0  738546.6715503162
-0.48441746830940247 -2.47839093208313 88.11871337890625 -0.02472062036395073 -0.006947635672986507 0.0  738546.6715504314
-0.48482227325439453 -2.4770071506500244 88.11979675292969 -0.007819567807018757 -0.0014311418635770679 0.0  738546.6715505468
-0.4848079979419708 -2.47709584236145 88.1203842163086 -0.009823516011238098 -0.0020012743771076202 0.0  738546.6715506623
-0.48478963971138 -2.477205514907837 88.12056732177734 -0.011958201415836811 -0.002387756248936057 0.0  738546.6715507776
-0.48476800322532654 -2.477337121963501 88.12064361572266 -0.01420053094625473 -0.0027975987177342176 1.0  738546.6715508931
-0.484742671251297 -2.4774904251098633 88.12134552001953 -0.016292180866003036 -0.0032737639266997576 0.0  738546.6715510086
-0.4847133159637451 -2.4776647090911865 88.12191772460938 -0.018372545018792152 -0.003737611463293433 -2.0  738546.671551124
-0.48468002676963806 -2.4778599739074707 88.12222290039062 -0.02043951116502285 -0.004193807952105999 1.0  738546.6715512397
-0.48464325070381165 -2.478076219558716 88.12261199951172 -0.022528044879436493 -0.004572696052491665 0.0  738546.6715513548
-0.48460277915000916 -2.4783132076263428 88.1224365234375 -0.024565596133470535 -0.005071243736892939 -1.0  738546.6715514703
-0.48455843329429626 -2.4785704612731934 88.12167358398438 -0.026576729491353035 -0.005480365827679634 1.0  738546.6715516088
-0.4845885932445526 -2.476994276046753 88.1220932006836 -0.008718444965779781 -0.004323409870266914 4.0  738546.6715517011
-0.48454728722572327 -2.477093458175659 88.12281799316406 -0.01082142535597086 -0.004585321061313152 -1.0  738546.6715518166
-0.4845041036605835 -2.4772136211395264 88.1227798461914 -0.012910420075058937 -0.004834740422666073 1.0  738546.671551932
-0.4844585657119751 -2.4773542881011963 88.12361907958984 -0.014894038438796997 -0.005192439537495375 -3.0  738546.6715520475
-0.4844095706939697 -2.477515697479248 88.12332916259766 -0.01702699065208435 -0.005660112481564283 1.0  738546.6715521744
-0.4843563735485077 -2.4776978492736816 88.12425231933594 -0.01904125325381756 -0.006165472324937582 2.0  738546.6715522899
-0.4842986464500427 -2.4778995513916016 88.12513732910156 -0.020875845104455948 -0.006696359720081091 -2.0  738546.67155241
-0.48423704504966736 -2.4781200885772705 88.1246109008789 -0.022803006693720818 -0.00705982418730855 0.0  738546.671552521
-0.48417288064956665 -2.478360414505005 88.12383270263672 -0.02481173537671566 -0.007340352516621351 -1.0  738546.6715526445
-0.4841054081916809 -2.4786217212677 88.12328338623047 -0.026976540684700012 -0.007862471044063568 -2.0  738546.6715527566
-0.48403316736221313 -2.4789040088653564 88.12336730957031 -0.02899172529578209 -0.0084305414929986 1.0  738546.6715528718
-0.4847967028617859 -2.475973129272461 88.124267578125 -0.0008876482024788857 -0.00019984414393547922 0.0  738546.6715529786
-0.4847927391529083 -2.47599196434021 88.12367248535156 -0.0028421927709132433 -0.0007239811238832772 3.0  738546.6715531053
-0.48478493094444275 -2.4760303497314453 88.12451934814453 -0.0047523872926831245 -0.001098895794712007 -1.0  738546.6715532171
-0.4847734868526459 -2.4760890007019043 88.12380981445312 -0.006906683556735516 -0.0015824864385649562 0.0  738546.6715533314
-0.48475852608680725 -2.4761693477630615 88.12357330322266 -0.009067925624549389 -0.0019438340095803142 0.0  738546.6715534509
-0.4847411513328552 -2.476271629333496 88.12342834472656 -0.011249463073909283 -0.002209140220656991 1.0  738546.6715535624
-0.4847201704978943 -2.4763946533203125 88.124267578125 -0.013219425454735756 -0.0028043650090694427 4.0  738546.6715537038
-0.4846935272216797 -2.476536989212036 88.1265640258789 -0.01503536943346262 -0.0034651218447834253 2.0  738546.6715538123
-0.4846614897251129 -2.4766979217529297 88.12692260742188 -0.01690570078790188 -0.003999406471848488 -1.0  738546.6715539087
-0.48462608456611633 -2.4768784046173096 88.12647247314453 -0.018955426290631294 -0.0042687468230724335 -1.0  738546.6715540352
-0.48477765917778015 -2.477264165878296 88.1273422241211 -0.022954734042286873 -0.0029328777454793453 3.0  738546.6715541331
-0.4847533404827118 -2.4775047302246094 88.12983703613281 -0.025003353133797646 -0.0034813452512025833 0.0  738546.6715542506
-0.48472505807876587 -2.4777657985687256 88.1292724609375 -0.026992063969373703 -0.003857419593259692 0.0  738546.6715543804
-0.48469364643096924 -2.4780468940734863 88.12934875488281 -0.029024381190538406 -0.004239680711179972 -1.0  738546.6715544944
-0.48465946316719055 -2.478348731994629 88.12928771972656 -0.031116781756281853 -0.004548317287117243 0.0  738546.6715546075
-0.48462215065956116 -2.4786715507507324 88.12950134277344 -0.03318266570568085 -0.005000121425837278 3.0  738546.6715547177
-0.48458120226860046 -2.479015588760376 88.13066101074219 -0.03531096503138542 -0.00541209802031517 3.0  738546.6715548333
-0.48453661799430847 -2.4793803691864014 88.13143920898438 -0.03732242062687874 -0.0058609554544091225 0.0  738546.6715549607
-0.4844878017902374 -2.479764938354492 88.13256072998047 -0.039251212030649185 -0.006385054439306259 0.0  738546.6715550737
-0.48443490266799927 -2.4801688194274902 88.13268280029297 -0.041140928864479065 -0.006803484633564949 -1.0  738546.6715551863
-0.4848618805408478 -2.4771294593811035 88.13236999511719 -0.00848357006907463 -0.0013660893309861422 1.0  738546.6715553012
-0.48484885692596436 -2.4772250652313232 88.13226318359375 -0.010542468167841434 -0.0018631197744980454 0.0  738546.67155542
-0.4848320484161377 -2.4773404598236084 88.13241577148438 -0.012420986779034138 -0.002251304453238845 1.0  738546.6715555232
-0.48481109738349915 -2.477475643157959 88.13282775878906 -0.014467228204011917 -0.002819761633872986 1.0  738546.6715556387
-0.48478537797927856 -2.4776318073272705 88.13343811035156 -0.01656159944832325 -0.0033411940094083548 0.0  738546.671555769
-0.4847543239593506 -2.477809190750122 88.13390350341797 -0.01869220659136772 -0.004024269990622997 -2.0  738546.6715558843
-0.48471760749816895 -2.4780075550079346 88.1330337524414 -0.02072773315012455 -0.004609808325767517 -1.0  738546.6715559997
-0.484675794839859 -2.4782261848449707 88.13274383544922 -0.022686220705509186 -0.005174099933356047 0.0  738546.671556092
-0.484629362821579 -2.4784646034240723 88.1326904296875 -0.024652943015098572 -0.0056642149575054646 1.0  738546.6715562242
-0.48457828164100647 -2.4787228107452393 88.132568359375 -0.02661474607884884 -0.006232023239135742 3.0  738546.6715563316
-0.4845627248287201 -2.477022886276245 88.13287353515625 -0.008492644876241684 -0.005575499963015318 3.0  738546.6715564633
-0.48450830578804016 -2.4771199226379395 88.13326263427734 -0.010552776977419853 -0.005942665971815586 3.0  738546.671556569
-0.48445001244544983 -2.4772374629974365 88.13386535644531 -0.012543178163468838 -0.006482371594756842 0.0  738546.6715566864
-0.48438760638237 -2.4773752689361572 88.1335220336914 -0.01460644043982029 -0.006897213403135538 0.0  738546.671556797
-0.48432213068008423 -2.477534294128418 88.1343765258789 -0.016741259023547173 -0.007232627831399441 2.0  738546.671556908
-0.4842546284198761 -2.477714776992798 88.13468933105469 -0.01890711486339569 -0.007440175861120224 -2.0  738546.6715570235
-0.48418474197387695 -2.477916955947876 88.1341323852539 -0.021040424704551697 -0.00785014033317566 0.0  738546.6715571409
-0.48411110043525696 -2.478140354156494 88.13461303710938 -0.023129066452383995 -0.008331828750669956 0.0  738546.6715572706
-0.48403334617614746 -2.4783849716186523 88.13356018066406 -0.025274846702814102 -0.008808357641100883 0.0  738546.67155738
-0.48395171761512756 -2.4786510467529297 88.1340560913086 -0.027387425303459167 -0.009246455505490303 2.0  738546.67155748
-0.4848123788833618 -2.4771082401275635 88.13482666015625 -0.01093859039247036 0.0006623653462156653 2.0  738546.6715576092
-0.4848204553127289 -2.4772284030914307 88.13549041748047 -0.013151386752724648 0.00017385123646818101 0.0  738546.6715577228
-0.4848248064517975 -2.477370023727417 88.1358413696289 -0.015200400725007057 -0.00022264801373239607 0.0  738546.6715578409
-0.48482608795166016 -2.477531671524048 88.13703155517578 -0.017121244221925735 -0.0005681568873114884 1.0  738546.6715579552
-0.4848237931728363 -2.477712392807007 88.1364517211914 -0.018990596756339073 -0.0010639890097081661 0.0  738546.6715580723
-0.4848177134990692 -2.4779129028320312 88.13626861572266 -0.021030794829130173 -0.0014509657630696893 0.0  738546.6715581996
-0.4848085939884186 -2.4781339168548584 88.13601684570312 -0.02308129146695137 -0.0018091563833877444 1.0  738546.671558299
-0.48479682207107544 -2.478375196456909 88.13711547851562 -0.025054659694433212 -0.002110104775056243 0.0  738546.6715584309
-0.4847818911075592 -2.4786367416381836 88.13726806640625 -0.027110032737255096 -0.002572836121544242 -1.0  738546.6715585334
-0.4846262037754059 -2.4769535064697266 88.13674926757812 -0.0049872808158397675 -0.0040061865001916885 0.0  738546.6715586551
-0.4845854938030243 -2.477015972137451 88.13687896728516 -0.0072445678524672985 -0.0045406753197312355 2.0  738546.6715587723
-0.4845410883426666 -2.477099895477295 88.1367416381836 -0.009250343777239323 -0.00488672312349081 1.0  738546.6715588818
-0.4844936728477478 -2.4772043228149414 88.13751220703125 -0.011304227635264397 -0.005275608040392399 0.0  738546.6715589955
-0.48444291949272156 -2.4773292541503906 88.1382064819336 -0.013336768373847008 -0.005684817209839821 -1.0  738546.6715591124
-0.484389066696167 -2.47747540473938 88.13821411132812 -0.01553503517061472 -0.006036275066435337 -1.0  738546.6715592265
-0.4843314290046692 -2.4776437282562256 88.13777923583984 -0.017749039456248283 -0.006585062015801668 2.0  738546.6715593694
-0.48426905274391174 -2.4778335094451904 88.13909149169922 -0.019799308851361275 -0.007119869813323021 -2.0  738546.6715594695
-0.4842034876346588 -2.478043556213379 88.13883972167969 -0.021779444068670273 -0.007356717716902494 3.0  738546.6715595867
-0.4841362535953522 -2.47827410697937 88.13920593261719 -0.02384895645081997 -0.0075833555310964584 2.0  738546.6715596995
-0.48405972123146057 -2.4785516262054443 88.13948059082031 -0.026118077337741852 -0.007970049045979977 3.0  738546.6715598132
-0.48464435338974 -2.4758598804473877 88.14060974121094 0.0011953044449910522 -0.0008461191901005805 3.0  738546.6715599168
-0.4846338927745819 -2.4758589267730713 88.1428451538086 -0.0009105830686166883 -0.001252741552889347 0.0  738546.6715600395
-0.4846208691596985 -2.4758784770965576 88.14312744140625 -0.0028896592557430267 -0.0014961310662329197 0.0  738546.6715601541
-0.48460590839385986 -2.4759175777435303 88.14311981201172 -0.0048129060305655 -0.0017630649963393807 1.0  738546.671560268
-0.4845884442329407 -2.475975275039673 88.14318084716797 -0.006574659142643213 -0.0021171648986637592 2.0  738546.6715603858
-0.4845672845840454 -2.476051092147827 88.14390563964844 -0.008417436853051186 -0.0026211144868284464 -2.0  738546.6715605108
-0.4845413863658905 -2.4761462211608887 88.14334106445312 -0.0104113994166255 -0.003187639405950904 3.0  738546.6715606172
-0.4845110774040222 -2.476261854171753 88.14405059814453 -0.012519259937107563 -0.0036373017355799675 1.0  738546.6715607363
-0.48447808623313904 -2.47639799118042 88.14458465576172 -0.014469398185610771 -0.0038597132079303265 -4.0  738546.6715608505
-0.4844434857368469 -2.4765539169311523 88.14409637451172 -0.01645771414041519 -0.004084362648427486 -2.0  738546.6715609682
-0.48459652066230774 -2.4771907329559326 88.1434097290039 -0.023653412237763405 -0.002485445234924555 0.0  738546.6715610895
-0.4845772683620453 -2.47743821144104 88.14325714111328 -0.025682279840111732 -0.002945567015558481 -2.0  738546.6715611957
-0.48455432057380676 -2.4777069091796875 88.14179992675781 -0.027895314618945122 -0.003362433286383748 4.0  738546.671561311
-0.4845278859138489 -2.4779980182647705 88.14347839355469 -0.03014964424073696 -0.0037875883281230927 0.0  738546.6715614288
-0.48449817299842834 -2.4783108234405518 88.1432876586914 -0.032215580344200134 -0.0041529955342411995 0.0  738546.6715615358
-0.4844653904438019 -2.4786438941955566 88.14385986328125 -0.03418462350964546 -0.004533630330115557 0.0  738546.6715616516
-0.484428733587265 -2.478997230529785 88.14501190185547 -0.036231059581041336 -0.005059041082859039 4.0  738546.671561779
-0.48438760638237 -2.4793715476989746 88.14588165283203 -0.03832931071519852 -0.005560022778809071 1.0  738546.6715618902
-0.4843433201313019 -2.4797656536102295 88.14601135253906 -0.04019160196185112 -0.005817575845867395 0.0  738546.6715620096
-0.4846017062664032 -2.477041721343994 88.14503479003906 -0.00872246827930212 -0.001711217686533928 -1.0  738546.6715621196
-0.4845864176750183 -2.477139711380005 88.1446762084961 -0.010776343755424023 -0.0019828786607831717 0.0  738546.6715622353
-0.4845687747001648 -2.4772582054138184 88.14321899414062 -0.012817715294659138 -0.002312727039679885 0.0  738546.6715623494
-0.4845489263534546 -2.4773969650268555 88.14311981201172 -0.014778637327253819 -0.002552902093157172 -1.0  738546.6715624662
-0.4845273494720459 -2.477555751800537 88.14312744140625 -0.016828512772917747 -0.0027932259254157543 2.0  738546.6715625823
-0.4845034182071686 -2.4777352809906006 88.14403533935547 -0.01892044022679329 -0.0031528298277407885 0.0  738546.6715626982
-0.4844760596752167 -2.4779350757598877 88.14408874511719 -0.020819086581468582 -0.003609777195379138 1.0  738546.6715628161
-0.48444512486457825 -2.478153944015503 88.14459991455078 -0.022743895649909973 -0.003991306759417057 4.0  738546.671562922
-0.484409898519516 -2.4783928394317627 88.14599609375 -0.02475929819047451 -0.0045948149636387825 1.0  738546.6715630499
-0.4843704402446747 -2.478652000427246 88.14627075195312 -0.026788754388689995 -0.004969962872564793 3.0  738546.6715631658
-0.4843277335166931 -2.478931188583374 88.14634704589844 -0.028756296262145042 -0.005372692830860615 0.0  738546.67156328
-0.4845271706581116 -2.4773776531219482 88.14566040039062 -0.013319910503923893 -0.0028747774194926023 4.0  738546.671563411
-0.4845024347305298 -2.47752046585083 88.14657592773438 -0.015073048882186413 -0.0029847417026758194 0.0  738546.6715635104
-0.48447591066360474 -2.477682113647461 88.14656066894531 -0.017053421586751938 -0.003357439301908016 -1.0  738546.6715636256
-0.48444581031799316 -2.477863073348999 88.14472961425781 -0.018950408324599266 -0.003826288739219308 0.0  738546.6715637303
-0.48441123962402344 -2.4780631065368652 88.14532470703125 -0.020831439644098282 -0.004370362032204866 0.0  738546.671563861
-0.48437267541885376 -2.4782824516296387 88.14450073242188 -0.02277795411646366 -0.004750817082822323 0.0  738546.6715639675
-0.48433083295822144 -2.4785215854644775 88.14533233642578 -0.024773724377155304 -0.005155032966285944 0.0  738546.6715640825
-0.48428574204444885 -2.478780746459961 88.14588928222656 -0.026727942749857903 -0.0055312830954790115 0.0  738546.6715642194
-0.48423856496810913 -2.4790596961975098 88.14708709716797 -0.02870822325348854 -0.005695071537047625 0.0  738546.6715643227
-0.4841899275779724 -2.479358673095703 88.14669799804688 -0.03072303719818592 -0.0059547265991568565 2.0  738546.6715644274
-0.48450636863708496 -2.4773008823394775 88.14827728271484 -0.008584750816226006 -0.001693316618911922 3.0  738546.6715645571
-0.4844914674758911 -2.4773988723754883 88.14904022216797 -0.010888912715017796 -0.0019214270869269967 0.0  738546.6715646645
-0.4844748377799988 -2.4775197505950928 88.14927673339844 -0.013156534172594547 -0.0021872695069760084 -1.0  738546.67156478
-0.4844556748867035 -2.4776625633239746 88.14838409423828 -0.015264262445271015 -0.0025685664732009172 3.0  738546.6715648987
-0.4844333529472351 -2.47782564163208 88.14924621582031 -0.017182040959596634 -0.0029477402567863464 -5.0  738546.6715650231
-0.4844079911708832 -2.4780077934265137 88.146728515625 -0.019056938588619232 -0.003303147852420807 2.0  738546.6715651369
-0.48438024520874023 -2.4782090187072754 88.14735412597656 -0.02097226120531559 -0.003549235872924328 -1.0  738546.6715652453
-0.48434633016586304 -2.4784529209136963 88.14813995361328 -0.023136882111430168 -0.004050751682370901 0.0  738546.6715653618
-0.48431065678596497 -2.4786951541900635 88.14852905273438 -0.025037096813321114 -0.004647812340408564 -3.0  738546.6715654779
-0.4842703938484192 -2.478957414627075 88.14813232421875 -0.02710319124162197 -0.005095711909234524 0.0  738546.6715655931
-0.4845123887062073 -2.477292776107788 88.14852142333984 -0.009716910310089588 -0.0019187082070857286 -5.0  738546.6715657092
-0.48449522256851196 -2.477400779724121 88.14832305908203 -0.011778914369642735 -0.002213994273915887 -2.0  738546.6715658249
-0.4844750463962555 -2.477529764175415 88.14813995361328 -0.013895406387746334 -0.0026565759908407927 0.0  738546.6715659408
-0.4844511151313782 -2.4776804447174072 88.14925384521484 -0.016076266765594482 -0.003104188945144415 3.0  738546.6715660535
-0.48442336916923523 -2.4778528213500977 88.15008544921875 -0.01819552108645439 -0.003558351658284664 1.0  738546.6715661751
-0.48439228534698486 -2.4780466556549072 88.15096282958984 -0.0203707292675972 -0.003907468169927597 0.0  738546.6715662823
-0.48435842990875244 -2.478262186050415 88.15132904052734 -0.02251414582133293 -0.004254886880517006 0.0  738546.6715663993
-0.48432090878486633 -2.4784984588623047 88.15110778808594 -0.024494191631674767 -0.004774231929332018 1.0  738546.671566515
-0.48427942395210266 -2.478754758834839 88.150146484375 -0.026493024080991745 -0.005173076875507832 1.0  738546.6715666385
-0.4842347204685211 -2.4790313243865967 88.15045166015625 -0.028483664616942406 -0.005550703965127468 0.0  738546.6715667514
-0.48453617095947266 -2.4773237705230713 88.1500473022461 -0.009782146662473679 -0.0016855471767485142 0.0  738546.6715668646
-0.4845210015773773 -2.4774317741394043 88.14995574951172 -0.011695160530507565 -0.002043937798589468 -4.0  738546.671566979
-0.4845033288002014 -2.4775588512420654 88.14971160888672 -0.0135963698849082 -0.002309525851160288 4.0  738546.671567115
-0.48448240756988525 -2.477705717086792 88.15044403076172 -0.015616979449987411 -0.0028193143662065268 -2.0  738546.6715672119
-0.48445722460746765 -2.4778738021850586 88.14954376220703 -0.01779613271355629 -0.003297185990959406 0.0  738546.6715673447
-0.4844285845756531 -2.47806453704834 88.14966583251953 -0.02012777142226696 -0.003660047659650445 0.0  738546.6715674456
-0.4843963384628296 -2.478278398513794 88.15151977539062 -0.022435450926423073 -0.004169713705778122 0.0  738546.6715675504
-0.4843595623970032 -2.4785144329071045 88.15077209472656 -0.02450387552380562 -0.004707209765911102 1.0  738546.6715676665
-0.484319269657135 -2.4787704944610596 88.15201568603516 -0.02642817422747612 -0.004998825490474701 0.0  738546.6715677835
-0.4847194254398346 -2.477490186691284 88.15060424804688 -0.011566320434212685 8.934755169320852e-05 0.0  738546.6715679066
-0.48472175002098083 -2.4776153564453125 88.14997100830078 -0.013482652604579926 -0.00042731105349957943 -1.0  738546.6715680219
-0.48471957445144653 -2.477760076522827 88.14962005615234 -0.015434249304234982 -0.0009367202874273062 0.0  738546.6715681382
-0.4847136437892914 -2.4779245853424072 88.15019226074219 -0.017410730943083763 -0.0013057426549494267 -2.0  738546.6715682533
-0.4847043454647064 -2.4781100749969482 88.14944458007812 -0.019612420350313187 -0.0017433640314266086 0.0  738546.6715683681
-0.484691321849823 -2.4783170223236084 88.15011596679688 -0.021687300875782967 -0.00219321227632463 -1.0  738546.6715684723
-0.48467475175857544 -2.478543758392334 88.15060424804688 -0.02353709749877453 -0.0025771846994757652 3.0  738546.6715686054
-0.4846544861793518 -2.478790521621704 88.15135192871094 -0.02563690021634102 -0.003059217007830739 0.0  738546.6715687166
-0.48463013768196106 -2.479057788848877 88.15203094482422 -0.027630867436528206 -0.003528574015945196 0.0  738546.6715688243
-0.48460209369659424 -2.4793448448181152 88.1513900756836 -0.02956734038889408 -0.003923478070646524 -2.0  738546.6715689398
-0.4845704734325409 -2.479651689529419 88.15116119384766 -0.03158794343471527 -0.004374044016003609 0.0  738546.6715690541
-0.484496533870697 -2.4772937297821045 88.1508560180664 -0.008857288397848606 -0.004389437381178141 0.0  738546.6715691832
-0.48445382714271545 -2.4773948192596436 88.1520004272461 -0.011059100739657879 -0.004803890362381935 4.0  738546.6715692912
-0.4844081699848175 -2.47751784324646 88.15288543701172 -0.013238659128546715 -0.005124800372868776 0.0  738546.6715694098
-0.48436006903648376 -2.477663278579712 88.153564453125 -0.015522919595241547 -0.005434422288089991 -1.0  738546.6715695204
-0.48430877923965454 -2.4778313636779785 88.15364074707031 -0.017758414149284363 -0.005907547660171986 -1.0  738546.6715696361
-0.48425406217575073 -2.4780213832855225 88.15303039550781 -0.01985500380396843 -0.006258607842028141 3.0  738546.6715697545
-0.4841967821121216 -2.4782323837280273 88.15446472167969 -0.02197527326643467 -0.006557222921401262 -1.0  738546.6715698744
-0.4841367304325104 -2.4784653186798096 88.15482330322266 -0.02419211156666279 -0.006957437843084335 -4.0  738546.6715699881
-0.48407357931137085 -2.478720188140869 88.15338134765625 -0.026329535990953445 -0.007313153240829706 -2.0  738546.6715701075
-0.4844874143600464 -2.4773268699645996 88.15262603759766 -0.009802227839827538 -0.001830583205446601 1.0  738546.6715702235
-0.48446977138519287 -2.4774348735809326 88.15299987792969 -0.011674079112708569 -0.0023938054218888283 3.0  738546.6715703332
-0.4844475984573364 -2.4775633811950684 88.15302276611328 -0.013864060863852501 -0.0028659796807914972 1.0  738546.6715704688
-0.48442164063453674 -2.4777133464813232 88.15341186523438 -0.015942923724651337 -0.0032889109570533037 1.0  738546.6715705678
-0.48439258337020874 -2.477883815765381 88.15304565429688 -0.017947323620319366 -0.0036161537282168865 1.0  738546.6715706834
-0.48436108231544495 -2.4780750274658203 88.15332794189453 -0.02005171589553356 -0.003911985550075769 -1.0  738546.6715708015
-0.4843236207962036 -2.478308916091919 88.15481567382812 -0.022222217172384262 -0.004264225251972675 1.0  738546.671570912
-0.48428648710250854 -2.4785428047180176 88.1541976928711 -0.02427086979150772 -0.004664738196879625 -2.0  738546.6715710342
-0.4842459261417389 -2.4787964820861816 88.15447235107422 -0.02618023194372654 -0.005073263309895992 4.0  738546.6715711503
-0.4842016398906708 -2.479069471359253 88.15657043457031 -0.028111658990383148 -0.005534386727958918 -1.0  738546.6715712602
-0.4841531217098236 -2.4793622493743896 88.15567016601562 -0.0301230289041996 -0.0060450127348303795 0.0  738546.6715713699
-0.4846961498260498 -2.477592706680298 88.15618896484375 -0.013127683661878109 -0.00036751621519215405 -1.0  738546.6715714813
-0.48469504714012146 -2.477733612060547 88.15556335449219 -0.01505471020936966 -0.0007549110450781882 -3.0  738546.6715716074
-0.4846910238265991 -2.4778940677642822 88.15596771240234 -0.016995340585708618 -0.0010768896900117397 3.0  738546.6715717148
-0.4846830666065216 -2.4780750274658203 88.15554809570312 -0.019104963168501854 -0.0016694572987034917 0.0  738546.6715718304
-0.4846705496311188 -2.4782774448394775 88.15554809570312 -0.02130056917667389 -0.0021307263523340225 3.0  738546.6715719543
-0.4846545457839966 -2.478501081466675 88.15673065185547 -0.0233088918030262 -0.002501036273315549 0.0  738546.6715720673
-0.48463550209999084 -2.4787445068359375 88.15602111816406 -0.025208119302988052 -0.002865632064640522 0.0  738546.6715721806
-0.48461347818374634 -2.4790070056915283 88.15636444091797 -0.027116460725665092 -0.003217126242816448 2.0  738546.671572304
-0.4845884144306183 -2.479290246963501 88.15633392333984 -0.029324190691113472 -0.0036048160400241613 0.0  738546.6715724159
-0.4845394492149353 -2.477240562438965 88.15703582763672 -0.003685278119519353 -0.003393341787159443 3.0  738546.671572532
-0.4845052659511566 -2.4772894382476807 88.15563201904297 -0.005861636716872454 -0.0037639825604856014 0.0  738546.6715726428
-0.4844684302806854 -2.4773597717285156 88.156494140625 -0.007956688292324543 -0.004056792240589857 -2.0  738546.6715727756
-0.4844289720058441 -2.4774508476257324 88.15679168701172 -0.010013771243393421 -0.004428077023476362 6.0  738546.6715728713
-0.48438677191734314 -2.4775636196136475 88.15542602539062 -0.012265410274267197 -0.004740186966955662 -2.0  738546.6715729878
-0.48434215784072876 -2.4776980876922607 88.1552963256836 -0.014308392070233822 -0.0050545320846140385 2.0  738546.6715731007
-0.48429420590400696 -2.4778528213500977 88.15531158447266 -0.0162908136844635 -0.005533200688660145 -2.0  738546.6715732266
-0.4842422902584076 -2.4780285358428955 88.15577697753906 -0.01851774752140045 -0.005985941272228956 0.0  738546.6715733383
-0.48418721556663513 -2.4782261848449707 88.15467071533203 -0.020641880109906197 -0.0063047390431165695 1.0  738546.6715734529
-0.4841288626194 -2.478445053100586 88.15432739257812 -0.022739451378583908 -0.006779089104384184 0.0  738546.6715735681
-0.48406723141670227 -2.4786853790283203 88.15533447265625 -0.024916285648941994 -0.00709672411903739 1.0  738546.6715736794
-0.4845162034034729 -2.4773223400115967 88.15511322021484 -0.011460979469120502 -0.001896060537546873 -1.0  738546.6715738054
-0.4844989478588104 -2.4774491786956787 88.15547943115234 -0.013801652006804943 -0.0023688683286309242 1.0  738546.6715739273
-0.4844787120819092 -2.4775989055633545 88.1561050415039 -0.016002049669623375 -0.002641092287376523 0.0  738546.6715740283
-0.48445644974708557 -2.477769613265991 88.15589904785156 -0.017970360815525055 -0.002909837756305933 0.0  738546.6715741418
-0.4844312369823456 -2.4779598712921143 88.15575408935547 -0.019889265298843384 -0.0033572076354175806 1.0  738546.671574275
-0.48440149426460266 -2.4781687259674072 88.15608978271484 -0.021653849631547928 -0.00393318384885788 -2.0  738546.6715743673
-0.4843677282333374 -2.478395462036133 88.15589141845703 -0.023456471040844917 -0.004279491025954485 2.0  738546.6715744828
-0.4843316972255707 -2.4786412715911865 88.15595245361328 -0.025455819442868233 -0.0045086597092449665 -3.0  738546.6715745867
-0.4842943847179413 -2.4789071083068848 88.15702056884766 -0.027463877573609352 -0.00466147530823946 1.0  738546.6715747252
-0.4845430254936218 -2.4772143363952637 88.15572357177734 -0.006533567328006029 -0.0007314354879781604 3.0  738546.6715748409
-0.4845360219478607 -2.477290391921997 88.15669250488281 -0.00862178299576044 -0.001159321516752243 0.0  738546.6715749447
-0.4845256507396698 -2.4773876667022705 88.1583251953125 -0.01075123343616724 -0.001543649472296238 0.0  738546.6715750718
-0.4845117926597595 -2.477505922317505 88.15728759765625 -0.012786475010216236 -0.0019872449338436127 0.0  738546.6715751869
-0.48449450731277466 -2.4776437282562256 88.15789031982422 -0.014649131335318089 -0.0023562440183013678 -1.0  738546.6715752912
-0.48447415232658386 -2.4778006076812744 88.15750122070312 -0.01659798063337803 -0.002728826832026243 0.0  738546.6715754181
-0.4844509959220886 -2.477978467941284 88.15695190429688 -0.018800821155309677 -0.0030503873713314533 0.0  738546.6715755332
-0.48442521691322327 -2.4781782627105713 88.15660858154297 -0.020955095067620277 -0.003392188111320138 0.0  738546.6715756486
-0.4843965172767639 -2.4783987998962402 88.15672302246094 -0.022949326783418655 -0.003770387964323163 0.0  738546.6715757641
-0.4843648076057434 -2.4786393642425537 88.1571044921875 -0.024929381906986237 -0.004120008088648319 0.0  738546.6715758796
-0.4847714304924011 -2.4775238037109375 88.1554946899414 -0.012439565733075142 0.0006975972792133689 0.0  738546.6715759949
-0.4847796559333801 -2.477658271789551 88.15471649169922 -0.014493846334517002 9.061413584277034e-05 0.0  738546.6715760992
-0.484783411026001 -2.477813243865967 88.15470886230469 -0.01652454026043415 -0.00032367504900321364 0.0  738546.6715762395
-0.484784334897995 -2.4779884815216064 88.15485382080078 -0.01849808730185032 -0.0006045246846042573 -2.0  738546.6715763434
-0.4847825765609741 -2.4781835079193115 88.1552963256836 -0.020488137379288673 -0.000990459113381803 -1.0  738546.6715764696
-0.4847773611545563 -2.4784204959869385 88.1539077758789 -0.022560058161616325 -0.0013352810638025403 3.0  738546.6715765867
-0.48476940393447876 -2.478656768798828 88.15528106689453 -0.02461710199713707 -0.0017676453571766615 0.0  738546.6715767051
-0.48475801944732666 -2.478914737701416 88.15575408935547 -0.026856277137994766 -0.002158629707992077 -3.0  738546.6715768094
-0.4847438335418701 -2.4791946411132812 88.1546630859375 -0.029017344117164612 -0.0024686174001544714 2.0  738546.6715769236
-0.48472654819488525 -2.4794955253601074 88.15541076660156 -0.031002117320895195 -0.0029106871224939823 2.0  738546.67157704
-0.48470553755760193 -2.479816436767578 88.15631103515625 -0.0330149307847023 -0.003345894394442439 -2.0  738546.6715771419
-0.48452818393707275 -2.4772515296936035 88.15528106689453 -0.006286963354796171 -0.004342273343354464 -2.0  738546.671577271
-0.4844854176044464 -2.477325916290283 88.15470123291016 -0.008317755535244942 -0.004700579214841127 1.0  738546.6715773841
-0.48443931341171265 -2.4774210453033447 88.15341186523438 -0.010400116443634033 -0.0051376596093177795 0.0  738546.6715774914
-0.4843897223472595 -2.477536201477051 88.1538314819336 -0.012314088642597198 -0.005532580893486738 -1.0  738546.6715776107
-0.4843374192714691 -2.477670669555664 88.15432739257812 -0.014225735329091549 -0.005802832543849945 -3.0  738546.671577726
-0.4842833876609802 -2.4778249263763428 88.15320587158203 -0.01627337746322155 -0.0060067796148359776 0.0  738546.671577854
-0.4842275381088257 -2.4779999256134033 88.15165710449219 -0.01836007460951805 -0.00630115857347846 0.0  738546.6715779667
-0.4841688871383667 -2.478195905685425 88.15267181396484 -0.020450590178370476 -0.006700691767036915 1.0  738546.6715780678
-0.48410695791244507 -2.4784133434295654 88.1528549194336 -0.022601300850510597 -0.0070955269038677216 1.0  738546.6715781842
-0.48475274443626404 -2.477386474609375 88.15277099609375 -0.009231007657945156 0.0019092945149168372 -1.0  738546.6715783143
-0.4847734868526459 -2.4774885177612305 88.15341186523438 -0.011287428438663483 0.0015912444796413183 2.0  738546.6715784309
-0.4847916066646576 -2.4776113033294678 88.15421295166016 -0.013367324136197567 0.0012492163805291057 0.0  738546.6715785451
-0.4848070442676544 -2.477754592895508 88.1543960571289 -0.015379117801785469 0.0009217805345542729 1.0  738546.6715786577
-0.48482027649879456 -2.4779183864593506 88.15523529052734 -0.01745263673365116 0.0006808156031183898 0.0  738546.6715787633
-0.48483195900917053 -2.4781033992767334 88.15570068359375 -0.019601674750447273 0.00047103874385356903 2.0  738546.6715788882
-0.48484155535697937 -2.47830867767334 88.1551284790039 -0.0214859489351511 0.0001318236463703215 1.0  738546.6715790023
-0.48484858870506287 -2.478532552719116 88.15635681152344 -0.02331780083477497 -0.00016016892914194614 1.0  738546.6715791133
-0.4848536252975464 -2.4787757396698 88.15731811523438 -0.02531816065311432 -0.0003864500322379172 -2.0  738546.6715792288
-0.48485690355300903 -2.4790396690368652 88.15836334228516 -0.027442533522844315 -0.0006432448280975223 3.0  738546.6715793516
-0.48485761880874634 -2.4793248176574707 88.15804290771484 -0.029548021033406258 -0.0010368520161136985 -3.0  738546.6715794586
-0.4845661520957947 -2.4772377014160156 88.15840911865234 -0.007326919585466385 -0.003549584187567234 3.0  738546.6715795745
-0.48453235626220703 -2.4773223400115967 88.15792083740234 -0.009357615374028683 -0.0037606784608215094 -1.0  738546.6715796903
-0.4844970405101776 -2.4774274826049805 88.15847778320312 -0.011424182914197445 -0.003983319271355867 3.0  738546.6715798158
-0.4844599962234497 -2.477553367614746 88.15840148925781 -0.013507389463484287 -0.004243385046720505 0.0  738546.6715799317
-0.4844207763671875 -2.477700710296631 88.15875244140625 -0.015709562227129936 -0.004553798586130142 -1.0  738546.6715800465
-0.48437929153442383 -2.477869749069214 88.16019439697266 -0.017809487879276276 -0.004836998879909515 0.0  738546.6715801721
-0.4843349754810333 -2.4780585765838623 88.15986633300781 -0.01964162103831768 -0.005248891655355692 -2.0  738546.6715802716
-0.48428770899772644 -2.478266477584839 88.16011047363281 -0.021632865071296692 -0.005550466477870941 -4.0  738546.6715803819
-0.48423853516578674 -2.478494644165039 88.15949249267578 -0.02366015873849392 -0.005758378189057112 0.0  738546.6715805145
-0.4847373962402344 -2.4774723052978516 88.15862274169922 -0.009914575144648552 0.0013519300846382976 0.0  738546.6715806284
-0.48475173115730286 -2.4775819778442383 88.16057586669922 -0.012080629356205463 0.000823107548058033 0.0  738546.6715807428
-0.48476165533065796 -2.477713108062744 88.16044616699219 -0.014184413477778435 0.0003271321184001863 4.0  738546.6715808483
-0.4847678542137146 -2.4778647422790527 88.16072845458984 -0.01615223102271557 -5.0857732276199386e-05 1.0  738546.6715809646
-0.48477140069007874 -2.478036642074585 88.16110229492188 -0.018221309408545494 -0.0003313804045319557 2.0  738546.6715810846
-0.484772652387619 -2.478229522705078 88.16191864013672 -0.020335355773568153 -0.0006475903792306781 1.0  738546.6715812045
-0.4847705066204071 -2.478442907333374 88.16265106201172 -0.02229473553597927 -0.0011394579196348786 1.0  738546.6715813179
-0.48476436734199524 -2.478675603866577 88.16326141357422 -0.024199161678552628 -0.0015674367314204574 1.0  738546.6715814389
-0.4847544729709625 -2.478928565979004 88.16304016113281 -0.02631853148341179 -0.002021022606641054 0.0  738546.671581541
-0.4847409129142761 -2.479203224182129 88.16195678710938 -0.028506996110081673 -0.0024397235829383135 0.0  738546.6715816616
-0.4847252368927002 -2.4794998168945312 88.16190338134766 -0.03067481704056263 -0.002581984968855977 -1.0  738546.6715817726
-0.4845760464668274 -2.477355480194092 88.16210174560547 -0.0080253966152668 -0.0032950742170214653 0.0  738546.6715818965
-0.48454514145851135 -2.4774467945098877 88.16108703613281 -0.010045038536190987 -0.003475021570920944 2.0  738546.6715820085
-0.4845130145549774 -2.4775586128234863 88.16202545166016 -0.012108261696994305 -0.003671861719340086 3.0  738546.6715821283
-0.4844749867916107 -2.4777042865753174 88.16177368164062 -0.014135758392512798 -0.0040945918299257755 0.0  738546.6715822387
-0.484436959028244 -2.477855682373047 88.16082763671875 -0.01586015336215496 -0.004487099125981331 -2.0  738546.6715823539
-0.4843962788581848 -2.478025197982788 88.16034698486328 -0.017750199884176254 -0.004737088456749916 0.0  738546.671582468
-0.48435351252555847 -2.478215217590332 88.16051483154297 -0.019975854083895683 -0.005039657931774855 -1.0  738546.6715825922
-0.4843084514141083 -2.4784274101257324 88.15940856933594 -0.022140774875879288 -0.005339683964848518 1.0  738546.6715827102
-0.48426181077957153 -2.47866153717041 88.15917205810547 -0.024355672299861908 -0.005496305879205465 2.0  738546.6715828195
-0.4842139482498169 -2.478916883468628 88.15892028808594 -0.026391321793198586 -0.005717587191611528 4.0  738546.6715829307
-0.48455753922462463 -2.4774019718170166 88.15895080566406 -0.007728185039013624 -0.0006427978514693677 0.0  738546.6715830585
-0.4845525920391083 -2.477490186691284 88.15937805175781 -0.009880022145807743 -0.0009153261780738831 -1.0  738546.671583173
-0.4845464825630188 -2.4775986671447754 88.1585922241211 -0.011781525798141956 -0.0010051202261820436 2.0  738546.6715832867
-0.48453956842422485 -2.4777262210845947 88.15860748291016 -0.013676726259291172 -0.001195455901324749 0.0  738546.6715834003
-0.4845304787158966 -2.477872848510742 88.15814971923828 -0.01557692140340805 -0.0015626257518306375 0.0  738546.6715835158
-0.4845186471939087 -2.478039264678955 88.15933990478516 -0.01759020797908306 -0.0018740248633548617 -2.0  738546.6715836258
-0.4845048487186432 -2.4782254695892334 88.15898895263672 -0.019560718908905983 -0.002083894331008196 2.0  738546.6715837306
-0.4844888746738434 -2.4784317016601562 88.15908813476562 -0.02157316543161869 -0.002434968017041683 4.0  738546.6715838575
-0.48446959257125854 -2.478658676147461 88.16056823730469 -0.023651527240872383 -0.0028757744003087282 1.0  738546.6715839765
-0.4845353960990906 -2.477414846420288 88.16062927246094 -0.008064022287726402 -0.001518535427749157 2.0  738546.6715840842
-0.48452210426330566 -2.477506399154663 88.16136932373047 -0.01013689674437046 -0.0017248069634661078 -2.0  738546.6715842042
-0.4845064878463745 -2.477618455886841 88.15933227539062 -0.012184512801468372 -0.0021163499914109707 1.0  738546.6715843274
-0.48448753356933594 -2.4777510166168213 88.16070556640625 -0.014176852069795132 -0.0025238399393856525 0.0  738546.6715844399
-0.48446547985076904 -2.4779040813446045 88.16022491455078 -0.016257721930742264 -0.00286706630140543 0.0  738546.6715845545
-0.48444148898124695 -2.4780783653259277 88.16012573242188 -0.01843532919883728 -0.0030467321630567312 2.0  738546.6715846675
-0.48441585898399353 -2.4782745838165283 88.16039276123047 -0.020605653524398804 -0.003338602604344487 0.0  738546.6715847972
-0.4843878746032715 -2.4784932136535645 88.1601791381836 -0.0229055043309927 -0.003660426242277026 1.0  738546.6715848988
-0.48435819149017334 -2.478734016418457 88.160888671875 -0.025042053312063217 -0.0038215818349272013 0.0  738546.67158501
-0.4843277633190155 -2.4789958000183105 88.16004180908203 -0.027088262140750885 -0.003941844217479229 0.0  738546.6715851392
-0.4842960238456726 -2.4792773723602295 88.15909576416016 -0.029002677649259567 -0.004212622065097094 -1.0  738546.6715852435
-0.48454025387763977 -2.4773988723754883 88.16043090820312 -0.008318684995174408 -0.0008636180427856743 3.0  738546.6715853747
-0.4845324158668518 -2.4774928092956543 88.16012573242188 -0.010384252294898033 -0.001309927087277174 3.0  738546.6715854866
-0.4845212697982788 -2.477607488632202 88.16085815429688 -0.012457914650440216 -0.0016568000428378582 0.0  738546.6715856082
-0.4845069348812103 -2.4777419567108154 88.16060638427734 -0.014348209835588932 -0.0020734502468258142 0.0  738546.6715857186
-0.4844890832901001 -2.477895736694336 88.1600341796875 -0.016281630843877792 -0.0024838363751769066 0.0  738546.6715858389
-0.48446837067604065 -2.4780704975128174 88.1601791381836 -0.018522191792726517 -0.0027828440070152283 0.0  738546.6715859328
-0.4844452440738678 -2.4782679080963135 88.16012573242188 -0.02076679654419422 -0.0031064534559845924 -1.0  738546.6715860624
-0.48442038893699646 -2.4784862995147705 88.16034698486328 -0.022711923345923424 -0.003268458880484104 4.0  738546.6715861547
-0.4843946099281311 -2.4787240028381348 88.16231536865234 -0.024647612124681473 -0.0034144807141274214 -1.0  738546.6715862817
-0.48453888297080994 -2.4776153564453125 88.16271209716797 -0.009799106046557426 -0.000911545183043927 2.0  738546.6715864012
-0.4845314025878906 -2.477724552154541 88.16289520263672 -0.011998758651316166 -0.0012797146337106824 -3.0  738546.6715865199
-0.4845201373100281 -2.477856159210205 88.16206359863281 -0.014258747920393944 -0.001811782130971551 0.0  738546.6715866264
-0.48450469970703125 -2.4780101776123047 88.16204833984375 -0.016424980014562607 -0.002254595048725605 5.0  738546.6715867545
-0.48448625206947327 -2.4781861305236816 88.16207122802734 -0.018637627363204956 -0.0025577982887625694 -1.0  738546.6715868622
-0.48446550965309143 -2.478384017944336 88.16230773925781 -0.020797686651349068 -0.0028483476489782333 -2.0  738546.671586976
-0.4844421446323395 -2.4786036014556885 88.16255187988281 -0.02292771078646183 -0.003221853170543909 2.0  738546.671587096
-0.484416127204895 -2.478844165802002 88.16194915771484 -0.025004953145980835 -0.00351604912430048 -1.0  738546.6715872202
-0.48438844084739685 -2.4791054725646973 88.162109375 -0.027039840817451477 -0.003689750097692013 1.0  738546.6715873329
-0.4843587875366211 -2.479386806488037 88.16151428222656 -0.02901802770793438 -0.004033662844449282 0.0  738546.6715874457
-0.48432597517967224 -2.4796881675720215 88.16092681884766 -0.031037168577313423 -0.004451296292245388 0.0  738546.6715875587
-0.4845176935195923 -2.4776134490966797 88.16109466552734 -0.008893021382391453 -0.0016389337833970785 -3.0  738546.6715876653
-0.48450133204460144 -2.477724552154541 88.15991973876953 -0.011197195388376713 -0.0019793149549514055 -1.0  738546.6715877854
-0.4844842255115509 -2.4778478145599365 88.15924072265625 -0.01331236120313406 -0.0022327813785523176 2.0  738546.671587901
-0.4844655394554138 -2.4779915809631348 88.15974426269531 -0.015316056087613106 -0.00242377701215446 -1.0  738546.6715880176
-0.48444536328315735 -2.478156089782715 88.15941619873047 -0.01746135577559471 -0.0026663648895919323 2.0  738546.6715881466
-0.48442238569259644 -2.478342294692993 88.16041564941406 -0.01960192620754242 -0.0031203848775476217 0.0  738546.671588264
-0.4843953251838684 -2.478550434112549 88.16043853759766 -0.02182149328291416 -0.003623110940679908 -4.0  738546.6715883716
-0.4843648374080658 -2.4787814617156982 88.15948486328125 -0.02414909563958645 -0.0039524962194263935 -2.0  738546.6715884857
-0.4843319058418274 -2.479036569595337 88.15975189208984 -0.026647863909602165 -0.004270860459655523 1.0  738546.6715885913
-0.48429635167121887 -2.479315996170044 88.15950012207031 -0.028983034193515778 -0.004631367977708578 2.0  738546.6715887054
-0.48452094197273254 -2.4776835441589355 88.15904235839844 -0.009740143083035946 -0.001509968307800591 0.0  738546.6715888329
-0.48450687527656555 -2.4777913093566895 88.1592788696289 -0.011689379811286926 -0.0019968622364103794 0.0  738546.6715889369
-0.4844890534877777 -2.4779186248779297 88.15999603271484 -0.013625342398881912 -0.0023887085262686014 0.0  738546.6715890614
-0.4844680726528168 -2.4780659675598145 88.15979766845703 -0.015707140788435936 -0.002754088956862688 -1.0  738546.6715891869
-0.4844452440738678 -2.478233575820923 88.15851593017578 -0.017666280269622803 -0.0028910331893712282 -1.0  738546.6715892957
-0.4844221770763397 -2.4784204959869385 88.1575927734375 -0.019568927586078644 -0.0029301580507308245 0.0  738546.6715894111
-0.4843979477882385 -2.4786264896392822 88.15739440917969 -0.021462395787239075 -0.003246638923883438 -1.0  738546.6715895289
-0.4843706786632538 -2.4788527488708496 88.1570053100586 -0.023566626012325287 -0.0036672758869826794 1.0  738546.6715896423
-0.4843406081199646 -2.479100465774536 88.15751647949219 -0.025733554735779762 -0.003944762051105499 2.0  738546.6715897581
-0.484505295753479 -2.477649450302124 88.15753173828125 -0.009406963363289833 -0.0014696874422952533 -1.0  738546.6715898726
-0.484492689371109 -2.4777543544769287 88.15707397460938 -0.01147703267633915 -0.001719159772619605 0.0  738546.6715899765
-0.48447781801223755 -2.477879762649536 88.15687561035156 -0.013490485958755016 -0.0020582519937306643 0.0  738546.671590115
-0.4844598174095154 -2.4780259132385254 88.15686798095703 -0.015588659793138504 -0.002477332018315792 -1.0  738546.6715902074
-0.48443907499313354 -2.4781925678253174 88.1563949584961 -0.01757899299263954 -0.0027373593766242266 2.0  738546.6715903345
-0.48441600799560547 -2.478379011154175 88.15669250488281 -0.019565341994166374 -0.0030713677406311035 0.0  738546.67159045
-0.48438942432403564 -2.478585958480835 88.15634155273438 -0.02163773402571678 -0.0035741322208195925 3.0  738546.6715905883
-0.48435842990875244 -2.4788143634796143 88.15681457519531 -0.023814653977751732 -0.004085874184966087 -2.0  738546.6715906806
-0.48432376980781555 -2.479064702987671 88.15638732910156 -0.025987733155488968 -0.004447678569704294 -1.0  738546.6715907909
-0.48428621888160706 -2.4793360233306885 88.15562438964844 -0.027992233633995056 -0.004802624695003033 0.0  738546.6715909062
-0.4842461943626404 -2.479626417160034 88.15572357177734 -0.029819605872035027 -0.005063713062554598 0.0  738546.6715910332
-0.48470401763916016 -2.477745294570923 88.15571594238281 -0.008574375882744789 0.0007182426052168012 3.0  738546.6715911373
-0.4847134053707123 -2.477841854095459 88.15631866455078 -0.010763457976281643 0.0005359428469091654 -4.0  738546.6715912501
-0.48472121357917786 -2.477959632873535 88.15553283691406 -0.012813795357942581 0.00026823882944881916 -1.0  738546.6715913888
-0.48472699522972107 -2.4780972003936768 88.15503692626953 -0.01470721885561943 2.9151851776987314e-06 -1.0  738546.6715914926
-0.48473110795021057 -2.4782543182373047 88.15362548828125 -0.016736876219511032 -0.00019680940022226423 1.0  738546.6715916008
-0.484733521938324 -2.4784317016601562 88.15425109863281 -0.018759388476610184 -0.00046914408449083567 0.0  738546.6715917225
-0.48473256826400757 -2.4786288738250732 88.15357208251953 -0.020661478862166405 -0.0009968697559088469 -1.0  738546.6715918388
-0.4847277104854584 -2.4788460731506348 88.15251922607422 -0.02270643040537834 -0.0013784706825390458 1.0  738546.6715919524
-0.48471954464912415 -2.47908353805542 88.15339660644531 -0.024700170382857323 -0.0017879292136058211 0.0  738546.6715920578
-0.4845142364501953 -2.477623701095581 88.1539077758789 -0.005532762501388788 -0.003933941014111042 -1.0  738546.6715921905
-0.48447489738464355 -2.4776906967163086 88.15278625488281 -0.007603231351822615 -0.004364876542240381 -1.0  738546.6715923225
-0.4844324588775635 -2.4777779579162598 88.15251922607422 -0.00954512506723404 -0.0046799276024103165 0.0  738546.6715924222
-0.4843878149986267 -2.4778850078582764 88.15167999267578 -0.011586914770305157 -0.004933113697916269 1.0  738546.67159253
-0.4843410849571228 -2.478012800216675 88.15218353271484 -0.01365977618843317 -0.005234538111835718 1.0  738546.6715926497
-0.4842914640903473 -2.478161096572876 88.15250396728516 -0.015643853694200516 -0.005636709276586771 0.0  738546.6715927672
-0.4842374622821808 -2.478329658508301 88.15296173095703 -0.01772521249949932 -0.006247489247471094 2.0  738546.6715928777
-0.48417821526527405 -2.478520154953003 88.15454864501953 -0.019951937720179558 -0.006822374649345875 3.0  738546.6715929903
-0.4841082990169525 -2.4787557125091553 88.15516662597656 -0.022426564246416092 -0.007260360289365053 0.0  738546.6715931053
-0.48404112458229065 -2.478992462158203 88.15570831298828 -0.024473056197166443 -0.007689107675105333 -2.0  738546.6715932274
-0.48397111892700195 -2.479250431060791 88.15550994873047 -0.02662973664700985 -0.007962735369801521 -3.0  738546.6715933334
-0.4845218062400818 -2.477632999420166 88.15564727783203 -0.009614264592528343 -0.0012672229204326868 2.0  738546.6715934491
-0.4845113456249237 -2.4777398109436035 88.15615844726562 -0.011662749573588371 -0.0015095939161255956 1.0  738546.6715935912
-0.4844989478588104 -2.4778668880462646 88.1568603515625 -0.013656577095389366 -0.001787691144272685 0.0  738546.6715936719
-0.4844840466976166 -2.4780144691467285 88.15666961669922 -0.015736130997538567 -0.002137701725587249 4.0  738546.671593799
-0.48446598649024963 -2.4781830310821533 88.15692901611328 -0.017836619168519974 -0.00255327089689672 2.0  738546.6715939274
-0.48444488644599915 -2.478372097015381 88.15692138671875 -0.019832046702504158 -0.0028809928335249424 1.0  738546.6715940456
-0.48442065715789795 -2.478580951690674 88.15670013427734 -0.021782051771879196 -0.0033077842090278864 1.0  738546.6715941542
-0.4843924045562744 -2.4788100719451904 88.1575698852539 -0.02382153831422329 -0.003811766393482685 1.0  738546.6715942825
-0.484359472990036 -2.479060173034668 88.15753936767578 -0.025958776473999023 -0.004379069432616234 -2.0  738546.671594398
-0.4843221604824066 -2.4793314933776855 88.15608215332031 -0.028026822954416275 -0.004820618778467178 3.0  738546.6715945018
-0.48477044701576233 -2.4778342247009277 88.15718078613281 -0.01004270650446415 0.0010207638842985034 -1.0  738546.6715946057
-0.48478323221206665 -2.4779443740844727 88.15636444091797 -0.01205988135188818 0.0008262880728580058 4.0  738546.6715947329
-0.4847955107688904 -2.478074789047241 88.15711975097656 -0.014095230959355831 0.0007890259148553014 4.0  738546.6715950443
-0.48480722308158875 -2.4782257080078125 88.15780639648438 -0.01614469476044178 0.0005841742386110127 2.0  738546.6715952636
-0.48481646180152893 -2.4783968925476074 88.15704345703125 -0.018126465380191803 0.0001649242331041023 3.0  738546.6715952983
-0.48482227325439453 -2.478588104248047 88.1576919555664 -0.020152153447270393 -0.0002321399952052161 1.0  738546.6715953214
-0.48482462763786316 -2.478799819946289 88.156982421875 -0.02220015786588192 -0.0006586626404896379 2.0  738546.6715953444
-0.48482421040534973 -2.479032516479492 88.1570816040039 -0.024337103590369225 -0.0009210792486555874 4.0  738546.6715954137
-0.4848220944404602 -2.4792864322662354 88.15703582763672 -0.026414915919303894 -0.0011335237650200725 1.0  738546.6715955407
-0.4847199320793152 -2.477731227874756 88.15699768066406 -0.008675585500895977 -0.001877065165899694 2.0  738546.6715956442
-0.484703004360199 -2.4778287410736084 88.15772247314453 -0.010722501203417778 -0.0021316567435860634 0.0  738546.671595764
-0.484684020280838 -2.47794771194458 88.15715789794922 -0.012955643236637115 -0.0024306639097630978 5.0  738546.6715958798
-0.48466312885284424 -2.4780890941619873 88.15814971923828 -0.015166806988418102 -0.002652523573487997 0.0  738546.6715960066
-0.4846409857273102 -2.478252649307251 88.15801239013672 -0.017386706545948982 -0.0028235651552677155 1.0  738546.6715961106
-0.4846169948577881 -2.478437662124634 88.1583023071289 -0.019426587969064713 -0.003160977503284812 -3.0  738546.6715962302
-0.4845905005931854 -2.4786429405212402 88.15821075439453 -0.021434376016259193 -0.0034562558867037296 0.0  738546.6715963528
-0.48456066846847534 -2.4788684844970703 88.15765380859375 -0.02346869185566902 -0.003960380330681801 -2.0  738546.6715964698
-0.4845271408557892 -2.479114294052124 88.15735626220703 -0.025467175990343094 -0.004323494620621204 -1.0  738546.6715965873
-0.4844915568828583 -2.4793806076049805 88.15782165527344 -0.027544904500246048 -0.004500497132539749 3.0  738546.6715967029
-0.4844549894332886 -2.479668378829956 88.1593246459961 -0.029745331034064293 -0.004659686703234911 0.0  738546.6715968184
-0.48441657423973083 -2.47997784614563 88.1589584350586 -0.03185410425066948 -0.005010075401514769 2.0  738546.6715969315
-0.48437562584877014 -2.48030686378479 88.15917205810547 -0.03367209807038307 -0.005291384179145098 2.0  738546.6715970513
