-0.20553435385227203 -1.8611881732940674 94.57494354248047 -0.002045226050540805 -0.0006972447736188769 3.0  738561.5115372816
-0.20552578568458557 -1.8612079620361328 94.57718658447266 -0.002045974601060152 -0.0006955990684218705 6.0  738561.5115373967
-0.2055172324180603 -1.8612277507781982 94.58183288574219 -0.0020467357244342566 -0.0006934165139682591 -9.0  738561.5115375111
-0.20550870895385742 -1.8612476587295532 94.5782699584961 -0.0020476249046623707 -0.0006901518790982664 26.0  738561.5115376248
-0.20550023019313812 -1.8612675666809082 94.58454895019531 -0.002047048881649971 -0.0006817245739512146 1.0  738561.5115377444
-0.20549185574054718 -1.8612874746322632 94.58494567871094 -0.0020498204976320267 -0.0006710602319799364 -23.0  738561.5115378505
-0.20548363029956818 -1.8613073825836182 94.5849609375 -0.002048708964139223 -0.0006514918059110641 -17.0  738561.5115379791
-0.2054755836725235 -1.8613272905349731 94.58320617675781 -0.002043377608060837 -0.0006347157759591937 -14.0  738561.5115380955
-0.20546776056289673 -1.8613470792770386 94.5777587890625 -0.0020313120912760496 -0.0006091835093684494 -9.0  738561.5115381987
-0.2054353803396225 -1.861223816871643 94.58448028564453 -0.0003805803426075727 -0.0010037748143076897 -25.0  738561.511538336
-0.2054251730442047 -1.8612267971038818 94.5787353515625 -0.0003762839478440583 -0.0009830539347603917 18.0  738561.5115384285
-0.2054152488708496 -1.861229658126831 94.58540344238281 -0.0003569111868273467 -0.0009495298727415502 29.0  738561.511538549
-0.20540571212768555 -1.8612322807312012 94.5937728881836 -0.00031816348200663924 -0.0009085769415833056 37.0  738561.511538659
-0.2053966373205185 -1.8612345457077026 94.6069564819336 -0.0002694180584512651 -0.0008642636821605265 16.0  738561.5115387815
-0.20538797974586487 -1.8612364530563354 94.62210083007812 -0.00024410839250776917 -0.0008294181316159666 -20.0  738561.5115389213
-0.20537978410720825 -1.8612381219863892 94.62212371826172 -0.00021710396686103195 -0.0007762372260913253 -12.0  738561.5115390164
-0.20537206530570984 -1.8612395524978638 94.61980438232422 -0.0001938984787557274 -0.000737859052605927 3.0  738561.5115391572
-0.20536479353904724 -1.8612408638000488 94.62122344970703 -0.00017417313938494772 -0.0006919013103470206 -29.0  738561.5115392791
-0.20535807311534882 -1.8612418174743652 94.60623168945312 -0.0001290121435886249 -0.000633753661531955 -32.0  738561.5115393962
-0.2056429237127304 -1.861113429069519 94.58280181884766 0.0015870312927290797 0.0025098505429923534 -23.0  738561.5115394859
-0.20566989481449127 -1.8610992431640625 94.56771087646484 0.0016640308313071728 0.0026339374016970396 -21.0  738561.5115395971
-0.20569811761379242 -1.8610844612121582 94.556396484375 0.0017299584578722715 0.0027506595943123102 -24.0  738561.5115397318
-0.20572756230831146 -1.8610690832138062 94.54307556152344 0.0018006720347329974 0.0028678374364972115 -48.0  738561.511539856
-0.20575827360153198 -1.8610531091690063 94.51483154296875 0.0018642363138496876 0.0029944120906293392 -16.0  738561.5115399604
-0.205790176987648 -1.8610364198684692 94.5046615600586 0.0019535396713763475 0.0030955446418374777 18.0  738561.5115400591
-0.20582343637943268 -1.8610187768936157 94.50609588623047 0.002072926377877593 0.0032472643069922924 -28.0  738561.5115401981
-0.20585809648036957 -1.8610002994537354 94.48999786376953 0.002155708149075508 0.003361909184604883 -60.0  738561.511540313
-0.20589403808116913 -1.8609809875488281 94.45922088623047 0.0022534087765961885 0.0034908708184957504 -117.0  738561.5115404073
-0.20593184232711792 -1.860960602760315 94.39556884765625 0.0023788546677678823 0.0037229200825095177 -139.0  738561.5115405207
-0.20697666704654694 -1.8597750663757324 94.31153869628906 0.016551868990063667 0.01435177307575941 -190.0  738561.5115406568
-0.20713327825069427 -1.859620213508606 94.2049789428711 0.016636325046420097 0.014555334113538265 -197.0  738561.5115407753
-0.20730805397033691 -1.8594483137130737 94.07942962646484 0.016813045367598534 0.014841143973171711 -225.0  738561.5115408652
-0.20746979117393494 -1.859290599822998 93.94813537597656 0.016915665939450264 0.015162581577897072 -256.0  738561.5115409857
-0.20763452351093292 -1.8591328859329224 93.8060073852539 0.016817249357700348 0.015513059683144093 -257.0  738561.5115411091
-0.207801952958107 -1.85897696018219 93.66243743896484 0.016556667163968086 0.015809422358870506 -202.0  738561.5115412289
-0.2079714685678482 -1.8588242530822754 93.54167938232422 0.01618840917944908 0.01602855883538723 -207.0  738561.5115413333
-0.20814332365989685 -1.8586757183074951 93.4249267578125 0.015712479129433632 0.016321055591106415 -200.0  738561.5115414744
-0.2083195596933365 -1.858532428741455 93.30595397949219 0.015185262076556683 0.016862383112311363 -206.0  738561.511541561
-0.20850341022014618 -1.858394742012024 93.1834716796875 0.01463774498552084 0.017696458846330643 -210.0  738561.5115416766
-0.20853528380393982 -1.8582446575164795 93.0673599243164 0.014183741994202137 0.017303578555583954 -197.0  738561.511541795
-0.2087283581495285 -1.8581154346466064 92.95270538330078 0.013775392435491085 0.018970157951116562 -202.0  738561.5115419128
-0.20894116163253784 -1.85798978805542 92.83101654052734 0.013530563563108444 0.0209841076284647 -235.0  738561.5115420244
-0.20917552709579468 -1.8578661680221558 92.69623565673828 0.013463374227285385 0.023122398182749748 -239.0  738561.5115421402
-0.2094304859638214 -1.8577438592910767 92.55972290039062 0.013432953506708145 0.02514408901333809 -264.0  738561.5115422547
-0.20970219373703003 -1.8576236963272095 92.41053009033203 0.01330848503857851 0.026856545358896255 -254.0  738561.5115424041
-0.20998480916023254 -1.8575078248977661 92.26062774658203 0.01295222993940115 0.028032058849930763 -278.0  738561.5115424859
-0.21027137339115143 -1.8573992252349854 92.10045623779297 0.012340952642261982 0.028619593009352684 -279.0  738561.5115426152
-0.21055544912815094 -1.8573004007339478 91.94282531738281 0.0114059466868639 0.02858271449804306 -235.0  738561.5115427307
-0.21083198487758636 -1.8572137355804443 91.80621337890625 0.010179316624999046 0.02789524756371975 -226.0  738561.5115428509
-0.20942756533622742 -1.8563799858093262 91.67545318603516 0.016587138175964355 0.007872042246162891 -248.0  738561.5115429523
-0.2094976007938385 -1.8562363386154175 91.53507232666016 0.015142243355512619 0.0066656251437962055 -236.0  738561.51154305
-0.20956048369407654 -1.8561065196990967 91.39386749267578 0.013731763698160648 0.005628086626529694 -277.0  738561.5115431792
-0.20962174236774445 -1.8559894561767578 91.23240661621094 0.012449941597878933 0.005004628095775843 -316.0  738561.511543313
-0.20968836545944214 -1.8558839559555054 91.0508804321289 0.011377565562725067 0.0050370111130177975 -344.0  738561.5115434186
-0.20976771414279938 -1.855789303779602 90.85554504394531 0.010501408949494362 0.005810442380607128 -353.0  738561.5115435248
-0.20986692607402802 -1.8557060956954956 90.65660095214844 0.009602295234799385 0.007314585614949465 -348.0  738561.511543656
-0.2099926471710205 -1.8556361198425293 90.45860290527344 0.008571439422667027 0.00950654037296772 -364.0  738561.5115437623
-0.2101496309041977 -1.855581521987915 90.24922180175781 0.007362735457718372 0.01232476718723774 -384.0  738561.5115438682
-0.21033957600593567 -1.855543851852417 90.03032684326172 0.005933738313615322 0.015630170702934265 -390.0  738561.511544013
-0.20976433157920837 -1.8552372455596924 89.81033325195312 0.0076825786381959915 0.010087985545396805 -373.0  738561.5115441012
-0.20992691814899445 -1.855205774307251 89.5958480834961 0.0058494447730481625 0.013642070814967155 -350.0  738561.5115442215
-0.2101142555475235 -1.8551949262619019 89.39228057861328 0.0037693146150559187 0.016922222450375557 -352.0  738561.5115443328
-0.21032045781612396 -1.8552050590515137 89.18968200683594 0.0014928702730685472 0.01959742046892643 -363.0  738561.5115444495
-0.21053926646709442 -1.8552358150482178 88.98356628417969 -0.0007957161869853735 0.021624522283673286 -329.0  738561.5115445588
-0.2107645869255066 -1.8552861213684082 88.79258728027344 -0.0030199787579476833 0.022893471643328667 -334.0  738561.5115446865
-0.21099096536636353 -1.8553546667099 88.60395050048828 -0.005239140707999468 0.023400655016303062 -324.0  738561.5115447982
-0.21121424436569214 -1.8554394245147705 88.4216537475586 -0.007264978252351284 0.023225082084536552 -291.0  738561.5115449188
-0.21143187582492828 -1.855538010597229 88.25604248046875 -0.008954130113124847 0.022500723600387573 -278.0  738561.5115450348
-0.21164311468601227 -1.855648159980774 88.09892272949219 -0.010226085782051086 0.021466821432113647 -259.0  738561.511545145
-0.20928284525871277 -1.8554705381393433 87.95094299316406 -0.006883778143674135 -0.00828262697905302 -250.0  738561.5115452624
-0.20919865369796753 -1.8555665016174316 87.8067626953125 -0.00787202175706625 -0.009198974817991257 -237.0  738561.5115453914
-0.20911481976509094 -1.8556708097457886 87.67021942138672 -0.00875809695571661 -0.0098668048158288 -231.0  738561.5115454979
-0.20903468132019043 -1.8557825088500977 87.53582000732422 -0.009750318713486195 -0.010179407894611359 -228.0  738561.5115456169
-0.20896156132221222 -1.855900526046753 87.40326690673828 -0.010785933583974838 -0.009930900298058987 -236.0  738561.511545722
-0.20889821648597717 -1.8560230731964111 87.26644897460938 -0.011813818477094173 -0.00919934269040823 -237.0  738561.5115458332
-0.2088460922241211 -1.8561475276947021 87.12908172607422 -0.012511665932834148 -0.007975317537784576 -219.0  738561.5115459599
-0.20880496501922607 -1.8562713861465454 87.00251770019531 -0.012824888341128826 -0.006445686332881451 -193.0  738561.5115460772
-0.2087731808423996 -1.8563926219940186 86.8886489868164 -0.012890364974737167 -0.0048728142865002155 -182.0  738561.5115461843
-0.20874805748462677 -1.8565099239349365 86.78334045410156 -0.012632510624825954 -0.0035129005555063486 -169.0  738561.511546298
-0.20739129185676575 -1.8573565483093262 86.68679809570312 -0.019540300592780113 -0.017845138907432556 -150.0  738561.5115464266
-0.20722053945064545 -1.8575464487075806 86.60020446777344 -0.019012009724974632 -0.017231928184628487 -116.0  738561.5115465322
-0.2070295810699463 -1.8577498197555542 86.52397918701172 -0.018255874514579773 -0.01700732856988907 -112.0  738561.5115466506
-0.2068505883216858 -1.857930302619934 86.45892333984375 -0.017467718571424484 -0.017424585297703743 -111.0  738561.5115467648
-0.2066648155450821 -1.8581076860427856 86.3932876586914 -0.01673455722630024 -0.01827840320765972 -118.0  738561.5115469033
-0.20647217333316803 -1.8582834005355835 86.32600402832031 -0.016086800023913383 -0.019344866275787354 -108.0  738561.5115470266
-0.20627382397651672 -1.858459234237671 86.26397705078125 -0.01563163660466671 -0.020550187677145004 -85.0  738561.5115471203
-0.20607200264930725 -1.8586368560791016 86.21298217773438 -0.015473050065338612 -0.02169210836291313 -82.0  738561.5115472347
-0.2058698534965515 -1.85881769657135 86.16780090332031 -0.015637941658496857 -0.022549118846654892 -67.0  738561.511547351
-0.20567089319229126 -1.8590025901794434 86.13050079345703 -0.016125056892633438 -0.023058535531163216 -58.0  738561.5115475605
-0.20547866821289062 -1.8591915369033813 86.09669494628906 -0.016817137598991394 -0.023091085255146027 -60.0  738561.5115476422
-0.20243889093399048 -1.8608825206756592 86.06158447265625 -0.0307194534689188 -0.05273091793060303 -44.0  738561.511547692
-0.20198020339012146 -1.8612275123596191 86.03252410888672 -0.03155261650681496 -0.051928941160440445 -35.0  738561.5115478126
-0.2015354186296463 -1.8615717887878418 86.007568359375 -0.03237748146057129 -0.05074181407690048 -38.0  738561.5115479302
-0.20110540091991425 -1.861912488937378 85.987060546875 -0.033049557358026505 -0.049327049404382706 -24.0  738561.5115480366
-0.2006901353597641 -1.8622463941574097 85.97264862060547 -0.033491089940071106 -0.04779718071222305 2.0  738561.5115481608
-0.20028908550739288 -1.8625702857971191 85.97244262695312 -0.03348508104681969 -0.046273645013570786 14.0  738561.5115482757
-0.19990161061286926 -1.862880825996399 85.98091888427734 -0.03306141868233681 -0.04482058808207512 30.0  738561.5115483841
-0.19952720403671265 -1.8631751537322998 85.99455261230469 -0.03220999985933304 -0.04346294701099396 22.0  738561.511548516
-0.19916558265686035 -1.8634510040283203 86.01117706298828 -0.030884461477398872 -0.042215172201395035 47.0  738561.51154861
-0.19716766476631165 -1.863499402999878 86.03860473632812 -0.025082437321543694 -0.05941983312368393 50.0  738561.5115487659
-0.196644127368927 -1.8637107610702515 86.07077026367188 -0.023010378703475 -0.058294422924518585 64.0  738561.5115488762
-0.19613473117351532 -1.8639016151428223 86.10914611816406 -0.0208304300904274 -0.05710087716579437 63.0  738561.511548956
-0.19564051926136017 -1.8640726804733276 86.14522552490234 -0.018580544739961624 -0.055861786007881165 56.0  738561.5115490805
-0.1951628029346466 -1.864225149154663 86.17411804199219 -0.01633177325129509 -0.054554566740989685 30.0  738561.5115492124
-0.1947031319141388 -1.8643606901168823 86.193603515625 -0.014296343550086021 -0.05322454124689102 16.0  738561.5115492895
-0.19426344335079193 -1.86448073387146 86.20570373535156 -0.012491695582866669 -0.05182592570781708 5.0  738561.5115494236
-0.1938459277153015 -1.8645868301391602 86.20984649658203 -0.010867800563573837 -0.05019606649875641 -4.0  738561.5115495265
-0.19345244765281677 -1.864680528640747 86.20628356933594 -0.009566504508256912 -0.04840060696005821 -19.0  738561.5115496794
-0.19308452308177948 -1.8647629022598267 86.19617462158203 -0.008469521068036556 -0.04633243381977081 -19.0  738561.5115497728
-0.18979482352733612 -1.8660811185836792 86.18521118164062 -0.019191542640328407 -0.07778061181306839 -27.0  738561.5115498935
-0.18915560841560364 -1.8662807941436768 86.17044830322266 -0.01846185326576233 -0.07517946511507034 -24.0  738561.5115499988
-0.18854497373104095 -1.866470456123352 86.1517562866211 -0.017938919365406036 -0.07237885892391205 -26.0  738561.5115501059
-0.18796294927597046 -1.8666495084762573 86.13614654541016 -0.01735965721309185 -0.06954675167798996 -8.0  738561.5115502444
-0.18740907311439514 -1.866817593574524 86.13239288330078 -0.016759002581238747 -0.06680065393447876 0.0  738561.5115503555
-0.18688270449638367 -1.8669739961624146 86.12985229492188 -0.016124548390507698 -0.06415817886590958 3.0  738561.5115504591
-0.18638329207897186 -1.8671183586120605 86.1322250366211 -0.015428700484335423 -0.06168758124113083 16.0  738561.511550582
-0.18591083586215973 -1.8672500848770142 86.14386749267578 -0.014505099505186081 -0.05932261794805527 37.0  738561.5115507058
-0.18546591699123383 -1.867368459701538 86.16336059570312 -0.013591722585260868 -0.05707262456417084 39.0  738561.5115508174
-0.18504935503005981 -1.8674732446670532 86.18772888183594 -0.012593653984367847 -0.05489741265773773 43.0  738561.5115509297
-0.1821674406528473 -1.8682284355163574 86.21572875976562 -0.017396196722984314 -0.08153484016656876 52.0  738561.5115510415
-0.18154041469097137 -1.8683773279190063 86.24810028076172 -0.016294410452246666 -0.07941724359989166 78.0  738561.5115511637
-0.18094559013843536 -1.8685122728347778 86.29174041748047 -0.015251802280545235 -0.07724746316671371 78.0  738561.5115512843
-0.1803848147392273 -1.8686331510543823 86.33688354492188 -0.01431104727089405 -0.07486028224229813 81.0  738561.5115514107
-0.17985977232456207 -1.8687398433685303 86.38492584228516 -0.013386654667556286 -0.07224517315626144 100.0  738561.5115515168
-0.17937231063842773 -1.868831992149353 86.44188690185547 -0.012432794086635113 -0.06938418000936508 108.0  738561.5115516321
-0.17892403900623322 -1.8689091205596924 86.50528717041016 -0.011328727938234806 -0.0662040114402771 121.0  738561.5115517381
-0.17851564288139343 -1.868971347808838 86.57528686523438 -0.010191384702920914 -0.062862329185009 122.0  738561.5115518521
-0.17814812064170837 -1.8690186738967896 86.6456069946289 -0.009027164429426193 -0.05915914103388786 130.0  738561.5115519639
-0.1778225153684616 -1.8690509796142578 86.72312927246094 -0.0076618194580078125 -0.05521702021360397 126.0  738561.5115520797
-0.17556025087833405 -1.8684407472610474 86.79597473144531 0.002543868264183402 -0.06642712652683258 133.0  738561.5115521997
-0.17511387169361115 -1.8683786392211914 86.8724136352539 0.003860376076772809 -0.0619472935795784 132.0  738561.5115523129
-0.17467203736305237 -1.8682940006256104 86.95867156982422 0.005281066056340933 -0.05690478906035423 142.0  738561.5115524278
-0.1743149608373642 -1.8682026863098145 87.04209899902344 0.006621560547500849 -0.05227850377559662 145.0  738561.5115525485
-0.17399993538856506 -1.8680981397628784 87.12535095214844 0.00790465995669365 -0.047714922577142715 139.0  738561.5115526645
-0.17372676730155945 -1.86798095703125 87.20730590820312 0.009124906733632088 -0.04328899458050728 132.0  738561.5115527759
-0.17349474132061005 -1.8678516149520874 87.28376007080078 0.01039608009159565 -0.038946252316236496 131.0  738561.5115528903
-0.17330360412597656 -1.867710828781128 87.35933685302734 0.011585607193410397 -0.03472810983657837 134.0  738561.5115530255
-0.1731538027524948 -1.8675591945648193 87.43438720703125 0.012749776244163513 -0.030606886371970177 125.0  738561.5115531419
-0.17304585874080658 -1.8673973083496094 87.50472259521484 0.013716252520680428 -0.02648118883371353 109.0  738561.5115532461
-0.17098286747932434 -1.8682831525802612 87.56717681884766 0.002995674731209874 -0.04830711707472801 105.0  738561.5115533646
-0.17073218524456024 -1.8682228326797485 87.62722778320312 0.0038578042294830084 -0.04398130998015404 75.0  738561.5115534682
-0.17052482068538666 -1.8681533336639404 87.64900207519531 0.004643239080905914 -0.03961850702762604 -25.0  738561.5115535744
-0.17036090791225433 -1.8680747747421265 87.6236343383789 0.005482821259647608 -0.03516338765621185 -72.0  738561.5115537014
-0.17024028301239014 -1.8679872751235962 87.57908630371094 0.006363978143781424 -0.030646761879324913 -90.0  738561.511553817
-0.17016267776489258 -1.8678911924362183 87.52458190917969 0.007214568555355072 -0.02603387087583542 -111.0  738561.5115539207
-0.17012779414653778 -1.8677867650985718 87.46110534667969 0.008038916625082493 -0.02145031839609146 -133.0  738561.5115540477
-0.17013497650623322 -1.8676743507385254 87.38450622558594 0.008748454973101616 -0.01669781468808651 -143.0  738561.5115541746
-0.1701834350824356 -1.8675543069839478 87.30424499511719 0.009414663538336754 -0.01200175192207098 -131.0  738561.5115542897
-0.17027254402637482 -1.8674267530441284 87.22589111328125 0.01021474041044712 -0.007373107131570578 -145.0  738561.5115544009
-0.16878384351730347 -1.8669589757919312 87.14252471923828 0.015536416321992874 -0.019893363118171692 -145.0  738561.5115545099
-0.1687752604484558 -1.8667809963226318 87.05963134765625 0.016374215483665466 -0.015314982272684574 -141.0  738561.5115546297
-0.1688045859336853 -1.8665969371795654 86.97834777832031 0.017135674133896828 -0.010748735629022121 -147.0  738561.5115547436
-0.1688704639673233 -1.8664076328277588 86.89720153808594 0.01778234727680683 -0.006232868414372206 -139.0  738561.5115548698
-0.16897159814834595 -1.8662139177322388 86.818603515625 0.01832645945250988 -0.0019389325752854347 -144.0  738561.5115549837
-0.1691068708896637 -1.8660166263580322 86.7391357421875 0.01870465837419033 0.0020945521537214518 -135.0  738561.5115550798
-0.16927514970302582 -1.865816354751587 86.66096496582031 0.01900273747742176 0.005974884610623121 -130.0  738561.5115552216
-0.16947537660598755 -1.8656138181686401 86.58543395996094 0.019290760159492493 0.009674690663814545 -123.0  738561.5115553223
-0.16970641911029816 -1.8654096126556396 86.51605987548828 0.019523518159985542 0.013213703408837318 -118.0  738561.5115554364
-0.1699673980474472 -1.8652044534683228 86.45246887207031 0.019667742773890495 0.016646474599838257 -112.0  738561.5115555425
-0.16795417666435242 -1.8650996685028076 86.39334869384766 0.020190242677927017 -0.0060835289768874645 -102.0  738561.511555734
-0.16801591217517853 -1.8649059534072876 86.33262634277344 0.02009051851928234 -0.002675176365301013 -103.0  738561.5115558296
-0.16810698807239532 -1.8647133111953735 86.27702331542969 0.01995069347321987 0.000637094781268388 -93.0  738561.5115559014
-0.1682267189025879 -1.8645222187042236 86.22484588623047 0.019693372771143913 0.003978903405368328 -85.0  738561.5115560219
-0.16837428510189056 -1.864333152770996 86.17620086669922 0.019291028380393982 0.007245925255119801 -82.0  738561.5115562413
-0.1685490906238556 -1.8641464710235596 86.12913513183594 0.018928024917840958 0.010324331931769848 -80.0  738561.5115563455
-0.16875077784061432 -1.8639624118804932 86.0843734741211 0.018518662080168724 0.013370300643146038 -76.0  738561.5115563985
-0.16897869110107422 -1.863781213760376 86.04227447509766 0.01807822287082672 0.01633690670132637 -74.0  738561.5115565051
-0.16923190653324127 -1.8636032342910767 86.00212097167969 0.017589949071407318 0.01919136568903923 -69.0  738561.5115567748
-0.1695096641778946 -1.8634285926818848 85.96540832519531 0.01707320287823677 0.022032080218195915 -63.0  738561.5115571093
-0.16981148719787598 -1.8632575273513794 85.93228912353516 0.016512542963027954 0.02480999566614628 -46.0  738561.5115576041
-0.16872990131378174 -1.8635307550430298 85.90489959716797 0.012487588450312614 0.013489099219441414 -49.0  738561.5115576278
-0.16893742978572845 -1.8634114265441895 85.87837982177734 0.01190424058586359 0.01610683836042881 -30.0  738561.511557674
-0.16916680335998535 -1.8632961511611938 85.8611831665039 0.011307405307888985 0.018606623634696007 -20.0  738561.5115577438
-0.1694173961877823 -1.8631850481033325 85.84942626953125 0.010699301958084106 0.021001841872930527 -18.0  738561.5115577669
-0.16968892514705658 -1.8630783557891846 85.8396987915039 0.010057919658720493 0.023315027356147766 -7.0  738561.5115577901
-0.1699812263250351 -1.862976312637329 85.83476257324219 0.009363642893731594 0.025551727041602135 -3.0  738561.5115578133
-0.17029404640197754 -1.8628789186477661 85.83402252197266 0.008635757490992546 0.02774430252611637 8.0  738561.511557849
-0.17062710225582123 -1.8627859354019165 85.83689880371094 0.007917874492704868 0.02987445890903473 10.0  738561.5115578731
-0.17098043859004974 -1.8626971244812012 85.84272003173828 0.007222149986773729 0.03205886483192444 15.0  738561.5115579586
-0.17135393619537354 -1.862612009048462 85.85153198242188 0.00656635407358408 0.03421444445848465 19.0  738561.5115580064
-0.16931180655956268 -1.8627263307571411 85.86212921142578 0.00578625313937664 0.01152923982590437 25.0  738561.5115580969
-0.1694956123828888 -1.8626612424850464 85.87626647949219 0.005206889472901821 0.013883533887565136 29.0  738561.5115582235
-0.16968362033367157 -1.8626043796539307 85.89450073242188 0.004781382158398628 0.015987683087587357 40.0  738561.511558333
-0.16989140212535858 -1.8625491857528687 85.91761779785156 0.004366093315184116 0.018079526722431183 48.0  738561.5115584667
-0.17011860013008118 -1.8624953031539917 85.94682312011719 0.004011258482933044 0.020129146054387093 47.0  738561.5115585638
-0.17036493122577667 -1.862442135810852 85.97760009765625 0.0037563589867204428 0.02215803600847721 55.0  738561.5115587044
-0.1706303358078003 -1.862389326095581 86.00879669189453 0.00348148331977427 0.02417173981666565 50.0  738561.5115588096
-0.17091494798660278 -1.862336277961731 86.0365219116211 0.003277844050899148 0.02616383321583271 52.0  738561.5115589137
-0.1712191104888916 -1.8622822761535645 86.07003021240234 0.0031767168547958136 0.028211280703544617 62.0  738561.5115590252
-0.16947481036186218 -1.8620214462280273 86.10324096679688 0.0072279879823327065 0.006850855425000191 62.0  738561.51155913
-0.16958051919937134 -1.8619401454925537 86.13665771484375 0.007292838301509619 0.00900334119796753 53.0  738561.5115592644
-0.16970621049404144 -1.8618565797805786 86.16690063476562 0.00741677638143301 0.011130040511488914 49.0  738561.5115593718
-0.16985179483890533 -1.861770749092102 86.19719696044922 0.0075277057476341724 0.013272586278617382 48.0  738561.5115594736
-0.1700173169374466 -1.8616827726364136 86.22309875488281 0.007654821965843439 0.015374744310975075 47.0  738561.5115596011
-0.17020264267921448 -1.8615928888320923 86.25365447998047 0.00781001802533865 0.01744832657277584 56.0  738561.5115597212
-0.17040753364562988 -1.8615014553070068 86.28638458251953 0.007898558862507343 0.019475484266877174 50.0  738561.5115598385
-0.17063181102275848 -1.861409306526184 86.31534576416016 0.007908889092504978 0.0214972086250782 43.0  738561.5115599536
-0.17087537050247192 -1.8613170385360718 86.34038543701172 0.007838074117898941 0.023499544709920883 43.0  738561.5115600604
-0.17113816738128662 -1.8612253665924072 86.36388397216797 0.00770663283765316 0.025484930723905563 33.0  738561.5115601812
-0.1697269231081009 -1.8612114191055298 86.38394927978516 0.007840869948267937 0.008917498402297497 41.0  738561.5115603002
-0.16984371840953827 -1.861131191253662 86.40341186523438 0.0075116148218512535 0.01089539472013712 33.0  738561.5115604384
-0.1699802577495575 -1.8610531091690063 86.42010498046875 0.007128013297915459 0.01288415864109993 17.0  738561.5115605198
-0.17013677954673767 -1.860977292060852 86.42765045166016 0.006763490382581949 0.014909591525793076 14.0  738561.5115606367
-0.17031355202198029 -1.8609033823013306 86.4358901977539 0.00643152417615056 0.016937362030148506 7.0  738561.5115607772
-0.17051075398921967 -1.8608311414718628 86.43897247314453 0.006129851099103689 0.018974637612700462 3.0  738561.5115608654
-0.17072844505310059 -1.8607604503631592 86.43780517578125 0.005824361462146044 0.021039899438619614 5.0  738561.5115609893
-0.17096677422523499 -1.8606910705566406 86.44096374511719 0.0055448273196816444 0.023121727630496025 12.0  738561.5115611062
-0.17122597992420197 -1.8606228828430176 86.44756317138672 0.005312957335263491 0.02521437406539917 16.0  738561.5115612168
-0.1715063601732254 -1.860555648803711 86.45637512207031 0.005151594057679176 0.027346909046173096 12.0  738561.5115613313
-0.1697249412536621 -1.860882043838501 86.45906066894531 0.0021147006191313267 0.006429584696888924 6.0  738561.5115614443
-0.16982203722000122 -1.8608604669570923 86.45684051513672 0.001822033547796309 0.008560065180063248 -11.0  738561.5115615724
-0.16994044184684753 -1.8608413934707642 86.45572662353516 0.0014706881484016776 0.010695762932300568 0.0  738561.5115616769
-0.17007993161678314 -1.8608253002166748 86.4567642211914 0.001045177923515439 0.012808679603040218 13.0  738561.5115617923
-0.17024056613445282 -1.8608126640319824 86.4635009765625 0.0005928297177888453 0.014921323396265507 0.0  738561.5115619098
-0.1704225242137909 -1.8608037233352661 86.47127532958984 6.115846190368757e-05 0.017035072669386864 19.0  738561.5115620345
-0.1706259846687317 -1.8607988357543945 86.47815704345703 -0.00046037728316150606 0.019189966842532158 2.0  738561.5115621409
-0.17085115611553192 -1.8607981204986572 86.48048400878906 -0.001061212969943881 0.021335791796445847 16.0  738561.5115622565
-0.1710980087518692 -1.860801339149475 86.4892807006836 -0.0015923746395856142 0.02348288893699646 7.0  738561.511562382
-0.1713666170835495 -1.860808253288269 86.49524688720703 -0.0021100130397826433 0.025661278516054153 24.0  738561.5115624962
-0.16920718550682068 -1.8610014915466309 86.50727844238281 -0.0030162467155605555 0.0034787808544933796 17.0  738561.5115625984
-0.1692722737789154 -1.861033320426941 86.514892578125 -0.003490264294669032 0.005671729799360037 8.0  738561.5115627166
-0.1693589687347412 -1.8610678911209106 86.52375793457031 -0.0038969458546489477 0.007839333266019821 21.0  738561.5115628294
-0.16946665942668915 -1.8611047267913818 86.5338134765625 -0.004261268302798271 0.009939801879227161 23.0  738561.5115629488
-0.16959472000598907 -1.8611434698104858 86.54586791992188 -0.004582388326525688 0.011984018608927727 20.0  738561.5115630648
-0.16974303126335144 -1.8611838817596436 86.55509948730469 -0.004855307750403881 0.014001126401126385 11.0  738561.5115631749
-0.1699119359254837 -1.8612257242202759 86.56112670898438 -0.005121482536196709 0.01604623533785343 14.0  738561.5115632911
-0.17010188102722168 -1.8612689971923828 86.57130432128906 -0.005363034550100565 0.01813851296901703 13.0  738561.5115634078
-0.1703134924173355 -1.8613139390945435 86.58091735839844 -0.005641571711748838 0.020293913781642914 7.0  738561.5115635259
-0.17054763436317444 -1.861361026763916 86.5906753540039 -0.005997652653604746 0.022525854408740997 24.0  738561.5115636451
-0.1687835156917572 -1.8617217540740967 86.60540008544922 -0.008365279994904995 0.003929781727492809 21.0  738561.5115637688
-0.16885533928871155 -1.8618056774139404 86.616455078125 -0.008747229352593422 0.006293129175901413 19.0  738561.5115638801
-0.1689509004354477 -1.8618918657302856 86.62779235839844 -0.009119815193116665 0.008676841855049133 14.0  738561.5115639956
-0.1690702885389328 -1.8619801998138428 86.63680267333984 -0.009490078315138817 0.011053928174078465 19.0  738561.5115641027
-0.16921348869800568 -1.8620704412460327 86.64689636230469 -0.009828723967075348 0.013413974083960056 22.0  738561.5115642439
-0.1693802773952484 -1.8621621131896973 86.65476989746094 -0.010122333653271198 0.0157683864235878 15.0  738561.5115643329
-0.16957040131092072 -1.8622548580169678 86.66145324707031 -0.010371427051723003 0.01810958981513977 8.0  738561.5115644493
-0.16978353261947632 -1.8623480796813965 86.66806030273438 -0.010573366656899452 0.020402424037456512 9.0  738561.511564574
-0.1700194925069809 -1.8624413013458252 86.67184448242188 -0.010685166344046593 0.02269965223968029 -3.0  738561.5115646893
-0.1702781766653061 -1.8625338077545166 86.66645050048828 -0.010791676118969917 0.02498379908502102 -8.0  738561.5115648035
-0.16790372133255005 -1.8629416227340698 86.66120910644531 -0.012519248761236668 -0.0010034622391685843 -6.0  738561.5115649196
-0.16792497038841248 -1.8630644083023071 86.65792846679688 -0.012421950697898865 0.0012509996304288507 -10.0  738561.5115650495
-0.1679680496454239 -1.8631844520568848 86.65428161621094 -0.012241870164871216 0.0034692040644586086 -2.0  738561.5115651772
-0.1680329293012619 -1.8633016347885132 86.64771270751953 -0.012112471275031567 0.005674337036907673 -24.0  738561.5115652839
-0.16811983287334442 -1.8634155988693237 86.6306381225586 -0.012054978869855404 0.007864103652536869 -26.0  738561.5115653827
-0.1682283729314804 -1.8635246753692627 86.60382080078125 -0.011948502622544765 0.010014258325099945 -39.0  738561.51156551
-0.16835790872573853 -1.8636243343353271 86.57333374023438 -0.011456359177827835 0.012169144116342068 -25.0  738561.5115656351
-0.16850772500038147 -1.8637059926986694 86.54488372802734 -0.010139101184904575 0.014325125142931938 -16.0  738561.5115657543
-0.1686766892671585 -1.8637561798095703 86.51084899902344 -0.007517123594880104 0.01645640842616558 -22.0  738561.5115658529
-0.1688629686832428 -1.8637566566467285 86.4707260131836 -0.0030722522642463446 0.018533525988459587 -25.0  738561.5115659712
-0.16906361281871796 -1.8636850118637085 86.42461395263672 0.0035445289686322212 0.020452337339520454 -48.0  738561.5115660707
-0.16690710186958313 -1.8634065389633179 86.37197875976562 0.013851587660610676 -0.0014748373068869114 -61.0  738561.5115662024
-0.16688700020313263 -1.8631091117858887 86.31417083740234 0.025264879688620567 -6.32044393569231e-05 -87.0  738561.5115663045
-0.16686657071113586 -1.8626669645309448 86.2585678100586 0.03930230066180229 0.0009775180369615555 -84.0  738561.5115664952
-0.16683995723724365 -1.8620572090148926 86.2066650390625 0.0558604933321476 0.0015999074093997478 -97.0  738561.5115665655
-0.1668015420436859 -1.8612595796585083 86.1552734375 0.0746479406952858 0.0018087258795276284 -83.0  738561.511566681
-0.1667461395263672 -1.8602557182312012 86.11228942871094 0.09538549184799194 0.001606729463674128 -83.0  738561.5115668087
-0.16666968166828156 -1.859031081199646 86.0738296508789 0.11759143322706223 0.0010898690670728683 -55.0  738561.5115669227
-0.16656959056854248 -1.8575758934020996 86.0372543334961 0.14089663326740265 0.0003585011581890285 -75.0  738561.5115670285
-0.16644495725631714 -1.8558849096298218 86.00050354003906 0.16487552225589752 -0.0004479137423913926 -47.0  738561.5115671157
-0.1662963330745697 -1.8539562225341797 85.97065734863281 0.1891477257013321 -0.0012465548934414983 -51.0  738561.51156727
-0.16341018676757812 -1.8522804975509644 85.94171142578125 0.21243618428707123 -0.029657261446118355 -46.0  738561.5115673587
-0.1629457324743271 -1.8499311208724976 85.9124755859375 0.23621323704719543 -0.02990247681736946 -39.0  738561.511567486
-0.16246667504310608 -1.8473550081253052 85.89480590820312 0.2594227194786072 -0.02981545589864254 -28.0  738561.5115675883
-0.16197732090950012 -1.8445581197738647 85.88294219970703 0.281941294670105 -0.029325315728783607 -20.0  738561.5115677041
-0.16148197650909424 -1.841544508934021 85.87425994873047 0.30374541878700256 -0.02840639092028141 -16.0  738561.51156783
-0.16098451614379883 -1.83831787109375 85.8683853149414 0.32489460706710815 -0.027122871950268745 -13.0  738561.5115679414
-0.16048802435398102 -1.8348824977874756 85.86394500732422 0.34548860788345337 -0.025533828884363174 -6.0  738561.5115680454
-0.15999454259872437 -1.8312410116195679 85.86345672607422 0.3656483590602875 -0.023757105693221092 -1.0  738561.5115681676
-0.1595049500465393 -1.8273953199386597 85.86172485351562 0.38548851013183594 -0.02184424363076687 -6.0  738561.5115682902
-0.15901875495910645 -1.823347568511963 85.86043548583984 0.4051624536514282 -0.019971635192632675 -2.0  738561.5115684065
-0.157840758562088 -1.8243416547775269 85.85742950439453 0.3712218105792999 -0.028989277780056 -7.0  738561.5115685117
-0.15728621184825897 -1.8204195499420166 85.85428619384766 0.3908865451812744 -0.027421556413173676 1.0  738561.5115686444
-0.1566724330186844 -1.8158760070800781 85.85711669921875 0.4125499725341797 -0.026057394221425056 1.0  738561.5115687489
-0.15610812604427338 -1.811537742614746 85.85711669921875 0.4322544038295746 -0.025165393948554993 1.0  738561.5115688898
-0.15553514659404755 -1.8070027828216553 85.86199188232422 0.4518800377845764 -0.024523667991161346 -5.0  738561.5115690004
-0.15495163202285767 -1.8022738695144653 85.86199188232422 0.4714217782020569 -0.024184096604585648 8.0  738561.5115691656
-0.15435649454593658 -1.7973533868789673 85.86935424804688 0.4908342957496643 -0.024035818874835968 8.0  738561.5115692219
-0.1537494659423828 -1.7922433614730835 85.86935424804688 0.5100065469741821 -0.024013901129364967 20.0  738561.5115693377
-0.15313123166561127 -1.786948561668396 85.891357421875 0.5288439989089966 -0.024069208651781082 24.0  738561.511569435
-0.15250323712825775 -1.7814732789993286 85.891357421875 0.5472337007522583 -0.02407142147421837 34.0  738561.5115695401
-0.1486954689025879 -1.7777292728424072 85.93247985839844 0.5485240817070007 -0.057412657886743546 32.0  738561.5115696668
-0.14763526618480682 -1.7715294361114502 85.93247985839844 0.5674741268157959 -0.05703030899167061 35.0  738561.5115698186
-0.14666800200939178 -1.7657216787338257 85.95793151855469 0.5839605927467346 -0.05654577538371086 45.0  738561.5115699281
-0.14569969475269318 -1.759757161140442 85.98535919189453 0.5996919870376587 -0.05596451833844185 52.0  738561.5115700207
-0.14473237097263336 -1.7536426782608032 86.01777648925781 0.614725649356842 -0.055267129093408585 68.0  738561.5115701363
-0.1437678337097168 -1.7473856210708618 86.05569458007812 0.6290527582168579 -0.05447262525558472 63.0  738561.5115702463
-0.14280755817890167 -1.740991473197937 86.09769439697266 0.6427068710327148 -0.05356350913643837 68.0  738561.511570385
-0.14185263216495514 -1.7344660758972168 86.13825225830078 0.6557239890098572 -0.05264977738261223 67.0  738561.51157048
-0.14185263216495514 -1.7344660758972168 86.18240356445312 0.6557239890098572 -0.05264977738261223 67.0  738561.5115705992
-0.1409037858247757 -1.7278156280517578 86.225341796875 0.6681401133537292 -0.05168517678976059 70.0  738561.5115707207
-0.13851723074913025 -1.7243256568908691 86.26998901367188 0.6439882516860962 -0.0693240687251091 80.0  738561.5115708746
-0.13741996884346008 -1.7178071737289429 86.31729125976562 0.6554054617881775 -0.06841170787811279 75.0  738561.5115709488
-0.13632987439632416 -1.7111772298812866 86.36402130126953 0.6663504242897034 -0.0675181970000267 73.0  738561.5115710743
-0.13524702191352844 -1.7044413089752197 86.4100341796875 0.6768414378166199 -0.06667114049196243 64.0  738561.5115711667
-0.1341715157032013 -1.6976048946380615 86.45358276367188 0.6868751645088196 -0.0658370777964592 68.0  738561.5115713072
-0.1331036537885666 -1.6906726360321045 86.49651336669922 0.6965098977088928 -0.0650114119052887 71.0  738561.5115714779
-0.1320439577102661 -1.6836488246917725 86.54048156738281 0.7057204842567444 -0.0641934722661972 79.0  738561.5115715758
-0.13099317252635956 -1.6765373945236206 86.58711242675781 0.7145622968673706 -0.06338312476873398 67.0  738561.5115716463
-0.1299523115158081 -1.6693426370620728 86.63240814208984 0.7229801416397095 -0.062489256262779236 83.0  738561.5115717696
-0.12892262637615204 -1.6620686054229736 86.67852783203125 0.7309767603874207 -0.06152226775884628 82.0  738561.5115718836
-0.12582354247570038 -1.656606912612915 86.73188018798828 0.7189408540725708 -0.08480583876371384 88.0  738561.5115719652
-0.12458927929401398 -1.6493964195251465 86.7853012084961 0.725955069065094 -0.08365816622972488 84.0  738561.5115720757
-0.12337084114551544 -1.6421202421188354 86.83749389648438 0.732468843460083 -0.08236920088529587 90.0  738561.5115722172
-0.12216967344284058 -1.634783148765564 86.89248657226562 0.7384792566299438 -0.08101582527160645 87.0  738561.5115723389
-0.12098722904920578 -1.627389907836914 86.94781494140625 0.743998646736145 -0.07954474538564682 76.0  738561.5115724838
-0.11982475966215134 -1.6199452877044678 86.99893188476562 0.7490172982215881 -0.07794107496738434 88.0  738561.5115725487
-0.11868336796760559 -1.6124540567398071 87.0528564453125 0.7535965442657471 -0.07625063508749008 66.0  738561.5115726917
-0.1175641268491745 -1.604920506477356 87.10176086425781 0.757718026638031 -0.07443495839834213 68.0  738561.51157281
-0.11646821349859238 -1.5973483324050903 87.14348602294922 0.7614393830299377 -0.07241736352443695 75.0  738561.5115729035
-0.11539661139249802 -1.5897407531738281 87.19273376464844 0.7648330926895142 -0.07044662535190582 82.0  738561.5115730293
-0.11297938227653503 -1.5849977731704712 87.23894500732422 0.7360976338386536 -0.08541962504386902 75.0  738561.511573141
-0.1118047758936882 -1.577652931213379 87.290283203125 0.7388916611671448 -0.08337917923927307 80.0  738561.5115732515
-0.1106557548046112 -1.570281982421875 87.33694458007812 0.7413658499717712 -0.08126650005578995 66.0  738561.5115733681
-0.10953270643949509 -1.5628879070281982 87.38025665283203 0.7435328960418701 -0.07909638434648514 76.0  738561.5115734912
-0.10843608528375626 -1.5554732084274292 87.42652893066406 0.7454519867897034 -0.07695872336626053 59.0  738561.5115735973
-0.10736626386642456 -1.5480403900146484 87.46826171875 0.7471117377281189 -0.07473224401473999 57.0  738561.5115737233
-0.1063237190246582 -1.5405914783477783 87.50437927246094 0.7485664486885071 -0.07239704579114914 54.0  738561.5115738343
-0.10530945658683777 -1.533128023147583 87.53945922851562 0.7498816251754761 -0.069972924888134 59.0  738561.5115739348
-0.10432467609643936 -1.5256510972976685 87.57442474365234 0.7510579228401184 -0.06745744496583939 57.0  738561.5115740673
-0.10337047278881073 -1.5181620121002197 87.60643768310547 0.752113401889801 -0.06479064375162125 50.0  738561.5115741871
-0.1005556583404541 -1.5135079622268677 87.63616180419922 0.72139972448349 -0.08484956622123718 45.0  738561.5115743076
-0.09944923222064972 -1.5063235759735107 87.66480255126953 0.7222713232040405 -0.08190556615591049 38.0  738561.5115743964
-0.09733797609806061 -1.491926670074463 87.68758392333984 0.723782479763031 -0.07560751587152481 34.0  738561.5115745238
-0.09733797609806061 -1.491926670074463 87.71106719970703 0.723782479763031 -0.07560751587152481 36.0  738561.5115746398
-0.09536276757717133 -1.4774969816207886 87.73301696777344 0.7250335216522217 -0.06913616508245468 26.0  738561.511574754
-0.09536276757717133 -1.4774969816207886 87.74881744384766 0.7250335216522217 -0.06913616508245468 13.0  738561.5115748672
-0.09442561864852905 -1.4702706336975098 87.75740051269531 0.7256574034690857 -0.06579123437404633 1.0  738561.5115750016
-0.0935218408703804 -1.4630366563796997 87.76063537597656 0.7262880802154541 -0.06240244582295418 2.0  738561.51157509
-0.0926515981554985 -1.4557944536209106 87.76146697998047 0.726954460144043 -0.05899694561958313 3.0  738561.5115752346
-0.09181445091962814 -1.4485435485839844 87.76356506347656 0.7277167439460754 -0.05565416067838669 -1.0  738561.511575344
-0.09002795070409775 -1.4443633556365967 87.76297760009766 0.6947007179260254 -0.0646459087729454 9.0  738561.5115754525
-0.08914633840322495 -1.4374357461929321 87.7649154663086 0.6955601572990417 -0.06140736863017082 9.0  738561.5115755798
-0.08821277320384979 -1.429803490638733 87.76766204833984 0.6965621709823608 -0.05788220465183258 -6.0  738561.511575679
-0.0873960554599762 -1.422853946685791 87.76812744140625 0.6975352764129639 -0.05478230491280556 -5.0  738561.5115757961
-0.0866088718175888 -1.415893316268921 87.7647476196289 0.6985251307487488 -0.05172070115804672 7.0  738561.511575915
-0.08585042506456375 -1.408921241760254 87.76435852050781 0.6995570063591003 -0.04878024011850357 15.0  738561.5115760242
-0.08512008935213089 -1.4019373655319214 87.76798248291016 0.7006180882453918 -0.0459783598780632 10.0  738561.5115761294
-0.08441728353500366 -1.3949412107467651 87.7745132446289 0.7017333507537842 -0.04326583445072174 6.0  738561.511576253
-0.08374153822660446 -1.387932300567627 87.77980041503906 0.7029100656509399 -0.040562812238931656 7.0  738561.5115763801
-0.08309261500835419 -1.3809099197387695 87.7816390991211 0.7041511535644531 -0.0378403477370739 10.0  738561.5115764937
-0.0807092934846878 -1.3778998851776123 87.7866439819336 0.6606250405311584 -0.05673150345683098 2.0  738561.5115766192
-0.079913429915905 -1.37130606174469 87.78716278076172 0.6620044112205505 -0.05402388051152229 2.0  738561.5115767164
-0.07914373278617859 -1.3646968603134155 87.79078674316406 0.663467288017273 -0.05136249586939812 0.0  738561.5115768447
-0.07839994877576828 -1.3580716848373413 87.79167175292969 0.6649932265281677 -0.04869057610630989 -4.0  738561.5115769549
-0.0776819959282875 -1.3514295816421509 87.78904724121094 0.6666101813316345 -0.04598977416753769 0.0  738561.5115770634
-0.07698973268270493 -1.3447694778442383 87.78534698486328 0.6683263778686523 -0.04329419508576393 -11.0  738561.5115771785
-0.07632265239953995 -1.338090181350708 87.77706909179688 0.6701792478561401 -0.04059825837612152 -9.0  738561.5115773004
-0.07568041235208511 -1.3313902616500854 87.76899719238281 0.6721823215484619 -0.03793274611234665 -9.0  738561.5115774239
-0.07506245374679565 -1.324668288230896 87.7625503540039 0.674358069896698 -0.035334501415491104 -17.0  738561.5115775322
-0.07446826994419098 -1.3179227113723755 87.75289916992188 0.6767066717147827 -0.03272513300180435 -15.0  738561.5115776409
-0.0719824880361557 -1.3137292861938477 87.73997497558594 0.6511617302894592 -0.052665892988443375 -14.0  738561.5115777836
-0.07122093439102173 -1.3072203397750854 87.72872924804688 0.6538230180740356 -0.050076451152563095 -7.0  738561.5115778814
-0.07048235833644867 -1.3006830215454102 87.72039031982422 0.6566089987754822 -0.04756808280944824 -15.0  738561.5115779862
-0.0697660744190216 -1.2941161394119263 87.7108154296875 0.6595104336738586 -0.045125994831323624 -16.0  738561.5115781164
-0.0690712183713913 -1.2875187397003174 87.70225524902344 0.6625123023986816 -0.04278113692998886 -10.0  738561.5115782158
-0.06839680671691895 -1.2808901071548462 87.69367980957031 0.6655949354171753 -0.04051712155342102 -13.0  738561.5115783457
-0.06774226576089859 -1.2742294073104858 87.68682098388672 0.6687750220298767 -0.03832078352570534 -12.0  738561.5115784602
-0.06710727512836456 -1.26753568649292 87.67967224121094 0.6720429062843323 -0.03614353388547897 -8.0  738561.5115785702
-0.06649154424667358 -1.2608078718185425 87.67428588867188 0.6754171252250671 -0.03401761129498482 -7.0  738561.5115786839
-0.06589478254318237 -1.254045009613037 87.66992950439453 0.6788645386695862 -0.031933363527059555 -2.0  738561.5115787972
-0.06384330242872238 -1.2509394884109497 87.6651840209961 0.6419968008995056 -0.04789547994732857 0.0  738561.5115789254
-0.06311847269535065 -1.24451744556427 87.66444396972656 0.6456037163734436 -0.04593305289745331 -7.0  738561.5115790389
-0.062410932034254074 -1.2380590438842773 87.66139221191406 0.6492753028869629 -0.043991535902023315 -8.0  738561.5115791485
-0.06172030046582222 -1.2315634489059448 87.65816497802734 0.6529913544654846 -0.04210510849952698 -9.0  738561.5115792737
-0.06104621663689613 -1.2250300645828247 87.6519546508789 0.6567517518997192 -0.04021601378917694 0.0  738561.5115793864
-0.06038825213909149 -1.2184585332870483 87.65133666992188 0.6605234742164612 -0.03845369070768356 -10.0  738561.5115795372
-0.059745948761701584 -1.2118486166000366 87.6489028930664 0.6643247008323669 -0.036703839898109436 -1.0  738561.5115796076
-0.05911879241466522 -1.2052001953125 87.64585876464844 0.6681800484657288 -0.03499128296971321 -13.0  738561.5115797295
-0.05850635841488838 -1.1985132694244385 87.64459991455078 0.6720716953277588 -0.03332838416099548 0.0  738561.5115798464
-0.057908594608306885 -1.1917868852615356 87.64261627197266 0.6760421991348267 -0.03165483847260475 -1.0  738561.5115799569
-0.05578707531094551 -1.187483549118042 87.64196014404297 0.6533191800117493 -0.04832657799124718 5.0  738561.5115800722
-0.055045973509550095 -1.1809518337249756 87.6423110961914 0.6574317812919617 -0.04669976979494095 3.0  738561.5115801877
-0.05431920289993286 -1.1743788719177246 87.64152526855469 0.6615853905677795 -0.04506447911262512 13.0  738561.511580302
-0.053606558591127396 -1.1677641868591309 87.64498138427734 0.6657626628875732 -0.0435117743909359 10.0  738561.5115804333
-0.0529077872633934 -1.1611074209213257 87.65164947509766 0.6699633002281189 -0.04202742874622345 2.0  738561.5115805402
-0.05222264304757118 -1.1544082164764404 87.65621948242188 0.6741688847541809 -0.040545716881752014 6.0  738561.5115806506
-0.05155090242624283 -1.1476666927337646 87.65975952148438 0.6783812046051025 -0.039073992520570755 5.0  738561.5115807642
-0.050892364233732224 -1.1408827304840088 87.66357421875 0.6826218366622925 -0.03761955723166466 8.0  738561.5115808871
-0.05024692416191101 -1.1340560913085938 87.66374206542969 0.6868610978126526 -0.03613072633743286 3.0  738561.5115809991
-0.0496145598590374 -1.1271867752075195 87.66829681396484 0.6910899877548218 -0.034703150391578674 0.0  738561.511581101
-0.04657430946826935 -1.1237735748291016 87.67085266113281 0.656677782535553 -0.06225702911615372 4.0  738561.5115812406
-0.04569461569190025 -1.1172147989273071 87.67627716064453 0.6608846187591553 -0.06080625206232071 7.0  738561.5115813424
-0.04474262893199921 -1.1099510192871094 87.6782455444336 0.6654908061027527 -0.059137556701898575 10.0  738561.5115814917
-0.04389176517724991 -1.1033029556274414 87.68400573730469 0.6696272492408752 -0.05764087289571762 12.0  738561.5115816072
-0.04305505007505417 -1.0966130495071411 87.6897201538086 0.6737112998962402 -0.056120555847883224 3.0  738561.5115816899
-0.04223267361521721 -1.0898820161819458 87.69373321533203 0.6777473092079163 -0.05456126481294632 7.0  738561.5115818136
-0.041424933820962906 -1.0831102132797241 87.69659423828125 0.6817407608032227 -0.05295495316386223 15.0  738561.5115819303
-0.040632329881191254 -1.0762978792190552 87.7033462524414 0.6857152581214905 -0.051349010318517685 1.0  738561.5115820403
-0.03985533118247986 -1.0694451332092285 87.70503997802734 0.6896799206733704 -0.04963645711541176 5.0  738561.5115821589
-0.03909444436430931 -1.0625519752502441 87.70742797851562 0.6936442852020264 -0.04787678271532059 3.0  738561.5115822733
-0.03709273412823677 -1.0591071844100952 87.70706939697266 0.6587281227111816 -0.061815571039915085 -15.0  738561.5115823798
-0.03622345253825188 -1.052527904510498 87.70183563232422 0.6627015471458435 -0.05986067280173302 -8.0  738561.5115825082
-0.03537185117602348 -1.045907974243164 87.6989517211914 0.6666680574417114 -0.057896655052900314 1.0  738561.5115826305
-0.03453810513019562 -1.0392476320266724 87.69902801513672 0.670617938041687 -0.05594911798834801 7.0  738561.5115827356
-0.033722370862960815 -1.032547116279602 87.7016830444336 0.6745434999465942 -0.05402015522122383 2.0  738561.5115828443
-0.03292481601238251 -1.0258065462112427 87.70361328125 0.6784526705741882 -0.05206609517335892 1.0  738561.5115829724
-0.032145652920007706 -1.0190258026123047 87.70512390136719 0.6823524236679077 -0.050104107707738876 5.0  738561.5115830869
-0.03138509765267372 -1.0122047662734985 87.70987701416016 0.6862541437149048 -0.04815586283802986 -1.0  738561.511583195
-0.030643276870250702 -1.0053435564041138 87.71133422851562 0.6901465058326721 -0.04616594314575195 0.0  738561.5115833267
-0.029920289292931557 -0.9984421133995056 87.71363830566406 0.69404536485672 -0.044174108654260635 -2.0  738561.5115834441
-0.029216215014457703 -0.9915004968643188 87.71224975585938 0.697941243648529 -0.04212595894932747 -5.0  738561.5115835373
-0.02582201361656189 -0.9872992038726807 87.7109375 0.6753412485122681 -0.06803295016288757 10.0  738561.5115836516
-0.024886637926101685 -0.9805539846420288 87.71477508544922 0.6792370676994324 -0.06603332608938217 3.0  738561.5115837615
-0.02397030219435692 -0.9737686514854431 87.71867370605469 0.683125913143158 -0.06403782218694687 59.0  738561.5115838766
-0.023072753101587296 -0.9669436812400818 87.74131774902344 0.6869561076164246 -0.062289681285619736 133.0  738561.511583991
-0.022193733602762222 -0.9600797891616821 87.8074722290039 0.6907073259353638 -0.06107185781002045 221.0  738561.5115841075
-0.021333444863557816 -0.9531771540641785 87.92546081542969 0.6943786144256592 -0.06048240140080452 294.0  738561.5115842232
-0.020492590963840485 -0.9462355375289917 88.08657836914062 0.6979817152023315 -0.06037099286913872 378.0  738561.5115843358
-0.019671907648444176 -0.9392551779747009 88.29446411132812 0.7015212774276733 -0.06078292056918144 441.0  738561.5115844512
-0.01887216791510582 -0.9322367310523987 88.53995513916016 0.704998254776001 -0.06157214939594269 528.0  738561.5115845795
-0.015374796465039253 -0.921347975730896 88.82363891601562 0.7519160509109497 -0.09223412722349167 575.0  738561.511584692
-0.014316597022116184 -0.9138259887695312 89.1429672241211 0.7551100254058838 -0.09396908432245255 638.0  738561.5115848101
-0.013283712789416313 -0.906266450881958 89.50108337402344 0.7582283616065979 -0.09607622027397156 697.0  738561.5115849331
-0.012277991510927677 -0.8986697793006897 89.89053344726562 0.761224091053009 -0.09846153855323792 737.0  738561.5115850448
-0.011301035061478615 -0.8910370469093323 90.30919647216797 0.764087975025177 -0.10108964145183563 633.0  738561.5115851511
-0.010354583151638508 -0.8833696246147156 90.69414520263672 0.7668649554252625 -0.10311723500490189 529.0  738561.5115852561
-0.00944017805159092 -0.8756691813468933 91.01553344726562 0.7696025371551514 -0.10417144000530243 413.0  738561.5115853808
-0.00855900440365076 -0.8679375648498535 91.2755126953125 0.7722822427749634 -0.10429579019546509 326.0  738561.5115854949
-0.007712063379585743 -0.8601770401000977 91.4813461303711 0.7748421430587769 -0.10358227044343948 296.0  738561.5115856242
-0.0061802128329873085 -0.8634849786758423 91.65785217285156 0.6542712450027466 -0.10682327300310135 315.0  738561.5115857397
-0.005323946010321379 -0.8569017052650452 91.842041015625 0.656261146068573 -0.1053806021809578 361.0  738561.511585863
-0.004503102507442236 -0.8502982258796692 92.0432357788086 0.657907247543335 -0.10414662957191467 436.0  738561.5115859616
-0.0037173994351178408 -0.8436777591705322 92.284912109375 0.6591861248016357 -0.10338512808084488 514.0  738561.5115860769
-0.002967106644064188 -0.837043046951294 92.57037353515625 0.660125195980072 -0.10313082486391068 591.0  738561.511586214
-0.002252905396744609 -0.8303962349891663 92.89573669433594 0.660831093788147 -0.10332551598548889 663.0  738561.5115863085
-0.0015754622872918844 -0.8237384557723999 93.26303100585938 0.6614243388175964 -0.10394948720932007 728.0  738561.5115864266
-0.0009359233663417399 -0.8170698285102844 93.66600036621094 0.6619992852210999 -0.10490014404058456 792.0  738561.5115865325
-0.00033573037944734097 -0.8103893995285034 94.10039520263672 0.6626911759376526 -0.10610323399305344 824.0  738561.5115866534
0.00022331869695335627 -0.8036951422691345 94.55939483642578 0.6635945439338684 -0.10746953636407852 877.0  738561.5115867831
0.0029172345530241728 -0.7991281151771545 95.03819274902344 0.6379566788673401 -0.13174887001514435 883.0  738561.5115868874
0.0037092941347509623 -0.7919949889183044 95.57861328125 0.6394484043121338 -0.13316449522972107 918.0  738561.5115869986
0.004380915779620409 -0.785485565662384 96.08805084228516 0.6412129402160645 -0.13458791375160217 933.0  738561.5115871079
0.005005056969821453 -0.7789485454559326 96.60857391357422 0.6433531641960144 -0.13607239723205566 939.0  738561.5115872326
0.005580775905400515 -0.7723805904388428 97.13370513916016 0.6458422541618347 -0.1376100480556488 952.0  738561.5115873609
0.006107522174715996 -0.7657788395881653 97.66801452636719 0.648639976978302 -0.13926495611667633 963.0  738561.5115874646
0.0065843951888382435 -0.7591406106948853 98.21173858642578 0.6516956686973572 -0.14103731513023376 982.0  738561.5115875853
0.007010054774582386 -0.7524634599685669 98.76496887207031 0.6549532413482666 -0.14291135966777802 975.0  738561.5115876899
0.007383740972727537 -0.7457462549209595 99.31877899169922 0.658344566822052 -0.14478802680969238 958.0  738561.511587811
0.007704766467213631 -0.7389886379241943 99.8709487915039 0.66185063123703 -0.14661367237567902 954.0  738561.5115879274
0.010239025577902794 -0.7354949712753296 100.41798400878906 0.6238850951194763 -0.16675852239131927 950.0  738561.5115880406
0.010708916932344437 -0.7290320992469788 100.96490478515625 0.6272904872894287 -0.16799095273017883 948.0  738561.5115881894
0.011122544296085835 -0.7225300073623657 101.51183319091797 0.6306735873222351 -0.16912737488746643 930.0  738561.5115882766
0.011478009633719921 -0.7159895300865173 102.04910278320312 0.634032666683197 -0.17006537318229675 937.0  738561.5115883864
0.011772923171520233 -0.7094112634658813 102.58692932128906 0.6373739838600159 -0.17090074717998505 935.0  738561.5115885165
0.012005452997982502 -0.7027960419654846 103.12647247314453 0.6407309174537659 -0.1716201901435852 932.0  738561.5115886317
0.012173734605312347 -0.6961448192596436 103.6603012084961 0.6441146731376648 -0.17213557660579681 934.0  738561.5115887284
0.012274817563593388 -0.6894575953483582 104.19275665283203 0.6475648283958435 -0.17250940203666687 926.0  738561.5115888527
0.012306773103773594 -0.6827347278594971 104.72181701660156 0.6510990262031555 -0.17274248600006104 913.0  738561.5115889673
0.012268392369151115 -0.6759766936302185 105.24266815185547 0.6547459959983826 -0.1727830320596695 902.0  738561.5115890822
0.01369380671530962 -0.6713754534721375 105.75584411621094 0.6298263669013977 -0.18286919593811035 883.0  738561.5115891994
0.013682045042514801 -0.6647926568984985 106.26066589355469 0.6336975693702698 -0.18236231803894043 859.0  738561.5115893382
0.013594800606369972 -0.6581733822822571 106.7530288696289 0.637739360332489 -0.18170319497585297 854.0  738561.5115894336
0.01343084592372179 -0.6515169739723206 107.24024200439453 0.641961932182312 -0.18097427487373352 850.0  738561.5115895419
0.01318875141441822 -0.6448227167129517 107.72527313232422 0.6463437676429749 -0.18021956086158752 830.0  738561.5115896577
0.012867895886301994 -0.6380904912948608 108.20206451416016 0.6508546471595764 -0.1793639361858368 821.0  738561.5115897983
0.012467954307794571 -0.6313204765319824 108.67057037353516 0.6555182933807373 -0.17839892208576202 809.0  738561.5115898935
0.011988271027803421 -0.6245129704475403 109.13156127929688 0.6602823138237 -0.1773175746202469 792.0  738561.5115900066
0.011427447199821472 -0.6176681518554688 109.58606719970703 0.6651362180709839 -0.1761215627193451 788.0  738561.5115901303
0.010784385725855827 -0.6107866764068604 110.03956604003906 0.6700360774993896 -0.1748499870300293 766.0  738561.5115902309
0.010058682411909103 -0.603869616985321 110.48377227783203 0.6749876737594604 -0.17342007160186768 734.0  738561.5115903642
0.012519135139882565 -0.6000671982765198 110.9093246459961 0.639047384262085 -0.1902276873588562 713.0  738561.5115904969
0.011957724578678608 -0.5934029221534729 111.32479095458984 0.6438776850700378 -0.1880561113357544 712.0  738561.5115905905
0.011310725472867489 -0.5867065787315369 111.73721313476562 0.6486760377883911 -0.1858060508966446 686.0  738561.5115907057
0.010578026063740253 -0.5799798369407654 112.13905334472656 0.6534608006477356 -0.1833980530500412 656.0  738561.511590819
0.009758539497852325 -0.5732240080833435 112.52082061767578 0.6582493782043457 -0.18074090778827667 659.0  738561.5115909353
0.008851608261466026 -0.5664403438568115 112.90145874023438 0.663026750087738 -0.17802098393440247 640.0  738561.5115910517
0.007856802083551884 -0.5596302151679993 113.27029418945312 0.6678088307380676 -0.17514030635356903 640.0  738561.5115911632
0.006772579625248909 -0.5527944564819336 113.63674926757812 0.6725984811782837 -0.17218448221683502 634.0  738561.5115912863
0.005597598850727081 -0.5459339618682861 114.00083923339844 0.6774163842201233 -0.169166699051857 618.0  738561.5115914004
0.004331015516072512 -0.5390494465827942 114.3574447631836 0.6823034882545471 -0.16602164506912231 614.0  738561.5115915083
0.005143933463841677 -0.5346318483352661 114.71041107177734 0.6545994877815247 -0.17269472777843475 600.0  738561.5115916317
0.00391045119613409 -0.527953565120697 115.0562515258789 0.6595808267593384 -0.16917140781879425 570.0  738561.5115917346
0.0025821656454354525 -0.521252453327179 115.38558959960938 0.664656937122345 -0.16545705497264862 546.0  738561.5115918785
0.0011592698283493519 -0.5145292282104492 115.70101928710938 0.6697834134101868 -0.1615898162126541 519.0  738561.5115919679
-0.0003583732759580016 -0.5077844858169556 116.00564575195312 0.6749621629714966 -0.1576312780380249 502.0  738561.5115921017
-0.0019706571474671364 -0.5010187029838562 116.29615020751953 0.6801928281784058 -0.15355049073696136 498.0  738561.5115922258
-0.0036770545411854982 -0.49423253536224365 116.58710479736328 0.6854272484779358 -0.1494874656200409 472.0  738561.5115923239
-0.0054779741913080215 -0.48742666840553284 116.86405181884766 0.6906585097312927 -0.14530529081821442 457.0  738561.5115924539
-0.007373920641839504 -0.48060181736946106 117.13394165039062 0.6958557367324829 -0.14109157025814056 437.0  738561.5115925461
-0.007248125970363617 -0.47549474239349365 117.38824462890625 0.6718787550926208 -0.149373397231102 423.0  738561.5115926607
-0.009277168661355972 -0.468167781829834 117.66240692138672 0.6774514317512512 -0.1444571167230606 397.0  738561.5115927825
-0.011218374595046043 -0.46149030327796936 117.89755249023438 0.6824776530265808 -0.13991835713386536 387.0  738561.5115928982
-0.01324940100312233 -0.45479801297187805 118.12360382080078 0.6874498128890991 -0.1353594809770584 365.0  738561.5115930189
-0.015368364751338959 -0.44809189438819885 118.33769226074219 0.692344069480896 -0.1307881623506546 347.0  738561.5115931337
-0.017574531957507133 -0.4413726329803467 118.54279327392578 0.6971762776374817 -0.12622617185115814 341.0  738561.5115932382
-0.01986774243414402 -0.4346407651901245 118.74510192871094 0.701947033405304 -0.12172121554613113 331.0  738561.5115933612
-0.022245896980166435 -0.4278970956802368 118.94017028808594 0.7066619396209717 -0.11723942309617996 320.0  738561.5115934926
-0.024706827476620674 -0.4211423397064209 119.12957000732422 0.7113094329833984 -0.11279697716236115 307.0  738561.5115935997
-0.027249976992607117 -0.41437697410583496 119.31188201904297 0.7159237265586853 -0.10836035013198853 295.0  738561.511593713
-0.029874319210648537 -0.4076014459133148 119.48731994628906 0.7204916477203369 -0.10392235219478607 274.0  738561.5115938376
-0.028861215338110924 -0.4040871262550354 119.65132904052734 0.6777157187461853 -0.11532246321439743 262.0  738561.511593948
-0.031265269964933395 -0.397625595331192 119.80834197998047 0.6820814609527588 -0.11075054854154587 244.0  738561.5115940656
-0.033746618777513504 -0.3911557197570801 119.95533752441406 0.6863566637039185 -0.10619817674160004 224.0  738561.5115941857
-0.03630426153540611 -0.38467803597450256 120.09130096435547 0.6905290484428406 -0.10166265070438385 203.0  738561.5115942912
-0.03893667832016945 -0.37819311022758484 120.2152328491211 0.6946194767951965 -0.09713088721036911 204.0  738561.5115944011
-0.041641660034656525 -0.37170135974884033 120.33663940429688 0.6986355781555176 -0.09271018207073212 199.0  738561.5115945162
-0.04441734775900841 -0.36520299315452576 120.45459747314453 0.702604353427887 -0.08837128430604935 205.0  738561.511594644
-0.0472627691924572 -0.3586980104446411 120.57392120361328 0.7065266966819763 -0.08417956531047821 178.0  738561.5115947464
-0.050176989287137985 -0.3521864116191864 120.67913818359375 0.7104005813598633 -0.07996083796024323 174.0  738561.5115948847
-0.05315845459699631 -0.34566810727119446 120.77945709228516 0.7142589092254639 -0.07581216096878052 161.0  738561.5115949943
-0.05282382294535637 -0.3398206830024719 120.87334442138672 0.6943100094795227 -0.09792272001504898 145.0  738561.5115950914
-0.05559070035815239 -0.33335745334625244 120.96147155761719 0.6980955004692078 -0.09382064640522003 143.0  738561.5115952278
-0.05842062830924988 -0.32688698172569275 121.04373168945312 0.7018283605575562 -0.08980085700750351 131.0  738561.511595367
-0.06131251901388168 -0.3204091489315033 121.11840057373047 0.705517590045929 -0.08582763373851776 118.0  738561.5115954583
-0.06426505744457245 -0.31392374634742737 121.18904876708984 0.7091695070266724 -0.08195126056671143 112.0  738561.5115955534
-0.06727663427591324 -0.30743056535720825 121.25631713867188 0.7127809524536133 -0.07818441838026047 113.0  738561.5115956878
-0.07034561038017273 -0.30092936754226685 121.32292175292969 0.7163696885108948 -0.07453915476799011 117.0  738561.5115957984
-0.07347109168767929 -0.29441994428634644 121.39041900634766 0.7199124097824097 -0.0709996446967125 103.0  738561.5115959089
-0.07665203511714935 -0.28790250420570374 121.45026397705078 0.7233801484107971 -0.06745805591344833 84.0  738561.5115960275
-0.07988692820072174 -0.2813776433467865 121.50181579589844 0.7267487049102783 -0.06387323141098022 74.0  738561.511596131
-0.07987859845161438 -0.27681684494018555 121.54733276367188 0.6952185034751892 -0.07854702323675156 51.0  738561.5115962499
-0.08288305252790451 -0.2704794406890869 121.58301544189453 0.6984071731567383 -0.07485972344875336 36.0  738561.5115963557
-0.08593885600566864 -0.26413634419441223 121.61033630371094 0.7014924883842468 -0.07114313542842865 27.0  738561.5115964832
-0.08904453366994858 -0.25778821110725403 121.62898254394531 0.7044812440872192 -0.06739111989736557 21.0  738561.5115966129
-0.09219852089881897 -0.2514355778694153 121.64208221435547 0.7073829174041748 -0.06364544481039047 17.0  738561.5115967108
-0.09539996832609177 -0.24507871270179749 121.6531753540039 0.710232675075531 -0.05993020534515381 14.0  738561.5115968328
-0.09864816814661026 -0.23871774971485138 121.66001892089844 0.7130119204521179 -0.05625782534480095 9.0  738561.511596956
-0.10194266587495804 -0.2323525846004486 121.6641616821289 0.7157760858535767 -0.052632492035627365 10.0  738561.5115970706
-0.10528268665075302 -0.22598275542259216 121.66787719726562 0.71856290102005 -0.049086086452007294 -2.0  738561.5115971895
-0.10866735875606537 -0.21960760653018951 121.66574096679688 0.7213785648345947 -0.045562099665403366 -15.0  738561.5115972953
-0.10805398225784302 -0.21490637958049774 121.6550064086914 0.6882120966911316 -0.06795978546142578 -32.0  738561.5115974031
-0.11111568659543991 -0.20868848264217377 121.6366195678711 0.6911267638206482 -0.06447284668684006 -49.0  738561.5115975211
-0.114220030605793 -0.20246246457099915 121.61063385009766 0.694072425365448 -0.06101882457733154 -61.0  738561.5115976447
-0.11736586689949036 -0.19622746109962463 121.57733154296875 0.6970411539077759 -0.057608895003795624 -73.0  738561.5115977805
-0.12055177241563797 -0.18998275697231293 121.53938293457031 0.7000184059143066 -0.05427270010113716 -67.0  738561.5115978922
-0.1237763985991478 -0.18372772634029388 121.50220489501953 0.7030017971992493 -0.05106102302670479 -61.0  738561.5115979934
-0.12703880667686462 -0.17746181786060333 121.46714782714844 0.7059842944145203 -0.04796679690480232 -56.0  738561.5115981088
-0.1303383708000183 -0.17118455469608307 121.43250274658203 0.7089711427688599 -0.04494773969054222 -61.0  738561.5115982199
-0.13367466628551483 -0.16489554941654205 121.3961181640625 0.7119482159614563 -0.041968364268541336 -67.0  738561.5115983303
-0.13704730570316315 -0.1585945039987564 121.3571548461914 0.7149208188056946 -0.039004795253276825 -72.0  738561.511598445
-0.13688592612743378 -0.15392088890075684 121.31855010986328 0.6845455765724182 -0.05854332447052002 -72.0  738561.5115985626
-0.13996386528015137 -0.14776355028152466 121.27776336669922 0.687485933303833 -0.05565895512700081 -84.0  738561.5115986902
-0.14307670295238495 -0.14159400761127472 121.23060607910156 0.690391480922699 -0.05274045467376709 -92.0  738561.5115988012
-0.14622414112091064 -0.13541220128536224 121.17891693115234 0.69325852394104 -0.049817297607660294 -89.0  738561.5115989217
-0.14940598607063293 -0.1292179971933365 121.12705993652344 0.6961128115653992 -0.04692484810948372 -96.0  738561.5115990372
-0.15262196958065033 -0.12301124632358551 121.07210540771484 0.6989821195602417 -0.04401255398988724 -97.0  738561.5115991639
-0.15587188303470612 -0.11679176986217499 121.01770782470703 0.70188307762146 -0.04110174998641014 -95.0  738561.5115992562
-0.1591559648513794 -0.11055919528007507 120.96287536621094 0.7048447728157043 -0.038169436156749725 -100.0  738561.5115993958
-0.16247475147247314 -0.10431293398141861 120.90641784667969 0.7078760266304016 -0.03520192578434944 -106.0  738561.5115994962
-0.16582880914211273 -0.09805236011743546 120.84365844726562 0.710964560508728 -0.032149430364370346 -113.0  738561.5115995918
-0.16519466042518616 -0.09362541884183884 120.77912902832031 0.6766968369483948 -0.05482765659689903 -111.0  738561.5115997448
-0.1682068556547165 -0.08752410858869553 120.71446228027344 0.6798872947692871 -0.051834117621183395 -107.0  738561.5115998378
-0.17125418782234192 -0.08140714466571808 120.65003967285156 0.6830712556838989 -0.04886137694120407 -122.0  738561.5115999621
-0.1743362993001938 -0.0752745196223259 120.58233642578125 0.6862084865570068 -0.04588340222835541 -116.0  738561.5116000726
-0.17745228111743927 -0.06912647932767868 120.51666259765625 0.6893026828765869 -0.04296925663948059 -122.0  738561.5116002004
-0.18060143291950226 -0.06296303123235703 120.44901275634766 0.6923617124557495 -0.04009842872619629 -117.0  738561.5116002933
-0.18378353118896484 -0.05678385868668556 120.38158416748047 0.695419192314148 -0.03726496547460556 -124.0  738561.511600429
-0.1869983673095703 -0.05058858543634415 120.307861328125 0.6985023617744446 -0.03438899293541908 -136.0  738561.5116005383
-0.19024579226970673 -0.04437669366598129 120.2305679321289 0.7016294002532959 -0.03149649500846863 -135.0  738561.5116006539
-0.19352588057518005 -0.03814747929573059 120.15351104736328 0.7048050761222839 -0.028633300215005875 -144.0  738561.5116007668
-0.19270850718021393 -0.033486198633909225 120.07047271728516 0.6731360554695129 -0.05388563871383667 -149.0  738561.511600895
-0.19563475251197815 -0.027381403371691704 119.9835205078125 0.6764314770698547 -0.05100947991013527 -156.0  738561.5116009929
-0.19859325885772705 -0.021257631480693817 119.89234161376953 0.6797361373901367 -0.048119448125362396 -162.0  738561.5116011075
-0.20158350467681885 -0.015114674344658852 119.79812622070312 0.6830547451972961 -0.04522395133972168 -174.0  738561.5116012256
-0.2046051174402237 -0.008952324278652668 119.6989517211914 0.6863764524459839 -0.042291056364774704 -162.0  738561.5116013322
-0.20765802264213562 -0.002770358230918646 119.60259246826172 0.689691960811615 -0.03939872235059738 -158.0  738561.5116014668
-0.21074220538139343 0.0034313988871872425 119.51007843017578 0.6930291652679443 -0.036542825400829315 -149.0  738561.511601572
-0.21385762095451355 0.009653061628341675 119.4246597290039 0.6963812708854675 -0.033761706203222275 -155.0  738561.5116016868
-0.21700437366962433 0.01589488610625267 119.33894348144531 0.6997750401496887 -0.030964791774749756 -151.0  738561.5116018092
-0.22018302977085114 0.02215750887989998 119.25369262695312 0.7032369375228882 -0.028154458850622177 -152.0  738561.5116019138
-0.22005513310432434 0.026886751875281334 119.16482543945312 0.6763879656791687 -0.047268327325582504 -168.0  738561.5116020403
-0.2229575663805008 0.03303392976522446 119.068359375 0.6800075173377991 -0.04433737322688103 -185.0  738561.511602177
-0.22589246928691864 0.03920317441225052 118.96329498291016 0.6836600303649902 -0.04129597917199135 -182.0  738561.5116022687
-0.22886009514331818 0.045394811779260635 118.85697937011719 0.687304675579071 -0.03823184594511986 -187.0  738561.5116023715
-0.23186083137989044 0.05160920321941376 118.74925231933594 0.6909455060958862 -0.03514645993709564 -187.0  738561.5116025055
-0.23489460349082947 0.057846397161483765 118.64067840576172 0.694566547870636 -0.032045625150203705 -197.0  738561.5116026235
-0.23796117305755615 0.06410624831914902 118.52574157714844 0.698158860206604 -0.028868120163679123 -188.0  738561.5116027397
-0.2410600185394287 0.07038845121860504 118.41512298583984 0.7017249464988708 -0.025738824158906937 -194.0  738561.5116028636
-0.24419064819812775 0.07669264823198318 118.3012466430664 0.7052298188209534 -0.022575153037905693 -199.0  738561.5116029675
-0.24735304713249207 0.08301881700754166 118.1856689453125 0.7086974382400513 -0.019398117437958717 -211.0  738561.5116030951
-0.24681907892227173 0.08769522607326508 118.0660400390625 0.6793984174728394 -0.041531577706336975 -214.0  738561.5116031831
-0.2499527782201767 0.09451687335968018 117.9324722290039 0.6831884980201721 -0.03806784003973007 -229.0  738561.5116033189
-0.25283339619636536 0.10074090957641602 117.80365753173828 0.6865869164466858 -0.03485995903611183 -234.0  738561.511603435
-0.2557438910007477 0.1069863960146904 117.66885375976562 0.6899722218513489 -0.0316031388938427 -239.0  738561.5116035889
-0.2586840093135834 0.11325356364250183 117.53153991699219 0.6933513283729553 -0.028333859518170357 -229.0  738561.511603658
-0.2616536021232605 0.11954270303249359 117.39915466308594 0.696726381778717 -0.025146976113319397 -234.0  738561.5116037906
-0.2646525204181671 0.12585414946079254 117.26543426513672 0.7001237869262695 -0.02195076458156109 -224.0  738561.5116038823
-0.26768073439598083 0.13218826055526733 117.13850402832031 0.7035650014877319 -0.018831295892596245 -222.0  738561.5116040026
-0.27073851227760315 0.138545423746109 117.01145935058594 0.7070256471633911 -0.015678757801651955 -238.0  738561.511604134
-0.27382639050483704 0.1449260264635086 116.87618255615234 0.7105305790901184 -0.01238239649683237 -249.0  738561.5116042289
-0.2733265459537506 0.14971335232257843 116.7201919555664 0.6758422255516052 -0.03400816023349762 -244.0  738561.5116043498
-0.2760818302631378 0.155916228890419 116.57670593261719 0.6794984340667725 -0.030614346265792847 -262.0  738561.511604468
-0.27886855602264404 0.1621435582637787 116.42365264892578 0.6831666827201843 -0.027071766555309296 -274.0  738561.511604595
-0.28168660402297974 0.16839535534381866 116.26579284667969 0.6868531107902527 -0.02345438487827778 -276.0  738561.5116046877
-0.2845359444618225 0.1746719479560852 116.10770416259766 0.6905578970909119 -0.019839061424136162 -272.0  738561.51160482
-0.2874166965484619 0.18097378313541412 115.95013427734375 0.6942411661148071 -0.016229547560214996 -259.0  738561.5116049321
-0.2903284728527069 0.1873009204864502 115.79737854003906 0.6979066729545593 -0.012701739557087421 -263.0  738561.511605056
-0.2932707369327545 0.19365349411964417 115.6461181640625 0.701560914516449 -0.009221580810844898 -249.0  738561.5116051565
-0.29624301195144653 0.20003190636634827 115.50337982177734 0.7052034735679626 -0.005902410950511694 -245.0  738561.5116052708
-0.2992445230484009 0.20643627643585205 115.36131286621094 0.7088221907615662 -0.0026366272941231728 -257.0  738561.511605405
-0.2979312837123871 0.211255744099617 115.21504211425781 0.6789697408676147 -0.03231954574584961 -256.0  738561.5116055204
-0.30054572224617004 0.2175477147102356 115.0681381225586 0.6826162338256836 -0.0292038731276989 -252.0  738561.511605613
-0.30318695306777954 0.22386598587036133 114.92216491699219 0.6862298846244812 -0.026166042312979698 -253.0  738561.5116057408
-0.30585405230522156 0.23021052777767181 114.77667999267578 0.689796507358551 -0.023191044107079506 -250.0  738561.5116058561
-0.3085464835166931 0.23658138513565063 114.63050079345703 0.6933289766311646 -0.02022896520793438 -262.0  738561.5116059915
-0.31126388907432556 0.2429785579442978 114.47940826416016 0.6968265771865845 -0.017230400815606117 -251.0  738561.5116060919
-0.31400588154792786 0.2494020313024521 114.33758544921875 0.7003226280212402 -0.014346806332468987 -235.0  738561.5116062034
-0.31677237153053284 0.2558518350124359 114.20085906982422 0.7038283944129944 -0.011501473374664783 -227.0  738561.5116063155
-0.31956368684768677 0.26232826709747314 114.06761932373047 0.7073361873626709 -0.008668025955557823 -220.0  738561.5116064447
-0.32238030433654785 0.2688317894935608 113.93911743164062 0.7108469605445862 -0.0058763157576322556 -215.0  738561.5116065474
-0.3220077157020569 0.2738853991031647 113.81571960449219 0.6872636675834656 -0.02694019116461277 -201.0  738561.5116066659
-0.3245498538017273 0.2802940011024475 113.69644927978516 0.6908124685287476 -0.024297617375850677 -203.0  738561.5116067776
-0.32711708545684814 0.2867297828197479 113.57946014404297 0.6943214535713196 -0.021684229373931885 -195.0  738561.5116068935
-0.32970908284187317 0.293192595243454 113.46733093261719 0.6977829337120056 -0.019154608249664307 -187.0  738561.5116070003
-0.3323252499103546 0.2996821701526642 113.35978698730469 0.7011913061141968 -0.01670919731259346 -179.0  738561.5116071199
-0.3349649906158447 0.3061982989311218 113.25557708740234 0.7045474052429199 -0.014341064728796482 -179.0  738561.5116072297
-0.33762791752815247 0.31274110078811646 113.15452575683594 0.7078784108161926 -0.012049688026309013 -174.0  738561.5116073489
-0.3403134346008301 0.31931066513061523 113.05416870117188 0.7112005352973938 -0.009813694283366203 -170.0  738561.5116074616
-0.3430207371711731 0.32590681314468384 112.95604705810547 0.7145135998725891 -0.0076492587104439735 -177.0  738561.5116075865
-0.34574925899505615 0.33252957463264465 112.85832977294922 0.7178256511688232 -0.005518833175301552 -167.0  738561.5116076882
-0.3444027006626129 0.3375936448574066 112.75994873046875 0.6901711821556091 -0.03561855107545853 -166.0  738561.5116078242
-0.3467554748058319 0.3441087305545807 112.65967559814453 0.69352126121521 -0.033549223095178604 -180.0  738561.5116079348
-0.3491286337375641 0.3506507873535156 112.55447387695312 0.6968336701393127 -0.031441811472177505 -182.0  738561.5116080391
-0.3515217900276184 0.35721954703330994 112.45024108886719 0.7001144886016846 -0.029351407662034035 -180.0  738561.5116081593
-0.3539348542690277 0.3638148009777069 112.34883117675781 0.7033420205116272 -0.02727930247783661 -162.0  738561.511608282
-0.35636764764785767 0.370435893535614 112.25511932373047 0.7065081000328064 -0.025270307436585426 -154.0  738561.5116083982
-0.35882019996643066 0.3770821988582611 112.16866302490234 0.709627091884613 -0.023306360468268394 -141.0  738561.5116085069
-0.36129286885261536 0.3837532699108124 112.08976745605469 0.7126933932304382 -0.02137359231710434 -126.0  738561.5116086211
-0.3637861907482147 0.3904486298561096 112.01702117919922 0.7157261371612549 -0.01943485625088215 -127.0  738561.5116087361
-0.36630070209503174 0.39716771245002747 111.94668579101562 0.7187222838401794 -0.017452625557780266 -113.0  738561.5116088631
-0.3647439181804657 0.4015347361564636 111.88111877441406 0.684058427810669 -0.044935666024684906 -114.0  738561.5116089879
-0.36688652634620667 0.40805867314338684 111.81636047363281 0.6870326995849609 -0.04292561486363411 -115.0  738561.5116090839
-0.3690515458583832 0.41460493206977844 111.74940490722656 0.6899707913398743 -0.04085282236337662 -120.0  738561.511609236
-0.37123891711235046 0.42117300629615784 111.68186950683594 0.6928790211677551 -0.038746822625398636 -109.0  738561.511609322
-0.3734489381313324 0.4277627468109131 111.61964416503906 0.695770263671875 -0.036671482026576996 -97.0  738561.5116094442
-0.37568199634552 0.4343741238117218 111.56396484375 0.6986457109451294 -0.03464056923985481 -80.0  738561.5116095489
-0.37793827056884766 0.44100692868232727 111.51667022705078 0.701522171497345 -0.03268197178840637 -77.0  738561.5116096735
-0.3802179992198944 0.4476611912250519 111.47093200683594 0.7044289708137512 -0.03071507066488266 -65.0  738561.5116097733
-0.38252171874046326 0.45433735847473145 111.43128967285156 0.7073950171470642 -0.0287899449467659 -56.0  738561.5116099014
-0.3848499357700348 0.46103593707084656 111.39729309082031 0.7104237079620361 -0.02689942717552185 -53.0  738561.5116100117
-0.3841101825237274 0.4671074450016022 111.36338806152344 0.6887770295143127 -0.05138565972447395 -53.0  738561.5116101236
-0.38615676760673523 0.4737217426300049 111.33382415771484 0.6919484734535217 -0.049484096467494965 -47.0  738561.5116102453
-0.3882301151752472 0.48036035895347595 111.30634307861328 0.6951490044593811 -0.04757510870695114 -42.0  738561.511610357
-0.39033034443855286 0.4870232045650482 111.28699493408203 0.6983610391616821 -0.045732010155916214 -22.0  738561.5116104744
-0.39245742559432983 0.493709921836853 111.27604675292969 0.7015577554702759 -0.04395506531000137 -11.0  738561.5116105973
-0.394611656665802 0.5004203915596008 111.27555847167969 0.704741358757019 -0.042287737131118774 6.0  738561.5116107118
-0.3967932462692261 0.5071544051170349 111.2805404663086 0.7079062461853027 -0.04064915329217911 20.0  738561.5116108459
-0.39900222420692444 0.5139113068580627 111.29241180419922 0.7110263705253601 -0.03905319795012474 19.0  738561.5116109421
-0.4012387990951538 0.5206904411315918 111.30695343017578 0.7141008377075195 -0.0374307855963707 24.0  738561.5116110819
-0.40350356698036194 0.5274912714958191 111.3238296508789 0.7171308398246765 -0.03577680513262749 32.0  738561.511611177
-0.40159186720848083 0.5316361784934998 111.34329986572266 0.6791924238204956 -0.06400489807128906 27.0  738561.5116112905
-0.40348580479621887 0.5382058620452881 111.3612060546875 0.6821382641792297 -0.06223209574818611 36.0  738561.5116114056
-0.4054093360900879 0.5447958707809448 111.38306427001953 0.6850453615188599 -0.060481488704681396 42.0  738561.5116115224
-0.40736252069473267 0.5514057874679565 111.40800476074219 0.6879295110702515 -0.058753278106451035 61.0  738561.5116116481
-0.4093453586101532 0.5580354332923889 111.4454574584961 0.6908050775527954 -0.057162296026945114 76.0  738561.511611748
-0.411358118057251 0.5646848678588867 111.49006652832031 0.6936893463134766 -0.05565044283866882 98.0  738561.5116118664
-0.41340118646621704 0.5713542699813843 111.55061340332031 0.6965951919555664 -0.054312944412231445 116.0  738561.5116119939
-0.41547465324401855 0.5780436992645264 111.61909484863281 0.6995372176170349 -0.05303678289055824 124.0  738561.5116121438
-0.41757890582084656 0.5847532749176025 111.69097900390625 0.7025158405303955 -0.05178181454539299 130.0  738561.5116122148
-0.41971465945243835 0.591483473777771 111.76263427734375 0.7055464386940002 -0.050500672310590744 123.0  738561.5116123378
-0.4179609715938568 0.5965815186500549 111.82982635498047 0.6789974570274353 -0.07923076301813126 121.0  738561.5116124522
-0.4197673201560974 0.6031880974769592 111.9016342163086 0.6821913719177246 -0.07782131433486938 126.0  738561.5116125464
-0.42160677909851074 0.6098167300224304 111.97050476074219 0.685424268245697 -0.07637137919664383 109.0  738561.5116126743
-0.42347967624664307 0.6164675354957581 112.03455352783203 0.688683807849884 -0.07484374195337296 122.0  738561.5116127903
-0.4253864884376526 0.6231406331062317 112.11216735839844 0.6919850707054138 -0.0734342560172081 167.0  738561.5116129216
-0.427327960729599 0.6298362612724304 112.21007537841797 0.6952918767929077 -0.07221360504627228 183.0  738561.5116130295
-0.42930519580841064 0.6365544199943542 112.3200454711914 0.6985822916030884 -0.0710543692111969 197.0  738561.5116131328
-0.4313195049762726 0.6432948708534241 112.43928527832031 0.7018510699272156 -0.06991934031248093 231.0  738561.5116132479
-0.4333719313144684 0.6500570774078369 112.5746841430664 0.7051187753677368 -0.06887158006429672 232.0  738561.511613365
-0.43546292185783386 0.6568400859832764 112.71121978759766 0.7083537578582764 -0.06772947311401367 229.0  738561.5116134763
-0.4340718686580658 0.661693274974823 112.84207153320312 0.6789458394050598 -0.09207180887460709 223.0  738561.5116135882
-0.4358808398246765 0.6683154106140137 112.97146606445312 0.6821415424346924 -0.09056568890810013 226.0  738561.5116137043
-0.4377315938472748 0.6749567985534668 113.1020736694336 0.6853384971618652 -0.08899251371622086 224.0  738561.5116138369
-0.43962517380714417 0.6816170811653137 113.23076629638672 0.6885418891906738 -0.08732271194458008 224.0  738561.5116139473
-0.4415624737739563 0.6882960200309753 113.36109924316406 0.691750705242157 -0.08561744540929794 242.0  738561.511614072
-0.4435441792011261 0.6949933171272278 113.50025939941406 0.6949658989906311 -0.0839662253856659 244.0  738561.5116141764
-0.4455706775188446 0.7017086148262024 113.64205932617188 0.6981967091560364 -0.08229409903287888 255.0  738561.5116142966
-0.44764256477355957 0.7084417939186096 113.79150390625 0.7014628052711487 -0.08066248148679733 270.0  738561.5116143989
-0.4497610330581665 0.7151930332183838 113.94666290283203 0.7047656774520874 -0.07905453443527222 278.0  738561.5116145376
-0.45192694664001465 0.7219624519348145 114.1046371459961 0.7081206440925598 -0.07743486762046814 282.0  738561.5116146449
-0.4501963257789612 0.7267792820930481 114.26476287841797 0.6772359609603882 -0.10366501659154892 274.0  738561.5116147549
-0.45206040143966675 0.7333860993385315 114.42185974121094 0.6806000471115112 -0.10186192393302917 272.0  738561.5116148612
-0.4539734125137329 0.7400110363960266 114.5775375366211 0.6840021014213562 -0.10000971704721451 271.0  738561.5116149768
-0.4559359848499298 0.7466540932655334 114.73222351074219 0.6874477863311768 -0.09811608493328094 260.0  738561.5116150926
-0.4579486846923828 0.7533152103424072 114.88489532470703 0.6909237504005432 -0.09615129977464676 281.0  738561.5116152153
-0.46001195907592773 0.7599941492080688 115.04894256591797 0.6944011449813843 -0.09428131580352783 293.0  738561.51161534
-0.46212610602378845 0.7666904926300049 115.22502899169922 0.697877824306488 -0.09251044690608978 307.0  738561.5116154777
-0.46429213881492615 0.7734041213989258 115.40896606445312 0.7013586163520813 -0.09078086167573929 349.0  738561.5116155619
-0.4665113687515259 0.7801348567008972 115.61397552490234 0.7048396468162537 -0.08922998607158661 355.0  738561.5116156898
-0.4687844216823578 0.7868821024894714 115.81847381591797 0.7082952857017517 -0.08762462437152863 360.0  738561.5116157972
-0.46749576926231384 0.7922313213348389 116.04657745361328 0.676206111907959 -0.11124187707901001 351.0  738561.511615908
-0.46949219703674316 0.7987993359565735 116.25576782226562 0.6795242428779602 -0.1094881147146225 354.0  738561.5116160398
-0.4715428650379181 0.8053817749023438 116.46392822265625 0.6828241348266602 -0.10770628601312637 372.0  738561.5116161342
-0.4736482501029968 0.8119782209396362 116.68028259277344 0.6860848069190979 -0.1060163602232933 385.0  738561.5116162566
-0.4758087396621704 0.8185881972312927 116.90455627441406 0.6893282532691956 -0.10441150516271591 393.0  738561.5116163953
-0.4780247211456299 0.8252113461494446 117.13131713867188 0.6925809383392334 -0.10282041877508163 403.0  738561.511616481
-0.4802963435649872 0.8318472504615784 117.36473083496094 0.6958516836166382 -0.10126388072967529 403.0  738561.5116165971
-0.48262453079223633 0.8384957313537598 117.5953598022461 0.6991632580757141 -0.09961419552564621 395.0  738561.5116167299
-0.48501041531562805 0.8451564311981201 117.8213882446289 0.7025092244148254 -0.0978405773639679 384.0  738561.5116168545
-0.48745444416999817 0.8518288731575012 118.04303741455078 0.7058892846107483 -0.0959528461098671 384.0  738561.5116169978
-0.4860193729400635 0.8564501404762268 118.25922393798828 0.6713175773620605 -0.11986896395683289 364.0  738561.5116170631
-0.4881817102432251 0.8629348278045654 118.46653747558594 0.674670398235321 -0.11756068468093872 354.0  738561.5116171787
-0.49040472507476807 0.8694300651550293 118.67045593261719 0.6780428290367126 -0.11516701430082321 347.0  738561.5116173031
-0.49268871545791626 0.8759352564811707 118.86309814453125 0.6814301013946533 -0.11260725557804108 325.0  738561.511617417
-0.49503403902053833 0.8824499845504761 119.05316925048828 0.6848336458206177 -0.10999806970357895 337.0  738561.5116175213
-0.49744105339050293 0.8889739513397217 119.25143432617188 0.688231348991394 -0.10748228430747986 351.0  738561.5116176388
-0.49990999698638916 0.8955069780349731 119.45341491699219 0.6916590332984924 -0.10499158501625061 353.0  738561.5116177633
-0.5024411082267761 0.9020489454269409 119.6563949584961 0.6951442956924438 -0.10249308496713638 357.0  738561.5116179014
-0.5050348043441772 0.908599853515625 119.85952758789062 0.6986883282661438 -0.0999632179737091 353.0  738561.5116179963
-0.5076916813850403 0.9151597023010254 120.06045532226562 0.7022976875305176 -0.09737874567508698 342.0  738561.511618109
-0.5068249106407166 0.920376718044281 120.25128173828125 0.6763027906417847 -0.11849148571491241 320.0  738561.5116182355
-0.5092442631721497 0.9268173575401306 120.43480682373047 0.6799691915512085 -0.11557283252477646 316.0  738561.5116183447
-0.5117274522781372 0.9332669973373413 120.61274719238281 0.6836636662483215 -0.11260782182216644 288.0  738561.5116184476
-0.5142745971679688 0.9397255182266235 120.77885437011719 0.6873781681060791 -0.10954391956329346 281.0  738561.5116185732
-0.5168858766555786 0.9461929798126221 120.93950653076172 0.6911136507987976 -0.10646600276231766 276.0  738561.5116186888
-0.5195610523223877 0.9526694416999817 121.10260772705078 0.6948451399803162 -0.1034698560833931 290.0  738561.5116188166
-0.5222995281219482 0.9591547846794128 121.26606750488281 0.6985768675804138 -0.10053381323814392 283.0  738561.5116189128
-0.5251006484031677 0.9656489491462708 121.42768096923828 0.7023216485977173 -0.09761042147874832 275.0  738561.5116190353
-0.5279646515846252 0.9721519351005554 121.58838653564453 0.7060647010803223 -0.09471653401851654 279.0  738561.5116191509
-0.5308913588523865 0.9786636233329773 121.74427795410156 0.7098143100738525 -0.09178745746612549 255.0  738561.5116192694
-0.5304304361343384 0.983559787273407 121.89334869384766 0.6806550025939941 -0.11030565947294235 244.0  738561.5116193842
-0.5331322550773621 0.9899235963821411 122.03034210205078 0.6843334436416626 -0.10711280256509781 220.0  738561.5116194892
-0.5358961224555969 0.9962950348854065 122.15418243408203 0.6879793405532837 -0.10379352420568466 194.0  738561.5116196286
-0.5387214422225952 1.0026735067367554 122.2655029296875 0.6915952563285828 -0.10036370903253555 179.0  738561.511619728
-0.5416076183319092 1.0090587139129639 122.36347198486328 0.6951945424079895 -0.09682556241750717 173.0  738561.5116198453
-0.5445545315742493 1.0154505968093872 122.46308898925781 0.6987842917442322 -0.0933392122387886 180.0  738561.5116199581
-0.5475621819496155 1.0218489170074463 122.56682586669922 0.7023739218711853 -0.08992045372724533 180.0  738561.5116200941
-0.5506304502487183 1.0282539129257202 122.6663818359375 0.7060092687606812 -0.0864514485001564 161.0  738561.5116201857
-0.5537592172622681 1.034665584564209 122.75529479980469 0.7096945643424988 -0.0828673467040062 148.0  738561.5116203062
-0.5569485425949097 1.0410841703414917 122.8355941772461 0.7134360074996948 -0.07918442040681839 131.0  738561.5116204338
-0.5560433268547058 1.0461207628250122 122.90359497070312 0.6829758286476135 -0.10251334309577942 101.0  738561.5116205332
-0.5589349269866943 1.0524135828018188 122.95413208007812 0.6868011951446533 -0.09845227003097534 57.0  738561.5116206704
-0.5618879199028015 1.0587140321731567 122.983642578125 0.6906533241271973 -0.09415198862552643 25.0  738561.5116207688
-0.5649012923240662 1.0650216341018677 123.00061798095703 0.6944801807403564 -0.08972974121570587 33.0  738561.5116208842
-0.5679744482040405 1.071336030960083 123.0229263305664 0.6982158422470093 -0.08537853509187698 45.0  738561.5116210112
-0.5711067914962769 1.0776565074920654 123.0495376586914 0.7018601894378662 -0.08109331876039505 38.0  738561.5116212443
-0.5742976069450378 1.083982229232788 123.07098388671875 0.7054310441017151 -0.0767359808087349 29.0  738561.5116212906
-0.5775467753410339 1.0903122425079346 123.08740234375 0.7089201211929321 -0.07228326797485352 6.0  738561.51162136
-0.5808539390563965 1.0966458320617676 123.09078216552734 0.7123456597328186 -0.06765034794807434 -19.0  738561.511621463
-0.5842185020446777 1.1029822826385498 123.07801055908203 0.7157233953475952 -0.06282049417495728 -46.0  738561.5116215922
-0.5842252373695374 1.108725666999817 123.03726959228516 0.688174843788147 -0.08236192911863327 -108.0  738561.511621697
-0.5873292088508606 1.1149427890777588 122.96707153320312 0.6915241479873657 -0.07687685638666153 -160.0  738561.511621795
-0.5904880166053772 1.121161937713623 122.863525390625 0.6948487162590027 -0.0710747241973877 -227.0  738561.5116219311
-0.5937007665634155 1.1273833513259888 122.7264404296875 0.6981331706047058 -0.06497978419065475 -257.0  738561.5116220419
-0.5969665050506592 1.1336073875427246 122.57757568359375 0.701368510723114 -0.058874502778053284 -282.0  738561.5116221504
-0.6002841591835022 1.1398344039916992 122.4044418334961 0.7045500874519348 -0.05258793756365776 -325.0  738561.5116222806
-0.6036525368690491 1.1460649967193604 122.2101058959961 0.7077245712280273 -0.046168819069862366 -383.0  738561.5116223824
-0.6070707440376282 1.1523000001907349 122.2101058959961 0.7109136581420898 -0.039399538189172745 -418.0  738561.5116224968
-0.6105377674102783 1.1585400104522705 121.98294067382812 0.7141178250312805 -0.03228028118610382 -503.0  738561.5116226136
-0.6140525937080383 1.164785623550415 121.72232818603516 0.7173049449920654 -0.02471206896007061 -557.0  738561.5116227214
-0.6131693124771118 1.1682060956954956 121.42144012451172 0.6728306412696838 -0.04006102681159973 -628.0  738561.5116228426
-0.6163259744644165 1.1741764545440674 121.08394622802734 0.6760756373405457 -0.03187793493270874 -709.0  738561.5116229653
-0.6195284724235535 1.1801538467407227 120.70219421386719 0.679253339767456 -0.023335473611950874 -763.0  738561.5116230777
-0.6227759122848511 1.18613862991333 120.28500366210938 0.6823191046714783 -0.014461874961853027 -824.0  738561.5116231928
-0.626067042350769 1.1921312808990479 119.83271026611328 0.6852447390556335 -0.005404943600296974 -844.0  738561.5116232969
-0.6294005513191223 1.1981321573257446 119.35729217529297 0.6880311965942383 0.00367468292824924 -862.0  738561.5116234473
-0.6327754259109497 1.204141616821289 118.87244415283203 0.6906973719596863 0.01286399457603693 -904.0  738561.5116235723
-0.6361908316612244 1.2101603746414185 118.37117767333984 0.6932624578475952 0.022328190505504608 -953.0  738561.5116236868
-0.639645516872406 1.2161890268325806 117.84149169921875 0.6957179307937622 0.03212946653366089 -1020.0  738561.5116237657
-0.6431385278701782 1.2222285270690918 117.27764892578125 0.6980835199356079 0.042307861149311066 -1087.0  738561.5116239204
-0.6429365873336792 1.2281653881072998 116.67593383789062 0.6826183795928955 0.019392678514122963 -1133.0  738561.5116240178
-0.6461295485496521 1.2342193126678467 116.04507446289062 0.6851288080215454 0.029888514429330826 -1185.0  738561.5116241323
-0.6493569016456604 1.2402876615524292 115.3836669921875 0.6874822974205017 0.040579020977020264 -1229.0  738561.511624246
-0.6526164412498474 1.2463715076446533 114.69367980957031 0.6896756291389465 0.05139002203941345 -1284.0  738561.5116243497
-0.6559063792228699 1.2524720430374146 113.9791259765625 0.6916931867599487 0.06241273880004883 -1327.0  738561.5116244779
-0.6592246890068054 1.2585903406143188 113.23332214355469 0.6935301423072815 0.07359584420919418 -1377.0  738561.5116245832
-0.6625693440437317 1.2647273540496826 112.46129608154297 0.6951543092727661 0.08495910465717316 -1434.0  738561.5116246983
-0.6659383177757263 1.2708841562271118 111.65957641601562 0.6965649127960205 0.09646240621805191 -1471.0  738561.5116248039
-0.6693292260169983 1.2770617008209229 110.83158111572266 0.6977446675300598 0.10804624110460281 -1508.0  738561.5116249308
-0.6727398037910461 1.2832605838775635 109.98231506347656 0.698662519454956 0.11970773339271545 -1548.0  738561.5116250662
-0.6724481582641602 1.2869046926498413 109.11063385009766 0.6628056764602661 0.10373611003160477 -1586.0  738561.5116251826
-0.6755120158195496 1.2928868532180786 108.21646118164062 0.6636486649513245 0.1148483008146286 -1612.0  738561.5116252839
-0.6785871982574463 1.2988929748535156 107.3013687133789 0.6642672419548035 0.12581618130207062 -1639.0  738561.5116253922
-0.6816704869270325 1.3049235343933105 106.37650299072266 0.6646372675895691 0.1367526352405548 -1672.0  738561.5116255188
-0.6847586631774902 1.3109791278839111 105.431396484375 0.6647977828979492 0.14760810136795044 -1702.0  738561.5116256577
-0.687848687171936 1.3170605897903442 104.46961975097656 0.6647648811340332 0.1583755910396576 -1721.0  738561.5116257552
-0.6909374594688416 1.323169231414795 103.49091339111328 0.6645920276641846 0.1689910590648651 -1752.0  738561.5116258758
-0.6940219402313232 1.329306721687317 102.50090789794922 0.664293646812439 0.1795058697462082 -1773.0  738561.511625992
-0.6970990300178528 1.3354747295379639 101.49527740478516 0.6638882160186768 0.18993143737316132 -1808.0  738561.5116260835
-0.7001652717590332 1.3416754007339478 100.47151184082031 0.663377046585083 0.20027680695056915 -1844.0  738561.5116261884
