-0.5488976836204529 -2.055879592895508 79.54652404785156 -0.0035866983234882355 1.1153421837661881e-05 85.0  738533.6723593747
-0.548904299736023 -2.055914878845215 79.57669067382812 -0.0035972546320408583 1.4190054571372457e-05 18.0  738533.6723595001
-0.5489110350608826 -2.055950403213501 79.61363983154297 -0.0036384162958711386 2.4675136955920607e-05 97.0  738533.6723596086
-0.548917829990387 -2.055986166000366 79.63166046142578 -0.0036515698302537203 2.6911597160506062e-05 -55.0  738533.6723597298
-0.5489246845245361 -2.0560221672058105 79.63155364990234 -0.00366081390529871 3.191898576915264e-05 11.0  738533.672359832
-0.5489316582679749 -2.056058168411255 79.62870788574219 -0.00367524242028594 4.065851680934429e-05 -49.0  738533.6723599572
-0.5489393472671509 -2.056097984313965 79.6159439086914 -0.0037013026885688305 2.7487296392791905e-05 69.0  738533.672360073
-0.5489463210105896 -2.0561344623565674 79.6159439086914 -0.0037288665771484375 2.7835369110107422e-05 12.0  738533.672360196
-0.5489533543586731 -2.056171178817749 79.63105010986328 -0.0037498504389077425 3.201400977559388e-05 -59.0  738533.6723603024
-0.5489603281021118 -2.056208372116089 79.63105010986328 -0.0038130939938127995 3.8314256016747095e-06 -33.0  738533.6723604309
-0.5488793849945068 -2.0558323860168457 79.57953643798828 -0.003788161789998412 2.607454007375054e-05 -11.0  738533.6723605345
-0.548886775970459 -2.0558695793151855 79.57953643798828 -0.003791352966800332 8.264109055744484e-05 12.0  738533.6723606458
-0.5488949418067932 -2.0559067726135254 79.58026885986328 -0.0038002149667590857 0.00017997610848397017 97.0  738533.6723607642
-0.5489042401313782 -2.055943727493286 79.58026885986328 -0.003790581366047263 0.00032709521474316716 6.0  738533.6723608854
-0.5489150881767273 -2.0559799671173096 79.56741333007812 -0.00369284232147038 0.0005230701062828302 -111.0  738533.67236099
-0.5489293336868286 -2.0560176372528076 79.56741333007812 -0.0035140349064022303 0.0008066648151725531 -181.0  738533.6723611044
-0.548944890499115 -2.0560495853424072 79.4783706665039 -0.0032934972550719976 0.0011182186426594853 -183.0  738533.6723612295
-0.5489632487297058 -2.0560781955718994 79.36193084716797 -0.0029797740280628204 0.0014758259057998657 -319.0  738533.6723613425
-0.548984944820404 -2.0561025142669678 79.22205352783203 -0.002585790818557143 0.0019154330948367715 -292.0  738533.6723614609
-0.5490427613258362 -2.055298328399658 79.0401840209961 0.005242078099399805 0.004144288133829832 -298.0  738533.6723615762
-0.5490750074386597 -2.055236577987671 78.86907196044922 0.005652727093547583 0.004630780313163996 -436.0  738533.6723616945
-0.549111008644104 -2.0551700592041016 78.67707824707031 0.006017809733748436 0.005108796060085297 -311.0  738533.6723618071
-0.549150288105011 -2.0550990104675293 78.4788589477539 0.00637415237724781 0.005498410668224096 -168.0  738533.6723619225
-0.549150288105011 -2.0550990104675293 78.31951141357422 0.00637415237724781 0.005498410668224096 -170.0  738533.672362034
-0.5491930842399597 -2.055022954940796 78.20344543457031 0.0067960405722260475 0.0060119302943348885 -187.0  738533.6723621619
-0.549240231513977 -2.054941177368164 78.078125 0.007254646625369787 0.006581384688615799 -330.0  738533.672362272
-0.5492920875549316 -2.054854393005371 77.8999252319336 0.007570579182356596 0.007151490543037653 -417.0  738533.6723623937
-0.5493487119674683 -2.0547640323638916 77.7070541381836 0.007707630749791861 0.007688616868108511 -374.0  738533.6723624938
-0.5494114756584167 -2.0546715259552 77.51800537109375 0.007657816167920828 0.0084117092192173 -381.0  738533.6723626078
-0.549483060836792 -2.054577589035034 77.33203887939453 0.007591512985527515 0.009369593113660812 -309.0  738533.6723627313
-0.5480892062187195 -2.055209159851074 77.18199920654297 0.0032320115715265274 -0.007403054274618626 -268.0  738533.672362839
-0.5480256676673889 -2.055192470550537 77.02928924560547 0.003101919312030077 -0.005477310623973608 -322.0  738533.6723629545
-0.5479880571365356 -2.055175304412842 76.8453140258789 0.0026165687013417482 -0.0030310540460050106 -378.0  738533.6723630815
-0.5479820370674133 -2.0551624298095703 76.66370391845703 0.00161116907838732 -0.00027393040363676846 -339.0  738533.6723631958
-0.5480121374130249 -2.055159330368042 76.48255157470703 -4.236952736391686e-05 0.002774997381493449 -314.0  738533.6723633219
-0.5480843782424927 -2.0551726818084717 76.29290008544922 -0.002391474088653922 0.006090730894356966 -365.0  738533.6723634241
-0.5482047200202942 -2.0552077293395996 76.10737609863281 -0.005395967047661543 0.009827855043113232 -324.0  738533.6723635297
-0.5483783483505249 -2.0552682876586914 75.92790222167969 -0.008816851302981377 0.013883247040212154 -300.0  738533.6723636624
-0.5486075282096863 -2.055356025695801 75.75311279296875 -0.0124536557123065 0.018153447657823563 -248.0  738533.6723637652
-0.5460906624794006 -2.0551109313964844 75.59095764160156 -0.003684277180582285 -0.009174737147986889 -244.0  738533.6723638781
-0.5460843443870544 -2.055208206176758 75.44659423828125 -0.007435876876115799 -0.004871653858572245 -228.0  738533.6723640166
-0.5461257100105286 -2.055330991744995 75.2895278930664 -0.011002833023667336 -0.000887097732629627 -270.0  738533.672364115
-0.5462077260017395 -2.0554771423339844 75.13288116455078 -0.01438469160348177 0.002618304453790188 -280.0  738533.6723642315
-0.5463235378265381 -2.0556442737579346 74.97936248779297 -0.017450500279664993 0.005467225797474384 -306.0  738533.6723643566
-0.546468198299408 -2.055830478668213 74.80506134033203 -0.020231658592820168 0.007781519088894129 -271.0  738533.6723644612
-0.5466375350952148 -2.0560333728790283 74.64359283447266 -0.022609319537878036 0.009468615055084229 -304.0  738533.6723645759
-0.5468287467956543 -2.0562500953674316 74.48173522949219 -0.02469564415514469 0.010721147060394287 -309.0  738533.6723646909
-0.5470414161682129 -2.0564773082733154 74.30697631835938 -0.026314115151762962 0.011764954775571823 -332.0  738533.6723648167
-0.5472776889801025 -2.0567121505737305 74.12222290039062 -0.027644501999020576 0.01289203017950058 -309.0  738533.67236492
-0.5475425720214844 -2.0569522380828857 73.94668579101562 -0.0288461372256279 0.014449098147451878 -310.0  738533.6723650409
-0.5453265905380249 -2.058014154434204 73.76997375488281 -0.03102988377213478 -0.010387303307652473 -320.0  738533.6723651573
-0.5454095005989075 -2.0583441257476807 73.59722137451172 -0.032207973301410675 -0.007407544646412134 -301.0  738533.6723652834
-0.5455382466316223 -2.0586745738983154 73.42113494873047 -0.033435672521591187 -0.003611102234572172 -248.0  738533.6723653782
-0.5457159876823425 -2.05900502204895 73.26580810546875 -0.034715645015239716 0.0007334334077313542 -249.0  738533.6723655132
-0.5459433794021606 -2.059335231781006 73.12483215332031 -0.03620149567723274 0.005457032937556505 -235.0  738533.6723656193
-0.54621821641922 -2.0596654415130615 72.99418640136719 -0.0376584492623806 0.01024604681879282 -182.0  738533.6723657375
-0.546897828578949 -2.0603253841400146 72.85856628417969 -0.040528129786252975 0.019662238657474518 -185.0  738533.672365849
-0.546897828578949 -2.0603253841400146 72.73260498046875 -0.040528129786252975 0.019662238657474518 -160.0  738533.6723659761
-0.5477182865142822 -2.0609865188598633 72.65496826171875 -0.0431775338947773 0.02724442072212696 -99.0  738533.6723660836
-0.5477182865142822 -2.0609865188598633 72.57176971435547 -0.0431775338947773 0.02724442072212696 -94.0  738533.6723661936
-0.5432619452476501 -2.06187105178833 72.5110092163086 -0.03350069001317024 -0.02596237324178219 -136.0  738533.6723663223
-0.5431615710258484 -2.0622663497924805 72.4535903930664 -0.034542880952358246 -0.023645801469683647 -108.0  738533.6723664282
-0.5430759787559509 -2.062659978866577 72.40113830566406 -0.035339973866939545 -0.021897071972489357 -84.0  738533.6723665447
-0.5430017709732056 -2.0630502700805664 72.34834289550781 -0.03571876883506775 -0.020586373284459114 -131.0  738533.6723666674
-0.5429365634918213 -2.0634350776672363 72.28453826904297 -0.03568797931075096 -0.019676407799124718 -101.0  738533.6723667772
-0.5428794622421265 -2.063812255859375 72.21720886230469 -0.035379137843847275 -0.01905086636543274 -145.0  738533.6723668933
-0.5428268313407898 -2.064216375350952 72.13695526123047 -0.03491959720849991 -0.018406260758638382 -170.0  738533.6723670173
-0.542789876461029 -2.0645720958709717 72.05631256103516 -0.03444597125053406 -0.01771381124854088 -122.0  738533.6723671225
-0.5427659749984741 -2.0649139881134033 71.980712890625 -0.03379812091588974 -0.0167375598102808 -118.0  738533.6723672475
-0.5427578687667847 -2.065239667892456 71.91409301757812 -0.03281289339065552 -0.015394918620586395 -79.0  738533.6723673539
-0.5427682399749756 -2.065547227859497 71.83932495117188 -0.031610749661922455 -0.013686508871614933 -64.0  738533.6723674989
-0.5389779210090637 -2.066361904144287 71.76600646972656 -0.023602528497576714 -0.04882710427045822 -34.0  738533.6723675911
-0.5386582016944885 -2.066683053970337 71.69989013671875 -0.022465810179710388 -0.046430233865976334 -81.0  738533.6723677125
-0.5383621454238892 -2.066985845565796 71.64571380615234 -0.021504750475287437 -0.04380590841174126 -1.0  738533.6723678149
-0.5380901098251343 -2.067270278930664 71.60873413085938 -0.020712124183773994 -0.04098183661699295 -15.0  738533.6723679379
-0.5378422141075134 -2.0675361156463623 71.57078552246094 -0.019847102463245392 -0.038214072585105896 -124.0  738533.6723680461
-0.5376182198524475 -2.0677826404571533 71.5245132446289 -0.018881719559431076 -0.03533191606402397 -161.0  738533.6723681714
-0.537418007850647 -2.0680088996887207 71.48323822021484 -0.018062705174088478 -0.03246811777353287 -122.0  738533.6723682786
-0.5372417569160461 -2.068213701248169 71.45630645751953 -0.017067590728402138 -0.02970602549612522 -25.0  738533.6723684022
-0.5370895266532898 -2.0683951377868652 71.44161987304688 -0.016034282743930817 -0.02690502069890499 -37.0  738533.6723685111
-0.532250702381134 -2.069905996322632 71.408447265625 -0.012300965376198292 -0.08139427751302719 -45.0  738533.6723686275
-0.5315943956375122 -2.0701961517333984 71.37937927246094 -0.010903065092861652 -0.0786500871181488 -22.0  738533.672368746
-0.5309604406356812 -2.070460557937622 71.36189270019531 -0.009372222237288952 -0.07589447498321533 -14.0  738533.6723688572
-0.53034907579422 -2.0706980228424072 71.3334732055664 -0.007680526003241539 -0.07317808270454407 -60.0  738533.6723689758
-0.5297611951828003 -2.0709071159362793 71.313232421875 -0.005894212983548641 -0.07046061754226685 -85.0  738533.6723690906
-0.5291973352432251 -2.071087598800659 71.27176666259766 -0.004088164772838354 -0.06791471689939499 -87.0  738533.6723692148
-0.5286588072776794 -2.0712382793426514 71.21843719482422 -0.0022114370949566364 -0.06517214328050613 -40.0  738533.6723693204
-0.5281481146812439 -2.071357250213623 71.19091796875 -0.00026679030270315707 -0.06246790289878845 -66.0  738533.6723694304
-0.527668297290802 -2.0714426040649414 71.15052795410156 0.0018245918909087777 -0.05956345051527023 -105.0  738533.6723695492
-0.527222216129303 -2.071493148803711 71.11163330078125 0.0040513440035283566 -0.05636658892035484 -68.0  738533.6723696648
-0.5228525400161743 -2.071978807449341 71.09484100341797 0.015227052383124828 -0.09551692008972168 -57.0  738533.6723697862
-0.5220520496368408 -2.0720090866088867 71.06322479248047 0.017204543575644493 -0.09159625321626663 -47.0  738533.6723698985
-0.521291971206665 -2.0720040798187256 71.02838134765625 0.0192119013518095 -0.0874602422118187 -59.0  738533.6723700134
-0.5205739736557007 -2.0719635486602783 71.00311279296875 0.02120080776512623 -0.08302623778581619 -28.0  738533.6723701294
-0.5198990702629089 -2.071887731552124 70.9862060546875 0.02309318259358406 -0.0782596692442894 30.0  738533.6723702393
-0.5192673802375793 -2.071777105331421 70.96720886230469 0.025069037452340126 -0.07357290387153625 -28.0  738533.6723703544
-0.518679678440094 -2.071631908416748 70.9718017578125 0.02708965539932251 -0.06872954964637756 6.0  738533.6723704726
-0.5181365609169006 -2.0714526176452637 70.9791030883789 0.029111448675394058 -0.06399093568325043 28.0  738533.6723705863
-0.5176388025283813 -2.071239948272705 70.99337005615234 0.031142495572566986 -0.05917636677622795 -5.0  738533.6723707058
-0.5171869993209839 -2.0709950923919678 71.00186920166016 0.03313792869448662 -0.054265961050987244 60.0  738533.672370832
-0.5120763778686523 -2.0713212490081787 71.02571868896484 0.04630354046821594 -0.10262776911258698 27.0  738533.6723709402
-0.5111724734306335 -2.071084976196289 71.04385375976562 0.04798942431807518 -0.09746996313333511 60.0  738533.6723710448
-0.5103185176849365 -2.07081937789917 71.06774139404297 0.04952164739370346 -0.09227254241704941 107.0  738533.6723711728
-0.5095155835151672 -2.0705254077911377 71.1013412475586 0.050915539264678955 -0.08697532117366791 13.0  738533.6723712836
-0.50876384973526 -2.070204734802246 71.1162109375 0.052262771874666214 -0.08175741136074066 38.0  738533.6723713998
-0.5080640316009521 -2.0698583126068115 71.13853454589844 0.053500961512327194 -0.0766671672463417 -21.0  738533.6723715162
-0.5074169039726257 -2.0694878101348877 71.14391326904297 0.05459808185696602 -0.07164015620946884 0.0  738533.6723716282
-0.5068231225013733 -2.06909441947937 71.15025329589844 0.05552238970994949 -0.06673864275217056 -28.0  738533.672371732
-0.5062854886054993 -2.068678379058838 71.15216064453125 0.056168943643569946 -0.061593323945999146 -5.0  738533.6723718493
-0.5058065056800842 -2.0682404041290283 71.14604949951172 0.0569300651550293 -0.05639622360467911 -6.0  738533.6723719785
-0.5009198784828186 -2.0679194927215576 71.14846801757812 0.07183210551738739 -0.1013764888048172 1.0  738533.6723721002
-0.5000792741775513 -2.067453622817993 71.140625 0.07239089906215668 -0.09540891647338867 60.0  738533.6723722043
-0.4993051588535309 -2.066967010498047 71.13587188720703 0.07289482653141022 -0.08920557051897049 -10.0  738533.6723723183
-0.49859827756881714 -2.0664608478546143 71.13339233398438 0.07321483641862869 -0.08257297426462173 2.0  738533.672372434
-0.497959166765213 -2.06593656539917 71.12820434570312 0.07356788963079453 -0.07599996030330658 50.0  738533.6723725557
-0.4973878860473633 -2.0653955936431885 71.12704467773438 0.07392682880163193 -0.06915462762117386 86.0  738533.672372661
-0.49683693051338196 -2.064783811569214 71.14183044433594 0.0744536966085434 -0.062016796320676804 49.0  738533.672372777
-0.49640628695487976 -2.0642147064208984 71.16114044189453 0.07472936809062958 -0.05559820309281349 -10.0  738533.6723729051
-0.4960419535636902 -2.063636064529419 71.1847915649414 0.07476945221424103 -0.049658872187137604 -44.0  738533.6723730094
-0.4957437515258789 -2.0630505084991455 71.1986083984375 0.07441043108701706 -0.043438587337732315 12.0  738533.6723731263
-0.49326667189598083 -2.0640037059783936 71.24584197998047 0.06285783648490906 -0.05997221916913986 37.0  738533.6723732513
-0.49283772706985474 -2.0635886192321777 71.2809829711914 0.061603471636772156 -0.05360899120569229 39.0  738533.6723733617
-0.4924745559692383 -2.063171863555908 71.3077163696289 0.060191478580236435 -0.047252558171749115 26.0  738533.6723734774
-0.4921770989894867 -2.0627546310424805 71.34681701660156 0.05864592269062996 -0.04087723419070244 235.0  738533.6723736001
-0.49194416403770447 -2.062338352203369 71.47882080078125 0.05671720951795578 -0.03458995372056961 282.0  738533.6723737159
-0.4917753040790558 -2.0619242191314697 71.6397705078125 0.054606448858976364 -0.028519095852971077 340.0  738533.6723738291
-0.4916704595088959 -2.0615131855010986 71.86205291748047 0.05234335735440254 -0.02271490916609764 507.0  738533.672373939
-0.49162977933883667 -2.061105966567993 72.13880157470703 0.049844350665807724 -0.016959384083747864 634.0  738533.6723740585
-0.49165281653404236 -2.0607025623321533 72.4339370727539 0.047301191836595535 -0.011341921053826809 593.0  738533.6723741727
-0.4871149957180023 -2.0604965686798096 72.7402572631836 0.060732435435056686 -0.06326757371425629 619.0  738533.6723742937
-0.4867148995399475 -2.0601234436035156 73.08159637451172 0.05764344707131386 -0.05769164115190506 602.0  738533.6723744094
-0.48637959361076355 -2.059753179550171 73.4087142944336 0.05478564649820328 -0.05167851224541664 633.0  738533.6723745244
-0.48610955476760864 -2.059385299682617 73.74647521972656 0.05239102616906166 -0.045590806752443314 673.0  738533.6723746266
-0.4859027862548828 -2.0590193271636963 74.10588073730469 0.05010224133729935 -0.03956344351172447 623.0  738533.6723747491
-0.48575693368911743 -2.058655023574829 74.46516418457031 0.04805513098835945 -0.033546485006809235 625.0  738533.6723748659
-0.4856700003147125 -2.058292865753174 74.82600402832031 0.04616785794496536 -0.027594583109021187 626.0  738533.672374981
-0.48564067482948303 -2.0579328536987305 75.18266296386719 0.044459063559770584 -0.02175530418753624 636.0  738533.6723751059
-0.48566702008247375 -2.0575754642486572 75.5355224609375 0.04291041940450668 -0.015899328514933586 680.0  738533.6723752173
-0.48574838042259216 -2.0572214126586914 75.8931655883789 0.041543204337358475 -0.010116816498339176 672.0  738533.6723753357
-0.48588502407073975 -2.0568718910217285 76.2497787475586 0.04032985493540764 -0.0044886269606649876 563.0  738533.6723754378
-0.4818441867828369 -2.057018995285034 76.59403991699219 0.04403072968125343 -0.04205605760216713 606.0  738533.672375568
-0.48165398836135864 -2.0567328929901123 76.9482192993164 0.04225502535700798 -0.03656347095966339 669.0  738533.6723756855
-0.4815165102481842 -2.05645489692688 77.29679107666016 0.04029850289225578 -0.030873874202370644 673.0  738533.672375801
-0.48143070936203003 -2.0561859607696533 77.63319396972656 0.038222815841436386 -0.025489894673228264 617.0  738533.672375902
-0.48139750957489014 -2.0559275150299072 77.96414947509766 0.03604425489902496 -0.020006556063890457 602.0  738533.6723760212
-0.4814164638519287 -2.055680274963379 78.2979736328125 0.03383796662092209 -0.014893564395606518 549.0  738533.672376138
-0.48148560523986816 -2.0554447174072266 78.60977935791016 0.03128647804260254 -0.00958461593836546 566.0  738533.6723762521
-0.4816039204597473 -2.05522084236145 78.92037200927734 0.028908876702189445 -0.004670081194490194 536.0  738533.6723763653
-0.4817708730697632 -2.05500864982605 79.22367858886719 0.026441283524036407 0.0003644899697974324 516.0  738533.6723764838
-0.48198601603507996 -2.0548079013824463 79.53089141845703 0.02409522607922554 0.005273895803838968 543.0  738533.672376601
-0.47742077708244324 -2.05484938621521 79.82952117919922 0.029851041734218597 -0.0452130027115345 516.0  738533.6723767162
-0.47720152139663696 -2.0546960830688477 80.11812591552734 0.027340400964021683 -0.04012062028050423 445.0  738533.6723768311
-0.4770301580429077 -2.054553270339966 80.38546752929688 0.024952545762062073 -0.03501515835523605 439.0  738533.6723769448
-0.47690629959106445 -2.0544207096099854 80.65306854248047 0.0226724985986948 -0.030049290508031845 434.0  738533.672377071
-0.47682926058769226 -2.054298162460327 80.91404724121094 0.02044670470058918 -0.025114571675658226 425.0  738533.6723771782
-0.47679877281188965 -2.054185152053833 81.16361236572266 0.018356867134571075 -0.02029494382441044 421.0  738533.6723773022
-0.47681576013565063 -2.054081678390503 81.4236831665039 0.016432208940386772 -0.015496590174734592 419.0  738533.672377405
-0.476881206035614 -2.053987503051758 81.6617660522461 0.014468767680227757 -0.010608288459479809 409.0  738533.6723775315
-0.4769957959651947 -2.0539023876190186 81.8952865600586 0.012628014199435711 -0.005588593892753124 384.0  738533.6723776449
-0.4771597385406494 -2.053826332092285 82.12010192871094 0.01086337585002184 -0.0004548715951386839 379.0  738533.6723777581
-0.47377821803092957 -2.054155111312866 82.33562469482422 0.008541318587958813 -0.027106108143925667 368.0  738533.6723778762
-0.473674476146698 -2.0541367530822754 82.54547882080078 0.006743656471371651 -0.02166658267378807 336.0  738533.6723779901
-0.4736194312572479 -2.0541269779205322 82.74472045898438 0.004993031732738018 -0.01615767739713192 347.0  738533.6723781048
-0.4736132025718689 -2.0541255474090576 82.93962860107422 0.003212445182725787 -0.010625483468174934 320.0  738533.6723782211
-0.47365671396255493 -2.0541329383850098 83.12186431884766 0.0014929878525435925 -0.005136748310178518 302.0  738533.6723783304
-0.47375014424324036 -2.0541491508483887 83.29325866699219 -0.0001971231249626726 0.00022439849271904677 267.0  738533.6723784538
-0.4739100933074951 -2.0541765689849854 83.46707153320312 -0.0019968426786363125 0.0061022075824439526 301.0  738533.6723785652
-0.4741068184375763 -2.0542099475860596 83.61824798583984 -0.003503154730424285 0.01136514637619257 296.0  738533.672378682
-0.4743526875972748 -2.054250955581665 83.76461029052734 -0.004878061357885599 0.016605161130428314 296.0  738533.6723787977
-0.4746491014957428 -2.0542993545532227 83.89960479736328 -0.0062810154631733894 0.02191445231437683 213.0  738533.6723789161
-0.47023603320121765 -2.053839683532715 84.02677917480469 0.004508171230554581 -0.02857411652803421 193.0  738533.6723790293
-0.47011470794677734 -2.0538458824157715 84.14205169677734 0.0030841967090964317 -0.023254647850990295 194.0  738533.6723791456
-0.4700457751750946 -2.053858518600464 84.25094604492188 0.0016835392452776432 -0.017932843416929245 211.0  738533.6723792608
-0.47002947330474854 -2.053877115249634 84.3598403930664 0.0003996869781985879 -0.012653904967010021 171.0  738533.6723793785
-0.47006529569625854 -2.053901195526123 84.46298217773438 -0.000781424343585968 -0.007465577218681574 150.0  738533.6723794943
-0.4701520800590515 -2.0539300441741943 84.55342864990234 -0.001911844708956778 -0.002224424621090293 195.0  738533.6723796094
-0.4702896475791931 -2.0539631843566895 84.65754699707031 -0.0029020761139690876 0.0029993292409926653 163.0  738533.6723797269
-0.47047892212867737 -2.0540003776550293 84.75102996826172 -0.003888630773872137 0.008319306187331676 124.0  738533.67237984
-0.47072067856788635 -2.0540411472320557 84.83248901367188 -0.004778767004609108 0.013763115741312504 114.0  738533.6723799589
-0.4710153043270111 -2.0540850162506104 84.9133071899414 -0.005625349935144186 0.019406044855713844 92.0  738533.6723800731
-0.4713633954524994 -2.0541319847106934 84.99835968017578 -0.006446955259889364 0.025237994268536568 99.0  738533.6723801837
-0.4675824046134949 -2.0540080070495605 85.07394409179688 -0.0029858285561203957 -0.0025376700796186924 159.0  738533.6723803025
-0.46766334772109985 -2.0540454387664795 85.14529418945312 -0.003842049278318882 0.0034502313937991858 212.0  738533.6723804161
-0.4677983522415161 -2.0540857315063477 85.21331787109375 -0.004641132894903421 0.009391991421580315 206.0  738533.6723805339
-0.46798694133758545 -2.054128885269165 85.27416229248047 -0.005452840123325586 0.015300017781555653 169.0  738533.6723806508
-0.4682292938232422 -2.0541746616363525 85.336181640625 -0.006191234569996595 0.021066103130578995 111.0  738533.672380762
-0.4685259759426117 -2.0542232990264893 85.40081787109375 -0.006922575645148754 0.026712121441960335 88.0  738533.6723808713
-0.46887797117233276 -2.054274797439575 85.45999908447266 -0.0076360274106264114 0.032321929931640625 86.0  738533.6723809983
-0.46928489208221436 -2.0543289184570312 85.51576232910156 -0.008317951112985611 0.037893325090408325 76.0  738533.6723811247
-0.4697461426258087 -2.0543856620788574 85.56720733642578 -0.008972971700131893 0.043428223580121994 91.0  738533.6723812323
-0.46565356850624084 -2.0537004470825195 85.61998748779297 0.0037449949886649847 -0.008044772781431675 81.0  738533.6723813467
-0.46568045020103455 -2.0536739826202393 85.67269897460938 0.0030153687112033367 -0.002456272952258587 80.0  738533.6723814633
-0.46576419472694397 -2.053649663925171 85.71529388427734 0.0023157959803938866 0.0031504658982157707 90.0  738533.6723815775
-0.46590468287467957 -2.0536272525787354 85.7630615234375 0.001661530346609652 0.00881431344896555 130.0  738533.6723816956
-0.46610262989997864 -2.0536062717437744 85.81071472167969 0.001071142265573144 0.014401275664567947 150.0  738533.6723818091
-0.46635785698890686 -2.05358624458313 85.85838317871094 0.0005666134529747069 0.01999683678150177 103.0  738533.6723819233
-0.466668963432312 -2.0535666942596436 85.89464569091797 0.00011433330655563623 0.025593135505914688 91.0  738533.67238204
-0.46703535318374634 -2.0535471439361572 85.93440246582031 -0.0002954487281385809 0.03121374174952507 67.0  738533.6723821581
-0.46745750308036804 -2.053527593612671 85.96974182128906 -0.0006434745155274868 0.03683881834149361 147.0  738533.6723822714
-0.46412715315818787 -2.053469181060791 86.00079345703125 0.0026072445325553417 -0.002133988542482257 117.0  738533.6723823788
-0.4642072916030884 -2.053445339202881 86.01851654052734 0.002211978193372488 0.0036009764298796654 76.0  738533.6723825048
-0.46434298157691956 -2.053421974182129 86.04944610595703 0.0018400641856715083 0.009331345558166504 -14.0  738533.6723826098
-0.46453407406806946 -2.0533995628356934 86.06864166259766 0.0013281124411150813 0.01515078917145729 50.0  738533.672382736
-0.46478161215782166 -2.0533785820007324 86.1144790649414 0.0008498748065903783 0.020847661420702934 59.0  738533.6723828479
-0.46508556604385376 -2.053359270095825 86.13924407958984 0.0003341533010825515 0.026520555838942528 96.0  738533.6723829661
-0.4654455780982971 -2.05334210395813 86.16576385498047 -0.00026301166508346796 0.03214731439948082 23.0  738533.6723830802
-0.46586164832115173 -2.0533273220062256 86.17884826660156 -0.0008459186065010726 0.03775174543261528 79.0  738533.6723831943
-0.4663337767124176 -2.0533151626586914 86.21991729736328 -0.0014654051046818495 0.04335175082087517 51.0  738533.6723833084
-0.466861367225647 -2.0533058643341064 86.2459487915039 -0.0020987882744520903 0.04894724488258362 39.0  738533.6723834334
-0.4674438536167145 -2.0532991886138916 86.27166748046875 -0.0027296305634081364 0.05457894504070282 47.0  738533.6723835389
-0.46310994029045105 -2.0524582862854004 86.29545593261719 0.00857976358383894 0.009630907326936722 56.0  738533.6723836551
-0.46329012513160706 -2.052371025085449 86.32024383544922 0.00791101437062025 0.015298108570277691 47.0  738533.6723837679
-0.4635263979434967 -2.052286386489868 86.3455810546875 0.007252591662108898 0.020897414535284042 23.0  738533.672383882
-0.4638173580169678 -2.052204132080078 86.36702728271484 0.006648969370871782 0.026458892971277237 -21.0  738533.672384007
-0.4641607701778412 -2.0521240234375 86.38481903076172 0.006085820961743593 0.03189041465520859 13.0  738533.6723841239
-0.46455442905426025 -2.0520455837249756 86.42183685302734 0.005574317649006844 0.037227846682071686 -20.0  738533.6723842247
-0.4650455415248871 -2.0519611835479736 86.4422378540039 0.005054757930338383 0.04299328103661537 -38.0  738533.6723843536
-0.4655463397502899 -2.0518860816955566 86.46683502197266 0.004613853059709072 0.04820990562438965 29.0  738533.6723844691
-0.46609964966773987 -2.0518124103546143 86.49812316894531 0.0042191906832158566 0.05343371629714966 103.0  738533.6723845849
-0.4667055010795593 -2.0517404079437256 86.52037811279297 0.003736698068678379 0.05871729180216789 90.0  738533.6723846992
-0.46256402134895325 -2.051048517227173 86.53681945800781 0.013173977844417095 0.012108669616281986 89.0  738533.6723848172
-0.46275219321250916 -2.0509135723114014 86.55619812011719 0.012635397724807262 0.017474805936217308 56.0  738533.6723849326
-0.4629925489425659 -2.050781726837158 86.57340240478516 0.012015992775559425 0.022866880521178246 11.0  738533.672385049
-0.463284969329834 -2.0506534576416016 86.59022521972656 0.011374710127711296 0.028197336941957474 26.0  738533.6723851557
-0.4636295437812805 -2.0505292415618896 86.61031341552734 0.010632886551320553 0.0335114449262619 46.0  738533.6723852793
-0.46402668952941895 -2.050410032272339 86.63595581054688 0.009821741841733456 0.038817357271909714 12.0  738533.6723853964
-0.46447697281837463 -2.0502965450286865 86.65518951416016 0.008968161419034004 0.04415031895041466 13.0  738533.6723854997
-0.46498072147369385 -2.0501890182495117 86.67501068115234 0.008065459318459034 0.049511853605508804 -45.0  738533.6723856177
-0.46553799510002136 -2.0500876903533936 86.6834945678711 0.007097903173416853 0.054949939250946045 32.0  738533.6723857315
-0.46614888310432434 -2.049992799758911 86.72171020507812 0.006166888400912285 0.06042974442243576 39.0  738533.6723858579
-0.46681517362594604 -2.0499043464660645 86.73773956298828 0.005192285403609276 0.06599221378564835 82.0  738533.6723859794
-0.46240419149398804 -2.049497127532959 86.76630401611328 0.009700072929263115 0.02595609799027443 -8.0  738533.6723860911
-0.46271857619285583 -2.0493924617767334 86.7760009765625 0.008745212107896805 0.03154084086418152 2.0  738533.6723862073
-0.463087260723114 -2.0492942333221436 86.7882308959961 0.00776573596522212 0.03708289563655853 8.0  738533.6723863024
-0.46350857615470886 -2.049201726913452 86.79448699951172 0.006757095456123352 0.04256337881088257 11.0  738533.6723864365
-0.46398159861564636 -2.0491139888763428 86.79163360595703 0.005878044292330742 0.047865431755781174 24.0  738533.6723865642
-0.4645027220249176 -2.049027681350708 86.78852844238281 0.005319187417626381 0.05286792665719986 51.0  738533.6723866784
-0.46506744623184204 -2.0489377975463867 86.78498840332031 0.0054146908223629 0.05744471028447151 30.0  738533.6723868023
-0.4656710922718048 -2.0488357543945312 86.78363800048828 0.006474405527114868 0.06148350611329079 63.0  738533.6723869046
-0.4663075804710388 -2.048711061477661 86.78992462158203 0.008755061775445938 0.0648953765630722 -11.0  738533.6723870297
-0.4622355103492737 -2.048887014389038 86.78695678710938 0.011098013259470463 0.011532866396009922 -56.0  738533.6723871221
-0.4623587429523468 -2.048718214035034 86.79158782958984 0.016168776899576187 0.013650703243911266 -63.0  738533.6723872497
-0.46249479055404663 -2.0484848022460938 86.79902648925781 0.022670982405543327 0.015205193310976028 14.0  738533.6723873646
-0.46263745427131653 -2.04817271232605 86.80601501464844 0.0305281151086092 0.01619046926498413 65.0  738533.6723874683
-0.4627816677093506 -2.047772169113159 86.81421661376953 0.0395633764564991 0.01676006428897381 5.0  738533.6723875849
-0.46292394399642944 -2.0472748279571533 86.81059265136719 0.04963137209415436 0.017022179439663887 -42.0  738533.6723877118
-0.46306225657463074 -2.0466721057891846 86.80516815185547 0.06042364984750748 0.01715029962360859 -2.0  738533.6723878462
-0.46319618821144104 -2.0459582805633545 86.81526947021484 0.07172898948192596 0.01728987507522106 0.0  738533.6723879405
-0.46332669258117676 -2.0451300144195557 86.8151626586914 0.08327548205852509 0.01756433956325054 18.0  738533.6723880682
-0.46345558762550354 -2.0441854000091553 86.81876373291016 0.09485764056444168 0.018047412857413292 -2.0  738533.6723881958
-0.4635849893093109 -2.0431249141693115 86.82086181640625 0.10637987405061722 0.018737444654107094 30.0  738533.6723882986
-0.45969828963279724 -2.0430638790130615 86.83238983154297 0.10715112835168839 -0.021085720509290695 23.0  738533.6723884025
-0.4594343900680542 -2.0418860912323 86.84801483154297 0.11831487715244293 -0.02004186250269413 18.0  738533.6723885245
-0.45917555689811707 -2.0405967235565186 86.86328887939453 0.12928222119808197 -0.018926819786429405 1.0  738533.6723886373
-0.4589216709136963 -2.0391974449157715 86.87798309326172 0.14006425440311432 -0.01781807467341423 19.0  738533.6723887512
-0.4586717188358307 -2.037691593170166 86.90216064453125 0.15075784921646118 -0.016836438328027725 40.0  738533.672388869
-0.45842403173446655 -2.0360794067382812 86.93145751953125 0.16146370768547058 -0.01608520932495594 11.0  738533.6723889778
-0.4581766426563263 -2.0343596935272217 86.94842529296875 0.17224490642547607 -0.0155170988291502 -36.0  738533.6723891073
-0.4579276740550995 -2.03253173828125 86.97376251220703 0.18312978744506836 -0.015167992562055588 -32.0  738533.6723892217
-0.457675576210022 -2.0305964946746826 86.99449920654297 0.19419744610786438 -0.014989514835178852 95.0  738533.6723893336
-0.4517960548400879 -2.025053024291992 87.02449035644531 0.25180718302726746 -0.08277256041765213 139.0  738533.6723894558
-0.4508332908153534 -2.0224599838256836 87.04613494873047 0.26312655210494995 -0.08280125260353088 124.0  738533.6723895572
-0.44986531138420105 -2.0197508335113525 87.07217407226562 0.274548202753067 -0.08290247619152069 39.0  738533.6723896847
-0.44889265298843384 -2.0169289112091064 87.0864028930664 0.2859879434108734 -0.08291927725076675 29.0  738533.672389795
-0.4479163885116577 -2.0139963626861572 87.1034164428711 0.29733705520629883 -0.08287215977907181 19.0  738533.672389907
-0.44693809747695923 -2.010955333709717 87.12238311767578 0.3084695339202881 -0.08270574361085892 19.0  738533.6723900327
-0.445960134267807 -2.0078072547912598 87.13612365722656 0.31924018263816833 -0.08228029310703278 26.0  738533.6723901463
-0.444985568523407 -2.0045547485351562 87.15386962890625 0.329602986574173 -0.08159108459949493 23.0  738533.67239026
-0.44401779770851135 -2.0012028217315674 87.17330169677734 0.3394613564014435 -0.08058933168649673 28.0  738533.6723903683
-0.44305992126464844 -1.9977589845657349 87.19480895996094 0.34875616431236267 -0.07928198575973511 33.0  738533.6723904873
-0.4421146810054779 -1.9942309856414795 87.21762084960938 0.35741597414016724 -0.07764892280101776 8.0  738533.6723906
-0.43712761998176575 -1.992448329925537 87.23686981201172 0.3494705855846405 -0.11732359230518341 24.0  738533.6723907264
-0.43580737709999084 -1.9889472723007202 87.25787353515625 0.35689857602119446 -0.11521557718515396 33.0  738533.672390842
-0.4345071613788605 -1.9853748083114624 87.2818603515625 0.36379387974739075 -0.11298403143882751 27.0  738533.672390951
-0.4332277774810791 -1.9817359447479248 87.30194854736328 0.37023571133613586 -0.11067341268062592 16.0  738533.6723910681
-0.43196940422058105 -1.9780348539352417 87.31341552734375 0.3763083517551422 -0.10834023356437683 2.0  738533.672391179
-0.4307318925857544 -1.9742748737335205 87.33078002929688 0.3820546269416809 -0.10607544332742691 19.0  738533.6723912901
-0.42951491475105286 -1.9704598188400269 87.34801483154297 0.3874983787536621 -0.10384117811918259 52.0  738533.6723914134
-0.4283183515071869 -1.9665929079055786 87.36585235595703 0.3927183151245117 -0.10159554332494736 25.0  738533.6723915134
-0.4271426796913147 -1.9626760482788086 87.37648010253906 0.397747665643692 -0.09926427155733109 4.0  738533.6723916355
-0.4259893000125885 -1.9587100744247437 87.38570404052734 0.40260016918182373 -0.09681035578250885 24.0  738533.6723917642
-0.42056959867477417 -1.9549503326416016 87.40129852294922 0.40662965178489685 -0.14150969684123993 7.0  738533.672391874
-0.4189949929714203 -1.9509168863296509 87.41316223144531 0.41105303168296814 -0.13873131573200226 -1.0  738533.6723919907
-0.4174484312534332 -1.9468398094177246 87.42393493652344 0.41521015763282776 -0.1357516348361969 18.0  738533.672392103
-0.41593149304389954 -1.9427226781845093 87.43605041503906 0.41904860734939575 -0.1325950026512146 12.0  738533.6723922136
-0.41444551944732666 -1.9385690689086914 87.45123291015625 0.42256519198417664 -0.12926837801933289 0.0  738533.6723923315
-0.4129928648471832 -1.9343817234039307 87.46118927001953 0.42572876811027527 -0.1256997138261795 -19.0  738533.6723924497
-0.4115768074989319 -1.9301631450653076 87.47105407714844 0.428524911403656 -0.12194164097309113 -55.0  738533.672392563
-0.410200297832489 -1.9259165525436401 87.4765625 0.43097180128097534 -0.11794081330299377 0.0  738533.672392692
-0.4088638424873352 -1.921645998954773 87.49327087402344 0.4330998957157135 -0.11388330161571503 -3.0  738533.6723928077
-0.40756767988204956 -1.9173550605773926 87.4968490600586 0.4349067509174347 -0.10957881808280945 -13.0  738533.6723929172
-0.40401262044906616 -1.9188024997711182 87.50589752197266 0.37965652346611023 -0.13086608052253723 12.0  738533.6723930326
-0.4025734066963196 -1.9150562286376953 87.51616668701172 0.3808503746986389 -0.12646202743053436 32.0  738533.6723931578
-0.4011783301830292 -1.9112976789474487 87.53234100341797 0.38177913427352905 -0.12209317833185196 6.0  738533.6723932688
-0.3998272716999054 -1.9075292348861694 87.53824615478516 0.38249340653419495 -0.11769375950098038 0.0  738533.6723933809
-0.39852020144462585 -1.9037524461746216 87.54373168945312 0.38307568430900574 -0.11332662403583527 36.0  738533.672393494
-0.3972567319869995 -1.8999682664871216 87.55744934082031 0.3835737705230713 -0.10902679711580276 1.0  738533.6723936107
-0.3960372805595398 -1.8961766958236694 87.55889892578125 0.3841129541397095 -0.10462884604930878 0.0  738533.672393727
-0.39486202597618103 -1.8923773765563965 87.55718231201172 0.38471898436546326 -0.10017279535531998 -29.0  738533.6723938439
-0.39373090863227844 -1.8885695934295654 87.54985046386719 0.38540422916412354 -0.09563581645488739 -110.0  738533.6723939481
-0.38466739654541016 -1.8770391941070557 87.5287094116211 0.478994220495224 -0.1786297857761383 -18.0  738533.6723940708
-0.3827081322669983 -1.872322916984558 87.5340805053711 0.4798576235771179 -0.17409183084964752 2.0  738533.6723941824
-0.3807946741580963 -1.8675954341888428 87.5373764038086 0.4807831346988678 -0.169514998793602 -92.0  738533.6723943112
-0.3789256811141968 -1.8628568649291992 87.52230072021484 0.48178884387016296 -0.16479305922985077 -99.0  738533.6723944251
-0.37710070610046387 -1.8581072092056274 87.50904083251953 0.48277783393859863 -0.1600775569677353 3.0  738533.6723945441
-0.37532052397727966 -1.8533471822738647 87.51587677001953 0.4835785925388336 -0.1554946005344391 -10.0  738533.6723946559
-0.3735866844654083 -1.848578691482544 87.51565551757812 0.484152227640152 -0.1507447510957718 -12.0  738533.6723947639
-0.37173473834991455 -1.8433266878128052 87.51986694335938 0.48444485664367676 -0.14540012180805206 0.0  738533.6723948803
-0.3701029419898987 -1.8385497331619263 87.52247619628906 0.4842897057533264 -0.1402757614850998 30.0  738533.6723949931
-0.3685224950313568 -1.8337745666503906 87.52704620361328 0.4837055802345276 -0.13490042090415955 48.0  738533.6723950956
-0.3635830879211426 -1.8316949605941772 87.54373931884766 0.4552842080593109 -0.16789349913597107 -15.0  738533.6723952307
-0.3617435693740845 -1.827226161956787 87.54911804199219 0.45386582612991333 -0.16203925013542175 -35.0  738533.6723953474
-0.3599645793437958 -1.8227710723876953 87.5510025024414 0.4521103501319885 -0.15598145127296448 20.0  738533.6723954551
-0.3582491874694824 -1.8183332681655884 87.56111145019531 0.45002812147140503 -0.14988166093826294 -18.0  738533.672395571
-0.3565983176231384 -1.8139147758483887 87.55928039550781 0.4478221535682678 -0.1436276137828827 -18.0  738533.6723956987
-0.3550111651420593 -1.8095163106918335 87.55296325683594 0.44554203748703003 -0.1373068243265152 0.0  738533.6723958168
-0.3533385396003723 -1.8047012090682983 87.53688049316406 0.44304096698760986 -0.13027893006801605 52.0  738533.6723959312
-0.3518844544887543 -1.8003443479537964 87.52815246582031 0.4408455789089203 -0.12396703660488129 51.0  738533.6723960424
-0.3504934310913086 -1.7960059642791748 87.5172119140625 0.4387851357460022 -0.11772087961435318 85.0  738533.6723961581
-0.3491669297218323 -1.7916851043701172 87.52237701416016 0.4368702471256256 -0.11169759184122086 71.0  738533.6723962739
-0.34790316224098206 -1.7873799800872803 87.52165222167969 0.4350970685482025 -0.10569333285093307 49.0  738533.6723963908
-0.346264511346817 -1.7938612699508667 87.52664184570312 0.3325408697128296 -0.10823332518339157 15.0  738533.6723965084
-0.34507855772972107 -1.7905949354171753 87.52716827392578 0.33102020621299744 -0.10243606567382812 -16.0  738533.6723966216
-0.34394943714141846 -1.787340760231018 87.52701568603516 0.3295387327671051 -0.09673554450273514 -4.0  738533.672396715
-0.3428766429424286 -1.784098505973816 87.52862548828125 0.32808834314346313 -0.09112672507762909 6.0  738533.6723968398
-0.3418603539466858 -1.7808679342269897 87.53229522705078 0.32667845487594604 -0.0856289267539978 5.0  738533.6723969616
-0.3408995568752289 -1.7776482105255127 87.53430938720703 0.3253815472126007 -0.08019886910915375 43.0  738533.6723970769
-0.339992880821228 -1.7744380235671997 87.54558563232422 0.3242100775241852 -0.07489124685525894 32.0  738533.6723971955
-0.3391408920288086 -1.7712355852127075 87.55583190917969 0.3232603967189789 -0.06966374069452286 28.0  738533.6723973053
-0.33834293484687805 -1.7680383920669556 87.56846618652344 0.3225822150707245 -0.06452740728855133 41.0  738533.6723974248
-0.33137261867523193 -1.7609093189239502 87.58210754394531 0.36866870522499084 -0.12649783492088318 51.0  738533.6723975338
-0.32998692989349365 -1.7572776079177856 87.59996795654297 0.3685919940471649 -0.121612049639225 -3.0  738533.6723976546
-0.3286496102809906 -1.7536418437957764 87.61161804199219 0.3688884675502777 -0.11682290583848953 -45.0  738533.6723977668
-0.32735928893089294 -1.749998927116394 87.63040924072266 0.369507372379303 -0.11220793426036835 0.0  738533.6723978857
-0.3261156380176544 -1.746346116065979 87.6550521850586 0.37034475803375244 -0.10772929340600967 0.0  738533.6723980006
-0.32491812109947205 -1.7426813840866089 87.6802749633789 0.3713541030883789 -0.10332092642784119 15.0  738533.6723981153
-0.3237657845020294 -1.7390038967132568 87.70713806152344 0.3724440634250641 -0.0989166721701622 -23.0  738533.6723982434
-0.3226589262485504 -1.7353132963180542 87.72600555419922 0.3735503554344177 -0.09438446164131165 77.0  738533.6723983564
-0.32159772515296936 -1.7316101789474487 87.76728057861328 0.37455371022224426 -0.08991334587335587 64.0  738533.6723984634
-0.320582777261734 -1.7278956174850464 87.800048828125 0.37544500827789307 -0.08527243882417679 40.0  738533.6723985877
-0.3196154534816742 -1.7241708040237427 87.82592010498047 0.37621963024139404 -0.08046900480985641 47.0  738533.6723987048
-0.3133605420589447 -1.7226749658584595 87.85405731201172 0.3580431640148163 -0.12558716535568237 49.0  738533.67239882
-0.3120001256465912 -1.719139575958252 87.88379669189453 0.3585694134235382 -0.12066926807165146 35.0  738533.6723989312
-0.31069082021713257 -1.7155966758728027 87.90737915039062 0.35904741287231445 -0.11572441458702087 38.0  738533.6723990694
-0.3094328045845032 -1.7120466232299805 87.92236328125 0.3595287501811981 -0.11076465249061584 70.0  738533.6723991468
-0.3082258701324463 -1.7084892988204956 87.94976806640625 0.36001691222190857 -0.10596436262130737 41.0  738533.6723992813
-0.30706945061683655 -1.7049238681793213 87.97055053710938 0.36061275005340576 -0.10119397193193436 30.0  738533.6723993775
-0.30596086382865906 -1.7013494968414307 87.99385070800781 0.36137402057647705 -0.09650099277496338 65.0  738533.6723995128
-0.30489906668663025 -1.6977646350860596 88.01656341552734 0.3623027801513672 -0.09183594584465027 47.0  738533.6723996113
-0.30388447642326355 -1.6941676139831543 88.04065704345703 0.3633960485458374 -0.0872107669711113 21.0  738533.6723997216
-0.2987673580646515 -1.6905856132507324 88.05998992919922 0.36596229672431946 -0.128887340426445 27.0  738533.6723998531
-0.2973800301551819 -1.6869633197784424 88.07347106933594 0.36736011505126953 -0.12418176233768463 19.0  738533.6723999678
-0.2960401177406311 -1.6833248138427734 88.08722686767578 0.3688529133796692 -0.11946330219507217 -10.0  738533.6724000828
-0.2947486639022827 -1.67966890335083 88.09109497070312 0.37041419744491577 -0.11466407030820847 33.0  738533.6724002229
-0.29350587725639343 -1.6759953498840332 88.11347961425781 0.3719642758369446 -0.10996479541063309 45.0  738533.672400333
-0.29231223464012146 -1.6723039150238037 88.13311004638672 0.37350794672966003 -0.10519997030496597 4.0  738533.6724004325
-0.2911677658557892 -1.668595314025879 88.14089965820312 0.3750210404396057 -0.10027144104242325 23.0  738533.6724005423
-0.2900719940662384 -1.6648703813552856 88.15376281738281 0.376489520072937 -0.09529771655797958 19.0  738533.6724006674
-0.28902584314346313 -1.6611294746398926 88.16627502441406 0.3779074251651764 -0.09025479108095169 11.0  738533.6724007742
-0.2880311608314514 -1.6573727130889893 88.17537689208984 0.37928757071495056 -0.08512572199106216 -31.0  738533.672400885
-0.28708910942077637 -1.6536002159118652 88.17813873291016 0.38064321875572205 -0.07992733269929886 -21.0  738533.6724009999
-0.28222498297691345 -1.6557296514511108 88.17973327636719 0.32830649614334106 -0.11341031640768051 22.0  738533.6724011146
-0.28102001547813416 -1.652474284172058 88.18479919433594 0.32966455817222595 -0.10830177366733551 -12.0  738533.6724012315
-0.279865562915802 -1.6492035388946533 88.17753601074219 0.3310612142086029 -0.10320381820201874 -2.0  738533.6724013684
-0.2787601351737976 -1.6459170579910278 88.16827392578125 0.3325178325176239 -0.09821633994579315 0.0  738533.6724014614
-0.27770164608955383 -1.6426146030426025 88.16454315185547 0.3340420126914978 -0.09337032586336136 -12.0  738533.6724015747
-0.2765905261039734 -1.6389622688293457 88.15895080566406 0.3358580768108368 -0.08812729269266129 -21.0  738533.672401715
-0.2756299078464508 -1.6356221437454224 88.1526870727539 0.33765310049057007 -0.0833779126405716 10.0  738533.6724018155
-0.2747175693511963 -1.632261037826538 88.1469955444336 0.33958426117897034 -0.07865950465202332 13.0  738533.6724019324
-0.27385205030441284 -1.628877878189087 88.14679718017578 0.3416721224784851 -0.07397142797708511 4.0  738533.6724020595
-0.26773011684417725 -1.6233845949172974 88.14820861816406 0.3719620108604431 -0.1336405724287033 2.0  738533.6724021747
-0.2663007378578186 -1.6196959018707275 88.1480941772461 0.3743574023246765 -0.12893235683441162 5.0  738533.672402282
-0.26491668820381165 -1.6159815788269043 88.14574432373047 0.37689587473869324 -0.12420795857906342 -11.0  738533.6724023869
-0.2635783851146698 -1.6122403144836426 88.14019775390625 0.37952539324760437 -0.11947263777256012 -25.0  738533.6724025146
-0.26228639483451843 -1.608471155166626 88.13591766357422 0.38217693567276 -0.11476116627454758 -54.0  738533.6724026444
-0.26104089617729187 -1.6046737432479858 88.13047790527344 0.3848359286785126 -0.1100437194108963 -10.0  738533.672402744
-0.25984200835227966 -1.6008483171463013 88.12471008300781 0.387441486120224 -0.10529167950153351 -74.0  738533.6724028641
-0.25868943333625793 -1.5969959497451782 88.11116027832031 0.38997143507003784 -0.10043659806251526 -102.0  738533.6724029877
-0.25758329033851624 -1.5931181907653809 88.11174011230469 0.3923283815383911 -0.09558889269828796 -68.0  738533.6724030848
-0.25652551651000977 -1.589215874671936 88.11233520507812 0.3945438265800476 -0.0906345471739769 -57.0  738533.6724032005
-0.2555173635482788 -1.5852906703948975 88.10857391357422 0.3965960443019867 -0.08551914244890213 -9.0  738533.6724033251
-0.24792589247226715 -1.5782500505447388 88.10610961914062 0.4302225708961487 -0.14297832548618317 2.0  738533.6724034345
-0.24638168513774872 -1.573987603187561 88.10236358642578 0.4319515824317932 -0.13769878447055817 -12.0  738533.6724035469
-0.24488937854766846 -1.5697070360183716 88.09628295898438 0.433522492647171 -0.1323830485343933 -22.0  738533.6724036754
-0.24344989657402039 -1.565409779548645 88.0912857055664 0.4349401891231537 -0.12709634006023407 -90.0  738533.6724037821
-0.2420632243156433 -1.5610970258712769 88.0848159790039 0.43624454736709595 -0.12181580811738968 -37.0  738533.6724039058
-0.24072737991809845 -1.5567704439163208 88.08122253417969 0.4374333322048187 -0.11657155305147171 -60.0  738533.67240402
-0.23944216966629028 -1.552431344985962 88.081298828125 0.4384768307209015 -0.11133157461881638 -20.0  738533.6724041322
-0.23820780217647552 -1.5480810403823853 88.07886505126953 0.4393947422504425 -0.10605072975158691 -4.0  738533.6724042385
-0.23702538013458252 -1.5437204837799072 88.07308197021484 0.4401957392692566 -0.10070616751909256 -17.0  738533.6724043649
-0.23302699625492096 -1.5435384511947632 88.0608901977539 0.39272433519363403 -0.1304856687784195 -19.0  738533.672404483
-0.2316136509180069 -1.5396544933319092 88.06353759765625 0.39321035146713257 -0.12510275840759277 -17.0  738533.6724046093
-0.2302524298429489 -1.5357645750045776 88.05071258544922 0.3935897946357727 -0.1195770651102066 -4.0  738533.6724047073
-0.2289433479309082 -1.5318700075149536 88.04583740234375 0.3938109576702118 -0.11409981548786163 -35.0  738533.6724048186
-0.22768951952457428 -1.5279719829559326 88.04451751708984 0.3938954174518585 -0.10865194350481033 5.0  738533.6724049479
-0.22649136185646057 -1.5240715742111206 88.05951690673828 0.3938879072666168 -0.1033484935760498 -28.0  738533.6724050582
-0.22534772753715515 -1.5201692581176758 88.06167602539062 0.393868088722229 -0.09797551482915878 7.0  738533.672405175
-0.22425812482833862 -1.5162652730941772 88.06800079345703 0.3938426375389099 -0.09265536069869995 26.0  738533.6724052869
-0.22322142124176025 -1.512359380722046 88.0783462524414 0.393867164850235 -0.08739083260297775 38.0  738533.6724054002
-0.22223784029483795 -1.508450984954834 88.09091186523438 0.39396950602531433 -0.08218124508857727 -4.0  738533.6724055237
-0.22130753099918365 -1.504539132118225 88.09310913085938 0.39420437812805176 -0.07693734765052795 70.0  738533.6724056308
-0.21384599804878235 -1.4976264238357544 88.10294342041016 0.42601561546325684 -0.13578207790851593 68.0  738533.6724057518
-0.21237578988075256 -1.4934101104736328 88.12279510498047 0.4264070391654968 -0.13080625236034393 54.0  738533.6724058595
-0.21095684170722961 -1.489187240600586 88.13697052001953 0.42688509821891785 -0.12585657835006714 -5.0  738533.6724059742
-0.20958690345287323 -1.4849575757980347 88.14826965332031 0.427410751581192 -0.12097202986478806 -48.0  738533.6724060891
-0.20826582610607147 -1.4807209968566895 88.17736053466797 0.42789679765701294 -0.11625810712575912 -10.0  738533.6724062017
-0.20699471235275269 -1.4764775037765503 88.19896697998047 0.4283447861671448 -0.11150266975164413 67.0  738533.6724063223
-0.2057737410068512 -1.472227692604065 88.23008728027344 0.4287256896495819 -0.10677661746740341 90.0  738533.6724064378
-0.20460301637649536 -1.467971682548523 88.26871490478516 0.42911624908447266 -0.10205371677875519 93.0  738533.6724065599
-0.20348456501960754 -1.4637075662612915 88.3074722290039 0.429769366979599 -0.09727469086647034 124.0  738533.6724066564
-0.19933946430683136 -1.4645650386810303 88.35372161865234 0.3747389614582062 -0.12812453508377075 178.0  738533.6724067806
-0.19798696041107178 -1.4608409404754639 88.41683197021484 0.37653449177742004 -0.12330981343984604 160.0  738533.6724069072
-0.19668987393379211 -1.457087755203247 88.46916198730469 0.37929269671440125 -0.11839069426059723 159.0  738533.672407011
-0.1954474300146103 -1.4532943964004517 88.52415466308594 0.38315704464912415 -0.11353287100791931 193.0  738533.6724071279
-0.19425912201404572 -1.4494476318359375 88.58027648925781 0.3882843554019928 -0.10875316709280014 255.0  738533.6724072401
-0.19312293827533722 -1.445534110069275 88.6749038696289 0.3946511447429657 -0.10434591770172119 208.0  738533.672407359
-0.19203655421733856 -1.4415417909622192 88.7667007446289 0.4023813009262085 -0.10005825757980347 300.0  738533.6724074736
-0.19099918007850647 -1.4374560117721558 88.91068267822266 0.41131919622421265 -0.09625674784183502 357.0  738533.6724075973
-0.19000934064388275 -1.4332646131515503 89.11644744873047 0.42128798365592957 -0.09308066964149475 399.0  738533.672407702
-0.18672864139080048 -1.435057520866394 89.3724365234375 0.3659844994544983 -0.11641038209199905 527.0  738533.6724078275
-0.18556804955005646 -1.4313136339187622 89.69243621826172 0.37746986746788025 -0.11404699087142944 596.0  738533.672407941
-0.18445082008838654 -1.427446722984314 90.05379486083984 0.38942742347717285 -0.11206851899623871 674.0  738533.6724080534
-0.18337738513946533 -1.4234527349472046 90.45687866210938 0.40167146921157837 -0.11050562560558319 765.0  738533.6724081596
-0.18234869837760925 -1.4193286895751953 90.89830017089844 0.4140055179595947 -0.1093420684337616 839.0  738533.6724082833
-0.18136538565158844 -1.4150757789611816 91.39810180664062 0.4262932240962982 -0.1086629182100296 862.0  738533.6724083988
-0.1804293543100357 -1.410693883895874 91.91777801513672 0.43846744298934937 -0.10820024460554123 925.0  738533.6724085108
-0.1795433759689331 -1.4061824083328247 92.46501922607422 0.4505615830421448 -0.10794150084257126 959.0  738533.6724086239
-0.17871011793613434 -1.4015417098999023 93.05013275146484 0.4625549614429474 -0.10796987265348434 1062.0  738533.6724087475
-0.1779322773218155 -1.3967719078063965 93.6681900024414 0.474505215883255 -0.10828312486410141 1119.0  738533.6724088634
-0.1772124022245407 -1.391872525215149 94.31478118896484 0.48649510741233826 -0.10885477066040039 1173.0  738533.6724089774
-0.17655304074287415 -1.3868416547775269 94.99890899658203 0.4985584616661072 -0.10987956821918488 1143.0  738533.6724090939
-0.1671813577413559 -1.3765524625778198 95.71009063720703 0.5492504835128784 -0.19775164127349854 1224.0  738533.672409209
-0.1658281534910202 -1.370780110359192 96.45713806152344 0.5604190230369568 -0.2002093493938446 1227.0  738533.6724093196
-0.16453859210014343 -1.364872932434082 97.21482849121094 0.57179194688797 -0.2030259072780609 1318.0  738533.6724094477
-0.1633126586675644 -1.3588303327560425 97.99954986572266 0.5832738876342773 -0.2064463049173355 1392.0  738533.672409551
-0.16215069591999054 -1.3526519536972046 98.81928253173828 0.5947887897491455 -0.2105528861284256 1390.0  738533.6724096757
-0.1610541194677353 -1.3463371992111206 99.65345764160156 0.6063451766967773 -0.21504433453083038 1402.0  738533.6724097945
-0.16002433001995087 -1.3398878574371338 100.51731872558594 0.6177666783332825 -0.22004784643650055 1438.0  738533.6724099024
-0.15906277298927307 -1.3333081007003784 101.39772033691406 0.6289789080619812 -0.22528639435768127 1432.0  738533.6724100184
-0.15817230939865112 -1.3266021013259888 102.28645324707031 0.6398683190345764 -0.23054035007953644 1514.0  738533.6724101378
-0.15140490233898163 -1.314115285873413 103.19493103027344 0.6961795091629028 -0.31406816840171814 1618.0  738533.6724102463
-0.1500137597322464 -1.306544303894043 104.13636016845703 0.7046437859535217 -0.3202153146266937 1590.0  738533.6724103689
-0.14870783686637878 -1.2988624572753906 105.09344482421875 0.7123637199401855 -0.3262138366699219 1634.0  738533.6724104873
-0.14749090373516083 -1.2910782098770142 106.06485748291016 0.7193386554718018 -0.33199119567871094 1589.0  738533.6724105946
-0.14636854827404022 -1.283198595046997 107.05551147460938 0.7255107164382935 -0.33756911754608154 1591.0  738533.6724107123
-0.14534461498260498 -1.2752329111099243 108.06610870361328 0.7308810949325562 -0.3429231345653534 1660.0  738533.6724108353
-0.14442434906959534 -1.2671891450881958 109.08529663085938 0.7354985475540161 -0.34786030650138855 1754.0  738533.6724109482
-0.14361535012722015 -1.259074091911316 110.12918090820312 0.7393437623977661 -0.3526475131511688 1692.0  738533.6724110545
-0.1429215967655182 -1.2508963346481323 111.17912292480469 0.742587685585022 -0.35709506273269653 1758.0  738533.6724111765
-0.14234602451324463 -1.2426637411117554 112.23030853271484 0.7453314065933228 -0.36119544506073 1783.0  738533.672411286
-0.14189425110816956 -1.2343825101852417 113.30570983886719 0.7474849224090576 -0.3653308153152466 1787.0  738533.6724114035
-0.13922132551670074 -1.2437875270843506 114.3955078125 0.5910676121711731 -0.3228808045387268 1835.0  738533.6724115134
-0.13881522417068481 -1.2370517253875732 115.48483276367188 0.5933758020401001 -0.3239094018936157 1881.0  738533.6724116453
-0.1385400891304016 -1.2302851676940918 116.60272979736328 0.5952802300453186 -0.32511788606643677 1886.0  738533.6724117597
-0.13839727640151978 -1.223492980003357 117.72838592529297 0.596944272518158 -0.32627975940704346 1909.0  738533.6724118751
-0.1383955329656601 -1.2159968614578247 118.963623046875 0.5986880660057068 -0.32743126153945923 1968.0  738533.6724119867
-0.13853803277015686 -1.2091635465621948 120.10386657714844 0.6002084612846375 -0.32854413986206055 1982.0  738533.6724120968
-0.13882094621658325 -1.2023147344589233 121.24598693847656 0.6018633246421814 -0.3296300172805786 2028.0  738533.6724122119
-0.13924551010131836 -1.1954518556594849 122.38954162597656 0.603754997253418 -0.3306710124015808 2038.0  738533.6724123299
-0.13981430232524872 -1.1885756254196167 123.5303955078125 0.6060209274291992 -0.3316196799278259 2140.0  738533.6724124558
-0.13408255577087402 -1.1681748628616333 124.70625305175781 0.6907222867012024 -0.47586673498153687 2064.0  738533.6724125689
-0.13423649966716766 -1.1597790718078613 125.88054656982422 0.6907169222831726 -0.47876232862472534 2045.0  738533.6724126724
-0.13454711437225342 -1.1513688564300537 127.06205749511719 0.6911566257476807 -0.4816443920135498 1970.0  738533.672412792
-0.1350148469209671 -1.1429443359375 128.25086975097656 0.6919530630111694 -0.4844830632209778 2086.0  738533.6724129051
-0.13571396470069885 -1.1336619853973389 129.5869598388672 0.6929910182952881 -0.48777270317077637 2106.0  738533.6724130334
-0.13652288913726807 -1.1252121925354004 130.819091796875 0.6940581798553467 -0.49064549803733826 2215.0  738533.6724131585
-0.13749901950359344 -1.1167559623718262 132.09019470214844 0.6949282288551331 -0.49356892704963684 2178.0  738533.6724132693
-0.13864564895629883 -1.1082993745803833 133.36465454101562 0.6957089304924011 -0.49598076939582825 2180.0  738533.6724133969
-0.13996578752994537 -1.0998502969741821 134.6569061279297 0.6962313055992126 -0.49792957305908203 2175.0  738533.6724135085
-0.14146432280540466 -1.0914183855056763 135.95045471191406 0.6964702010154724 -0.4991093873977661 2273.0  738533.6724136071
-0.1431441605091095 -1.0830148458480835 137.25775146484375 0.6962721347808838 -0.4996669590473175 2299.0  738533.672413718
-0.14023657143115997 -1.0955907106399536 137.25775146484375 0.5367244482040405 -0.3858413100242615 2216.0  738533.6724138471
-0.14184872806072235 -1.0891852378845215 138.58535766601562 0.538087010383606 -0.3817608952522278 2234.0  738533.6724139587
-0.1436493843793869 -1.0828458070755005 139.92308044433594 0.5393770337104797 -0.3768455684185028 2226.0  738533.6724140712
-0.1456390768289566 -1.0765838623046875 141.23297119140625 0.5405181050300598 -0.37149545550346375 2156.0  738533.6724141934
-0.14781206846237183 -1.070406198501587 142.53541564941406 0.5416365265846252 -0.3658595085144043 2205.0  738533.672414311
-0.15016525983810425 -1.0643181800842285 143.82981872558594 0.5431289076805115 -0.35976722836494446 2296.0  738533.672414429
-0.15270280838012695 -1.0583263635635376 145.083251953125 0.545012354850769 -0.353675901889801 2241.0  738533.6724145401
-0.15543067455291748 -1.0524355173110962 146.32852172851562 0.5475881099700928 -0.3475258946418762 2155.0  738533.6724146488
-0.15835092961788177 -1.046645998954773 147.5400848388672 0.5510445237159729 -0.3413122296333313 2074.0  738533.6724147598
-0.16061025857925415 -1.0234112739562988 148.70826721191406 0.6436827182769775 -0.5086134672164917 2042.0  738533.6724148662
-0.1638278067111969 -1.0158705711364746 149.85841369628906 0.6454950571060181 -0.5046752691268921 1937.0  738533.6724149932
-0.16724245250225067 -1.0084208250045776 150.96949768066406 0.6485282778739929 -0.5006756782531738 1900.0  738533.6724151013
-0.17085406184196472 -1.0010571479797363 152.03311157226562 0.6525106430053711 -0.49692294001579285 1850.0  738533.6724152274
-0.17466461658477783 -0.9937772750854492 153.07940673828125 0.6574453711509705 -0.4931482672691345 1858.0  738533.6724153252
-0.17867447435855865 -0.986581027507782 154.09793090820312 0.6629773378372192 -0.48953112959861755 1820.0  738533.6724154466
-0.18288487195968628 -0.9794719815254211 155.12594604492188 0.6691070795059204 -0.4854413568973541 1637.0  738533.6724155748
-0.18729504942893982 -0.9724564552307129 156.13258361816406 0.675571084022522 -0.48075005412101746 1531.0  738533.6724156778
-0.19190330803394318 -0.965543270111084 157.12432861328125 0.6826457381248474 -0.47450676560401917 1438.0  738533.6724157898
-0.19671009480953217 -0.9587448239326477 158.04171752929688 0.6899880170822144 -0.46682843565940857 1332.0  738533.6724159124
-0.20171114802360535 -0.9520724415779114 158.90499877929688 0.6973280906677246 -0.4579039514064789 1202.0  738533.6724160413
-0.19710278511047363 -0.964233934879303 159.73085021972656 0.5662139654159546 -0.31165069341659546 1109.0  738533.6724161537
-0.20156633853912354 -0.9595474004745483 160.47665405273438 0.575162410736084 -0.29813435673713684 1015.0  738533.6724162659
-0.20619595050811768 -0.9550052881240845 161.1374969482422 0.5838741064071655 -0.2838248610496521 785.0  738533.6724163896
-0.2109871357679367 -0.9506143927574158 161.73912048339844 0.5924609899520874 -0.2687079608440399 659.0  738533.6724164974
-0.215935617685318 -0.9463793039321899 162.24563598632812 0.6011666059494019 -0.25276023149490356 580.0  738533.6724166159
-0.22103741765022278 -0.9423006176948547 162.62387084960938 0.6099813580513 -0.2364753633737564 371.0  738533.6724167302
-0.2262892723083496 -0.9383758902549744 162.90586853027344 0.6190024018287659 -0.21991205215454102 300.0  738533.6724168299
-0.23168610036373138 -0.9345976710319519 163.0851593017578 0.6282901763916016 -0.20324981212615967 90.0  738533.6724169521
-0.23722583055496216 -0.9309590458869934 163.1814422607422 0.6380192041397095 -0.18617482483386993 42.0  738533.6724170728
-0.24991671741008759 -0.9136888980865479 163.16700744628906 0.7673481702804565 -0.2929023504257202 -182.0  738533.6724171863
-0.2565251290798187 -0.9087750911712646 163.1087646484375 0.778092086315155 -0.275396466255188 -244.0  738533.6724172927
-0.263274610042572 -0.9039778709411621 162.95289611816406 0.7891061305999756 -0.2579677402973175 -422.0  738533.6724174208
-0.27016350626945496 -0.8992903232574463 162.76844787597656 0.8005766272544861 -0.23969070613384247 -543.0  738533.6724175386
-0.27719032764434814 -0.8947075009346008 162.50262451171875 0.8119905591011047 -0.22133055329322815 -606.0  738533.6724176477
-0.28435224294662476 -0.8902268409729004 161.8991241455078 0.8231908679008484 -0.2022811323404312 -698.0  738533.6724177657
-0.29164573550224304 -0.885847806930542 161.8991241455078 0.8338914513587952 -0.1826818436384201 -765.0  738533.6724178806
-0.2990654408931732 -0.8815711736679077 161.1580810546875 0.8437566161155701 -0.16249054670333862 -870.0  738533.6724179961
-0.3066039979457855 -0.8773987889289856 161.1580810546875 0.8525806665420532 -0.1416088491678238 -963.0  738533.672418113
-0.3142510950565338 -0.8733311295509338 160.24851989746094 0.8601918816566467 -0.12002215534448624 -992.0  738533.6724182317
-0.32199540734291077 -0.8693681955337524 160.24851989746094 0.8664222359657288 -0.09806104749441147 -1059.0  738533.6724183436
-0.31809407472610474 -0.8742390275001526 159.18882751464844 0.7429543137550354 -0.04009649530053139 -1162.0  738533.6724184555
-0.32493534684181213 -0.871288001537323 159.18882751464844 0.7461932301521301 -0.01895255409181118 -1265.0  738533.6724185733
-0.3318454623222351 -0.8684448003768921 157.89012145996094 0.7483114004135132 0.0024623714853078127 -1337.0  738533.6724186838
-0.33951741456985474 -0.8654399514198303 157.89012145996094 0.7496089339256287 0.02588336355984211 -1395.0  738533.6724188082
-0.3465504050254822 -0.8628154397010803 157.0905303955078 0.7499843239784241 0.04684885963797569 -1419.0  738533.672418917
-0.35363340377807617 -0.8602856993675232 156.32095336914062 0.7498096227645874 0.06758759170770645 -1426.0  738533.6724190408
-0.36076274514198303 -0.8578413724899292 155.49832153320312 0.7492595314979553 0.08807074278593063 -1601.0  738533.6724191561
-0.3679361045360565 -0.8554720282554626 154.6200714111328 0.7484716773033142 0.1079850047826767 -1700.0  738533.6724192733
-0.37515145540237427 -0.8531659245491028 153.7090301513672 0.7475985288619995 0.12686574459075928 -1643.0  738533.6724193862
-0.3708128333091736 -0.8514206409454346 152.7991943359375 0.7091286778450012 0.08211905509233475 -1643.0  738533.6724195099
-0.37752455472946167 -0.8489471673965454 151.83143615722656 0.7088612914085388 0.10017281770706177 -1735.0  738533.6724196192
-0.38427606225013733 -0.8465149998664856 150.8612823486328 0.7085965871810913 0.1173299252986908 -1736.0  738533.6724197335
-0.39106687903404236 -0.8441149592399597 149.8882293701172 0.7082851529121399 0.13374990224838257 -1723.0  738533.6724198462
-0.39789578318595886 -0.841738760471344 148.892578125 0.7078855633735657 0.1498047411441803 -1776.0  738533.6724199739
-0.4047620892524719 -0.8393797278404236 147.8802490234375 0.7073732614517212 0.16554707288742065 -1807.0  738533.6724200842
-0.4116657078266144 -0.8370329141616821 146.86541748046875 0.7067026495933533 0.1809370368719101 -1785.0  738533.6724201965
-0.4186060130596161 -0.8346944451332092 145.8396453857422 0.7057825326919556 0.19616873562335968 -1825.0  738533.6724203151
-0.4255817234516144 -0.8323608040809631 144.81005859375 0.7046290636062622 0.2111840546131134 -1781.0  738533.6724204177
-0.43259114027023315 -0.830028772354126 143.79342651367188 0.7032518982887268 0.22579312324523926 -1762.0  738533.6724205335
-0.4396311938762665 -0.8276949524879456 142.7867889404297 0.7016140222549438 0.23996244370937347 -1768.0  738533.6724206506
-0.44097891449928284 -0.8218165040016174 141.7920379638672 0.6773583292961121 0.1918962597846985 -1750.0  738533.6724207784
-0.44750869274139404 -0.8191220760345459 140.81019592285156 0.6763079166412354 0.20426872372627258 -1697.0  738533.6724208903
-0.45405542850494385 -0.8164128661155701 139.85133361816406 0.675129771232605 0.21557772159576416 -1673.0  738533.6724209964
-0.46061474084854126 -0.8136813044548035 138.89962768554688 0.6738325953483582 0.2259519100189209 -1676.0  738533.6724211229
-0.46718132495880127 -0.8109201192855835 137.95022583007812 0.6724754571914673 0.23544453084468842 -1608.0  738533.6724212395
-0.47375062108039856 -0.8081233501434326 137.0233612060547 0.6712788343429565 0.24374578893184662 -1630.0  738533.6724213436
-0.4803183972835541 -0.8052821755409241 136.1105194091797 0.6702682375907898 0.25105318427085876 -1604.0  738533.6724214676
-0.48688098788261414 -0.8023868203163147 135.2169647216797 0.6695920825004578 0.25741058588027954 -1617.0  738533.6724215928
-0.493435800075531 -0.7994298338890076 134.32920837402344 0.6692430973052979 0.2630908489227295 -1542.0  738533.6724216902
-0.4943385720252991 -0.7950019240379333 133.480712890625 0.6328052878379822 0.20362558960914612 -1535.0  738533.6724218066
-0.5001558661460876 -0.7917285561561584 132.6346893310547 0.6342878341674805 0.20743611454963684 -1451.0  738533.6724219242
-0.5059629082679749 -0.7883791327476501 131.8189697265625 0.636310875415802 0.21063651144504547 -1417.0  738533.6724220339
-0.5117595195770264 -0.7849481701850891 131.01661682128906 0.6387442946434021 0.21349012851715088 -1376.0  738533.6724221655
-0.5175458788871765 -0.7814316153526306 130.2432098388672 0.6416848301887512 0.215828537940979 -1388.0  738533.6724222703
-0.523322343826294 -0.7778263688087463 129.47276306152344 0.644930899143219 0.21810747683048248 -1333.0  738533.672422397
-0.5290895104408264 -0.7741286754608154 128.71075439453125 0.6485424637794495 0.2202749401330948 -1429.0  738533.672422526
-0.5348483920097351 -0.7703365087509155 127.93211364746094 0.6524190306663513 0.2226928174495697 -1379.0  738533.6724226408
-0.5406001210212708 -0.7664501070976257 127.18326568603516 0.6566785573959351 0.2248961329460144 -1295.0  738533.6724227635
-0.5463454723358154 -0.7624698877334595 126.45740509033203 0.6613001227378845 0.22690893709659576 -1320.0  738533.6724228498
-0.5520848035812378 -0.7583931684494019 125.73564910888672 0.6661984324455261 0.22898049652576447 -1266.0  738533.672422963
-0.5511909127235413 -0.7516119480133057 125.03657531738281 0.6553865075111389 0.162428081035614 -1244.0  738533.6724230814
-0.5562642216682434 -0.7470734715461731 124.32485961914062 0.6616310477256775 0.16408993303775787 -1267.0  738533.6724232193
-0.5663808584213257 -0.7376756072044373 123.61475372314453 0.674785315990448 0.1666121929883957 -1223.0  738533.6724233266
-0.5663808584213257 -0.7376756072044373 122.92637634277344 0.674785315990448 0.1666121929883957 -1208.0  738533.6724234306
-0.5764403939247131 -0.7278425097465515 122.23046112060547 0.6884652376174927 0.16781508922576904 -1270.0  738533.6724235425
-0.5764403939247131 -0.7278425097465515 121.55799102783203 0.6884652376174927 0.16781508922576904 -1156.0  738533.6724236584
-0.5864173769950867 -0.7175512313842773 120.89461517333984 0.7022141218185425 0.16824090480804443 -1105.0  738533.672423782
-0.5864173769950867 -0.7175512313842773 120.21438598632812 0.7022141218185425 0.16824090480804443 -1189.0  738533.6724238903
-0.5913692712783813 -0.7122335433959961 119.53245544433594 0.7089987397193909 0.1685952991247177 -1200.0  738533.6724240128
-0.5908350348472595 -0.7054079174995422 118.8857192993164 0.6984394192695618 0.09966501593589783 -1153.0  738533.6724241258
-0.5950470566749573 -0.6996951699256897 118.21031188964844 0.7058367729187012 0.10005837678909302 -1188.0  738533.6724242397
-0.5992323160171509 -0.6938770413398743 117.56722259521484 0.7130979895591736 0.10032710433006287 -1154.0  738533.6724243579
-0.6033909916877747 -0.6879583597183228 116.92911529541016 0.7201538681983948 0.10081277042627335 -1063.0  738533.6724244612
-0.6116245985031128 -0.6758180856704712 116.29046630859375 0.7337149977684021 0.10262180864810944 -1086.0  738533.6724245871
-0.6116245985031128 -0.6758180856704712 115.6535415649414 0.7337149977684021 0.10262180864810944 -1109.0  738533.6724247
-0.6197439432144165 -0.6632803678512573 115.02237701416016 0.7465884685516357 0.1056705191731453 -1088.0  738533.6724248191
-0.6197439432144165 -0.6632803678512573 114.37510681152344 0.7465884685516357 0.1056705191731453 -1124.0  738533.6724249315
-0.6277527809143066 -0.6503647565841675 113.72661590576172 0.758891761302948 0.10997842252254486 -1098.0  738533.6724250538
-0.6277527809143066 -0.6503647565841675 113.09876251220703 0.758891761302948 0.10997842252254486 -1084.0  738533.6724251657
-0.6226754188537598 -0.6497828960418701 112.4595947265625 0.66596919298172 0.04607728496193886 -1097.0  738533.672425283
-0.6256250739097595 -0.6437690854072571 111.81665802001953 0.6723685264587402 0.047946538776159286 -1138.0  738533.6724254023
-0.6285496950149536 -0.637673556804657 111.1769027709961 0.678547739982605 0.049995485693216324 -1115.0  738533.6724255101
-0.6314485669136047 -0.6314981579780579 110.52140045166016 0.6844750046730042 0.05238709598779678 -1077.0  738533.6724256291
-0.6343201398849487 -0.6252438426017761 109.88130950927734 0.6901499032974243 0.0547274611890316 -1076.0  738533.6724257416
-0.6371628046035767 -0.6189121007919312 109.2464828491211 0.6955744624137878 0.05712711066007614 -1108.0  738533.6724258706
-0.639975368976593 -0.6125048995018005 108.63109588623047 0.7008324861526489 0.059434741735458374 -1083.0  738533.6724259732
-0.6427572965621948 -0.6060240268707275 108.052490234375 0.7059923410415649 0.061455413699150085 -1060.0  738533.672426089
-0.6455091238021851 -0.5994716882705688 107.46758270263672 0.7110428810119629 0.06379453092813492 -1023.0  738533.6724262061
-0.6482325792312622 -0.5928509831428528 106.90435028076172 0.716081976890564 0.06614289432764053 -973.0  738533.672426336
-0.650929868221283 -0.5861643552780151 106.37666320800781 0.7212105989456177 0.06835228949785233 -923.0  738533.6724264427
-0.6518538594245911 -0.5728201270103455 105.84888458251953 0.7873362898826599 0.03481760993599892 -967.0  738533.6724265551
-0.654321551322937 -0.5653105974197388 105.29727172851562 0.79295814037323 0.03852749988436699 -977.0  738533.672426669
-0.656768262386322 -0.5577300786972046 104.74732208251953 0.7986586093902588 0.04250658303499222 -985.0  738533.6724268048
-0.6591960191726685 -0.5500783324241638 104.18711853027344 0.8043568730354309 0.04692712426185608 -1001.0  738533.6724268991
-0.6616070866584778 -0.5423572063446045 103.60457611083984 0.8099735379219055 0.05194540321826935 -1055.0  738533.6724270141
-0.664003312587738 -0.5345690846443176 103.01931762695312 0.8153919577598572 0.057321082800626755 -1048.0  738533.6724271292
-0.6663862466812134 -0.5267178416252136 102.42047119140625 0.82045578956604 0.06320491433143616 -1045.0  738533.6724272463
-0.6687569618225098 -0.5188079476356506 101.8147964477539 0.825067400932312 0.06947839260101318 -1068.0  738533.6724273621
-0.6711159944534302 -0.5108437538146973 101.208740234375 0.8291917443275452 0.0759996771812439 -1069.0  738533.6724274778
-0.6682784557342529 -0.5048197507858276 100.60191345214844 0.7971981763839722 0.024758778512477875 -1080.0  738533.6724275924
-0.6699796915054321 -0.49700820446014404 99.98574829101562 0.8007903695106506 0.031350526958703995 -1095.0  738533.6724277086
-0.6716684699058533 -0.48915815353393555 99.3576431274414 0.8038074374198914 0.03820391744375229 -1144.0  738533.672427825
-0.6733437180519104 -0.48127424716949463 98.71710968017578 0.8062835335731506 0.045243192464113235 -1082.0  738533.6724279406
-0.6750040650367737 -0.47336071729660034 98.08407592773438 0.8082752823829651 0.05212892219424248 -1077.0  738533.6724280486
-0.6766476631164551 -0.46542102098464966 97.44422149658203 0.8098100423812866 0.059064529836177826 -1127.0  738533.6724281663
-0.6782727241516113 -0.4574582278728485 96.83732604980469 0.8110493421554565 0.06544427573680878 -1143.0  738533.6724282806
-0.6798781156539917 -0.4494750499725342 96.22093963623047 0.8119947910308838 0.07190869748592377 -1126.0  738533.6724284037
-0.6814627051353455 -0.44147342443466187 95.62169647216797 0.8127384781837463 0.07806999236345291 -1032.0  738533.6724285197
-0.6830251216888428 -0.4334545135498047 95.04322814941406 0.813346803188324 0.08388248831033707 -1029.0  738533.6724286353
-0.6845645904541016 -0.4254195988178253 94.45271301269531 0.8137744069099426 0.08982540667057037 -1021.0  738533.6724287554
-0.6813467741012573 -0.4195350706577301 93.85823822021484 0.7890304923057556 0.04984969273209572 -1038.0  738533.672428861
-0.6823616623878479 -0.4116893410682678 93.27429962158203 0.7897268533706665 0.055300772190093994 -1070.0  738533.6724289824
-0.6833510994911194 -0.40383026003837585 92.67721557617188 0.790285587310791 0.06083613261580467 -1061.0  738533.6724290982
-0.6844077110290527 -0.3951703608036041 92.03359985351562 0.790808916091919 0.0666034147143364 -1043.0  738533.6724292019
-0.6853377223014832 -0.38728487491607666 91.45697021484375 0.7911721467971802 0.07160918414592743 -1027.0  738533.6724293351
-0.686237633228302 -0.3793882727622986 90.87974548339844 0.791422963142395 0.0765390619635582 -1015.0  738533.6724294381
-0.6871073246002197 -0.3714815378189087 90.30730438232422 0.791577935218811 0.0813828632235527 -964.0  738533.6724295649
-0.6879468560218811 -0.3635656237602234 89.7507553100586 0.7916505932807922 0.08600495010614395 -918.0  738533.6724296815
-0.6887563467025757 -0.35564136505126953 89.23218536376953 0.791681170463562 0.09015852957963943 -917.0  738533.6724297896
-0.68486088514328 -0.35113587975502014 88.70600891113281 0.7503527402877808 0.03557485342025757 -892.0  738533.672429901
-0.6850300431251526 -0.3436224162578583 88.19073486328125 0.7507672905921936 0.03947388008236885 -890.0  738533.6724300202
-0.68517005443573 -0.33610212802886963 87.68030548095703 0.7511597275733948 0.04337116703391075 -878.0  738533.6724301368
-0.6852908730506897 -0.3278222680091858 87.12591552734375 0.7515293955802917 0.047643885016441345 -869.0  738533.6724302507
-0.6853709816932678 -0.3202885687351227 86.63446807861328 0.7518439292907715 0.051408231258392334 -794.0  738533.6724303708
-0.6854234337806702 -0.3127485513687134 86.19425964355469 0.7522323131561279 0.05453278124332428 -735.0  738533.6724304867
-0.6854490041732788 -0.3052019476890564 85.77462768554688 0.7526707649230957 0.057423148304224014 -703.0  738533.6724306028
-0.6854482889175415 -0.297648161649704 85.36685180664062 0.7531978487968445 0.060218580067157745 -670.0  738533.6724307094
-0.6854217052459717 -0.2900860905647278 84.98332977294922 0.7538769841194153 0.06277279555797577 -601.0  738533.6724308358
-0.685370147228241 -0.2825146019458771 84.6342544555664 0.7547001838684082 0.06496292352676392 -590.0  738533.6724309468
-0.6852946281433105 -0.2749325931072235 84.29257202148438 0.755681574344635 0.06715303659439087 -580.0  738533.6724310645
-0.6791146993637085 -0.2623666822910309 83.96775817871094 0.8110273480415344 0.015532774850726128 -495.0  738533.6724311757
-0.6784036755561829 -0.2542780041694641 83.66752624511719 0.8125779628753662 0.017643088474869728 -473.0  738533.6724312871
-0.6776695847511292 -0.24617472290992737 83.3741455078125 0.8142286539077759 0.01972632296383381 -418.0  738533.6724314063
-0.6769129633903503 -0.23805609345436096 83.09558868408203 0.8159269094467163 0.021657826378941536 -426.0  738533.6724315318
-0.6761345863342285 -0.22992201149463654 82.83305358886719 0.8176040053367615 0.023471752181649208 -435.0  738533.6724316365
-0.6753354072570801 -0.22177281975746155 82.5999755859375 0.8192141056060791 0.024971794337034225 -351.0  738533.6724317695
-0.6745171546936035 -0.21360984444618225 82.3939208984375 0.8206794857978821 0.0262376107275486 -254.0  738533.672431871
-0.6736819744110107 -0.2054349184036255 82.22010803222656 0.8219544887542725 0.02723168581724167 -284.0  738533.6724319891
-0.6728320121765137 -0.1972499042749405 82.06097412109375 0.8229871392250061 0.028237048536539078 -208.0  738533.6724321038
-0.6690087914466858 -0.20661617815494537 81.94287109375 0.6244790554046631 -0.034443438053131104 -134.0  738533.6724322193
-0.6677879095077515 -0.20047909021377563 81.85052490234375 0.6251384615898132 -0.03430784121155739 -113.0  738533.6724323353
-0.6665584444999695 -0.1943380981683731 81.77827453613281 0.6255844831466675 -0.03424699604511261 -50.0  738533.6724324602
-0.6653221249580383 -0.18819504976272583 81.74211120605469 0.62580406665802 -0.03446459397673607 11.0  738533.6724325704
-0.6640800833702087 -0.1820513904094696 81.7369613647461 0.6258866786956787 -0.03493538126349449 105.0  738533.672432674
-0.6628331542015076 -0.1759076565504074 81.7787094116211 0.625958263874054 -0.035810716450214386 156.0  738533.6724328016
-0.6615822315216064 -0.16976292431354523 81.86428833007812 0.6261627674102783 -0.037047676742076874 219.0  738533.6724329116
-0.6603283882141113 -0.1636146754026413 81.98664855957031 0.6266686916351318 -0.03851614147424698 272.0  738533.6724330175
-0.659072995185852 -0.1574585735797882 82.14742279052734 0.6275922060012817 -0.0402325764298439 325.0  738533.6724331431
-0.6578170657157898 -0.15128940343856812 82.34337615966797 0.6290714740753174 -0.04218403622508049 341.0  738533.6724332626
-0.6565616130828857 -0.14510101079940796 82.57621002197266 0.6311931610107422 -0.04434911534190178 427.0  738533.6724333706
-0.6493462324142456 -0.1325686126947403 82.8523941040039 0.7040036916732788 -0.09806744009256363 470.0  738533.6724334888
-0.6474994421005249 -0.12568813562393188 83.152587890625 0.7071484923362732 -0.10105971992015839 542.0  738533.6724336015
-0.6456558108329773 -0.11876697838306427 83.48876190185547 0.7108395099639893 -0.10440289974212646 620.0  738533.6724337299
-0.6438161134719849 -0.11179955303668976 83.84549713134766 0.7150236964225769 -0.10789358615875244 727.0  738533.6724338442
-0.6419812440872192 -0.1047811359167099 84.26355743408203 0.7194938063621521 -0.11206959933042526 786.0  738533.6724339538
-0.640152633190155 -0.09770797193050385 84.70488739013672 0.7241426110267639 -0.11640960723161697 821.0  738533.672434081
-0.6383323669433594 -0.09057795256376266 85.18150329589844 0.7287853360176086 -0.12103210389614105 943.0  738533.672434184
-0.6365232467651367 -0.08339124172925949 85.70708465576172 0.7332294583320618 -0.1260281205177307 1053.0  738533.6724343029
-0.6347286105155945 -0.07615017890930176 86.27364349365234 0.7373061180114746 -0.1312256157398224 1119.0  738533.6724344128
-0.6292582750320435 -0.07325775176286697 86.86151123046875 0.6885198950767517 -0.18542839586734772 1108.0  738533.6724345348
-0.6270437836647034 -0.06646640598773956 87.4805908203125 0.6912105083465576 -0.18982340395450592 1092.0  738533.6724346394
-0.624859094619751 -0.059628672897815704 88.11507415771484 0.6934388875961304 -0.19389188289642334 1130.0  738533.6724347677
-0.6227100491523743 -0.052747953683137894 88.79592895507812 0.6951557993888855 -0.19800753891468048 1218.0  738533.6724348728
-0.6206021904945374 -0.04582740366458893 89.5175552368164 0.6964300870895386 -0.20210136473178864 1378.0  738533.6724350019
-0.6185409426689148 -0.038869790732860565 90.2585220336914 0.6974048614501953 -0.2059781551361084 1351.0  738533.672435115
-0.6165314316749573 -0.03187693655490875 91.01274871826172 0.6982452869415283 -0.2096017599105835 1352.0  738533.6724352171
-0.6145784854888916 -0.024849476292729378 91.78118133544922 0.6990665197372437 -0.2130812108516693 1391.0  738533.6724353436
-0.6126852631568909 -0.017787527292966843 92.57581329345703 0.6999407410621643 -0.21661679446697235 1469.0  738533.6724354549
-0.6108559966087341 -0.010689368471503258 93.40341186523438 0.700920045375824 -0.22033731639385223 1559.0  738533.6724355698
-0.6090947985649109 -0.0035524587146937847 94.22644805908203 0.7021884918212891 -0.22384558618068695 1505.0  738533.6724356867
-0.602448046207428 0.0011764488881453872 95.08319091796875 0.674729585647583 -0.27474212646484375 1569.0  738533.6724358012
-0.6003389358520508 0.00815475545823574 95.97843933105469 0.6755578517913818 -0.2784137427806854 1622.0  738533.6724359107
-0.5983052849769592 0.015178524889051914 96.87507629394531 0.6766351461410522 -0.28198203444480896 1656.0  738533.6724360278
-0.5963490605354309 0.022249216213822365 97.781005859375 0.6778985261917114 -0.2855147123336792 1667.0  738533.672436138
-0.5942891240119934 0.030082127079367638 98.81196594238281 0.6792917251586914 -0.28961363434791565 1772.0  738533.672436266
-0.5925034880638123 0.03725350275635719 99.76290893554688 0.6806133389472961 -0.29323965311050415 1713.0  738533.6724363804
-0.59080570936203 0.04447336122393608 100.72410583496094 0.6819428205490112 -0.29668018221855164 1679.0  738533.6724364967
-0.5891994833946228 0.05174029618501663 101.71338653564453 0.6831644177436829 -0.30007922649383545 1856.0  738533.6724366145
-0.5876885056495667 0.059052128344774246 102.74404907226562 0.684158205986023 -0.3035074770450592 1924.0  738533.672436734
-0.5829554200172424 0.06297088414430618 103.77493286132812 0.633491039276123 -0.3365808129310608 1842.0  738533.6724368387
-0.5812453031539917 0.06994076818227768 104.82467651367188 0.6337816715240479 -0.338362455368042 1870.0  738533.6724369519
-0.5796507000923157 0.07694881409406662 105.89317321777344 0.6339927911758423 -0.33987322449684143 1863.0  738533.6724370741
-0.5781773924827576 0.08399219810962677 106.95501708984375 0.634265661239624 -0.3409353196620941 1837.0  738533.67243719
-0.5768291354179382 0.09106797724962234 108.0317153930664 0.6345635652542114 -0.34180930256843567 1977.0  738533.6724373123
-0.5756102800369263 0.09817403554916382 109.14665985107422 0.6347748041152954 -0.34280925989151 2005.0  738533.6724374284
-0.5745246410369873 0.10530854761600494 110.26344299316406 0.6351685523986816 -0.34360870718955994 1975.0  738533.672437533
-0.5735753178596497 0.11247018724679947 111.38407897949219 0.6358076930046082 -0.34423044323921204 1950.0  738533.6724376563
-0.5727666616439819 0.11965838074684143 112.50406646728516 0.6367659568786621 -0.3446982502937317 1964.0  738533.6724377691
-0.5721004605293274 0.12687256932258606 113.64962005615234 0.637925386428833 -0.34532225131988525 1985.0  738533.672437875
-0.5715803503990173 0.13411280512809753 114.80741119384766 0.6393867135047913 -0.34597837924957275 1968.0  738533.672437995
-0.5654984712600708 0.1412089616060257 115.96026611328125 0.6158347129821777 -0.39459139108657837 2067.0  738533.6724381244
-0.5647310614585876 0.14848551154136658 117.14190673828125 0.6169114708900452 -0.39479222893714905 2083.0  738533.6724382384
-0.5641201138496399 0.1557876616716385 118.33000183105469 0.6182748675346375 -0.39494115114212036 2043.0  738533.6724383439
-0.5636669397354126 0.1631140261888504 119.52215576171875 0.6198889017105103 -0.3950449526309967 2043.0  738533.6724384626
-0.5633734464645386 0.17046289145946503 120.73197174072266 0.6216360926628113 -0.39518922567367554 2115.0  738533.672438577
-0.563244104385376 0.17783205211162567 121.95816040039062 0.6234357357025146 -0.39535999298095703 2116.0  738533.6724386916
-0.5632822513580322 0.18521839380264282 123.17359924316406 0.6254743337631226 -0.39522191882133484 2127.0  738533.6724388158
-0.5634907484054565 0.19261829555034637 124.40369415283203 0.627570629119873 -0.39499473571777344 2240.0  738533.6724389244
-0.5638746023178101 0.2000277191400528 125.6494369506836 0.6296865344047546 -0.39466536045074463 2227.0  738533.6724390395
-0.5614100694656372 0.21413679420948029 126.8975601196289 0.6753575205802917 -0.47593384981155396 2098.0  738533.6724391544
-0.5617712140083313 0.22239261865615845 128.13287353515625 0.6759905815124512 -0.47588348388671875 2098.0  738533.6724392709
-0.5623164176940918 0.23064297437667847 129.37374877929688 0.6766495704650879 -0.4756231904029846 2130.0  738533.6724393854
-0.563051164150238 0.2388824224472046 130.6345977783203 0.6772282123565674 -0.47535228729248047 2099.0  738533.6724395008
-0.5639781355857849 0.24710556864738464 131.87625122070312 0.678041398525238 -0.4746462404727936 2083.0  738533.6724396155
-0.5650960206985474 0.2553074359893799 133.12417602539062 0.6788885593414307 -0.47380176186561584 2120.0  738533.6724397284
-0.5664075613021851 0.26348260045051575 134.3913116455078 0.6796983480453491 -0.47289884090423584 2086.0  738533.672439856
-0.5679192543029785 0.27162444591522217 135.6395721435547 0.6807029247283936 -0.47156885266304016 2061.0  738533.6724399717
-0.5696274638175964 0.27972787618637085 136.8984832763672 0.6817204356193542 -0.47014009952545166 2076.0  738533.6724400788
-0.5715311169624329 0.28778761625289917 138.167236328125 0.6827267408370972 -0.4685462415218353 2148.0  738533.6724401929
-0.5736351609230042 0.29579639434814453 139.45021057128906 0.6836788058280945 -0.4668996334075928 2181.0  738533.6724403248
-0.5703712105751038 0.286273330450058 140.73114013671875 0.5322049856185913 -0.3673219382762909 2146.0  738533.672440431
-0.5723211169242859 0.29243817925453186 141.9987030029297 0.5355790257453918 -0.3618587255477905 2154.0  738533.672440538
-0.5744633674621582 0.2985362410545349 143.28884887695312 0.5389350056648254 -0.35648292303085327 2211.0  738533.6724406722
-0.5767975449562073 0.3045617938041687 144.57545471191406 0.542376697063446 -0.35104915499687195 2149.0  738533.6724407743
-0.5793282985687256 0.3105073571205139 145.8574676513672 0.5459494590759277 -0.34564030170440674 2145.0  738533.672440891
-0.5820549726486206 0.3163679540157318 147.1277618408203 0.5497074723243713 -0.34029990434646606 2164.0  738533.6724410092
-0.5849700570106506 0.3221428394317627 148.4041748046875 0.5535569190979004 -0.3353741466999054 2214.0  738533.6724411256
-0.5880736708641052 0.327829509973526 149.68038940429688 0.5576784610748291 -0.33086124062538147 2235.0  738533.6724412309
-0.5913689732551575 0.33342549204826355 150.93389892578125 0.5622450709342957 -0.3266397714614868 2307.0  738533.6724413615
-0.5919718742370605 0.34671515226364136 152.1920928955078 0.5811125636100769 -0.42431414127349854 2232.0  738533.6724414672
-0.5952742099761963 0.3531130850315094 153.45230102539062 0.5843111276626587 -0.4216519296169281 2226.0  738533.6724415839
-0.5987569689750671 0.35942965745925903 154.71417236328125 0.5879935026168823 -0.41955241560935974 2226.0  738533.672441693
-0.6028039455413818 0.3662836253643036 156.10350036621094 0.5925655961036682 -0.41785627603530884 2319.0  738533.6724418204
-0.6066816449165344 0.3724295496940613 157.39349365234375 0.5970890522003174 -0.41711071133613586 2259.0  738533.6724419426
-0.6107469201087952 0.3784967064857483 158.68389892578125 0.6020121574401855 -0.41673094034194946 2218.0  738533.6724420469
-0.6150006055831909 0.3844842314720154 159.97262573242188 0.6073326468467712 -0.41660597920417786 2225.0  738533.6724421579
-0.6194416284561157 0.3903902769088745 161.2718963623047 0.612877607345581 -0.41666898131370544 2241.0  738533.6724422886
