-0.2569172978401184 -1.5921189785003662 0.005937010049819946 -0.001815475639887154 0.00020266420324333012 0.0004812674305867404  738510.6339374977
-0.2569355368614197 -1.5921177864074707 0.005941334646195173 -0.0018179406179115176 0.00019956294272560626 0.0003839926503133029  738510.6339376187
-0.2569538652896881 -1.5921164751052856 0.005945361685007811 -0.001832544687204063 0.000211701903026551 0.0004218249232508242  738510.6339377323
-0.2569722831249237 -1.592115044593811 0.005948592908680439 -0.0018369118915870786 0.0002261841727886349 0.00022474596335086972  738510.6339378448
-0.25699079036712646 -1.5921134948730469 0.005950627848505974 -0.0018478425918146968 0.00023818954650778323 0.0001826126390369609  738510.6339379644
-0.257009357213974 -1.5921118259429932 0.005953630898147821 -0.0018501298036426306 0.0002569817297626287 0.00041814157157205045  738510.6339380755
-0.2570279538631439 -1.5921099185943604 0.0059575969353318214 -0.0018519776640459895 0.0002741779899224639 0.0003750450268853456  738510.6339381959
-0.25704655051231384 -1.592107892036438 0.005963809322565794 -0.0018472291994839907 0.0002851690223906189 0.0008671219111420214  738510.6339383103
-0.2570650577545166 -1.5921058654785156 0.005974475294351578 -0.0018328010337427258 0.00028337110416032374 0.0012654144084081054  738510.6339384353
-0.25708338618278503 -1.5921038389205933 0.005990029312670231 -0.0018115317216143012 0.00027693016454577446 0.0018442639848217368  738510.6339385468
-0.2568097412586212 -1.5920886993408203 0.006082480773329735 -0.0017460377421230078 0.0002557111147325486 0.0026322193443775177  738510.6339386486
-0.25682714581489563 -1.5920870304107666 0.006119991187006235 -0.0017184093594551086 0.00023438618518412113 0.0048684426583349705  738510.6339387732
-0.2568441927433014 -1.592085599899292 0.006151928566396236 -0.0016755012329667807 0.0001924222451634705 0.0015178435714915395  738510.6339388957
-0.2568609118461609 -1.5920844078063965 0.006164073944091797 -0.0016558078350499272 0.0001831491244956851 0.0009103508782573044  738510.6339389989
-0.2568773925304413 -1.59208345413208 0.006197655573487282 -0.0016313450178131461 0.0001462901127524674 0.005805157124996185  738510.6339391245
-0.25689366459846497 -1.5920829772949219 0.006264209747314453 -0.0016209534369409084 0.00010125954577233642 0.007504371926188469  738510.6339392379
-0.2569095492362976 -1.5920830965042114 0.006356148514896631 -0.0015625420492142439 1.940560650837142e-05 0.01088180486112833  738510.6339393654
-0.25692489743232727 -1.5920835733413696 0.006484719924628735 -0.0015387235907837749 5.007000072509982e-05 0.01482854038476944  738510.6339394635
-0.2569389343261719 -1.5920850038528442 0.006612627767026424 -0.001328677637502551 -0.00017367457621730864 0.01074778288602829  738510.6339395676
-0.25695106387138367 -1.5920875072479248 0.006685586646199226 -0.0011247710790485144 -0.00023439052165485919 0.0038419507909566164  738510.6339396907
-0.2569623291492462 -1.5920894145965576 0.006725993938744068 -0.0011430401355028152 -5.653771586366929e-05 0.004240183159708977  738510.6339398053
-0.2564615309238434 -1.5935372114181519 0.006107288412749767 0.002331028925254941 -0.011763452552258968 0.002331903437152505  738510.6339399229
-0.25643229484558105 -1.593654751777649 0.006140658166259527 0.002385691273957491 -0.011979417875409126 0.004362401552498341  738510.6339400451
-0.2564018666744232 -1.5937727689743042 0.006189464125782251 0.0025333105586469173 -0.011901150457561016 0.005369883496314287  738510.6339401539
-0.2563689649105072 -1.5938888788223267 0.0062719122506678104 0.002846925752237439 -0.011658216826617718 0.01106877438724041  738510.63394028
-0.2563316822052002 -1.5940014123916626 0.006423546466976404 0.0033352840691804886 -0.011290891095995903 0.019214436411857605  738510.6339403959
-0.2562887668609619 -1.594110131263733 0.0066713131964206696 0.003896970534697175 -0.01097054686397314 0.03032292239367962  738510.6339404985
-0.2562403976917267 -1.594215989112854 0.007051538676023483 0.004392093047499657 -0.010731253772974014 0.04573776572942734  738510.6339406271
-0.25618791580200195 -1.5943210124969482 0.007595373783260584 0.004768989514559507 -0.010604554787278175 0.06308940798044205  738510.6339407314
-0.2561330795288086 -1.5944286584854126 0.008329364471137524 0.005051544867455959 -0.010693029500544071 0.083827905356884  738510.6339408456
-0.25625887513160706 -1.5964782238006592 0.009795526042580605 0.001953389262780547 -0.03309616446495056 0.10987164825201035  738510.6339409619
-0.25622764229774475 -1.5968235731124878 0.010974162258207798 0.001799964695237577 -0.03380130976438522 0.1265385001897812  738510.6339410772
-0.25620177388191223 -1.5971812009811401 0.012306597083806992 0.0014167346525937319 -0.034941449761390686 0.14071066677570343  738510.6339412042
-0.2561834454536438 -1.5975518226623535 0.013793460093438625 0.0007323164609260857 -0.03623461350798607 0.1573929786682129  738510.6339413229
-0.2561735510826111 -1.5979729890823364 0.015599021688103676 -0.00025351281510666013 -0.03771265596151352 0.1714945137500763  738510.6339414262
-0.2561742067337036 -1.598365306854248 0.017387254163622856 -0.0012651022989302874 -0.03871026635169983 0.18658936023712158  738510.6339415448
-0.25618359446525574 -1.5987638235092163 0.01933049038052559 -0.002205698983743787 -0.03963496536016464 0.20232130587100983  738510.6339416659
-0.25620076060295105 -1.599165678024292 0.021416908130049706 -0.0028940835036337376 -0.040312089025974274 0.21502244472503662  738510.6339417745
-0.25622549653053284 -1.5995677709579468 0.023645009845495224 -0.003475224133580923 -0.04077607020735741 0.2304554134607315  738510.6339418888
-0.25625836849212646 -1.599967122077942 0.02602420561015606 -0.004149902146309614 -0.04082730785012245 0.24507218599319458  738510.6339420081
-0.2562998831272125 -1.6003613471984863 0.028552915900945663 -0.0046113356947898865 -0.040467165410518646 0.26027387380599976  738510.6339421219
-0.25691336393356323 -1.6026238203048706 0.030849721282720566 -0.011284143663942814 -0.05619664117693901 0.27295055985450745  738510.6339422432
-0.25702545046806335 -1.6031712293624878 0.0336482934653759 -0.012373292818665504 -0.055193185806274414 0.2863400876522064  738510.6339423507
-0.25714823603630066 -1.6037126779556274 0.0365738682448864 -0.013507133349776268 -0.05426572635769844 0.2985031306743622  738510.6339424823
-0.25728103518486023 -1.6042495965957642 0.03962382674217224 -0.014364541508257389 -0.05385356396436691 0.311298668384552  738510.6339425866
-0.2574235200881958 -1.6047824621200562 0.042784884572029114 -0.01564180664718151 -0.053536489605903625 0.32070425152778625  738510.6339426998
-0.25757482647895813 -1.6053110361099243 0.046039268374443054 -0.016398802399635315 -0.05347593501210213 0.329874187707901  738510.6339428251
-0.2577345073223114 -1.6058343648910522 0.04938653111457825 -0.01723298244178295 -0.05363111570477486 0.33910688757896423  738510.6339429318
-0.2579025626182556 -1.6063504219055176 0.052824802696704865 -0.018223686143755913 -0.053421881049871445 0.3478669226169586  738510.6339430715
-0.25807857513427734 -1.606857180595398 0.05635135993361473 -0.018961463123559952 -0.05295219272375107 0.356600821018219  738510.6339431605
-0.2587786316871643 -1.6097110509872437 0.06039068475365639 -0.026863470673561096 -0.0784832090139389 0.36815962195396423  738510.6339432775
-0.2590278089046478 -1.610457420349121 0.06412825733423233 -0.027643881738185883 -0.07792410999536514 0.3775646686553955  738510.6339433934
-0.2592852711677551 -1.6111884117126465 0.067970409989357 -0.02834106609225273 -0.07697895914316177 0.38884246349334717  738510.6339435239
-0.2595509886741638 -1.611902117729187 0.07192780077457428 -0.029041705653071404 -0.07599859684705734 0.40041980147361755  738510.6339436286
-0.2598247528076172 -1.612596869468689 0.07598500698804855 -0.02981678396463394 -0.074717678129673 0.4086286723613739  738510.6339437485
-0.2601061463356018 -1.6132713556289673 0.08012793958187103 -0.030348865315318108 -0.07325616478919983 0.41744762659072876  738510.6339438607
-0.2603951692581177 -1.6139240264892578 0.08436606824398041 -0.03115065209567547 -0.07188741862773895 0.42753666639328003  738510.6339439881
-0.26069173216819763 -1.6145529747009277 0.08871332556009293 -0.03200846165418625 -0.07009382545948029 0.4391441345214844  738510.6339440811
-0.2609952688217163 -1.6151562929153442 0.09318313002586365 -0.032756708562374115 -0.06809058040380478 0.45199090242385864  738510.6339441916
-0.2613050639629364 -1.6157331466674805 0.0977684035897255 -0.03355871140956879 -0.0663839653134346 0.4621506333351135  738510.6339443228
-0.26162034273147583 -1.6162824630737305 0.10245645046234131 -0.03455536812543869 -0.06459570676088333 0.47238388657569885  738510.6339444339
-0.26193735003471375 -1.6187690496444702 0.10747259855270386 -0.03660816699266434 -0.08068808913230896 0.48246341943740845  738510.6339445659
-0.2622596025466919 -1.6194361448287964 0.11237383633852005 -0.03714301064610481 -0.07862279564142227 0.4932470917701721  738510.6339446648
-0.26258373260498047 -1.620069146156311 0.11737576127052307 -0.03788058087229729 -0.07614380866289139 0.5024499893188477  738510.6339447914
-0.2629084885120392 -1.6206666231155396 0.12246651947498322 -0.038235656917095184 -0.07344673573970795 0.5109381079673767  738510.6339448965
-0.26323264837265015 -1.6212271451950073 0.1276450753211975 -0.03814568370580673 -0.07056338340044022 0.5200259685516357  738510.6339450126
-0.2635557949542999 -1.6217492818832397 0.13291114568710327 -0.03835597261786461 -0.06668944656848907 0.5286159515380859  738510.6339451249
-0.263877809047699 -1.622233271598816 0.13824446499347687 -0.03876210376620293 -0.06311000138521194 0.533690333366394  738510.6339452444
-0.2641984820365906 -1.6226799488067627 0.14361803233623505 -0.03913472592830658 -0.05941832810640335 0.5368350744247437  738510.6339453544
-0.2645178735256195 -1.6230894327163696 0.1490095555782318 -0.03936893492937088 -0.0553169846534729 0.5375033020973206  738510.6339454869
-0.26502174139022827 -1.625506043434143 0.15399834513664246 -0.04472542926669121 -0.07325635105371475 0.531529426574707  738510.6339455986
-0.2653605043888092 -1.6260688304901123 0.15932519733905792 -0.045436277985572815 -0.06852149218320847 0.5286853909492493  738510.6339457218
-0.26569974422454834 -1.626595139503479 0.1646244078874588 -0.045834481716156006 -0.06380639970302582 0.5263555645942688  738510.6339458216
-0.2660405933856964 -1.6270848512649536 0.16989554464817047 -0.045998550951480865 -0.05854831263422966 0.5235232710838318  738510.6339459415
-0.26638489961624146 -1.6275385618209839 0.17513346672058105 -0.04634030908346176 -0.05262734368443489 0.5202879905700684  738510.6339460452
-0.2667344808578491 -1.6279577016830444 0.18033331632614136 -0.046551112085580826 -0.04688667133450508 0.5165070295333862  738510.6339461732
-0.2670908570289612 -1.6283448934555054 0.18547533452510834 -0.04685638099908829 -0.040791746228933334 0.5093098878860474  738510.6339462905
-0.267455518245697 -1.6287026405334473 0.1905449777841568 -0.046549174934625626 -0.034494638442993164 0.5026791095733643  738510.6339463992
-0.2678302526473999 -1.6290332078933716 0.19555357098579407 -0.04639025777578354 -0.028034312650561333 0.4977763891220093  738510.6339465111
-0.2682155966758728 -1.6308705806732178 0.2016059309244156 -0.05296257510781288 -0.0369880311191082 0.5046694278717041  738510.633946626
-0.2686155140399933 -1.6313230991363525 0.20662227272987366 -0.053287457674741745 -0.030147355049848557 0.4980173110961914  738510.6339467508
-0.26902976632118225 -1.6317613124847412 0.21157561242580414 -0.053895190358161926 -0.023723524063825607 0.49274638295173645  738510.6339468672
-0.26945868134498596 -1.6321903467178345 0.21646735072135925 -0.054626982659101486 -0.017585787922143936 0.48625192046165466  738510.6339469887
-0.2699466943740845 -1.632657527923584 0.22175630927085876 -0.05574001371860504 -0.011743768118321896 0.47645530104637146  738510.6339471054
-0.27040427923202515 -1.633082628250122 0.2264770269393921 -0.05735091120004654 -0.006944472435861826 0.46900567412376404  738510.6339472105
-0.2708735466003418 -1.6335117816925049 0.23112468421459198 -0.05971137806773186 -0.0030897108372300863 0.4618127644062042  738510.6339473303
-0.2713521718978882 -1.6339467763900757 0.2357170283794403 -0.06229342520236969 0.00025229796301573515 0.45766493678092957  738510.6339474557
-0.2718372046947479 -1.6343872547149658 0.24025887250900269 -0.06504879146814346 0.0030766436830163 0.4512319266796112  738510.633947566
-0.2723255455493927 -1.6348309516906738 0.2447354793548584 -0.06792473793029785 0.005254114046692848 0.4439115524291992  738510.6339476792
-0.27281424403190613 -1.635273814201355 0.2491396814584732 -0.07066666334867477 0.007100547198206186 0.4358251094818115  738510.6339477955
-0.2714516222476959 -1.6376934051513672 0.25222131609916687 -0.07708743214607239 -0.015802379697561264 0.4164722263813019  738510.6339479059
-0.2717592120170593 -1.6383013725280762 0.25637286901474 -0.07913757115602493 -0.013450957834720612 0.4098069667816162  738510.6339480242
-0.27206066250801086 -1.6388853788375854 0.2604755759239197 -0.0798887088894844 -0.010718916542828083 0.40548062324523926  738510.6339481325
-0.272355318069458 -1.6394360065460205 0.26454681158065796 -0.0793108269572258 -0.008190346881747246 0.4025323688983917  738510.633948257
-0.27264371514320374 -1.6399444341659546 0.2685902714729309 -0.07777944207191467 -0.004999900236725807 0.39921051263809204  738510.6339483649
-0.27292731404304504 -1.6404036283493042 0.2725917398929596 -0.07481291145086288 -0.001411222037859261 0.39375126361846924  738510.6339484839
-0.27320754528045654 -1.6408082246780396 0.27653032541275024 -0.07047824561595917 0.0027143661864101887 0.3866845965385437  738510.6339485962
-0.27348563075065613 -1.6411536931991577 0.2803982198238373 -0.06524616479873657 0.007033995818346739 0.37998470664024353  738510.6339487236
-0.2737620770931244 -1.641435146331787 0.28421324491500854 -0.0589856319129467 0.01140153594315052 0.37674370408058167  738510.6339488318
-0.2729591429233551 -1.6420327425003052 0.2933652997016907 -0.056753017008304596 0.002322883578017354 0.43675294518470764  738510.6339489484
-0.27311182022094727 -1.6422159671783447 0.29776182770729065 -0.04964183643460274 0.006700841709971428 0.4373563826084137  738510.6339490633
-0.27325981855392456 -1.6423288583755493 0.30215197801589966 -0.04187124967575073 0.010443266481161118 0.4365324079990387  738510.6339491765
-0.2734009623527527 -1.6423728466033936 0.30653026700019836 -0.034125033766031265 0.013524377718567848 0.43600669503211975  738510.6339492953
-0.2735327482223511 -1.6423498392105103 0.3108924329280853 -0.026282623410224915 0.015665164217352867 0.4342655539512634  738510.6339494042
-0.2736527919769287 -1.6422619819641113 0.31522825360298157 -0.018558429554104805 0.017284272238612175 0.4316338002681732  738510.6339495289
-0.2737586200237274 -1.6421113014221191 0.3195304572582245 -0.011073168367147446 0.017674656584858894 0.42838168144226074  738510.6339496337
-0.27384769916534424 -1.6418988704681396 0.32380253076553345 -0.003670629346743226 0.01711910590529442 0.42644384503364563  738510.6339497492
-0.2739184498786926 -1.6416256427764893 0.3280459940433502 0.0036309121642261744 0.015952100977301598 0.42348745465278625  738510.6339498739
-0.27397000789642334 -1.6412932872772217 0.33225369453430176 0.010602765716612339 0.014119486324489117 0.42008909583091736  738510.6339499904
-0.27400174736976624 -1.640903353691101 0.33642157912254333 0.01712898351252079 0.011523457244038582 0.4163084030151367  738510.633950094
-0.2711164057254791 -1.6426818370819092 0.33010512590408325 0.00817384198307991 -0.020203597843647003 0.31300124526023865  738510.6339502208
-0.27084067463874817 -1.6423877477645874 0.3331875503063202 0.013693888671696186 -0.022952022030949593 0.30685168504714966  738510.6339503246
-0.2705473303794861 -1.6420397758483887 0.3362088203430176 0.01912180706858635 -0.02596174366772175 0.3013787865638733  738510.6339504407
-0.2702377438545227 -1.6416385173797607 0.33917295932769775 0.024316370487213135 -0.02907327190041542 0.29595279693603516  738510.6339505689
-0.2699139416217804 -1.6411852836608887 0.34207430481910706 0.029464298859238625 -0.032192111015319824 0.2892672121524811  738510.6339506843
-0.2695782482624054 -1.6406810283660889 0.3449121117591858 0.034419164061546326 -0.035247839987277985 0.28359925746917725  738510.6339508019
-0.2692330777645111 -1.6401257514953613 0.347707599401474 0.039232030510902405 -0.03814680129289627 0.28109851479530334  738510.6339509162
-0.26888126134872437 -1.639519453048706 0.350483775138855 0.043989237397909164 -0.040786534547805786 0.2799643278121948  738510.6339510308
-0.2685258984565735 -1.6388628482818604 0.35324737429618835 0.04863981157541275 -0.043146904557943344 0.27876022458076477  738510.633951144
-0.2666814625263214 -1.6395094394683838 0.3614368736743927 0.03181418031454086 -0.05964221432805061 0.339754581451416  738510.6339512613
-0.2661530077457428 -1.6389153003692627 0.3648001551628113 0.03636565059423447 -0.06126070395112038 0.33736515045166016  738510.6339513764
-0.26562899351119995 -1.6382752656936646 0.36814165115356445 0.04086536914110184 -0.0625472217798233 0.335465669631958  738510.6339514953
-0.2651114761829376 -1.6375902891159058 0.37147361040115356 0.04531320929527283 -0.06353918462991714 0.3355262577533722  738510.633951609
-0.26460209488868713 -1.636861801147461 0.3748019337654114 0.04961166903376579 -0.06444116681814194 0.33479467034339905  738510.6339517212
-0.26410210132598877 -1.636091947555542 0.37811100482940674 0.05388771370053291 -0.06506621837615967 0.33170345425605774  738510.6339518391
-0.26361268758773804 -1.6352825164794922 0.38139593601226807 0.05817897617816925 -0.06554068624973297 0.32996270060539246  738510.6339519481
-0.26313507556915283 -1.6344349384307861 0.384664922952652 0.062267426401376724 -0.06575707346200943 0.328498899936676  738510.6339520694
-0.26267004013061523 -1.633551001548767 0.3879131078720093 0.0662718117237091 -0.06592470407485962 0.3257773518562317  738510.6339521843
-0.2622182369232178 -1.6326324939727783 0.39113470911979675 0.07019522041082382 -0.0659613236784935 0.32310083508491516  738510.6339523067
-0.26178044080734253 -1.631681203842163 0.39432668685913086 0.07394193112850189 -0.0658474788069725 0.31975677609443665  738510.6339524193
-0.25902092456817627 -1.6316676139831543 0.3950279653072357 0.06409205496311188 -0.08558447659015656 0.28960320353507996  738510.6339525286
-0.25838395953178406 -1.630751371383667 0.397887259721756 0.06755831837654114 -0.0851958766579628 0.2851422131061554  738510.6339526516
-0.25776299834251404 -1.6298075914382935 0.4006975591182709 0.07091160118579865 -0.08472040295600891 0.27958911657333374  738510.6339527572
-0.25709930062294006 -1.6287399530410767 0.4037133753299713 0.07450041174888611 -0.0840572938323021 0.2711184620857239  738510.6339528832
-0.2565148174762726 -1.627744197845459 0.40639036893844604 0.0776493102312088 -0.08322688937187195 0.2663285434246063  738510.6339529966
-0.25595012307167053 -1.6267257928848267 0.4090215563774109 0.08065862953662872 -0.08225058019161224 0.26161447167396545  738510.6339531149
-0.2554064691066742 -1.6256866455078125 0.4116012156009674 0.08358057588338852 -0.08107219636440277 0.25564539432525635  738510.6339532189
-0.2548852264881134 -1.6246285438537598 0.41412195563316345 0.08631259948015213 -0.07964393496513367 0.24945828318595886  738510.6339533374
-0.2548852264881134 -1.6246285438537598 0.4165918827056885 0.08894096314907074 -0.07791700214147568 0.24515165388584137  738510.6339534603
-0.2543882727622986 -1.623552918434143 0.4165918827056885 0.08894096314907074 -0.07791700214147568 0.24515165388584137  738510.6339535695
-0.25177428126335144 -1.6236138343811035 0.41897886991500854 0.07282400131225586 -0.09707668423652649 0.23905004560947418  738510.6339536834
-0.25108224153518677 -1.6226414442062378 0.4213431179523468 0.07529035955667496 -0.09486938267946243 0.23189355432987213  738510.6339537972
-0.25041863322257996 -1.6216562986373901 0.4236445426940918 0.07765576988458633 -0.09237662702798843 0.22619350254535675  738510.6339539126
-0.24978502094745636 -1.6206599473953247 0.42589518427848816 0.0798383429646492 -0.0896712988615036 0.22151757776737213  738510.6339540405
-0.24918243288993835 -1.6196537017822266 0.428097665309906 0.08182007074356079 -0.08684264123439789 0.21639879047870636  738510.6339541433
-0.24861183762550354 -1.6186388731002808 0.43025392293930054 0.08375996351242065 -0.08384722471237183 0.21214231848716736  738510.633954269
-0.2480742186307907 -1.6176165342330933 0.43236491084098816 0.08558773994445801 -0.08063969761133194 0.20724132657051086  738510.6339543848
-0.2475702166557312 -1.6165879964828491 0.4344286322593689 0.08729737997055054 -0.07739103585481644 0.20260684192180634  738510.633954502
-0.24710068106651306 -1.6155543327331543 0.43644848465919495 0.08889573812484741 -0.07406041026115417 0.19835878908634186  738510.6339546188
-0.24666695296764374 -1.6145166158676147 0.4384338855743408 0.09034401923418045 -0.07046549767255783 0.19566886126995087  738510.6339547272
-0.2436436116695404 -1.6133009195327759 0.4427711069583893 0.08732432872056961 -0.09552421420812607 0.21686196327209473  738510.6339548494
-0.24300381541252136 -1.6122398376464844 0.444939523935318 0.0887078046798706 -0.09172875434160233 0.2114359438419342  738510.6339549621
-0.24240154027938843 -1.6111782789230347 0.44706279039382935 0.08997126668691635 -0.08777879923582077 0.20781634747982025  738510.6339550761
-0.241837739944458 -1.6101173162460327 0.44915446639060974 0.09112922847270966 -0.08379895985126495 0.2051120102405548  738510.6339551941
-0.24131213128566742 -1.6090582609176636 0.4512016177177429 0.09216416627168655 -0.07974256575107574 0.19887492060661316  738510.6339553064
-0.24082450568675995 -1.6080025434494019 0.45319318771362305 0.09305696189403534 -0.07566037774085999 0.19392845034599304  738510.6339554162
-0.24037504196166992 -1.6069514751434326 0.4551253616809845 0.09380694478750229 -0.07152654230594635 0.18688572943210602  738510.6339555341
-0.2399643212556839 -1.6059068441390991 0.4570019245147705 0.09427709132432938 -0.0672001764178276 0.18275947868824005  738510.6339556513
-0.2395932823419571 -1.6048704385757446 0.45883670449256897 0.0946342796087265 -0.06296457350254059 0.1784927099943161  738510.6339557689
-0.23926226794719696 -1.6038436889648438 0.4606281518936157 0.09471987932920456 -0.05850872024893761 0.17408683896064758  738510.6339558831
-0.23807550966739655 -1.6057859659194946 0.4586586058139801 0.05794116482138634 -0.05566219240427017 0.12529593706130981  738510.6339560036
-0.23771929740905762 -1.6051338911056519 0.45991045236587524 0.05765428766608238 -0.05103493854403496 0.11970232427120209  738510.63395612
-0.23740433156490326 -1.6044954061508179 0.4611084461212158 0.057273685932159424 -0.046410463750362396 0.11477209627628326  738510.6339562322
-0.23713092505931854 -1.6038717031478882 0.46225565671920776 0.05665566027164459 -0.04161883518099785 0.10988350212574005  738510.633956339
-0.23689894378185272 -1.6032634973526 0.46335041522979736 0.05598033219575882 -0.036946170032024384 0.10466919094324112  738510.6339564656
-0.2367085963487625 -1.6026713848114014 0.464403361082077 0.05514543876051903 -0.032177701592445374 0.1019616425037384  738510.6339565775
-0.2365604043006897 -1.6020957231521606 0.46543174982070923 0.05433887988328934 -0.027520250529050827 0.10023752599954605  738510.6339566932
-0.2364545315504074 -1.6015366315841675 0.46645012497901917 0.053459253162145615 -0.02282797358930111 0.1004699319601059  738510.6339568107
-0.2363906055688858 -1.6009936332702637 0.4674651622772217 0.05263735353946686 -0.01831415295600891 0.10008285194635391  738510.6339569193
-0.23397916555404663 -1.5997833013534546 0.47162556648254395 0.055024098604917526 -0.04498760402202606 0.13460619747638702  738510.6339570459
-0.2337096482515335 -1.599187970161438 0.472985178232193 0.054363325238227844 -0.040579654276371 0.13323889672756195  738510.6339571568
-0.23347873985767365 -1.598605990409851 0.47432073950767517 0.053715337067842484 -0.03631391376256943 0.13027843832969666  738510.6339572757
-0.23328591883182526 -1.5980366468429565 0.4756380617618561 0.05317322164773941 -0.032096393406391144 0.13003391027450562  738510.6339573989
-0.23313097655773163 -1.5974797010421753 0.4769532382488251 0.0526326522231102 -0.028109319508075714 0.13022594153881073  738510.6339575144
-0.23301340639591217 -1.5969349145889282 0.4782666563987732 0.052121639251708984 -0.02411714196205139 0.13001789152622223  738510.6339576158
-0.23293325304985046 -1.5964021682739258 0.4795803129673004 0.05170534923672676 -0.02010219730436802 0.13056981563568115  738510.6339577407
-0.2328910231590271 -1.595881462097168 0.4809004068374634 0.05133509263396263 -0.015787500888109207 0.13157616555690765  738510.6339578473
-0.23288625478744507 -1.5953729152679443 0.4822116494178772 0.05089149251580238 -0.011378749273717403 0.12906473875045776  738510.6339579679
-0.23291842639446259 -1.5948768854141235 0.48350590467453003 0.050402168184518814 -0.006802408490329981 0.12843118607997894  738510.6339580778
-0.2329874038696289 -1.5943939685821533 0.4847899079322815 0.04973635450005531 -0.002107365056872368 0.12723571062088013  738510.633958205
-0.2305891066789627 -1.5949400663375854 0.4853423833847046 0.03552726283669472 -0.02174016833305359 0.11601656675338745  738510.6339583143
-0.23046746850013733 -1.594590425491333 0.48649048805236816 0.03487679734826088 -0.017295153811573982 0.11143570393323898  738510.6339584251
-0.23037713766098022 -1.5942559242248535 0.4875882863998413 0.033967699855566025 -0.012972616590559483 0.10618092864751816  738510.6339585384
-0.23031091690063477 -1.5939068794250488 0.48872166872024536 0.032610539346933365 -0.008423303253948689 0.09816379845142365  738510.6339586622
-0.2302778661251068 -1.5936073064804077 0.48966389894485474 0.03106292150914669 -0.004601408261805773 0.08873150497674942  738510.6339587746
-0.23026736080646515 -1.5933257341384888 0.4905073046684265 0.0291492510586977 -0.0011234281118959188 0.07852944731712341  738510.6339588895
-0.23027655482292175 -1.5930637121200562 0.4912532866001129 0.026902878656983376 0.00190982804633677 0.0693652331829071  738510.633959012
-0.2303028106689453 -1.5928230285644531 0.4919329285621643 0.02438553050160408 0.004445214755833149 0.06537844240665436  738510.6339591263
-0.2303432673215866 -1.5926052331924438 0.4925774037837982 0.021660713478922844 0.006475682836025953 0.0624498687684536  738510.6339592366
-0.23039481043815613 -1.592410683631897 0.49317625164985657 0.018834756687283516 0.008047930896282196 0.05637163668870926  738510.6339593593
-0.23045463860034943 -1.5922390222549438 0.4937136173248291 0.01591561734676361 0.009112940169870853 0.05027078837156296  738510.6339594772
-0.22773106396198273 -1.593244194984436 0.49482953548431396 0.007577061653137207 -0.02133791521191597 0.050223708152770996  738510.6339595901
-0.22750858962535858 -1.5932374000549316 0.4952831566333771 0.005975345149636269 -0.02127460576593876 0.04038165882229805  738510.6339596957
-0.22728832066059113 -1.5932505130767822 0.4956381022930145 0.004632840398699045 -0.021474767476320267 0.03064054064452648  738510.6339598167
-0.22706900537014008 -1.593281626701355 0.4958887994289398 0.0035966269206255674 -0.021868491545319557 0.019638601690530777  738510.6339599211
-0.22684969007968903 -1.5933283567428589 0.49602004885673523 0.0029621312860399485 -0.022359078750014305 0.006807554047554731  738510.633960037
-0.22662962973117828 -1.5933877229690552 0.49602264165878296 0.002766714198514819 -0.022853292524814606 -0.006078063976019621  738510.6339601605
-0.2264081984758377 -1.5934569835662842 0.49592527747154236 0.0030607874505221844 -0.023262033239006996 -0.013201378285884857  738510.633960275
-0.22618483006954193 -1.593532681465149 0.4957628548145294 0.0038063866086304188 -0.023509668186306953 -0.019136616960167885  738510.6339604057
-0.2259591519832611 -1.5936107635498047 0.49553772807121277 0.004985452629625797 -0.023529822006821632 -0.02581106871366501  738510.6339605083
-0.2241942435503006 -1.5942857265472412 0.4958098232746124 0.010626896284520626 -0.04286476597189903 -0.02600346878170967  738510.6339606226
-0.2237769365310669 -1.594429850578308 0.49550941586494446 0.013331161811947823 -0.04207281395792961 -0.03421619534492493  738510.6339607412
-0.22335711121559143 -1.5945651531219482 0.4951353669166565 0.016230421140789986 -0.04085690528154373 -0.040865104645490646  738510.6339608558
-0.2229352742433548 -1.5946884155273438 0.4946877658367157 0.019202908501029015 -0.03920038416981697 -0.049056150019168854  738510.633960979
-0.22251230478286743 -1.5947970151901245 0.49416202306747437 0.022133290767669678 -0.037079669535160065 -0.056624073535203934  738510.6339610934
-0.22208954393863678 -1.5948888063430786 0.49355676770210266 0.024893885478377342 -0.03449340909719467 -0.06510310620069504  738510.6339611955
-0.2216688096523285 -1.5949618816375732 0.4928746223449707 0.027337005361914635 -0.031481385231018066 -0.07214947044849396  738510.6339613249
-0.22125257551670074 -1.5950144529342651 0.49213552474975586 0.02936466783285141 -0.02812361530959606 -0.07662466913461685  738510.6339614257
-0.22084349393844604 -1.595045804977417 0.49134260416030884 0.03089911863207817 -0.024496974423527718 -0.08304149657487869  738510.6339615405
-0.21904881298542023 -1.5964243412017822 0.4896143078804016 0.03584494814276695 -0.04398394376039505 -0.10095486044883728  738510.6339616611
-0.21849119663238525 -1.5965814590454102 0.4885824918746948 0.037051714956760406 -0.03995418921113014 -0.10800515860319138  738510.6339617713
-0.21794889867305756 -1.5967187881469727 0.48748716711997986 0.037619538605213165 -0.035918619483709335 -0.11377459019422531  738510.6339618951
-0.21742500364780426 -1.5968372821807861 0.4863446354866028 0.03763227164745331 -0.03197645768523216 -0.11750762909650803  738510.6339620013
-0.2169220894575119 -1.5969384908676147 0.48515740036964417 0.037066612392663956 -0.02817235328257084 -0.12273916602134705  738510.6339621214
-0.21644195914268494 -1.5970243215560913 0.483910471200943 0.03609764203429222 -0.024545053020119667 -0.12941622734069824  738510.6339622348
-0.21598663926124573 -1.5970960855484009 0.48260992765426636 0.034752532839775085 -0.021099377423524857 -0.1333688348531723  738510.6339623572
-0.21555772423744202 -1.5971548557281494 0.4812675416469574 0.03304393216967583 -0.017817268148064613 -0.1376868486404419  738510.6339624721
-0.21515615284442902 -1.5972015857696533 0.4798736274242401 0.03108277916908264 -0.01470490638166666 -0.14354662597179413  738510.6339625907
-0.21478287875652313 -1.59723699092865 0.47842535376548767 0.028943734243512154 -0.01172720454633236 -0.14838622510433197  738510.6339627081
-0.21443893015384674 -1.5972613096237183 0.47693681716918945 0.026711681857705116 -0.008904611691832542 -0.1513875424861908  738510.6339628242
-0.21445542573928833 -1.5990310907363892 0.47790053486824036 0.016571803018450737 -0.023181820288300514 -0.1301029920578003  738510.6339629416
-0.2142036408185959 -1.5992149114608765 0.4765682518482208 0.014642823487520218 -0.020877281203866005 -0.13816405832767487  738510.6339630437
-0.21397921442985535 -1.599387764930725 0.4751591682434082 0.012708603404462337 -0.01868332363665104 -0.14523504674434662  738510.6339631712
-0.2137812376022339 -1.5995495319366455 0.4736729562282562 0.010810616426169872 -0.016620393842458725 -0.1533699631690979  738510.6339632818
-0.21360832452774048 -1.5997002124786377 0.47209593653678894 0.008992495946586132 -0.014658385887742043 -0.1631905734539032  738510.6339634003
-0.21345889568328857 -1.5998398065567017 0.4704136550426483 0.007179995533078909 -0.012844355776906013 -0.17423300445079803  738510.6339635159
-0.21333150565624237 -1.599968433380127 0.468615859746933 0.0054146237671375275 -0.011001876555383205 -0.18613417446613312  738510.6339636327
-0.213225319981575 -1.6000858545303345 0.46670660376548767 0.0037787840701639652 -0.009204341098666191 -0.19638031721115112  738510.6339637416
-0.21313968300819397 -1.600191354751587 0.4647035598754883 0.002302661770954728 -0.007422891445457935 -0.20475700497627258  738510.6339638619
-0.21139784157276154 -1.6015281677246094 0.4602906107902527 0.01905490644276142 -0.02326926402747631 -0.24149085581302643  738510.6339639734
-0.211140438914299 -1.601763367652893 0.4578508138656616 0.01789630576968193 -0.02122611738741398 -0.24802139401435852  738510.6339640882
-0.210877925157547 -1.602006196975708 0.4550985097885132 0.016547854989767075 -0.01904246211051941 -0.25381216406822205  738510.6339642076
-0.21065714955329895 -1.602211833000183 0.45253947377204895 0.015285460278391838 -0.017008835449814796 -0.2592925429344177  738510.6339643309
-0.2104528844356537 -1.6024025678634644 0.44993141293525696 0.013953924179077148 -0.015019546262919903 -0.2635103762149811  738510.633964459
-0.2102648913860321 -1.602577805519104 0.4472796320915222 0.01254231296479702 -0.013096736744046211 -0.26792848110198975  738510.6339645524
-0.2100929617881775 -1.602737307548523 0.4445808231830597 0.010985281318426132 -0.011204162612557411 -0.2728118598461151  738510.6339646742
-0.20993711054325104 -1.6028811931610107 0.44182857871055603 0.009298156015574932 -0.009201469831168652 -0.27851730585098267  738510.6339647898
-0.20979781448841095 -1.6030089855194092 0.4390266537666321 0.007562836166471243 -0.007180948741734028 -0.28264859318733215  738510.6339648998
-0.20967578887939453 -1.603119969367981 0.43618929386138916 0.005762755870819092 -0.005035355221480131 -0.28549492359161377  738510.6339650191
-0.2095714658498764 -1.6032134294509888 0.43332070112228394 0.003663107519969344 -0.0028019121382385492 -0.28877803683280945  738510.6339651357
-0.20999670028686523 -1.603743076324463 0.4325833022594452 -0.0029565372969955206 -0.005427278578281403 -0.2730470597743988  738510.6339652492
-0.2099800705909729 -1.6038453578948975 0.4298190772533417 -0.004884932655841112 -0.003065049648284912 -0.28006741404533386  738510.6339653725
-0.20998142659664154 -1.6039280891418457 0.4269804358482361 -0.006696779280900955 -0.0007103497046045959 -0.28777191042900085  738510.6339654807
-0.2100006639957428 -1.6039905548095703 0.42406511306762695 -0.008595741353929043 0.0015691261505708098 -0.2952406108379364  738510.6339655971
-0.21003741025924683 -1.6040325164794922 0.4210655391216278 -0.010246365331113338 0.0036804876290261745 -0.30445900559425354  738510.6339657091
-0.21009132266044617 -1.6040538549423218 0.41798266768455505 -0.011946885846555233 0.00583650404587388 -0.31175029277801514  738510.6339658252
-0.21016176044940948 -1.6040548086166382 0.4148193299770355 -0.013419514521956444 0.0077659254893660545 -0.32042035460472107  738510.6339659435
-0.2102479338645935 -1.60403573513031 0.41156843304634094 -0.014763085171580315 0.009626958519220352 -0.3291558027267456  738510.633966058
-0.21034887433052063 -1.6039972305297852 0.4082324206829071 -0.015935279428958893 0.01139168068766594 -0.3373580873012543  738510.6339661805
-0.2104635387659073 -1.6039398908615112 0.4048154056072235 -0.016999119892716408 0.013071553781628609 -0.3452909588813782  738510.633966299
-0.20990313589572906 -1.605145812034607 0.4036273956298828 -0.009075198322534561 -0.0007142793037928641 -0.3244028091430664  738510.6339664019
-0.20996148884296417 -1.605202555656433 0.40035155415534973 -0.00977843813598156 0.0009449517237953842 -0.33069494366645813  738510.6339665276
-0.21002990007400513 -1.605242371559143 0.3970077633857727 -0.01036220695823431 0.002583913505077362 -0.33793893456459045  738510.6339666428
-0.2101072072982788 -1.6052653789520264 0.3936147093772888 -0.010938826948404312 0.0045156460255384445 -0.34049272537231445  738510.633966751
-0.21019241213798523 -1.6052711009979248 0.3901948630809784 -0.011425383388996124 0.0065277316607534885 -0.34323620796203613  738510.6339668812
-0.21028439700603485 -1.6052591800689697 0.38672664761543274 -0.011925938539206982 0.008736912161111832 -0.3500961363315582  738510.6339669826
-0.21038225293159485 -1.605229377746582 0.38319194316864014 -0.012447833083570004 0.011061704717576504 -0.35644498467445374  738510.6339671005
-0.21048550307750702 -1.6051803827285767 0.37960299849510193 -0.012831201776862144 0.013480846770107746 -0.3608449697494507  738510.633967221
-0.21059362590312958 -1.6051111221313477 0.37596380710601807 -0.013223046436905861 0.01579991728067398 -0.366388738155365  738510.6339673286
-0.2107059806585312 -1.6050212383270264 0.3722614645957947 -0.013514859601855278 0.018087003380060196 -0.37338247895240784  738510.6339674435
-0.21082203090190887 -1.6049107313156128 0.36848586797714233 -0.013840977102518082 0.02011999301612377 -0.3809534013271332  738510.6339675589
-0.21043726801872253 -1.6057935953140259 0.3605456054210663 -0.00888427346944809 0.012914303690195084 -0.43042606115341187  738510.6339676772
-0.2105092704296112 -1.6057437658309937 0.3562032878398895 -0.009072460234165192 0.014386756345629692 -0.43760037422180176  738510.6339677937
-0.2105838805437088 -1.6056751012802124 0.3517830967903137 -0.009209146723151207 0.015500480309128761 -0.44597673416137695  738510.6339679082
-0.21066074073314667 -1.6055892705917358 0.34727463126182556 -0.009276887401938438 0.016570035368204117 -0.45524999499320984  738510.6339680228
-0.21073950827121735 -1.605487585067749 0.3426969051361084 -0.009158138185739517 0.017483346164226532 -0.459836483001709  738510.6339681405
-0.21081967651844025 -1.605371117591858 0.33806824684143066 -0.008866703137755394 0.01854999177157879 -0.4654511511325836  738510.6339682607
-0.21090048551559448 -1.605241298675537 0.3333745300769806 -0.008552975952625275 0.019472649320960045 -0.47285762429237366  738510.633968376
-0.21098113059997559 -1.6050992012023926 0.32860830426216125 -0.00835459865629673 0.020625971257686615 -0.47995680570602417  738510.6339684919
-0.211061030626297 -1.6049450635910034 0.32378897070884705 -0.007961595430970192 0.022072315216064453 -0.48345157504081726  738510.6339686032
-0.211089625954628 -1.6057658195495605 0.318880558013916 -0.006319224834442139 0.011239361949265003 -0.4876915216445923  738510.6339687188
-0.21115998923778534 -1.605709195137024 0.3139992654323578 -0.005746063310652971 0.012816746719181538 -0.4883662760257721  738510.6339688312
-0.2112274169921875 -1.6056393384933472 0.3091180622577667 -0.0051667350344359875 0.014477276243269444 -0.4876285493373871  738510.6339689477
-0.21129120886325836 -1.6055556535720825 0.3042386472225189 -0.004359583370387554 0.01583457738161087 -0.4879642724990845  738510.6339690741
-0.21135053038597107 -1.6054577827453613 0.2993726134300232 -0.0034536002203822136 0.01734152063727379 -0.4849168658256531  738510.6339691777
-0.21140429377555847 -1.605345368385315 0.2945416271686554 -0.0025003235787153244 0.01907278038561344 -0.4809001088142395  738510.6339692931
-0.21145160496234894 -1.6052181720733643 0.28973981738090515 -0.0014232510002329946 0.02036314457654953 -0.4790298342704773  738510.6339694151
-0.21149176359176636 -1.605076551437378 0.28493911027908325 -0.0004243354487698525 0.021490633487701416 -0.48064807057380676  738510.633969527
-0.21152426302433014 -1.6049214601516724 0.2801119387149811 0.0004216544039081782 0.022548319771885872 -0.4843016266822815  738510.6339696475
-0.21144111454486847 -1.6055951118469238 0.2741922438144684 0.0032088332809507847 0.013225562870502472 -0.5018066763877869  738510.6339697606
-0.2114446461200714 -1.605517029762268 0.26915350556373596 0.00405292259529233 0.013758782297372818 -0.5056728720664978  738510.6339698766
-0.2114398032426834 -1.6054285764694214 0.26407918334007263 0.004800159018486738 0.014438053593039513 -0.5089144110679626  738510.6339699924
-0.21142493188381195 -1.6053203344345093 0.2584548592567444 0.005755744408816099 0.014758739620447159 -0.5134134292602539  738510.633970102
-0.21140292286872864 -1.6052130460739136 0.2532899081707001 0.006309342570602894 0.015142139978706837 -0.5193056464195251  738510.6339702158
-0.21137310564517975 -1.6050986051559448 0.2480672299861908 0.00689384201541543 0.01575540006160736 -0.5249564051628113  738510.6339703379
-0.21133588254451752 -1.6049773693084717 0.2427925318479538 0.0075660026632249355 0.016072625294327736 -0.5297079086303711  738510.6339704548
-0.21129144728183746 -1.6048498153686523 0.23747418820858002 0.008187752217054367 0.01687847636640072 -0.5336759686470032  738510.6339705711
-0.21123988926410675 -1.604716181755066 0.23212215304374695 0.008991429582238197 0.017700735479593277 -0.5364173650741577  738510.6339706812
-0.21118107438087463 -1.6045759916305542 0.22675667703151703 0.009480517357587814 0.018565190955996513 -0.5363354086875916  738510.6339708049
-0.2111150026321411 -1.6044288873672485 0.22139303386211395 0.00954155158251524 0.019483046606183052 -0.5360340476036072  738510.6339709213
-0.21121564507484436 -1.6057771444320679 0.21845749020576477 0.008492965251207352 0.004401920363306999 -0.511320173740387  738510.6339710335
-0.21115541458129883 -1.6057714223861694 0.2133425772190094 0.009001770056784153 0.00481912586838007 -0.5115428566932678  738510.6339711461
-0.21108971536159515 -1.605758547782898 0.2082211822271347 0.009174657985568047 0.005330415442585945 -0.5126132965087891  738510.6339712613
-0.2110188603401184 -1.605738878250122 0.20310379564762115 0.009768451564013958 0.005635525565594435 -0.5107352137565613  738510.6339713773
-0.21094293892383575 -1.605712890625 0.19801883399486542 0.01026212889701128 0.005931833293288946 -0.5061209201812744  738510.6339714915
-0.21086175739765167 -1.6056811809539795 0.19298088550567627 0.010697792284190655 0.006127547472715378 -0.501328706741333  738510.633971611
-0.21077539026737213 -1.6056443452835083 0.18798981606960297 0.011000570841133595 0.006545727606862783 -0.4967442452907562  738510.6339717213
-0.21068404614925385 -1.605602741241455 0.18305246531963348 0.011165485717356205 0.006839466281235218 -0.49058908224105835  738510.6339718355
-0.2105882614850998 -1.605556607246399 0.17816108465194702 0.011336986906826496 0.0072186607867479324 -0.48755931854248047  738510.6339719616
-0.2104887068271637 -1.6055063009262085 0.17327101528644562 0.011460164561867714 0.007331229746341705 -0.49033451080322266  738510.6339720646
-0.21053282916545868 -1.6067389249801636 0.1629483997821808 0.010217811912298203 -0.006000517401844263 -0.552783727645874  738510.6339721916
-0.21044351160526276 -1.606821894645691 0.15740850567817688 0.010039239190518856 -0.005808636080473661 -0.5552138090133667  738510.6339722963
-0.21035240590572357 -1.6069011688232422 0.15186305344104767 0.0097799776121974 -0.0057802964001894 -0.5539019107818604  738510.6339724174
-0.21026019752025604 -1.6069772243499756 0.1463245004415512 0.009486143477261066 -0.005714500322937965 -0.5538378953933716  738510.6339725293
-0.2101675570011139 -1.6070504188537598 0.14078742265701294 0.009378249756991863 -0.005732565186917782 -0.5536104440689087  738510.6339726447
-0.21007493138313293 -1.6071213483810425 0.13524483144283295 0.008956369943916798 -0.005385490134358406 -0.5549472570419312  738510.6339727645
-0.2099827527999878 -1.6071900129318237 0.12968756258487701 0.008644151501357555 -0.004935708362609148 -0.5565584301948547  738510.6339728814
-0.20989157259464264 -1.6072561740875244 0.12412905693054199 0.008331759832799435 -0.004276971332728863 -0.555203378200531  738510.6339729949
-0.2098017781972885 -1.6073191165924072 0.118592269718647 0.007944493554532528 -0.003388624871149659 -0.5522250533103943  738510.6339731123
-0.20971372723579407 -1.6073778867721558 0.11308807134628296 0.007879100739955902 -0.0024239036720246077 -0.5486886501312256  738510.6339732223
-0.2097657471895218 -1.6084208488464355 0.11869245022535324 0.006798785179853439 -0.01234377734363079 -0.4336496889591217  738510.6339733469
-0.20969519019126892 -1.6085697412490845 0.1143704354763031 0.00665784627199173 -0.011275608092546463 -0.4309539794921875  738510.6339734617
-0.20962612330913544 -1.6087117195129395 0.11008358001708984 0.006789137609302998 -0.010578438639640808 -0.4266144633293152  738510.6339735778
