0.02916851080954075 -1.8242213726043701 45.07942581176758 -0.010590799152851105 -0.0018343449337407947 7.0  738561.7120833204
0.02910666912794113 -1.8243093490600586 45.08165740966797 -0.010601541958749294 -0.0018319598166272044 5.0  738561.712083435
0.02904474176466465 -1.824397325515747 45.086456298828125 -0.010611682198941708 -0.0018290106672793627 -18.0  738561.7120835506
0.028982702642679214 -1.824485421180725 45.07869338989258 -0.01062779687345028 -0.001827772706747055 40.0  738561.7120836785
0.0289204902946949 -1.8245736360549927 45.09104919433594 -0.010652586817741394 -0.0018198653124272823 -44.0  738561.7120837916
0.02885817177593708 -1.8246619701385498 45.07548904418945 -0.010657488368451595 -0.0018281463999301195 1.0  738561.7120839193
0.028795776888728142 -1.8247504234313965 45.08539581298828 -0.010675131343305111 -0.001822168822400272 -13.0  738561.7120840184
0.028733257204294205 -1.8248389959335327 45.081539154052734 -0.01068945787847042 -0.0018239759374409914 42.0  738561.7120841383
0.028670568019151688 -1.824927568435669 45.08777618408203 -0.01070801168680191 -0.0018059855792671442 -29.0  738561.7120842536
0.02922755852341652 -1.824169635772705 45.08226776123047 -0.0003367495955899358 -0.00022259161050897092 12.0  738561.7120843659
0.029226653277873993 -1.8241735696792603 45.086669921875 -0.00035400415072217584 -0.000211282997042872 -13.0  738561.7120844849
0.029225578531622887 -1.824177622795105 45.086570739746094 -0.0003793463110923767 -0.00021702672529499978 5.0  738561.7120846137
0.029224224388599396 -1.8241819143295288 45.08087921142578 -0.0004267986223567277 -0.00020521090482361615 -1.0  738561.7120847084
0.029222527518868446 -1.8241864442825317 45.08941650390625 -0.0004537763597909361 -0.00019422272453084588 -23.0  738561.7120848369
0.029220592230558395 -1.8241910934448242 45.074989318847656 -0.0004791387473233044 -0.00018979949527420104 6.0  738561.7120849391
0.029218358919024467 -1.8241959810256958 45.082763671875 -0.0005237541627138853 -0.00017845517140813172 -7.0  738561.712085063
0.02921576425433159 -1.8242011070251465 45.082210540771484 -0.0005660710739903152 -0.0001736031408654526 2.0  738561.7120851722
0.029212817549705505 -1.8242064714431763 45.07968521118164 -0.0006064475746825337 -0.00016109371790662408 -4.0  738561.7120852895
0.029209569096565247 -1.8242120742797852 45.085777282714844 -0.0006515137501992285 -0.00017435435438528657 -5.0  738561.7120854158
0.029231274500489235 -1.8242106437683105 45.082679748535156 -0.0004098199133295566 -0.00033271597931161523 -14.0  738561.7120855188
0.029230564832687378 -1.8242158889770508 45.07638931274414 -0.00043733062921091914 -0.0003138369938824326 -3.0  738561.712085646
0.02922942116856575 -1.8242212533950806 45.08127975463867 -0.00048735039308667183 -0.0002905731671489775 -12.0  738561.7120857616
0.02922770194709301 -1.8242268562316895 45.0748176574707 -0.0005459798267111182 -0.0002598470018710941 7.0  738561.7120858765
0.029225453734397888 -1.8242326974868774 45.07066345214844 -0.0005952828214503825 -0.000247545656748116 -14.0  738561.7120859902
0.02922275848686695 -1.8242387771606445 45.075504302978516 -0.0006359674734994769 -0.00022368413920048624 -15.0  738561.7120861182
0.029219506308436394 -1.824244737625122 45.05992889404297 -0.0006708949222229421 -0.00016761646838858724 6.0  738561.7120862234
0.02921561896800995 -1.8242504596710205 45.06272888183594 -0.0006907118367962539 -0.00010135531920241192 -6.0  738561.7120863396
0.029211068525910378 -1.8242555856704712 45.06290054321289 -0.0006860261200927198 2.245001724077156e-06 -37.0  738561.7120864592
0.029205763712525368 -1.824259638786316 45.04330825805664 -0.0006463669706135988 0.00015091575914993882 -12.0  738561.7120865701
0.029181629419326782 -1.8241610527038574 45.034793853759766 4.0885250200517476e-05 0.001247498206794262 9.0  738561.7120866758
0.029172636568546295 -1.824150800704956 45.03638458251953 0.00012798352690879256 0.0014587255427613854 -9.0  738561.7120867909
0.02916289120912552 -1.8241382837295532 45.03300094604492 0.0002598233404569328 0.0016809487715363503 -30.0  738561.7120869098
0.02915235422551632 -1.8241231441497803 45.02031707763672 0.00038747998769395053 0.0019453896675258875 3.0  738561.7120870228
0.02914055995643139 -1.8241052627563477 45.02044677734375 0.0004752216627821326 0.002256127307191491 -37.0  738561.7120871452
0.02912701666355133 -1.8240845203399658 45.00230407714844 0.0005396276828832924 0.00259215384721756 -25.0  738561.712087263
0.029111497104167938 -1.8240610361099243 44.9822998046875 0.0005939143011346459 0.002928677946329117 7.0  738561.7120873784
0.029094016179442406 -1.824034571647644 44.979549407958984 0.0006744156708009541 0.0032721266616135836 1.0  738561.7120875011
0.029074372723698616 -1.8240046501159668 44.982208251953125 0.0007703945157118142 0.003693407168611884 -13.0  738561.7120876164
0.02905181609094143 -1.8239706754684448 44.983978271484375 0.0008289050310850143 0.004212001338601112 -88.0  738561.7120877203
0.028968026861548424 -1.8242093324661255 44.943180084228516 -0.0018614174332469702 0.003020764095708728 -94.0  738561.7120878473
0.02893035300076008 -1.824198603630066 44.888648986816406 -0.0019291563658043742 0.003699439810588956 -133.0  738561.7120879664
0.02888687327504158 -1.8241839408874512 44.816810607910156 -0.002132727764546871 0.004397235345095396 -116.0  738561.7120880706
0.028836501762270927 -1.824165940284729 44.74872589111328 -0.0024455306120216846 0.005162764806300402 -129.0  738561.7120881997
0.0287777092307806 -1.8241448402404785 44.67259216308594 -0.00289049930870533 0.006028559524565935 -146.0  738561.7120883082
0.028708448633551598 -1.8241205215454102 44.59323501586914 -0.003456542966887355 0.0070231202989816666 -142.0  738561.7120884336
0.028626233339309692 -1.8240926265716553 44.518638610839844 -0.004152294714003801 0.008186040446162224 -171.0  738561.7120885378
0.028528394177556038 -1.8240612745285034 44.42426300048828 -0.005045699886977673 0.009483966045081615 -193.0  738561.7120886552
0.028411932289600372 -1.8240267038345337 44.317955017089844 -0.006157891359180212 0.010952276177704334 -231.0  738561.7120887679
0.02827361971139908 -1.8239892721176147 44.195030212402344 -0.00748223252594471 0.01261001918464899 -237.0  738561.7120888856
0.028761880472302437 -1.8243807554244995 44.05826950073242 -0.007214309182018042 0.005926248151808977 -271.0  738561.7120890002
0.02864374779164791 -1.824388027191162 43.907981872558594 -0.009017997421324253 0.007775819394737482 -255.0  738561.7120891128
0.028495250269770622 -1.8243961334228516 43.76572799682617 -0.011067751795053482 0.009626214392483234 -288.0  738561.712089238
0.0283152237534523 -1.8244069814682007 43.606788635253906 -0.013326887972652912 0.011413047090172768 -299.0  738561.712089338
0.02810373529791832 -1.8244224786758423 43.441001892089844 -0.015764109790325165 0.013035723008215427 -325.0  738561.7120894613
0.027861038222908974 -1.8244434595108032 43.26106643676758 -0.01829216070473194 0.014607619494199753 -340.0  738561.7120895735
0.02758771926164627 -1.8244704008102417 43.06816101074219 -0.02087547443807125 0.016119400039315224 -340.0  738561.7120896823
0.02728552371263504 -1.824502944946289 42.873374938964844 -0.02332301065325737 0.01753733865916729 -376.0  738561.7120898053
0.026956459507346153 -1.824540615081787 42.66215133666992 -0.025599468499422073 0.018848208710551262 -370.0  738561.7120899241
0.02660246752202511 -1.8245830535888672 42.444419860839844 -0.027713501825928688 0.020029287785291672 -378.0  738561.7120900408
0.029041042551398277 -1.824308156967163 42.23176574707031 -0.0039056481327861547 0.0024791366886347532 -383.0  738561.7120901482
0.028960533440113068 -1.8243236541748047 42.017940521240234 -0.005775887984782457 0.0033969609066843987 -411.0  738561.7120902701
0.028858289122581482 -1.824343204498291 41.79036331176758 -0.007605200167745352 0.00428051920607686 -419.0  738561.7120904006
0.028719933703541756 -1.8243677616119385 41.52879333496094 -0.009520890191197395 0.005365670658648014 -440.0  738561.7120904982
0.028568655252456665 -1.8243911266326904 41.280784606933594 -0.011239351704716682 0.006531551480293274 -474.0  738561.7120906154
0.02839031256735325 -1.824413776397705 41.01795196533203 -0.01304212212562561 0.007908836007118225 -485.0  738561.712090744
0.028182057663798332 -1.8244341611862183 40.745758056640625 -0.014981183223426342 0.009582887403666973 -484.0  738561.7120908502
0.027941033244132996 -1.8244504928588867 40.470035552978516 -0.017101826146245003 0.011669132858514786 -476.0  738561.7120909661
0.02766542136669159 -1.8244614601135254 40.19690704345703 -0.019478827714920044 0.01407583337277174 -490.0  738561.7120910791
0.02735517919063568 -1.8244661092758179 39.914005279541016 -0.021976755931973457 0.016626480966806412 -494.0  738561.7120911937
0.029621701687574387 -1.8244551420211792 39.6241340637207 -0.00182167231105268 0.0005645842174999416 -500.0  738561.7120913216
0.029541661962866783 -1.8244434595108032 39.33376693725586 -0.003931861370801926 0.0031780090648680925 -507.0  738561.7120914229
0.029436219483613968 -1.8244229555130005 39.0380859375 -0.005667958874255419 0.0057299197651445866 -502.0  738561.7120915386
0.02930903062224388 -1.824393391609192 38.747230529785156 -0.007047645747661591 0.008044569753110409 -481.0  738561.7120916615
0.029163386672735214 -1.824355125427246 38.468788146972656 -0.008196642622351646 0.010083246976137161 -446.0  738561.712091775
0.0290023572742939 -1.8243087530136108 38.20866775512695 -0.009110885672271252 0.011838913895189762 -417.0  738561.712091884
0.02882869355380535 -1.8242552280426025 37.96683883666992 -0.009781517088413239 0.013318968005478382 -394.0  738561.712092001
0.028644539415836334 -1.8241955041885376 37.73849105834961 -0.010209029540419579 0.014479001052677631 -373.0  738561.7120921309
0.028451070189476013 -1.8241304159164429 37.52332305908203 -0.010526340454816818 0.015491941943764687 -358.0  738561.7120922431
0.028248565271496773 -1.8240609169006348 37.31697082519531 -0.010894201695919037 0.0163712240755558 -340.0  738561.7120923669
0.03107406385242939 -1.8250174522399902 37.122459411621094 0.008601924404501915 -0.012201770208775997 -324.0  738561.712092466
0.03118879534304142 -1.8250552415847778 36.933589935302734 0.008216136135160923 -0.011308570392429829 -319.0  738561.7120925777
0.03129364922642708 -1.825090765953064 36.749053955078125 0.00772893987596035 -0.010431514121592045 -305.0  738561.7120927009
0.03138841316103935 -1.825124740600586 36.5709342956543 0.007046680431813002 -0.009633669629693031 -305.0  738561.7120928095
0.03147318959236145 -1.825157642364502 36.396873474121094 0.006174727343022823 -0.0089242709800601 -283.0  738561.7120929231
0.03154841437935829 -1.8251895904541016 36.23211669921875 0.005165508482605219 -0.008267099969089031 -270.0  738561.7120930562
0.03161501884460449 -1.8252198696136475 36.07468795776367 0.004094873555004597 -0.007706614676862955 -237.0  738561.7120931577
0.03167453408241272 -1.8252472877502441 35.93421936035156 0.0032207046169787645 -0.007143422029912472 -241.0  738561.7120932839
0.03172869607806206 -1.825270175933838 35.79372024536133 0.0025550657883286476 -0.006598273757845163 -223.0  738561.7120933871
0.031779248267412186 -1.8252867460250854 35.661773681640625 0.002161264419555664 -0.006026587914675474 -221.0  738561.7120935022
0.03439297899603844 -1.8263108730316162 35.53606414794922 0.019020136445760727 -0.03163233399391174 -212.0  738561.7120936173
0.0347311832010746 -1.8264247179031372 35.41489028930664 0.019235683605074883 -0.030988365411758423 -202.0  738561.7120937362
0.03506971150636673 -1.8265272378921509 35.2979850769043 0.019772781059145927 -0.030317995697259903 -200.0  738561.7120938506
0.035409025847911835 -1.8266171216964722 35.18354034423828 0.020567866042256355 -0.029635630548000336 -187.0  738561.7120939718
0.0357489176094532 -1.8266931772232056 35.073143005371094 0.021626019850373268 -0.029016517102718353 -180.0  738561.712094086
0.0360882468521595 -1.8267539739608765 34.97023010253906 0.02282324992120266 -0.028301799669861794 -173.0  738561.7120942014
0.03642497584223747 -1.8267985582351685 34.870723724365234 0.024071231484413147 -0.027468251064419746 -170.0  738561.7120943118
0.03675641864538193 -1.8268262147903442 34.774627685546875 0.025310035794973373 -0.026395853608846664 -156.0  738561.7120944305
0.037079326808452606 -1.8268362283706665 34.68947219848633 0.026410289108753204 -0.024997223168611526 -157.0  738561.712094544
0.03739025816321373 -1.8268284797668457 34.6035270690918 0.027242401614785194 -0.023295646533370018 -155.0  738561.7120946648
0.03979368135333061 -1.8282514810562134 34.51607894897461 0.037810057401657104 -0.04766280949115753 -152.0  738561.7120947845
0.040305983275175095 -1.8283706903457642 34.43104934692383 0.037860773503780365 -0.045398734509944916 -136.0  738561.712094886
0.04079790413379669 -1.8284735679626465 34.35237121582031 0.03749135509133339 -0.04293275624513626 -136.0  738561.7120950073
0.041267819702625275 -1.8285608291625977 34.27411651611328 0.03683919459581375 -0.04036155715584755 -154.0  738561.7120951223
0.041714586317539215 -1.8286328315734863 34.188358306884766 0.03593980893492699 -0.03777267411351204 -144.0  738561.712095239
0.042137712240219116 -1.8286899328231812 34.1018180847168 0.034929219633340836 -0.03526492416858673 -133.0  738561.7120953543
0.04253706708550453 -1.8287322521209717 34.02421188354492 0.03374195098876953 -0.03287014737725258 -139.0  738561.7120954696
0.04291263967752457 -1.8287596702575684 33.945438385009766 0.032506875693798065 -0.030525701120495796 -132.0  738561.712095576
0.04326463118195534 -1.8287713527679443 33.86881637573242 0.031283874064683914 -0.028284238651394844 -137.0  738561.7120957063
0.04359297454357147 -1.828766107559204 33.790157318115234 0.030074814334511757 -0.02593979425728321 -127.0  738561.7120958195
0.046620551496744156 -1.8302820920944214 33.71352005004883 0.044921647757291794 -0.055121973156929016 -120.0  738561.7120959233
0.0472080372273922 -1.8304117918014526 33.64196014404297 0.043976277112960815 -0.052731167525053024 -108.0  738561.7120960503
0.047771453857421875 -1.8305199146270752 33.57450866699219 0.04310350865125656 -0.05020633339881897 -100.0  738561.7120961652
0.04831073433160782 -1.8306050300598145 33.51432800292969 0.04231320321559906 -0.04754594340920448 -82.0  738561.7120962846
0.04882586747407913 -1.830665946006775 33.46472930908203 0.04168250039219856 -0.044807080179452896 -73.0  738561.7120963958
0.04931645467877388 -1.8307015895843506 33.42194747924805 0.04113559052348137 -0.04193272441625595 -59.0  738561.7120965167
0.04978189244866371 -1.8307108879089355 33.38810348510742 0.04068426415324211 -0.03894563391804695 -44.0  738561.7120966226
0.050221409648656845 -1.830693006515503 33.36191177368164 0.04026872664690018 -0.03581978380680084 -27.0  738561.7120967428
0.050634052604436874 -1.8306474685668945 33.34437561035156 0.039796382188797 -0.032523781061172485 -9.0  738561.7120968635
0.05101890489459038 -1.8305737972259521 33.338687896728516 0.03935801982879639 -0.029039349406957626 6.0  738561.7120969776
0.05424399673938751 -1.83237886428833 33.3429069519043 0.054013464599847794 -0.06086103618144989 14.0  738561.7120970819
0.05489344522356987 -1.8324636220932007 33.35258865356445 0.053439050912857056 -0.05701231211423874 33.0  738561.7120971985
0.05551339313387871 -1.832521677017212 33.3707160949707 0.05300917476415634 -0.053048115223646164 32.0  738561.7120973135
0.05610346049070358 -1.8325542211532593 33.39280700683594 0.05252224951982498 -0.048992037773132324 35.0  738561.7120974383
0.05666317418217659 -1.8325629234313965 33.41663360595703 0.051844555884599686 -0.04501403123140335 42.0  738561.7120975553
0.05719217285513878 -1.8325496912002563 33.444427490234375 0.051153503358364105 -0.041174110025167465 61.0  738561.71209767
0.05769023299217224 -1.8325165510177612 33.47976303100586 0.05034225434064865 -0.03747722506523132 75.0  738561.7120977812
0.05815683677792549 -1.8324655294418335 33.52529525756836 0.04946870729327202 -0.03394713252782822 75.0  738561.7120978996
0.05859106779098511 -1.8323982954025269 33.571319580078125 0.04843467101454735 -0.030656419694423676 99.0  738561.7120980156
0.05899208411574364 -1.8323167562484741 33.63006591796875 0.04724583029747009 -0.027492383494973183 108.0  738561.7120981272
0.06234114244580269 -1.8336288928985596 33.69248580932617 0.06583786755800247 -0.0571836419403553 116.0  738561.7120982474
0.06300386041402817 -1.833679437637329 33.75967025756836 0.06419005990028381 -0.054290082305669785 130.0  738561.7120983717
0.06363015621900558 -1.8337198495864868 33.833587646484375 0.062258221209049225 -0.0513918474316597 126.0  738561.7120984793
0.06421886384487152 -1.8337510824203491 33.90705490112305 0.059988681226968765 -0.04854842647910118 132.0  738561.7120985973
0.06476924568414688 -1.8337739706039429 33.98554992675781 0.05765142664313316 -0.045840632170438766 140.0  738561.7120987126
0.06528099626302719 -1.8337891101837158 34.06734848022461 0.05516381189227104 -0.04316743090748787 140.0  738561.7120988263
0.06575379520654678 -1.8337969779968262 34.14889144897461 0.052648793905973434 -0.04054756462574005 153.0  738561.7120989308
0.06618696451187134 -1.8337979316711426 34.23826217651367 0.05004654452204704 -0.03784172236919403 152.0  738561.7120990524
0.0665799081325531 -1.8337923288345337 34.32676696777344 0.047305818647146225 -0.035161517560482025 162.0  738561.712099164
0.0669322982430458 -1.8337805271148682 34.41984939575195 0.0444624125957489 -0.032396748661994934 177.0  738561.7120992763
0.06894297152757645 -1.8351047039031982 34.51930618286133 0.04707535728812218 -0.0514800138771534 171.0  738561.7120993931
0.06940502673387527 -1.8352333307266235 34.61798095703125 0.04394489899277687 -0.04857955127954483 185.0  738561.7120995116
0.06982466578483582 -1.8353564739227295 34.72479248046875 0.040862806141376495 -0.04569006338715553 310.0  738561.7120996264
0.07020173966884613 -1.8354746103286743 34.889984130859375 0.03748282790184021 -0.042792513966560364 445.0  738561.7120997519
0.07053624093532562 -1.8355880975723267 35.1335334777832 0.033929869532585144 -0.03994281589984894 545.0  738561.7120998669
0.07082737982273102 -1.8356971740722656 35.440025329589844 0.030207013711333275 -0.03716808184981346 654.0  738561.7120999832
0.0710744559764862 -1.8358017206192017 35.80337905883789 0.026378784328699112 -0.034449733793735504 726.0  738561.7121000974
0.07127755880355835 -1.8359016180038452 36.21072006225586 0.022441038861870766 -0.03173523768782616 784.0  738561.712100213
0.07143678516149521 -1.8359962701797485 36.65243911743164 0.018571868538856506 -0.028975563123822212 808.0  738561.7121003296
0.07155205309391022 -1.8360847234725952 37.11170959472656 0.014721032232046127 -0.02606945112347603 856.0  738561.7121004345
0.0739104226231575 -1.8370482921600342 37.59234619140625 0.0240715853869915 -0.045101556926965714 876.0  738561.7121005567
0.07419511675834656 -1.837220311164856 38.086421966552734 0.02029695175588131 -0.041983045637607574 891.0  738561.7121006702
0.07443754374980927 -1.8373831510543823 38.5897216796875 0.01666148751974106 -0.038669560104608536 899.0  738561.7121007984
0.07463788986206055 -1.8375358581542969 39.09571075439453 0.013190232217311859 -0.035199958831071854 899.0  738561.712100903
0.07481011003255844 -1.837690830230713 39.65544891357422 0.009672025218605995 -0.03120245970785618 895.0  738561.7121010172
0.07492348551750183 -1.8378190994262695 40.16666793823242 0.006714801769703627 -0.027495436370372772 887.0  738561.7121011278
0.07499641180038452 -1.8379348516464233 40.673622131347656 0.004009966738522053 -0.023730836808681488 883.0  738561.7121012436
0.07502926886081696 -1.8380377292633057 41.17812728881836 0.0015157336601987481 -0.019871322438120842 873.0  738561.7121013708
0.075021892786026 -1.838127613067627 41.67885208129883 -0.0008319865446537733 -0.015976030379533768 866.0  738561.7121014792
0.07497473806142807 -1.8382048606872559 42.17842483520508 -0.003047088859602809 -0.01201555971056223 860.0  738561.712101595
0.07823905348777771 -1.839593768119812 42.670501708984375 0.013358961790800095 -0.04608284309506416 845.0  738561.7121017094
0.07848778367042542 -1.8397955894470215 43.15472412109375 0.01096423901617527 -0.04230423644185066 820.0  738561.712101833
0.07869671285152435 -1.8399866819381714 43.62665557861328 0.00853189267218113 -0.038553085178136826 926.0  738561.7121019396
0.07886555790901184 -1.840167760848999 44.148414611816406 0.006058164872229099 -0.0349077433347702 1062.0  738561.7121020682
0.07899416238069534 -1.8403396606445312 44.749168395996094 0.0034576684702187777 -0.03133860230445862 1143.0  738561.7121021837
0.07908929139375687 -1.8405187129974365 45.4687385559082 0.0005168399075046182 -0.027570663020014763 1223.0  738561.7121022962
0.07913390547037125 -1.8406726121902466 46.166908264160156 -0.0021453204099088907 -0.02422173321247101 1279.0  738561.7121024017
0.07913823425769806 -1.8408174514770508 46.894142150878906 -0.004864788614213467 -0.020855266600847244 1285.0  738561.7121025295
0.0791015625 -1.8409521579742432 47.631988525390625 -0.007451212033629417 -0.017318235710263252 1336.0  738561.7121026362
0.07902355492115021 -1.8410751819610596 48.39501953125 -0.009895946830511093 -0.01354099903255701 1341.0  738561.7121027545
0.0822962075471878 -1.8428070545196533 49.16410446166992 -0.0005912012420594692 -0.051145754754543304 1346.0  738561.7121028656
0.08251364529132843 -1.8430838584899902 49.936302185058594 -0.0032146431040018797 -0.046976201236248016 1334.0  738561.712102983
0.08268845081329346 -1.843344807624817 50.7023811340332 -0.005623610690236092 -0.042551685124635696 1326.0  738561.7121030963
0.08282070606946945 -1.8435888290405273 51.464630126953125 -0.007754149381071329 -0.03788548335433006 1312.0  738561.7121032118
0.08291080594062805 -1.8438150882720947 52.21889877319336 -0.0096287215128541 -0.03308043256402016 1304.0  738561.712103331
0.08295908570289612 -1.8440232276916504 52.967063903808594 -0.011269896291196346 -0.028150571510195732 1281.0  738561.7121034468
0.08296594023704529 -1.8442128896713257 53.7050895690918 -0.012695221230387688 -0.023182978853583336 1267.0  738561.7121035615
0.08293211460113525 -1.8443843126296997 54.4366340637207 -0.013887696899473667 -0.018239514902234077 1245.0  738561.7121036767
0.0828581303358078 -1.8445377349853516 55.15359115600586 -0.014920140616595745 -0.013338994234800339 1212.0  738561.712103794
0.08274374902248383 -1.8446731567382812 55.85041046142578 -0.015839461237192154 -0.008356249891221523 1180.0  738561.7121039123
0.0854581966996193 -1.8451635837554932 56.53135299682617 -0.0028336921241134405 -0.03067612834274769 1157.0  738561.7121040242
0.08558094501495361 -1.8453058004379272 57.199066162109375 -0.003865047125145793 -0.026008235290646553 1128.0  738561.7121041396
0.08566347509622574 -1.8454315662384033 57.85333251953125 -0.00487985135987401 -0.02134384773671627 1216.0  738561.712104257
0.08570518344640732 -1.84554123878479 58.55523681640625 -0.005849587265402079 -0.016644516959786415 1312.0  738561.7121043722
0.08570546656847 -1.845635175704956 59.315032958984375 -0.006808888632804155 -0.011969656683504581 1392.0  738561.7121044855
0.08566369861364365 -1.8457138538360596 60.118316650390625 -0.007765078451484442 -0.007340468931943178 1455.0  738561.712104602
0.08557942509651184 -1.8457775115966797 60.95708465576172 -0.008663597516715527 -0.0026840923819690943 1492.0  738561.71210472
0.08545234054327011 -1.8458260297775269 61.81443786621094 -0.009490810334682465 0.0020485431887209415 1501.0  738561.7121048346
0.08528169989585876 -1.8458590507507324 62.678428649902344 -0.010154100134968758 0.006841675844043493 1509.0  738561.7121049514
0.08506616204977036 -1.8458755016326904 63.544647216796875 -0.010690893046557903 0.011801247484982014 1503.0  738561.7121050655
0.08791617304086685 -1.8465558290481567 64.40816497802734 -0.002841406734660268 -0.017286263406276703 1480.0  738561.7121051825
0.08795952796936035 -1.8466131687164307 65.26010131835938 -0.0034620303194969893 -0.01202414371073246 1479.0  738561.7121052942
0.08795556426048279 -1.8466507196426392 66.10734558105469 -0.0038373854476958513 -0.0065861898474395275 1462.0  738561.7121054139
0.08790327608585358 -1.846666932106018 66.94656372070312 -0.003942624665796757 -0.0010440427577123046 1443.0  738561.712105532
0.08780229836702347 -1.8466607332229614 67.77548217773438 -0.0037595017347484827 0.004568387754261494 1428.0  738561.7121056466
0.08765321969985962 -1.846631646156311 68.59542083740234 -0.0033039371483027935 0.010166462510824203 1397.0  738561.712105763
0.08745711296796799 -1.8465795516967773 69.39944458007812 -0.0026342240162193775 0.015721458941698074 1366.0  738561.7121058784
0.08721491694450378 -1.84650456905365 70.18590545654297 -0.0017772084102034569 0.021146036684513092 1342.0  738561.712105994
0.08692717552185059 -1.8464068174362183 70.95907592773438 -0.0007449597469531 0.02642134390771389 1302.0  738561.7121061092
0.08659426122903824 -1.8462867736816406 71.7101058959961 0.0003916003042832017 0.0315614752471447 1264.0  738561.7121062209
0.09036767482757568 -1.8464622497558594 72.43928527832031 0.011988182552158833 -0.00968968030065298 1229.0  738561.7121063399
0.09040878713130951 -1.8463358879089355 73.14588165283203 0.012702087871730328 -0.004953722935169935 1175.0  738561.7121064522
0.09040701389312744 -1.8461904525756836 73.82627868652344 0.01339474506676197 -0.00027248210972175 1139.0  738561.7121065689
0.09036285430192947 -1.8460273742675781 74.48536682128906 0.014082927256822586 0.0042379749938845634 1105.0  738561.7121066824
0.09027690440416336 -1.8458478450775146 75.12266540527344 0.014764858409762383 0.008630381897091866 1062.0  738561.7121068042
0.0901491567492485 -1.8456530570983887 75.73887634277344 0.01543806865811348 0.012984548695385456 1019.0  738561.7121069193
0.08997946977615356 -1.8454440832138062 76.33110046386719 0.01605277508497238 0.017328346148133278 984.0  738561.7121070342
0.08976759016513824 -1.8452218770980835 76.90052032470703 0.016647223383188248 0.021705618128180504 951.0  738561.7121071506
0.08951273560523987 -1.8449872732162476 77.44917297363281 0.01721251755952835 0.026102779433131218 922.0  738561.7121072641
0.08921406418085098 -1.8447411060333252 77.98192596435547 0.017758740112185478 0.030605187639594078 882.0  738561.7121073814
0.09265270084142685 -1.84446120262146 78.49251556396484 0.02701191045343876 -0.005605545360594988 858.0  738561.7121074947
0.09268920123577118 -1.844191551208496 78.98729705810547 0.02711368352174759 -0.0010876290034502745 820.0  738561.7121076104
0.09268024563789368 -1.8439124822616577 79.45984649658203 0.02721606194972992 0.0034455738496035337 780.0  738561.7121077202
0.09262576699256897 -1.843624472618103 79.91064453125 0.027337681502103806 0.008014919236302376 747.0  738561.7121078421
0.09252627193927765 -1.8433278799057007 80.33891296386719 0.027511566877365112 0.012527085840702057 711.0  738561.712107957
0.09236505627632141 -1.8429920673370361 80.78885650634766 0.027735374867916107 0.01742393709719181 680.0  738561.7121080811
0.09217178076505661 -1.8426785469055176 81.1809310913086 0.027979791164398193 0.02181764878332615 643.0  738561.7121081967
0.09193442761898041 -1.8423575162887573 81.55204772949219 0.028240708634257317 0.026174701750278473 594.0  738561.7121083051
0.0916527658700943 -1.842029333114624 81.8985595703125 0.028497109189629555 0.030528254806995392 588.0  738561.71210842
0.09132679551839828 -1.8416944742202759 82.23832702636719 0.028769856318831444 0.03485606238245964 553.0  738561.7121085392
0.09480533748865128 -1.8408716917037964 82.56038665771484 0.039869021624326706 -0.0027442360296845436 526.0  738561.7121086617
0.09481921792030334 -1.840471863746643 82.86534881591797 0.03989677503705025 0.0014783544465899467 493.0  738561.7121087675
0.09478969871997833 -1.8400672674179077 83.15080261230469 0.0398951880633831 0.005683455616235733 463.0  738561.7121088861
0.09471646696329117 -1.839658498764038 83.41717529296875 0.039839379489421844 0.009892296977341175 443.0  738561.7121090022
0.09459982812404633 -1.8392462730407715 83.67217254638672 0.03981466963887215 0.014104494825005531 425.0  738561.7121091111
0.09443961083889008 -1.8388310670852661 83.91756439208984 0.03972166031599045 0.01834411919116974 397.0  738561.7121092275
0.09423495829105377 -1.8384137153625488 84.14266204833984 0.03955838456749916 0.02263345941901207 363.0  738561.712109342
0.0939851850271225 -1.8379946947097778 84.35064697265625 0.03938905522227287 0.0269888024777174 340.0  738561.712109457
0.09368963539600372 -1.8375743627548218 84.54676818847656 0.03920993581414223 0.03144601732492447 325.0  738561.7121095791
0.0933479368686676 -1.8371531963348389 84.73460388183594 0.03899671137332916 0.035984545946121216 307.0  738561.7121096938
0.0970325842499733 -1.8360857963562012 84.91415405273438 0.04985455796122551 -0.0035033978056162596 296.0  738561.712109805
0.09704770147800446 -1.835593581199646 85.08605194091797 0.049414653331041336 0.0010830340906977654 282.0  738561.7121099277
0.09701626002788544 -1.835102915763855 85.24773406982422 0.04891573265194893 0.0056749009527266026 259.0  738561.7121100435
0.09693843871355057 -1.834614872932434 85.39678955078125 0.04829789698123932 0.010224130004644394 244.0  738561.7121101473
0.09681495279073715 -1.8341302871704102 85.53974151611328 0.047637682408094406 0.014699413441121578 233.0  738561.7121102613
0.0966467410326004 -1.83364999294281 85.67436218261719 0.0469009093940258 0.01910405233502388 210.0  738561.7121103884
0.09643370658159256 -1.8331748247146606 85.79640197753906 0.04609692469239235 0.023483101278543472 206.0  738561.7121105023
0.09617551416158676 -1.8327054977416992 85.91263580322266 0.04525088518857956 0.02788315713405609 187.0  738561.7121106103
0.09587179124355316 -1.8322423696517944 86.0195541381836 0.04435116425156593 0.03233901783823967 172.0  738561.712110737
0.09552144259214401 -1.8317861557006836 86.1214599609375 0.04342620447278023 0.036853987723588943 169.0  738561.7121108513
0.09894389659166336 -1.8305647373199463 86.22071838378906 0.05393879860639572 -0.0007265469757840037 155.0  738561.7121109653
0.09892725944519043 -1.830037236213684 86.31298828125 0.052837077528238297 0.0039357999339699745 147.0  738561.7121110775
0.09886228293180466 -1.82951819896698 86.40037536621094 0.05167491361498833 0.008674218319356441 127.0  738561.7121111968
0.09874816238880157 -1.8290083408355713 86.47624206542969 0.05047274008393288 0.013490436598658562 109.0  738561.7121113138
0.09858465939760208 -1.8285081386566162 86.53938293457031 0.04923912510275841 0.018333865329623222 113.0  738561.7121114181
0.09837169945240021 -1.8280179500579834 86.60089111328125 0.04796689376235008 0.02318739891052246 89.0  738561.7121115341
0.09810948371887207 -1.8275383710861206 86.65550994873047 0.04663539305329323 0.028024908155202866 93.0  738561.7121116578
0.09779790043830872 -1.8270699977874756 86.71035766601562 0.045261450111866 0.03290555626153946 78.0  738561.7121117805
0.0974370613694191 -1.8266133069992065 86.75824737548828 0.04385030269622803 0.037758514285087585 66.0  738561.7121118953
0.09702694416046143 -1.8261690139770508 86.79742431640625 0.04234834760427475 0.04265603795647621 57.0  738561.7121120082
0.10053447633981705 -1.824910283088684 86.83440399169922 0.052422452718019485 0.003924459684640169 65.0  738561.7121121251
0.10046631097793579 -1.8244009017944336 86.87425231933594 0.05080653727054596 0.008792306296527386 57.0  738561.7121122428
0.10034826397895813 -1.8239058256149292 86.90580749511719 0.049104467034339905 0.013695360161364079 42.0  738561.7121123562
0.10018053650856018 -1.8234256505966187 86.930419921875 0.047336895018815994 0.018610935658216476 42.0  738561.7121124616
0.09996358305215836 -1.822960615158081 86.9558334350586 0.045537352561950684 0.02351459115743637 46.0  738561.7121125862
0.09969742596149445 -1.8225111961364746 86.98035430908203 0.04370330646634102 0.028392471373081207 25.0  738561.7121127
0.09938199818134308 -1.822077751159668 86.99777221679688 0.04183052107691765 0.03325371444225311 34.0  738561.7121128207
0.09901776909828186 -1.8216603994369507 87.01856231689453 0.0399835929274559 0.03809225931763649 36.0  738561.7121129332
0.09860464930534363 -1.821259617805481 87.04181671142578 0.03811098635196686 0.04290071129798889 14.0  738561.7121130447
0.0981423407793045 -1.820876121520996 87.0541763305664 0.03609160706400871 0.04774311184883118 13.0  738561.7121131571
0.10180305689573288 -1.8198881149291992 87.06615447998047 0.043387651443481445 0.006354043725878 33.0  738561.7121132727
0.10170911997556686 -1.8194717168807983 87.08554077148438 0.0412333719432354 0.011279968544840813 21.0  738561.7121133882
0.10156548023223877 -1.8190745115280151 87.09901428222656 0.03901999071240425 0.016220564022660255 16.0  738561.7121135059
0.10137220472097397 -1.8186969757080078 87.10973358154297 0.03677930682897568 0.02113954909145832 19.0  738561.7121136213
0.10112964361906052 -1.818339228630066 87.12165069580078 0.03453223034739494 0.026013784110546112 16.0  738561.7121137426
0.10080611705780029 -1.8179689645767212 87.12552642822266 0.032019082456827164 0.0312984474003315 1.0  738561.7121138558
0.1004607081413269 -1.8176534175872803 87.12605285644531 0.029777364805340767 0.036061398684978485 -9.0  738561.7121139754
0.10006681829690933 -1.8173578977584839 87.12411499023438 0.027529610320925713 0.040813248604536057 -8.0  738561.7121140907
0.09962475299835205 -1.817082166671753 87.1192398071289 0.025285670533776283 0.045564018189907074 -2.0  738561.7121142027
0.09913469851016998 -1.8168259859085083 87.1170654296875 0.02304236590862274 0.050317730754613876 -3.0  738561.7121143242
0.1025467962026596 -1.8157542943954468 87.11418914794922 0.03237955644726753 0.01158216968178749 -8.0  738561.7121144356
0.1023973748087883 -1.815444827079773 87.11253356933594 0.030172012746334076 0.016398414969444275 -15.0  738561.7121145504
0.10219865292310715 -1.8151545524597168 87.10408020019531 0.027985993772745132 0.021253645420074463 -6.0  738561.712114666
0.10195068269968033 -1.8148832321166992 87.09904479980469 0.02583772875368595 0.026127872988581657 -5.0  738561.7121147801
0.1016530990600586 -1.8146306276321411 87.09550476074219 0.023705873638391495 0.03098737634718418 1.0  738561.7121148922
0.10130637139081955 -1.8143965005874634 87.08992004394531 0.02160308137536049 0.035823218524456024 -20.0  738561.7121150185
0.10091101378202438 -1.8141803741455078 87.08007049560547 0.019505444914102554 0.04067135229706764 -8.0  738561.7121151242
0.1004667729139328 -1.8139822483062744 87.07363891601562 0.017419883981347084 0.04552938789129257 -5.0  738561.7121152494
0.09997338801622391 -1.8138020038604736 87.07026672363281 0.01536454726010561 0.05040926858782768 -21.0  738561.712115353
0.0994303897023201 -1.813639521598816 87.06211853027344 0.013311917893588543 0.05531079322099686 -10.0  738561.7121154661
0.10299471020698547 -1.8128106594085693 87.0556869506836 0.02122458443045616 0.014677676372230053 -11.0  738561.7121155936
0.10281112790107727 -1.8126078844070435 87.05071258544922 0.01921580173075199 0.019625963643193245 -6.0  738561.7121157274
0.10257771611213684 -1.812422513961792 87.04681396484375 0.017182620242238045 0.02456308715045452 -14.0  738561.7121158271
0.10229506343603134 -1.8122546672821045 87.0438003540039 0.01514838170260191 0.02947482280433178 -10.0  738561.7121159466
0.10196404159069061 -1.8121042251586914 87.0319595336914 0.013086524792015553 0.034340135753154755 -29.0  738561.7121160565
0.10158542543649673 -1.8119709491729736 87.00675201416016 0.01095978170633316 0.03913985565304756 -36.0  738561.7121161997
0.10115912556648254 -1.8118537664413452 86.97110748291016 0.008979418314993382 0.0438389889895916 -30.0  738561.7121162934
0.10068601369857788 -1.8117481470108032 86.92843627929688 0.007460939697921276 0.04839092493057251 -10.0  738561.7121164084
0.10016879439353943 -1.8116451501846313 86.88725280761719 0.0068695382215082645 0.05273238196969032 -2.0  738561.7121165307
0.09961123019456863 -1.8115310668945312 86.8424072265625 0.007670324761420488 0.05681426823139191 9.0  738561.7121166417
0.09901822358369827 -1.8113881349563599 86.79805755615234 0.010347430594265461 0.06051917001605034 -6.0  738561.7121167692
0.10301943123340607 -1.8098218441009521 86.74722290039062 0.0316927507519722 0.01823820360004902 -24.0  738561.7121168677
0.10283807665109634 -1.8094154596328735 86.69120025634766 0.03927025571465492 0.020890988409519196 -62.0  738561.7121169872
0.1026422381401062 -1.8089077472686768 86.63190460205078 0.04957907646894455 0.022911911830306053 -71.0  738561.7121171006
0.1024399846792221 -1.8082735538482666 86.57681274414062 0.0626746118068695 0.024269448593258858 -80.0  738561.712117211
0.10223880410194397 -1.8074877262115479 86.52578735351562 0.07840489596128464 0.02506042830646038 -77.0  738561.7121173331
0.10204519331455231 -1.8065272569656372 86.48368835449219 0.09648661315441132 0.02536165714263916 -66.0  738561.7121174472
0.10186436772346497 -1.8053721189498901 86.44779205322266 0.11658782511949539 0.025276053696870804 -48.0  738561.7121175712
0.10169996321201324 -1.8040052652359009 86.41865539550781 0.13830173015594482 0.02495412901043892 -36.0  738561.7121177055
0.10155373066663742 -1.802414059638977 86.39789581298828 0.16121652722358704 0.024537786841392517 -29.0  738561.712117798
0.10142563283443451 -1.80059015750885 86.38518524169922 0.1849116086959839 0.024159615859389305 -11.0  738561.7121179067
0.10585989058017731 -1.7969989776611328 86.37850952148438 0.22825351357460022 -0.021040743216872215 -17.0  738561.7121180367
0.10622216016054153 -1.794548511505127 86.37230682373047 0.2523435950279236 -0.020912056788802147 -2.0  738561.7121181417
0.10659382492303848 -1.7918647527694702 86.37574768066406 0.2761268615722656 -0.020420566201210022 -2.0  738561.7121182501
0.10697060823440552 -1.788948893547058 86.37934875488281 0.29942888021469116 -0.01951458863914013 -5.0  738561.7121183671
0.10734818130731583 -1.785805344581604 86.38200378417969 0.3221040666103363 -0.01821000874042511 -11.0  738561.7121185005
0.10772240161895752 -1.782439947128296 86.3817367553711 0.344073086977005 -0.016494305804371834 -15.0  738561.7121186116
0.10808951407670975 -1.7788572311401367 86.3803482055664 0.36534515023231506 -0.014425608329474926 -14.0  738561.7121187324
0.10844666510820389 -1.775063395500183 86.3789291381836 0.3859628438949585 -0.012099221348762512 -11.0  738561.7121188212
0.10879219323396683 -1.7710641622543335 86.37813568115234 0.4060021638870239 -0.009640205651521683 -17.0  738561.7121189558
0.11175438016653061 -1.7709494829177856 86.3708724975586 0.37926408648490906 -0.03974093496799469 -12.0  738561.7121190749
0.11237280070781708 -1.7670100927352905 86.36532592773438 0.39851149916648865 -0.03729552403092384 -19.0  738561.7121192034
0.11298159509897232 -1.7628746032714844 86.35612487792969 0.41750410199165344 -0.03495508059859276 -19.0  738561.7121192936
0.11358346790075302 -1.758544683456421 86.34496307373047 0.436336487531662 -0.03286696970462799 -24.0  738561.712119424
0.1141817718744278 -1.7540229558944702 86.33299255371094 0.4550968408584595 -0.031107304617762566 -22.0  738561.7121195305
0.11483974754810333 -1.7488296031951904 86.31903076171875 0.4756307899951935 -0.029567604884505272 -24.0  738561.712119644
0.11544085294008255 -1.7439100742340088 86.306396484375 0.49423813819885254 -0.02850085310637951 -36.0  738561.7121197656
0.11604718863964081 -1.7388026714324951 86.28791809082031 0.5127696394920349 -0.027653882279992104 -20.0  738561.7121198777
0.11666020005941391 -1.7335089445114136 86.2730712890625 0.5311985611915588 -0.02701912820339203 -22.0  738561.712119995
0.11728024482727051 -1.7280336618423462 86.26338195800781 0.5494762659072876 -0.026500791311264038 -18.0  738561.7121201059
0.12209803611040115 -1.7227264642715454 86.25503540039062 0.5681448578834534 -0.07288961112499237 -9.0  738561.7121202336
0.12319780886173248 -1.716938853263855 86.25347137451172 0.5855211615562439 -0.0723915845155716 -11.0  738561.7121203443
0.12430112808942795 -1.7109836339950562 86.24858093261719 0.6023716926574707 -0.07170849293470383 -4.0  738561.7121204594
0.12540559470653534 -1.7048667669296265 86.24896240234375 0.6186081767082214 -0.07085506618022919 -1.0  738561.7121205708
0.12650850415229797 -1.6985965967178345 86.25492095947266 0.6341491341590881 -0.06980365514755249 -1.0  738561.7121206827
0.12760719656944275 -1.6921809911727905 86.25982666015625 0.6489256024360657 -0.06850947439670563 -5.0  738561.7121208045
0.12869893014431 -1.6856259107589722 86.26982116699219 0.662907063961029 -0.0670124739408493 12.0  738561.7121209223
0.12978093326091766 -1.6789366006851196 86.28528594970703 0.6761634349822998 -0.06534416228532791 13.0  738561.7121210364
0.13085073232650757 -1.6721196174621582 86.30245208740234 0.6886337995529175 -0.0635036826133728 18.0  738561.712121151
0.13190625607967377 -1.6651824712753296 86.32311248779297 0.7003087401390076 -0.06152995303273201 25.0  738561.7121212702
0.13294585049152374 -1.6581319570541382 86.3447036743164 0.7112258076667786 -0.059474971145391464 21.0  738561.7121213778
0.1378207951784134 -1.6527037620544434 86.36753845214844 0.7066863775253296 -0.09658351540565491 32.0  738561.7121215027
0.13920801877975464 -1.64561927318573 86.3912124633789 0.7163074016571045 -0.09447575360536575 31.0  738561.7121216092
0.14057762920856476 -1.638441801071167 86.41791534423828 0.7253378033638 -0.09244024008512497 23.0  738561.7121217331
0.14192944765090942 -1.6311765909194946 86.4413833618164 0.7337858080863953 -0.09041869640350342 28.0  738561.712121849
0.14326347410678864 -1.6238294839859009 86.4651870727539 0.7417155504226685 -0.0884617492556572 24.0  738561.7121219601
0.14457938075065613 -1.6164056062698364 86.48904418945312 0.7491241693496704 -0.08652254194021225 34.0  738561.7121220698
0.1458766758441925 -1.6089106798171997 86.51558685302734 0.7560541033744812 -0.08459624648094177 41.0  738561.7121221973
0.14715461432933807 -1.6013505458831787 86.54146575927734 0.7624792456626892 -0.08260133117437363 22.0  738561.7121223015
0.14841167628765106 -1.593729853630066 86.56448364257812 0.7684218883514404 -0.08043070882558823 34.0  738561.7121224335
0.14964601397514343 -1.5860530138015747 86.58866119384766 0.7738894820213318 -0.07813437283039093 35.0  738561.7121225423
0.15504726767539978 -1.5801291465759277 86.61532592773438 0.7630667686462402 -0.11979283392429352 20.0  738561.7121226474
0.15666253864765167 -1.5725394487380981 86.63282012939453 0.7675725221633911 -0.11701571941375732 13.0  738561.7121227644
0.15824894607067108 -1.5649070739746094 86.64859008789062 0.7716060280799866 -0.11402462422847748 11.0  738561.7121228913
0.15980467200279236 -1.5572365522384644 86.66205596923828 0.7751842737197876 -0.11085890978574753 3.0  738561.7121230004
0.16132807731628418 -1.5495319366455078 86.67720794677734 0.7783433794975281 -0.10759224742650986 15.0  738561.7121231104
0.16281795501708984 -1.5417975187301636 86.68709564208984 0.7810603380203247 -0.10413452237844467 9.0  738561.7121232392
0.16427305340766907 -1.5340368747711182 86.7029800415039 0.7834498882293701 -0.10064717382192612 7.0  738561.7121233552
0.16569188237190247 -1.526253342628479 86.70895385742188 0.7854388356208801 -0.09695839136838913 -2.0  738561.7121234651
0.16707345843315125 -1.5184502601623535 86.71334838867188 0.78713458776474 -0.09317182004451752 0.0  738561.7121235777
0.16841714084148407 -1.5106301307678223 86.72327423095703 0.7885972857475281 -0.08942825347185135 5.0  738561.7121236908
0.1733618974685669 -1.504998803138733 86.73262023925781 0.7694945931434631 -0.12397439032793045 10.0  738561.7121238147
0.1749977469444275 -1.4973763227462769 86.73856353759766 0.7703876495361328 -0.12011370807886124 14.0  738561.7121239252
0.17659474909305573 -1.4897444248199463 86.75393676757812 0.7710733413696289 -0.11637675017118454 24.0  738561.71212404
0.1781521588563919 -1.482105016708374 86.7685317993164 0.7715817093849182 -0.1126091480255127 26.0  738561.7121241541
0.17966978251934052 -1.4744597673416138 86.783203125 0.7718957662582397 -0.10885941982269287 10.0  738561.7121242832
0.1811477541923523 -1.4668103456497192 86.79243469238281 0.7720677852630615 -0.105008564889431 14.0  738561.7121243792
0.18258550763130188 -1.4591580629348755 86.80895233154297 0.7721157073974609 -0.10117815434932709 24.0  738561.7121245087
0.18398220837116241 -1.4515039920806885 86.82444763183594 0.7720363736152649 -0.09725124388933182 18.0  738561.7121246208
0.1853371560573578 -1.4438490867614746 86.833251953125 0.7718520760536194 -0.09316505491733551 0.0  738561.7121247335
0.1866491734981537 -1.4361943006515503 86.83684539794922 0.7715983986854553 -0.08892803639173508 14.0  738561.7121248483
0.19182103872299194 -1.4309828281402588 86.84674835205078 0.7488815188407898 -0.12550312280654907 14.0  738561.712124963
0.19343897700309753 -1.4235759973526 86.85755920410156 0.7485249042510986 -0.12123799324035645 22.0  738561.7121250783
0.19501268863677979 -1.4161709547042847 86.87277221679688 0.7480780482292175 -0.11701051890850067 25.0  738561.7121252059
0.19654221832752228 -1.4087684154510498 86.89134979248047 0.7475492358207703 -0.11283881217241287 24.0  738561.7121253199
0.1980278491973877 -1.4013690948486328 86.90333557128906 0.7469513416290283 -0.10857415199279785 6.0  738561.712125431
0.19946902990341187 -1.3939735889434814 86.9122085571289 0.7463091015815735 -0.1042652428150177 21.0  738561.7121255464
0.2010025978088379 -1.3858431577682495 86.92900848388672 0.7455552816390991 -0.09963560849428177 22.0  738561.7121256483
0.20235022902488708 -1.3784559965133667 86.944091796875 0.7448804974555969 -0.09542655199766159 29.0  738561.712125762
0.2036537081003189 -1.37107253074646 86.96038055419922 0.744231641292572 -0.09124889224767685 45.0  738561.7121258992
0.20815624296665192 -1.3672229051589966 86.98320770263672 0.706152617931366 -0.1255263239145279 44.0  738561.7121260167
0.209733247756958 -1.3602396249771118 87.00606536865234 0.7056263089179993 -0.12140944600105286 45.0  738561.7121261274
0.21126632392406464 -1.3532578945159912 87.02660369873047 0.7051759958267212 -0.11726220697164536 37.0  738561.712126256
0.21275563538074493 -1.3462769985198975 87.02660369873047 0.7048250436782837 -0.11307685822248459 26.0  738561.7121263507
0.21420159935951233 -1.3392963409423828 87.0445785522461 0.7045260667800903 -0.1089286357164383 35.0  738561.7121264716
0.215604767203331 -1.3323150873184204 87.06129455566406 0.7043172717094421 -0.10477069765329361 32.0  738561.7121265854
0.21696454286575317 -1.3253322839736938 87.0760498046875 0.7042063474655151 -0.10060573369264603 37.0  738561.7121266918
0.21828001737594604 -1.3183468580245972 87.0916748046875 0.7042094469070435 -0.09643039107322693 42.0  738561.7121268078
0.2195511758327484 -1.3113573789596558 87.1083755493164 0.7043493986129761 -0.09225858002901077 47.0  738561.7121269464
0.22077855467796326 -1.3043628931045532 87.13087463378906 0.704609751701355 -0.08804722875356674 52.0  738561.7121270504
0.22196166217327118 -1.297362208366394 87.15399932861328 0.7049713730812073 -0.08378899842500687 43.0  738561.7121271662
0.22700899839401245 -1.2922954559326172 87.17674255371094 0.6881335973739624 -0.11910777539014816 36.0  738561.7121272711
0.22848883271217346 -1.2854713201522827 87.19684600830078 0.6887314915657043 -0.11467817425727844 38.0  738561.7121273854
0.22992342710494995 -1.2786376476287842 87.21369171142578 0.6894419193267822 -0.11035916209220886 45.0  738561.7121275114
0.23131321370601654 -1.2717933654785156 87.2386474609375 0.6902632713317871 -0.10606894642114639 51.0  738561.7121276254
0.23265844583511353 -1.2649377584457397 87.26505279541016 0.6911538243293762 -0.10179808735847473 40.0  738561.712127736
0.2339594066143036 -1.2580698728561401 87.289794921875 0.6921421885490417 -0.09755513817071915 52.0  738561.7121278557
0.2352162003517151 -1.2511886358261108 87.31391143798828 0.6932684183120728 -0.09330549091100693 48.0  738561.7121279767
0.23642860352993011 -1.2442927360534668 87.33563995361328 0.6944934725761414 -0.08912096917629242 53.0  738561.7121281062
0.23759673535823822 -1.237380862236023 87.36028289794922 0.6958619356155396 -0.08496547490358353 58.0  738561.712128203
0.23872114717960358 -1.2304519414901733 87.38719940185547 0.6973777413368225 -0.08070513606071472 42.0  738561.712128318
0.2452954798936844 -1.2194081544876099 87.40718841552734 0.7432327270507812 -0.13088245689868927 46.0  738561.7121284384
0.24689367413520813 -1.2120224237442017 87.43014526367188 0.7450445294380188 -0.12666253745555878 47.0  738561.7121285493
0.24844837188720703 -1.2046151161193848 87.45176696777344 0.7470115423202515 -0.12251691520214081 49.0  738561.7121286654
0.24995991587638855 -1.1971851587295532 87.47703552246094 0.7490919232368469 -0.11841540783643723 33.0  738561.7121287788
0.2514292299747467 -1.1897321939468384 87.50273895263672 0.7512374520301819 -0.11430848389863968 40.0  738561.7121289081
0.25285637378692627 -1.1822561025619507 87.52713775634766 0.753397524356842 -0.11016277223825455 37.0  738561.7121290092
0.254240483045578 -1.1747570037841797 87.5494613647461 0.7555065155029297 -0.10599951446056366 41.0  738561.712129127
0.2555810511112213 -1.1672356128692627 87.57247161865234 0.7575187087059021 -0.10184195637702942 39.0  738561.7121292368
0.25687769055366516 -1.1596934795379639 87.60053253173828 0.7593994140625 -0.09759022295475006 44.0  738561.7121293515
0.2581293284893036 -1.1521321535110474 87.63064575195312 0.7610762715339661 -0.09320136904716492 32.0  738561.7121294673
0.25908708572387695 -1.1630746126174927 87.65875244140625 0.576810896396637 -0.09335572272539139 26.0  738561.7121295849
0.26022014021873474 -1.157339334487915 87.6812744140625 0.578066349029541 -0.08861971646547318 35.0  738561.7121297119
0.26130545139312744 -1.1515908241271973 87.70157623291016 0.5791133642196655 -0.08383204787969589 24.0  738561.7121298343
0.26234158873558044 -1.145830512046814 87.721923828125 0.5800103545188904 -0.0789746642112732 20.0  738561.7121299413
0.2633278965950012 -1.140059232711792 87.73606872558594 0.5808733105659485 -0.07406812906265259 25.0  738561.7121300611
0.264264851808548 -1.1342763900756836 87.74166107177734 0.5818450450897217 -0.06926677376031876 20.0  738561.7121301647
0.2651534080505371 -1.128480315208435 87.75030517578125 0.5830296277999878 -0.06451314687728882 30.0  738561.7121302747
0.2659947872161865 -1.122667908668518 87.75430297851562 0.5845664143562317 -0.059906117618083954 21.0  738561.7121303863
0.266790509223938 -1.1168348789215088 87.75430297851562 0.5865902304649353 -0.0554058812558651 29.0  738561.712130527
0.2675425708293915 -1.110975742340088 87.74857330322266 0.5891847610473633 -0.05108679458498955 37.0  738561.712130632
0.2741875946521759 -1.098711609840393 87.74857330322266 0.6587488651275635 -0.10448482632637024 30.0  738561.712130758
0.27545756101608276 -1.092139720916748 87.75313568115234 0.6625933647155762 -0.10057555884122849 15.0  738561.7121308713
0.2766905128955841 -1.0855228900909424 87.75313568115234 0.6670615077018738 -0.09677663445472717 12.0  738561.7121309979
0.2778884172439575 -1.078855037689209 87.74702453613281 0.6720932126045227 -0.0932316705584526 8.0  738561.7121310931
0.2790532112121582 -1.0721319913864136 87.74702453613281 0.6776025295257568 -0.08982102572917938 21.0  738561.7121312036
0.2801859974861145 -1.0653505325317383 87.75430297851562 0.6834456324577332 -0.0864882692694664 8.0  738561.7121313391
0.2813950777053833 -1.0578210353851318 87.75430297851562 0.6900508403778076 -0.08285065740346909 14.0  738561.7121314371
0.28245973587036133 -1.050911784172058 87.76571655273438 0.6960439085960388 -0.07939854264259338 0.0  738561.7121315817
0.2834903299808502 -1.0439430475234985 87.77232360839844 0.7018762230873108 -0.07583161443471909 3.0  738561.7121316884
0.2844853401184082 -1.036917805671692 87.7833251953125 0.70741868019104 -0.07205681502819061 6.0  738561.7121317872
0.2889217138290405 -1.034462571144104 87.79550170898438 0.6667249798774719 -0.10528518259525299 0.0  738561.7121319018
0.29019662737846375 -1.0278100967407227 87.8095474243164 0.6713721752166748 -0.1010603979229927 -2.0  738561.71213203
0.29019662737846375 -1.0278100967407227 87.82068634033203 0.6713721752166748 -0.1010603979229927 4.0  738561.7121321382
0.2914297878742218 -1.0211129188537598 87.83197784423828 0.67557293176651 -0.09665394574403763 9.0  738561.7121322508
0.292619526386261 -1.0143749713897705 87.84213256835938 0.6793525815010071 -0.09209758788347244 -9.0  738561.7121323663
0.29376420378685 -1.0075995922088623 87.84654235839844 0.6827976107597351 -0.08741693943738937 6.0  738561.7121324767
0.29486265778541565 -1.0007891654968262 87.8543930053711 0.6860133409500122 -0.08273841440677643 5.0  738561.7121325928
0.2959146499633789 -0.9939454197883606 87.85551452636719 0.6891090869903564 -0.0779748260974884 16.0  738561.7121327203
0.29692044854164124 -0.9870691299438477 87.86082458496094 0.6921904683113098 -0.07331366091966629 13.0  738561.7121328242
0.2978804111480713 -0.9801596999168396 87.86483001708984 0.6953384280204773 -0.06873048841953278 1.0  738561.7121329397
0.30209511518478394 -0.9755646586418152 87.86273956298828 0.6742045879364014 -0.10132568329572678 12.0  738561.7121330668
0.3033292293548584 -0.9688428640365601 87.86227416992188 0.6777070164680481 -0.09694960713386536 11.0  738561.7121331721
0.30452173948287964 -0.9620831608772278 87.86164855957031 0.6814396381378174 -0.09272480010986328 74.0  738561.7121332876
0.305674284696579 -0.9552832841873169 87.88142395019531 0.6853592395782471 -0.08890338987112045 165.0  738561.7121333865
0.3067885637283325 -0.9484412670135498 87.94966888427734 0.689380943775177 -0.08583326637744904 243.0  738561.7121335176
0.30786630511283875 -0.9415559768676758 88.06163024902344 0.6934667229652405 -0.0834411159157753 308.0  738561.7121336273
0.3089085519313812 -0.9346264004707336 88.21810150146484 0.697618842124939 -0.08167903870344162 384.0  738561.7121337471
0.3099153935909271 -0.9276515245437622 88.42194366455078 0.701754629611969 -0.08051331341266632 453.0  738561.712133848
0.3108867108821869 -0.9206316471099854 88.66667175292969 0.7058308124542236 -0.07983455806970596 515.0  738561.7121339696
0.3177706003189087 -0.9018922448158264 88.9500503540039 0.8529319763183594 -0.14984184503555298 594.0  738561.712134091
0.3193928897380829 -0.8933626413345337 89.27156066894531 0.8563787937164307 -0.15070924162864685 632.0  738561.7121342086
0.32097533345222473 -0.8847905397415161 89.62802124023438 0.8596093058586121 -0.15194907784461975 694.0  738561.7121343215
0.3225162625312805 -0.8761777877807617 90.0140151977539 0.8626354336738586 -0.1534704715013504 703.0  738561.7121344326
0.3240145146846771 -0.8675268292427063 90.42247772216797 0.8654283285140991 -0.15513412654399872 648.0  738561.7121345554
0.3254680633544922 -0.8588401079177856 90.8131332397461 0.868021547794342 -0.15629319846630096 623.0  738561.7121346706
0.32687413692474365 -0.850120484828949 91.18357849121094 0.8703306913375854 -0.15688841044902802 616.0  738561.7121347884
0.3282299339771271 -0.8413716554641724 91.5499496459961 0.8722361922264099 -0.15717454254627228 620.0  738561.712134903
0.3295331597328186 -0.832598090171814 91.91830444335938 0.8736887574195862 -0.15725620090961456 624.0  738561.712135018
0.33078232407569885 -0.8238049745559692 92.29338073730469 0.8745934963226318 -0.15723557770252228 640.0  738561.7121351293
0.3315049111843109 -0.8344672918319702 92.66959381103516 0.6566316485404968 -0.14153563976287842 646.0  738561.7121352464
0.332588791847229 -0.8278396129608154 93.04894256591797 0.6565351486206055 -0.13984768092632294 649.0  738561.7121353741
0.3336144983768463 -0.8212088346481323 93.4369125366211 0.6559290289878845 -0.13811326026916504 654.0  738561.7121354757
0.33458057045936584 -0.8145799040794373 93.82453155517578 0.6548896431922913 -0.1362617313861847 666.0  738561.712135595
0.3354854881763458 -0.8079572916030884 94.2067642211914 0.6535324454307556 -0.13428807258605957 640.0  738561.7121357217
0.3363286256790161 -0.8013443350791931 94.58032989501953 0.65203458070755 -0.1321917027235031 638.0  738561.7121358297
0.3371095359325409 -0.7947426438331604 94.93944549560547 0.6505776643753052 -0.12998142838478088 632.0  738561.7121359571
0.3378280699253082 -0.7881520986557007 95.29095458984375 0.6493372321128845 -0.1277838945388794 632.0  738561.7121360621
0.33907872438430786 -0.7749946713447571 95.63459777832031 0.6481558084487915 -0.12360141426324844 639.0  738561.7121361926
0.33907872438430786 -0.7749946713447571 95.97451782226562 0.6481558084487915 -0.12360141426324844 630.0  738561.7121362939
0.3441286087036133 -0.7686917185783386 96.6489028930664 0.5717149972915649 -0.15467216074466705 626.0  738561.712136412
0.3441286087036133 -0.7686917185783386 96.6489028930664 0.5717149972915649 -0.15467216074466705 621.0  738561.71213653
0.3449719548225403 -0.7628255486488342 96.98287963867188 0.5731445550918579 -0.15258242189884186 643.0  738561.7121366498
0.34575748443603516 -0.7569391131401062 97.32252502441406 0.5753059983253479 -0.15069659054279327 625.0  738561.7121367474
0.34648561477661133 -0.7510255575180054 97.6651840209961 0.5781475901603699 -0.1489948332309723 653.0  738561.7121368618
0.34715577960014343 -0.7450783252716064 98.01313781738281 0.581614077091217 -0.14740052819252014 635.0  738561.7121369852
0.3477669060230255 -0.7390916347503662 98.3711166381836 0.5856397747993469 -0.14588135480880737 638.0  738561.7121371002
0.3483175039291382 -0.7330611348152161 98.7261734008789 0.5901027321815491 -0.14426474273204803 635.0  738561.7121372144
0.3488510549068451 -0.726373553276062 99.12300872802734 0.5953897833824158 -0.14238028228282928 655.0  738561.7121373243
0.3492678701877594 -0.7202426195144653 99.4864501953125 0.6004819869995117 -0.14051002264022827 632.0  738561.7121374486
0.3496171236038208 -0.714061439037323 99.84534454345703 0.6057657599449158 -0.13840661942958832 624.0  738561.7121375643
0.355458527803421 -0.6960089206695557 100.20442199707031 0.7249574065208435 -0.21785704791545868 627.0  738561.7121376834
0.35626232624053955 -0.6884585618972778 100.5645751953125 0.7298910021781921 -0.21610422432422638 622.0  738561.7121377905
0.35699114203453064 -0.680858314037323 100.9211196899414 0.7348607778549194 -0.2141520082950592 627.0  738561.7121379154
0.3576432764530182 -0.6732091307640076 101.27906036376953 0.7398132681846619 -0.21207590401172638 627.0  738561.7121380201
0.3582174777984619 -0.6655125617980957 101.64384460449219 0.7446718811988831 -0.2099694013595581 653.0  738561.7121381431
0.35871177911758423 -0.6577701568603516 102.02200317382812 0.7493549585342407 -0.20791208744049072 676.0  738561.7121382554
0.3591252863407135 -0.6499847173690796 102.41719818115234 0.7537834048271179 -0.20595712959766388 671.0  738561.7121383735
0.35945752263069153 -0.6421597003936768 102.81339263916016 0.7579405903816223 -0.2038944810628891 690.0  738561.7121384875
0.35970714688301086 -0.6342986822128296 103.21586608886719 0.761791467666626 -0.2017902433872223 700.0  738561.7121385989
0.35987356305122375 -0.626405656337738 103.62757873535156 0.7653063535690308 -0.1996685266494751 691.0  738561.7121387245
0.3622710704803467 -0.6301441192626953 104.0353012084961 0.649052619934082 -0.19154497981071472 695.0  738561.7121388244
0.3625001907348633 -0.6233710646629333 104.45109558105469 0.6519849896430969 -0.18833589553833008 690.0  738561.7121389421
0.3626420199871063 -0.6165779829025269 104.85591888427734 0.6546676754951477 -0.18484829366207123 683.0  738561.7121390633
0.362695574760437 -0.6097685694694519 105.25104522705078 0.657142698764801 -0.18115633726119995 682.0  738561.712139174
0.36266013979911804 -0.6029456853866577 105.64073181152344 0.6595240235328674 -0.17732708156108856 683.0  738561.7121392894
0.3625347316265106 -0.5961108803749084 106.02826690673828 0.6619063019752502 -0.17344656586647034 651.0  738561.71213941
0.36231762170791626 -0.5892645120620728 106.39511108398438 0.6644671559333801 -0.16932806372642517 653.0  738561.7121395251
0.3620072901248932 -0.5824056267738342 106.75125122070312 0.6672735810279846 -0.16512757539749146 644.0  738561.7121396343
0.361603707075119 -0.5755324959754944 107.10464477539062 0.6703914999961853 -0.16095346212387085 652.0  738561.7121397542
0.3611077070236206 -0.5686429142951965 107.45510864257812 0.6738563179969788 -0.1568395495414734 657.0  738561.7121398663
0.36503860354423523 -0.5630412697792053 107.81678009033203 0.6504401564598083 -0.19318218529224396 650.0  738561.7121399892
0.36482515931129456 -0.5562458634376526 108.177001953125 0.654291033744812 -0.1892712414264679 638.0  738561.7121401079
0.36452028155326843 -0.5494261980056763 108.52888488769531 0.6584526300430298 -0.18547391891479492 629.0  738561.7121402227
0.36412373185157776 -0.5425795912742615 108.8860092163086 0.6628885865211487 -0.18191362917423248 647.0  738561.7121403269
0.3636358082294464 -0.5357039570808411 109.2480239868164 0.667542040348053 -0.17852063477039337 637.0  738561.7121404519
0.36305707693099976 -0.5287982821464539 109.60868072509766 0.6723516583442688 -0.17518454790115356 623.0  738561.7121405713
0.3623870015144348 -0.5218620896339417 109.97111511230469 0.6772762537002563 -0.17186632752418518 612.0  738561.7121406856
0.36162513494491577 -0.5148957967758179 110.32272338867188 0.6822491884231567 -0.16838879883289337 605.0  738561.7121407917
0.36077171564102173 -0.5079007744789124 110.67537689208984 0.6872357726097107 -0.16480320692062378 592.0  738561.7121409117
0.35982614755630493 -0.5008788108825684 111.02650451660156 0.6921366453170776 -0.16105827689170837 589.0  738561.7121410352
0.36300644278526306 -0.495332807302475 111.36997985839844 0.6668472290039062 -0.19169096648693085 575.0  738561.7121411467
0.3622981309890747 -0.4884149730205536 111.71178436279297 0.6713806390762329 -0.187418594956398 564.0  738561.7121412604
0.36149144172668457 -0.48147618770599365 112.05038452148438 0.6758208870887756 -0.18294614553451538 559.0  738561.712141378
0.3605855107307434 -0.47451895475387573 112.37600708007812 0.6801367998123169 -0.1782684624195099 552.0  738561.7121414857
0.35958045721054077 -0.46754562854766846 112.69658660888672 0.6843680143356323 -0.17350317537784576 550.0  738561.7121416089
0.35847675800323486 -0.46055805683135986 113.01408386230469 0.6885114908218384 -0.16872648894786835 546.0  738561.7121417166
0.3572734594345093 -0.45355749130249023 113.32714080810547 0.692615270614624 -0.16395416855812073 538.0  738561.7121418392
0.355971097946167 -0.4465448260307312 113.63774871826172 0.696707546710968 -0.15923930704593658 511.0  738561.7121419599
0.3545713424682617 -0.4395207166671753 113.93583679199219 0.7008416056632996 -0.154473215341568 506.0  738561.7121420737
0.3530745804309845 -0.43248528242111206 114.22916412353516 0.7050096988677979 -0.14977937936782837 513.0  738561.712142172
0.35701027512550354 -0.4346463978290558 114.52084350585938 0.5962982177734375 -0.1576290875673294 501.0  738561.7121423057
0.3559092879295349 -0.42856311798095703 114.81110382080078 0.6004891395568848 -0.15262192487716675 490.0  738561.7121424198
0.35471612215042114 -0.4224684238433838 115.09742736816406 0.6047044992446899 -0.14772948622703552 475.0  738561.7121425403
0.3534323275089264 -0.41636228561401367 115.36903381347656 0.6089803576469421 -0.14285169541835785 471.0  738561.7121426492
0.35205793380737305 -0.41024431586265564 115.63711547851562 0.6133261919021606 -0.13808472454547882 468.0  738561.7121427649
0.3505930006504059 -0.4041137993335724 115.89839935302734 0.6177912950515747 -0.13338778913021088 466.0  738561.7121428882
0.34903842210769653 -0.3979698717594147 116.15970611572266 0.6224077939987183 -0.1287921518087387 462.0  738561.712142997
0.34739330410957336 -0.39181119203567505 116.41706848144531 0.6272210478782654 -0.12423834949731827 449.0  738561.7121431064
0.3456560969352722 -0.3856360912322998 116.66547393798828 0.6322693824768066 -0.11966700851917267 443.0  738561.7121432226
0.3457479774951935 -0.3670428395271301 116.91089630126953 0.7612674236297607 -0.20477421581745148 444.0  738561.7121433514
0.3440597355365753 -0.359319806098938 117.15863800048828 0.766399621963501 -0.20089013874530792 423.0  738561.7121434605
0.3422784209251404 -0.3515750765800476 117.40105438232422 0.7717797756195068 -0.19698071479797363 419.0  738561.7121435741
0.3404048979282379 -0.3438073694705963 117.63712310791016 0.7773542404174805 -0.19308146834373474 438.0  738561.7121436853
0.33843910694122314 -0.33601534366607666 117.88648986816406 0.7830638885498047 -0.1894465982913971 440.0  738561.7121438008
0.3363814949989319 -0.3281986117362976 118.1415023803711 0.7887498736381531 -0.1859477311372757 443.0  738561.7121439197
0.3342331051826477 -0.3203583359718323 118.40982055664062 0.7942942976951599 -0.18263205885887146 445.0  738561.7121440357
0.33199453353881836 -0.31249678134918213 118.67717742919922 0.7995993494987488 -0.17923858761787415 446.0  738561.7121441619
0.32966747879981995 -0.30461785197257996 118.95757293701172 0.8044766783714294 -0.17591196298599243 437.0  738561.7121442652
0.32725322246551514 -0.29672685265541077 119.23323822021484 0.8087959289550781 -0.17234548926353455 414.0  738561.7121443927
0.3247529864311218 -0.2888301908969879 119.5004653930664 0.8125115633010864 -0.1684768944978714 416.0  738561.7121444952
0.328263521194458 -0.2930349111557007 119.76624298095703 0.6794577836990356 -0.15714699029922485 405.0  738561.7121446136
0.3262058198451996 -0.2863643765449524 120.02578735351562 0.6820277571678162 -0.15218259394168854 399.0  738561.712144725
0.324063777923584 -0.2797084450721741 120.27947235107422 0.6840332746505737 -0.1469981074333191 389.0  738561.7121448368
0.32183992862701416 -0.273072749376297 120.52167510986328 0.6855822205543518 -0.1415720134973526 376.0  738561.7121449602
0.319536030292511 -0.2664618492126465 120.7479019165039 0.6867995858192444 -0.13593557476997375 371.0  738561.7121450782
0.31715312600135803 -0.25987884402275085 120.96097564697266 0.6878575086593628 -0.13020816445350647 347.0  738561.7121451923
0.3146914541721344 -0.2533251941204071 121.15916442871094 0.6889355182647705 -0.12443790584802628 340.0  738561.7121453123
0.31215089559555054 -0.24680043756961823 121.34308624267578 0.6901979446411133 -0.11870025098323822 345.0  738561.7121454182
0.3095319867134094 -0.24030205607414246 121.52220153808594 0.6917548179626465 -0.1131543517112732 328.0  738561.7121455393
0.30683526396751404 -0.233826145529747 121.69254302978516 0.693705141544342 -0.10779597610235214 313.0  738561.7121456524
0.3091885447502136 -0.22737406194210052 121.85859680175781 0.6679581999778748 -0.14776234328746796 301.0  738561.7121457658
0.30686983466148376 -0.22092850506305695 122.02117156982422 0.6706652045249939 -0.14287972450256348 311.0  738561.7121458887
0.30447638034820557 -0.21448984742164612 122.18013763427734 0.6738239526748657 -0.13827502727508545 294.0  738561.7121460042
0.3020087480545044 -0.20805330574512482 122.33836364746094 0.6773383021354675 -0.13398456573486328 287.0  738561.7121461156
0.29946738481521606 -0.20161478221416473 122.4952392578125 0.6811691522598267 -0.12992455065250397 292.0  738561.7121462366
0.2968537509441376 -0.19517117738723755 122.66341400146484 0.6852192878723145 -0.12619653344154358 288.0  738561.7121463487
0.2941685914993286 -0.18872065842151642 122.83020782470703 0.6893907785415649 -0.12256024032831192 280.0  738561.7121464683
0.291412353515625 -0.18226276338100433 122.99705505371094 0.693596363067627 -0.11893252283334732 270.0  738561.7121465803
0.28858500719070435 -0.1757981777191162 123.15819549560547 0.6977548003196716 -0.11514874547719955 262.0  738561.7121466956
0.2856854200363159 -0.16932852566242218 123.31571197509766 0.7018097639083862 -0.11118316650390625 258.0  738561.7121468071
0.2922709882259369 -0.17654846608638763 123.47080993652344 0.5317093729972839 -0.11081606894731522 253.0  738561.7121469275
0.29022347927093506 -0.17150510847568512 123.62417602539062 0.5353970527648926 -0.10595805197954178 221.0  738561.7121470453
0.28810131549835205 -0.1664646565914154 123.76438903808594 0.538915753364563 -0.10081541538238525 205.0  738561.7121471628
0.28590378165245056 -0.16142983734607697 123.88805389404297 0.5422832369804382 -0.09542234241962433 199.0  738561.712147275
0.28363218903541565 -0.15640251338481903 124.00257110595703 0.5455437302589417 -0.08992700278759003 194.0  738561.7121473919
0.28128722310066223 -0.15138350427150726 124.11006164550781 0.5487839579582214 -0.08444447070360184 182.0  738561.7121474973
0.27886876463890076 -0.14637233316898346 124.21031951904297 0.5521311163902283 -0.0790531262755394 187.0  738561.7121476233
0.27637749910354614 -0.1413668841123581 124.30509185791016 0.5557157397270203 -0.07381803542375565 178.0  738561.7121477401
0.27355384826660156 -0.13586318492889404 124.40120697021484 0.5600847005844116 -0.0682893842458725 171.0  738561.7121478496
0.27091097831726074 -0.13085663318634033 124.48188781738281 0.5646016597747803 -0.06354261934757233 155.0  738561.7121479629
0.26336413621902466 -0.09956660866737366 124.55338287353516 0.8319405913352966 -0.17776568233966827 135.0  738561.712148089
0.26005157828330994 -0.09169936180114746 124.61695861816406 0.8373743891716003 -0.17380636930465698 105.0  738561.7121482064
0.2566632330417633 -0.08380847424268723 124.66744995117188 0.8434635400772095 -0.1699572205543518 80.0  738561.7121483159
0.2531997263431549 -0.07588820904493332 124.70954895019531 0.8501476049423218 -0.16623027622699738 69.0  738561.7121484306
0.24966081976890564 -0.06793418526649475 124.74478912353516 0.8572805523872375 -0.16255588829517365 89.0  738561.7121485508
0.24604584276676178 -0.05994392931461334 124.80248260498047 0.8646122813224792 -0.15924888849258423 81.0  738561.7121486588
0.24235466122627258 -0.051918186247348785 124.86526489257812 0.8718260526657104 -0.15585646033287048 86.0  738561.7121487715
0.2385876178741455 -0.043860990554094315 124.9328842163086 0.8786875009536743 -0.1521732211112976 83.0  738561.7121488841
0.23474648594856262 -0.03577939420938492 125.01246643066406 0.8847594261169434 -0.14821480214595795 70.0  738561.7121490061
0.23043745756149292 -0.026872411370277405 125.09765625 0.8903433680534363 -0.14316388964653015 68.0  738561.7121491181
0.24126403033733368 -0.04537362977862358 125.17987823486328 0.5866918563842773 -0.10516357421875 51.0  738561.712149244
0.2387063056230545 -0.03998212516307831 125.25819396972656 0.5892530679702759 -0.09911269694566727 38.0  738561.712149356
0.23608127236366272 -0.03461267054080963 125.3267822265625 0.5906240940093994 -0.09250802546739578 26.0  738561.7121494694
0.23339252173900604 -0.029276732355356216 125.37672424316406 0.5909362435340881 -0.08540470898151398 -3.0  738561.7121495856
0.23064330220222473 -0.023983605206012726 125.40280151367188 0.5904616117477417 -0.07791120558977127 -7.0  738561.712149705
0.227835550904274 -0.018740149214863777 125.40727996826172 0.5895348191261292 -0.07023344933986664 -5.0  738561.7121498128
0.2249699831008911 -0.01355004869401455 125.39456176757812 0.5885164141654968 -0.06259465217590332 -2.0  738561.7121499409
0.22204707562923431 -0.008412342518568039 125.36798095703125 0.5877463817596436 -0.05516207218170166 -6.0  738561.7121500415
0.21906733512878418 -0.003321352880448103 125.32817077636719 0.5875353217124939 -0.048044703900814056 1.0  738561.7121501572
0.2160307765007019 0.0017319358885288239 125.28897857666016 0.5881176590919495 -0.041447293013334274 -36.0  738561.7121502764
0.21103456616401672 0.023155715316534042 125.22789001464844 0.7380234003067017 -0.11620603501796722 -65.0  738561.7121503908
0.2076861709356308 0.02984776347875595 125.16028594970703 0.7407360076904297 -0.11038689315319061 -85.0  738561.7121505094
0.20427769422531128 0.03654005005955696 125.08528900146484 0.7445396184921265 -0.10500449687242508 -100.0  738561.7121506296
0.20080867409706116 0.04324514791369438 125.008544921875 0.7494288086891174 -0.1000925600528717 -108.0  738561.7121507382
0.19727839529514313 0.04997391253709793 124.93513488769531 0.7552253007888794 -0.09566961228847504 -88.0  738561.7121508607
0.19368627667427063 0.05673455074429512 124.87802124023438 0.7617216110229492 -0.0918041244149208 -76.0  738561.712150973
0.1900320053100586 0.06353175640106201 124.834716796875 0.7685912847518921 -0.08825578540563583 -78.0  738561.712151085
0.18631526827812195 0.07036657631397247 124.79702758789062 0.7754741907119751 -0.08472780138254166 -65.0  738561.7121512006
0.18253614008426666 0.07723674923181534 124.76937866210938 0.7821295857429504 -0.08109907060861588 -83.0  738561.7121513437
0.1786954551935196 0.08413703739643097 124.74193572998047 0.7882140278816223 -0.07708410173654556 -68.0  738561.7121514289
0.18414603173732758 0.08254387974739075 124.72425842285156 0.6676455140113831 -0.10154592245817184 -84.0  738561.712151545
0.1811375766992569 0.08861106634140015 124.70398712158203 0.6719093918800354 -0.09658471494913101 -99.0  738561.7121516605
0.1780688613653183 0.09468042105436325 124.67840576171875 0.6751736998558044 -0.09099232405424118 -105.0  738561.7121517793
0.1749415099620819 0.1007414162158966 124.64379119873047 0.6774721741676331 -0.08484664559364319 -98.0  738561.7121518928
0.17175717651844025 0.106784887611866 124.60489654541016 0.6789628267288208 -0.07835014909505844 -90.0  738561.7121520096
0.1685170978307724 0.11280377209186554 124.56326293945312 0.6798994541168213 -0.07167583703994751 -64.0  738561.7121521354
0.16522236168384552 0.11879386007785797 124.52229309082031 0.6805333495140076 -0.06501691788434982 -56.0  738561.7121522509
0.1618737280368805 0.12475378066301346 124.48367309570312 0.6811202168464661 -0.05854833871126175 -51.0  738561.7121523573
0.15847156941890717 0.13068494200706482 124.43882751464844 0.6819010376930237 -0.052268385887145996 -63.0  738561.7121524761
0.1550161987543106 0.13659146428108215 124.38200378417969 0.6830657124519348 -0.04619813710451126 -77.0  738561.7121525904
0.15970513224601746 0.13464796543121338 124.31941986083984 0.57127845287323 -0.0644979178905487 -92.0  738561.7121527042
0.15698422491550446 0.1397244781255722 124.25074005126953 0.5736078023910522 -0.05928879231214523 -109.0  738561.7121528182
0.15421223640441895 0.14479894936084747 124.17529296875 0.5766053199768066 -0.05449087545275688 -113.0  738561.7121529332
0.15138982236385345 0.14987978339195251 124.10118103027344 0.5802505016326904 -0.050170447677373886 -105.0  738561.71215307
0.1485172063112259 0.15497475862503052 124.02835845947266 0.5845076441764832 -0.04626227542757988 -91.0  738561.7121531724
0.1455937772989273 0.16009092330932617 123.96598815917969 0.5893424153327942 -0.04275531321763992 -83.0  738561.7121532814
0.14261890947818756 0.1652340292930603 123.90927124023438 0.5946925282478333 -0.03951878473162651 -77.0  738561.712153401
0.13959144055843353 0.1704084873199463 123.8561019897461 0.6005074381828308 -0.03639329597353935 -69.0  738561.7121535168
0.13650932908058167 0.17561769485473633 123.8125 0.6066840887069702 -0.03334176912903786 -83.0  738561.7121536306
0.13337074220180511 0.18086344003677368 123.76065826416016 0.6130968928337097 -0.030093738809227943 -96.0  738561.7121537473
0.12909150123596191 0.2013842612504959 123.7029800415039 0.7541956305503845 -0.10379820317029953 -104.0  738561.7121538593
0.12572190165519714 0.20825578272342682 123.642578125 0.7609325647354126 -0.09997311979532242 -135.0  738561.7121539729
0.1222897320985794 0.21516448259353638 123.57115936279297 0.7677244544029236 -0.09579236060380936 -138.0  738561.7121540968
0.11879462748765945 0.2221088856458664 123.49806213378906 0.774429440498352 -0.09140884876251221 -157.0  738561.7121542057
0.11523628979921341 0.22908712923526764 123.41857147216797 0.7809836864471436 -0.08675285428762436 -133.0  738561.7121543213
0.11161498725414276 0.23609669506549835 123.34911346435547 0.7871842980384827 -0.0820939913392067 -140.0  738561.7121544372
0.1079314798116684 0.24313433468341827 123.27876281738281 0.7929669618606567 -0.07731698453426361 -142.0  738561.7121545534
0.10418757796287537 0.25019606947898865 123.20803833007812 0.7982616424560547 -0.0724441185593605 -150.0  738561.712154666
0.10038623958826065 0.2572772800922394 123.13685607910156 0.8030048608779907 -0.06750131398439407 -146.0  738561.7121547852
0.09614203125238419 0.2650836110115051 123.05683135986328 0.807579755783081 -0.06199715659022331 -155.0  738561.7121549055
0.10240446776151657 0.2606402635574341 122.98294830322266 0.6547881364822388 -0.08006671071052551 -173.0  738561.7121550204
0.09948723763227463 0.2665684223175049 122.89796447753906 0.657788872718811 -0.07514103502035141 -170.0  738561.7121551413
0.09652413427829742 0.27249792218208313 122.80873107910156 0.6602872610092163 -0.07021335512399673 -174.0  738561.7121552576
0.09351768344640732 0.278425395488739 122.71288299560547 0.6624043583869934 -0.0652819573879242 -198.0  738561.7121553669
0.09046986699104309 0.28434860706329346 122.60355377197266 0.6643093824386597 -0.06026867404580116 -183.0  738561.7121554873
0.08738148957490921 0.29026663303375244 122.49555969238281 0.6661500930786133 -0.055355627089738846 -156.0  738561.712155602
0.08425237238407135 0.2961798906326294 122.3987045288086 0.6680728197097778 -0.05066642910242081 -148.0  738561.712155713
0.08108199387788773 0.3020903170108795 122.3044204711914 0.6702365279197693 -0.04610396549105644 -152.0  738561.712155831
0.07786983251571655 0.30800116062164307 122.2069091796875 0.6727656126022339 -0.04160189628601074 -147.0  738561.7121559521
0.0746147409081459 0.31391653418540955 122.11112976074219 0.6757372617721558 -0.03722912818193436 -145.0  738561.7121561138
0.07858829945325851 0.3155428171157837 122.01740264892578 0.6012703776359558 -0.07335567474365234 -161.0  738561.7121562298
0.07599597424268723 0.32103627920150757 121.91895294189453 0.605214536190033 -0.06928825378417969 -156.0  738561.7121562995
0.07335647195577621 0.32654836773872375 121.82152557373047 0.6095947027206421 -0.06533242762088776 -179.0  738561.7121563987
0.07066843658685684 0.3320833444595337 121.71541595458984 0.6143105626106262 -0.061391089111566544 -190.0  738561.7121565217
0.06793127208948135 0.33764445781707764 121.6061019897461 0.6192561984062195 -0.05751524865627289 -180.0  738561.7121566444
0.06514541804790497 0.343233585357666 121.50064086914062 0.6243661642074585 -0.05373573675751686 -158.0  738561.7121567506
0.06231136992573738 0.3488517701625824 121.40740966796875 0.6296056509017944 -0.050095945596694946 -157.0  738561.712156879
0.0594283752143383 0.3545001149177551 121.31897735595703 0.6348715424537659 -0.04650098457932472 -149.0  738561.7121569843
0.05649552866816521 0.3601791560649872 121.23336791992188 0.6401465535163879 -0.04288651794195175 -151.0  738561.712157107
0.05351285636425018 0.36588844656944275 121.14727783203125 0.6454274654388428 -0.039186351001262665 -145.0  738561.7121572273
0.04946747422218323 0.3843953609466553 121.062255859375 0.7759243249893188 -0.09814270585775375 -152.0  738561.7121573321
0.04627245292067528 0.39156097173690796 120.97109985351562 0.7812463045120239 -0.09401287883520126 -151.0  738561.7121574727
0.04302586242556572 0.39875560998916626 120.88021850585938 0.7865524291992188 -0.08980557322502136 -163.0  738561.712157573
0.03972794488072395 0.40597856044769287 120.78994750976562 0.7918169498443604 -0.08553888648748398 -159.0  738561.7121576845
0.036378148943185806 0.4132293164730072 120.70010375976562 0.796962559223175 -0.08120733499526978 -160.0  738561.7121577869
0.03297644853591919 0.4205065369606018 120.6117935180664 0.8019345998764038 -0.07680337876081467 -160.0  738561.7121579144
0.02952415496110916 0.4278077483177185 120.52430725097656 0.806623637676239 -0.07232829928398132 -159.0  738561.7121580319
0.02602256089448929 0.43512997031211853 120.44021606445312 0.8109496235847473 -0.06780954450368881 -154.0  738561.7121581495
0.022473253309726715 0.44246965646743774 120.35755920410156 0.8148699402809143 -0.06320469826459885 -187.0  738561.7121582539
0.018877826631069183 0.44982296228408813 120.26178741455078 0.81833416223526 -0.058312658220529556 -194.0  738561.7121583733
0.02753138728439808 0.43925657868385315 120.1600112915039 0.6028463840484619 -0.06946465373039246 -184.0  738561.7121584874
0.025086354464292526 0.4448178708553314 120.0605697631836 0.6053421497344971 -0.06476820260286331 -204.0  738561.7121586002
0.02259986102581024 0.45038026571273804 119.95248413085938 0.6073771119117737 -0.059936195611953735 -212.0  738561.7121587194
0.020072951912879944 0.455939918756485 119.83574676513672 0.6090272068977356 -0.05499834567308426 -224.0  738561.7121588333
0.017506565898656845 0.46149373054504395 119.71039581298828 0.6104294657707214 -0.04999673739075661 -198.0  738561.7121589534
0.014902019873261452 0.4670403301715851 119.59098052978516 0.6117492318153381 -0.045122917741537094 -177.0  738561.7121590697
0.012260163202881813 0.47258004546165466 119.47988891601562 0.6131641268730164 -0.04041784256696701 -182.0  738561.7121591808
0.009580590762197971 0.4781147539615631 119.36730194091797 0.6148567795753479 -0.03579958528280258 -150.0  738561.7121593122
0.006861943751573563 0.4836479723453522 119.26695251464844 0.6169654130935669 -0.0314364917576313 -162.0  738561.7121594189
0.004102667793631554 0.48918479681015015 119.16455841064453 0.6196125149726868 -0.027177736163139343 -143.0  738561.7121595317
0.0004128275904804468 0.5103410482406616 119.0704345703125 0.7672585248947144 -0.09333862364292145 -146.0  738561.7121596356
-0.002523380797356367 0.5175073146820068 118.9733657836914 0.7711728811264038 -0.08921507000923157 -171.0  738561.7121597617
-0.0055047571659088135 0.5246961712837219 118.86662292480469 0.7757384777069092 -0.08509419858455658 -157.0  738561.7121598677
-0.008532914333045483 0.5319138765335083 118.76840209960938 0.7808787822723389 -0.0811847373843193 -169.0  738561.7121599907
-0.011608925648033619 0.5391651391983032 118.6688461303711 0.7863941192626953 -0.07732737064361572 -162.0  738561.7121601047
-0.01473306119441986 0.546452522277832 118.5736312866211 0.7921663522720337 -0.07352636009454727 -141.0  738561.712160218
-0.017905298620462418 0.553776741027832 118.49447631835938 0.7979246973991394 -0.06988450884819031 -135.0  738561.7121603319
-0.021125761792063713 0.5611364245414734 118.42413330078125 0.8034363985061646 -0.06620355695486069 -125.0  738561.7121604537
-0.02439410239458084 0.5685279965400696 118.36166381835938 0.8084728717803955 -0.06239859759807587 -111.0  738561.7121605694
-0.02804415300488472 0.5766889452934265 118.30121612548828 0.8132510185241699 -0.05801308527588844 -118.0  738561.7121606908
-0.02206875942647457 0.5729939341545105 118.24907684326172 0.671528160572052 -0.08400420099496841 -105.0  738561.7121608013
-0.024527598172426224 0.5793083310127258 118.20198059082031 0.6742395162582397 -0.07968769967556 -121.0  738561.7121609165
-0.027029654011130333 0.5856253504753113 118.14846801757812 0.6761210560798645 -0.07503048330545425 -135.0  738561.7121610291
-0.029573051258921623 0.591937243938446 118.08624267578125 0.677287757396698 -0.07007789611816406 -116.0  738561.7121611522
-0.03215625509619713 0.5982377529144287 118.02794647216797 0.6778837442398071 -0.06504670530557632 -81.0  738561.7121612667
-0.034779131412506104 0.6045217514038086 117.98009490966797 0.6781314611434937 -0.06010402739048004 -90.0  738561.7121613858
-0.03744195029139519 0.6107863187789917 117.92960357666016 0.6782937049865723 -0.05517757683992386 -64.0  738561.7121615028
-0.04014458879828453 0.617031455039978 117.88496398925781 0.6785836219787598 -0.05043789744377136 -53.0  738561.7121616158
-0.04288676753640175 0.6232597827911377 117.8420639038086 0.6792075634002686 -0.045887622982263565 -40.0  738561.712161731
-0.045669011771678925 0.6294757723808289 117.80034637451172 0.6803229451179504 -0.041552308946847916 -60.0  738561.7121618454
-0.04374710097908974 0.6363549828529358 117.7491226196289 0.6652266979217529 -0.08382966369390488 -46.0  738561.7121619548
-0.0461270771920681 0.6426335573196411 117.70356750488281 0.6674889922142029 -0.07992095500230789 -54.0  738561.7121620663
-0.04854845628142357 0.6489195823669434 117.65921020507812 0.6703729629516602 -0.07628481090068817 -66.0  738561.7121621869
-0.05101144313812256 0.6552196145057678 117.61205291748047 0.6738386750221252 -0.07285866886377335 -48.0  738561.7121623036
-0.0535162016749382 0.6615393757820129 117.57923889160156 0.6777952313423157 -0.06978567689657211 -14.0  738561.7121624175
-0.05606317147612572 0.6678833365440369 117.5657958984375 0.6821272969245911 -0.06705272197723389 -7.0  738561.7121625756
-0.058653414249420166 0.674254834651947 117.56178283691406 0.6866936683654785 -0.06448991596698761 19.0  738561.7121626547
-0.061287835240364075 0.6806555390357971 117.57202911376953 0.6914265751838684 -0.06202290952205658 16.0  738561.7121627675
-0.06396769732236862 0.6870853304862976 117.58210754394531 0.6961058974266052 -0.05939861387014389 24.0  738561.7121628887
-0.06669425219297409 0.6935428380966187 117.59822845458984 0.7006783485412598 -0.05666525289416313 17.0  738561.7121630065
-0.06424359232187271 0.699524998664856 117.61429595947266 0.6759804487228394 -0.09831511974334717 3.0  738561.712163112
-0.06653524190187454 0.7059791684150696 117.62297058105469 0.6801093816757202 -0.09496547281742096 1.0  738561.7121632319
-0.06887663900852203 0.7124521136283875 117.63140869140625 0.683973491191864 -0.09137944877147675 -5.0  738561.7121633504
-0.07126803696155548 0.7189404964447021 117.63273620605469 0.6875755786895752 -0.08751821517944336 -6.0  738561.712163459
-0.07371027767658234 0.7254414558410645 117.63311767578125 0.6909645795822144 -0.08347542583942413 4.0  738561.7121636093
-0.07620405405759811 0.7319526672363281 117.63975524902344 0.6941745281219482 -0.0793909803032875 33.0  738561.7121637017
-0.0787498876452446 0.738472580909729 117.65945434570312 0.6972945332527161 -0.07539105415344238 43.0  738561.7121638233
-0.0813484862446785 0.7450006008148193 117.68402862548828 0.7003927826881409 -0.07141929864883423 48.0  738561.7121639318
-0.0840003490447998 0.7515366673469543 117.71109008789062 0.7035182118415833 -0.0674949362874031 44.0  738561.7121640472
-0.08670564740896225 0.7580814361572266 117.73721313476562 0.7067288756370544 -0.06359048187732697 43.0  738561.7121641681
-0.08202783763408661 0.7557428479194641 117.76374816894531 0.5946640968322754 -0.08467064797878265 49.0  738561.7121642752
-0.08408237993717194 0.7614044547080994 117.79161834716797 0.5981082320213318 -0.08088234812021255 53.0  738561.7121643896
-0.08618898689746857 0.767078697681427 117.81668853759766 0.6016988158226013 -0.07715775072574615 30.0  738561.7121645045
-0.08834812790155411 0.7727673649787903 117.83101654052734 0.6054343581199646 -0.07343479245901108 23.0  738561.7121646188
-0.09055962413549423 0.778472363948822 117.84124755859375 0.6093561053276062 -0.06975223124027252 28.0  738561.7121647478
-0.09282302111387253 0.7841954827308655 117.85411834716797 0.6134766936302185 -0.066195048391819 48.0  738561.7121648913
-0.09513933956623077 0.789939284324646 117.87689971923828 0.617828905582428 -0.06280733644962311 69.0  738561.7121649851
-0.09751022607088089 0.7957066297531128 117.9095458984375 0.6224368810653687 -0.05956093594431877 72.0  738561.712165089
-0.09993578493595123 0.8014995455741882 117.94621276855469 0.6273273825645447 -0.05636998638510704 76.0  738561.7121652047
-0.10241610556840897 0.8073197603225708 117.98462677001953 0.6324781775474548 -0.05319764465093613 74.0  738561.7121653266
-0.10230380296707153 0.8207822442054749 118.02130126953125 0.6931995153427124 -0.11014813184738159 74.0  738561.712165441
-0.10462966561317444 0.8274360299110413 118.05738067626953 0.6988328695297241 -0.10697874426841736 41.0  738561.7121655504
-0.1070152074098587 0.8341240882873535 118.08311462402344 0.7046546936035156 -0.10367120802402496 50.0  738561.7121656586
-0.10946132987737656 0.8408477902412415 118.11351013183594 0.7106059193611145 -0.1004302129149437 72.0  738561.7121657748
-0.11196770519018173 0.8476073145866394 118.15625762939453 0.7165718674659729 -0.09731730818748474 106.0  738561.7121658913
-0.11453483253717422 0.8544026613235474 118.21736907958984 0.7224645018577576 -0.09443211555480957 112.0  738561.7121660019
-0.11716247349977493 0.8612327575683594 118.28828430175781 0.728257417678833 -0.09161024540662766 142.0  738561.7121661167
-0.11984944343566895 0.8680952787399292 118.37667846679688 0.7338757514953613 -0.08891481161117554 137.0  738561.7121662411
-0.12259538471698761 0.8749872446060181 118.46292877197266 0.7391464114189148 -0.08603335171937943 119.0  738561.7121663467
-0.12568503618240356 0.882598340511322 118.55030059814453 0.7445715665817261 -0.08255394548177719 124.0  738561.7121664673
-0.12469124048948288 0.8932532668113708 118.63079071044922 0.7636426091194153 -0.13248509168624878 126.0  738561.712166588
-0.1272249072790146 0.9005967378616333 118.71234130859375 0.767827570438385 -0.12905296683311462 126.0  738561.7121666934
-0.12981757521629333 0.907954752445221 118.79373168945312 0.7716250419616699 -0.12549279630184174 107.0  738561.7121668118
-0.13246870040893555 0.9153234958648682 118.86651611328125 0.7750602960586548 -0.12175274640321732 121.0  738561.7121669356
-0.13517732918262482 0.9226993918418884 118.9469985961914 0.7781296968460083 -0.11806024610996246 158.0  738561.7121670475
-0.1379423588514328 0.9300792217254639 119.04530334472656 0.7808840274810791 -0.11456649750471115 183.0  738561.7121671629
-0.14076296985149384 0.9374604225158691 119.15443420410156 0.7833755016326904 -0.11118917167186737 211.0  738561.7121672714
-0.14363884925842285 0.9448407888412476 119.28068542480469 0.7856635451316833 -0.10799320042133331 208.0  738561.7121673936
-0.14656923711299896 0.9522183537483215 119.40803527832031 0.7877688407897949 -0.1047830730676651 221.0  738561.7121675129
-0.1495532989501953 0.9595915079116821 119.53909301757812 0.7897554636001587 -0.1016070768237114 228.0  738561.7121676349
-0.14256878197193146 0.9511033892631531 119.6748275756836 0.6010066866874695 -0.10700191557407379 225.0  738561.7121677368
-0.1446414291858673 0.9568506479263306 119.80880737304688 0.6028033494949341 -0.10331469774246216 208.0  738561.7121678601
-0.14676789939403534 0.9625899791717529 119.92989349365234 0.604543924331665 -0.09946780651807785 182.0  738561.7121679633
-0.1489477902650833 0.9683204889297485 120.03840637207031 0.6062396168708801 -0.09551806002855301 182.0  738561.7121680906
-0.15118077397346497 0.9740418791770935 120.14315795898438 0.6079525947570801 -0.09157964587211609 194.0  738561.7121682119
-0.1534668356180191 0.9797545671463013 120.24943542480469 0.609756350517273 -0.08773832768201828 213.0  738561.7121683159
-0.1558067351579666 0.9854599237442017 120.36579132080078 0.6117590069770813 -0.08409129083156586 226.0  738561.712168455
-0.15820135176181793 0.9911603331565857 120.48445129394531 0.6140477657318115 -0.08055983483791351 223.0  738561.7121685464
-0.16065120697021484 0.9968589544296265 120.60124206542969 0.616725504398346 -0.07710514962673187 233.0  738561.712168662
-0.16315768659114838 1.002559781074524 120.72140502929688 0.6198774576187134 -0.0737728625535965 226.0  738561.712168789
-0.1657397598028183 1.0239582061767578 120.84159851074219 0.7606008648872375 -0.15210291743278503 222.0  738561.7121688976
-0.1683679074048996 1.0312716960906982 120.9583511352539 0.7645768523216248 -0.14920617640018463 212.0  738561.7121690088
-0.17105892300605774 1.0386011600494385 121.06977081298828 0.7690865397453308 -0.14630967378616333 234.0  738561.7121691469
-0.1738150715827942 1.0459508895874023 121.20500946044922 0.773958146572113 -0.14374180138111115 304.0  738561.7121692486
-0.17663690447807312 1.05332350730896 121.38011932373047 0.779043436050415 -0.1417069435119629 343.0  738561.7121693563
-0.17952466011047363 1.0607200860977173 121.58085632324219 0.7842012047767639 -0.13995511829853058 357.0  738561.7121694629
-0.18247976899147034 1.0681403875350952 121.7967300415039 0.7892544865608215 -0.13827472925186157 369.0  738561.7121695852
-0.18550312519073486 1.0755819082260132 122.02336883544922 0.794043779373169 -0.1365058422088623 366.0  738561.7121697081
-0.18859481811523438 1.0830402374267578 122.25385284423828 0.7983840107917786 -0.13450844585895538 374.0  738561.7121698199
-0.1917543113231659 1.0905095338821411 122.49307250976562 0.8021526336669922 -0.1323186606168747 371.0  738561.7121699387
-0.18660251796245575 1.087340235710144 122.73092651367188 0.6682309508323669 -0.1430700272321701 358.0  738561.7121700458
-0.18904563784599304 1.093730092048645 122.95817565917969 0.6707175374031067 -0.13954636454582214 324.0  738561.7121701662
-0.19155532121658325 1.100109577178955 123.1695327758789 0.6726279854774475 -0.13556836545467377 332.0  738561.712170274
-0.19413158297538757 1.1064718961715698 123.38050079345703 0.6740396618843079 -0.13138379156589508 346.0  738561.7121703959
-0.19677312672138214 1.1128116846084595 123.5905990600586 0.6750554442405701 -0.12707974016666412 363.0  738561.7121705186
-0.19947881996631622 1.119125485420227 123.80469512939453 0.6758387684822083 -0.12280099838972092 369.0  738561.7121706285
-0.20224878191947937 1.1254112720489502 124.01568603515625 0.6765970587730408 -0.11854100227355957 379.0  738561.7121707402
-0.20508302748203278 1.1316691637039185 124.2269287109375 0.6774917244911194 -0.11441171914339066 384.0  738561.7121708804
-0.20798154175281525 1.1379014253616333 124.43460845947266 0.6786774396896362 -0.11042898148298264 385.0  738561.7121709677
-0.21094432473182678 1.1441117525100708 124.63800811767578 0.6802799701690674 -0.10661323368549347 371.0  738561.7121710895
-0.20858536660671234 1.150063157081604 124.8340072631836 0.6490239500999451 -0.14643600583076477 363.0  738561.7121712051
-0.21112990379333496 1.1562201976776123 125.02103424072266 0.6516051292419434 -0.1427617371082306 325.0  738561.7121713201
-0.21374213695526123 1.1623713970184326 125.19290924072266 0.6547446250915527 -0.1391454041004181 309.0  738561.7121714397
-0.2164219319820404 1.1685220003128052 125.36034393310547 0.6584033966064453 -0.13568787276744843 322.0  738561.7121715505
-0.21917028725147247 1.174676537513733 125.54013061523438 0.6624683737754822 -0.13252124190330505 371.0  738561.7121716642
-0.22198858857154846 1.1808385848999023 125.74806213378906 0.6668029427528381 -0.12976394593715668 392.0  738561.7121717897
-0.2248782068490982 1.1870100498199463 125.97157287597656 0.6713382005691528 -0.12716646492481232 406.0  738561.7121718951
-0.2278405725955963 1.193191647529602 126.20753479003906 0.6760066747665405 -0.12462569773197174 393.0  738561.7121720094
-0.23087632656097412 1.199383020401001 126.43868255615234 0.680704653263092 -0.12191127985715866 407.0  738561.7121721385
-0.23398661613464355 1.2055827379226685 126.67579650878906 0.6853694319725037 -0.11908581107854843 386.0  738561.7121722545
-0.23174284398555756 1.2117825746536255 126.9012222290039 0.6566641330718994 -0.159939244389534 357.0  738561.712172378
-0.23472537100315094 1.218611478805542 127.12997436523438 0.6613105535507202 -0.15575635433197021 307.0  738561.7121724878
-0.23751960694789886 1.2248190641403198 127.3107681274414 0.6653900146484375 -0.15145842730998993 264.0  738561.7121725914
-0.24039246141910553 1.2310231924057007 127.46912384033203 0.669365644454956 -0.1467750072479248 257.0  738561.7121727038
-0.2433435469865799 1.2372214794158936 127.62789916992188 0.6731973886489868 -0.14201189577579498 313.0  738561.7121728229
-0.2463730275630951 1.2434122562408447 127.81135559082031 0.6768769025802612 -0.13748937845230103 339.0  738561.7121729406
-0.24948091804981232 1.2495943307876587 128.01153564453125 0.6805133819580078 -0.13315041363239288 377.0  738561.7121730597
-0.2526679039001465 1.2557673454284668 128.23184204101562 0.6841716170310974 -0.1290622055530548 393.0  738561.712173174
-0.2559344172477722 1.2619316577911377 128.4532012939453 0.6879294514656067 -0.12500905990600586 372.0  738561.7121732815
-0.25927984714508057 1.2680879831314087 128.66148376464844 0.691814661026001 -0.12092307955026627 343.0  738561.7121733997
-0.25698259472846985 1.272325873374939 128.8444366455078 0.6439781785011292 -0.14987778663635254 290.0  738561.7121735383
-0.25990328192710876 1.2782750129699707 129.0039825439453 0.6482582688331604 -0.14524021744728088 245.0  738561.712173638
-0.2629034221172333 1.284220814704895 129.13516235351562 0.6527924537658691 -0.1403769552707672 199.0  738561.712173747
-0.2659841477870941 1.290164828300476 129.23805236816406 0.6575378775596619 -0.13530310988426208 131.0  738561.7121738632
-0.26914680004119873 1.296108365058899 129.30718994140625 0.6625052094459534 -0.12989024817943573 137.0  738561.712173994
-0.27239060401916504 1.3020524978637695 129.39076232910156 0.6675441265106201 -0.12467017769813538 178.0  738561.7121740947
-0.2757158875465393 1.3079978227615356 129.4976806640625 0.6726332306861877 -0.11971322447061539 191.0  738561.7121742261
-0.27912428975105286 1.3139444589614868 129.6077117919922 0.6777855753898621 -0.114728182554245 199.0  738561.7121743215
-0.28261610865592957 1.3198919296264648 129.72108459472656 0.6829475164413452 -0.10971421003341675 173.0  738561.7121744422
-0.28619107604026794 1.325839638710022 129.81704711914062 0.6881469488143921 -0.10440413653850555 133.0  738561.7121745624
-0.28447797894477844 1.3325079679489136 129.8887481689453 0.6643792390823364 -0.14456382393836975 65.0  738561.7121746746
-0.2876780927181244 1.3385261297225952 129.91204833984375 0.6695818901062012 -0.13819916546344757 -48.0  738561.7121747893
-0.2909621298313141 1.3445415496826172 129.8800048828125 0.67484050989151 -0.13113746047019958 -80.0  738561.7121749026
-0.2943285405635834 1.3505535125732422 129.84178161621094 0.6799854040145874 -0.12401067465543747 -40.0  738561.7121750256
-0.2977771461009979 1.356561303138733 129.82266235351562 0.6849746704101562 -0.11713336408138275 -46.0  738561.7121751358
-0.3013080060482025 1.3625644445419312 129.7947540283203 0.6898922324180603 -0.11019930988550186 -76.0  738561.7121752452
-0.30492091178894043 1.3685625791549683 129.74368286132812 0.69477379322052 -0.1030396819114685 -132.0  738561.7121753682
-0.30861589312553406 1.3745554685592651 129.65286254882812 0.6996514201164246 -0.09545422345399857 -232.0  738561.7121754932
-0.31239116191864014 1.3805432319641113 129.50840759277344 0.7045563459396362 -0.08725637942552567 -316.0  738561.7121755953
-0.31624409556388855 1.3865262269973755 129.31707763671875 0.7094595432281494 -0.07853428274393082 -391.0  738561.712175739
-0.3112669885158539 1.3853551149368286 129.0803680419922 0.6002489328384399 -0.09383783489465714 -479.0  738561.7121758336
-0.31436392664909363 1.3905998468399048 128.79649353027344 0.6052040457725525 -0.08462139219045639 -555.0  738561.7121759539
-0.317536324262619 1.3958406448364258 128.47007751464844 0.6100544333457947 -0.07503518462181091 -601.0  738561.7121760618
-0.320782333612442 1.4010777473449707 128.1211395263672 0.6148021221160889 -0.06530094891786575 -608.0  738561.7121761742
-0.32410115003585815 1.4063119888305664 127.77046966552734 0.61944979429245 -0.05565130338072777 -605.0  738561.7121762915
-0.3274921178817749 1.4115444421768188 127.4131851196289 0.6240570545196533 -0.046043988317251205 -664.0  738561.7121764183
