0.20688483119010925 -1.5976301431655884 94.83531188964844 -0.004760324489325285 -9.492939716437832e-05 2.0  738512.6411474056
0.2068897932767868 -1.59767746925354 94.8368911743164 -0.0047616297379136086 -9.581416816217825e-05 17.0  738512.641147516
0.20689477026462555 -1.5977247953414917 94.84146881103516 -0.004761872347444296 -9.616113675292581e-05 -8.0  738512.6411476354
0.2068997621536255 -1.597772240638733 94.83666229248047 -0.004767498467117548 -9.925889025907964e-05 12.0  738512.641147745
0.20690478384494781 -1.5978196859359741 94.843505859375 -0.004778343252837658 -9.964527271222323e-05 -52.0  738512.641147868
0.20690986514091492 -1.5978672504425049 94.8373794555664 -0.00479648495092988 -0.00010980218939948827 -27.0  738512.6411479858
0.20691506564617157 -1.5979150533676147 94.838134765625 -0.004820174537599087 -0.00012024522584397346 -27.0  738512.6411481003
0.20692044496536255 -1.5979630947113037 94.83065795898438 -0.004855248145759106 -0.00014192111848387867 22.0  738512.6411481999
0.20692606270313263 -1.5980116128921509 94.8345947265625 -0.004897282924503088 -0.00016223479178734124 -13.0  738512.641148318
0.2069319486618042 -1.5980604887008667 94.82487487792969 -0.00494337547570467 -0.00018687814008444548 7.0  738512.6411484326
0.20682987570762634 -1.5975301265716553 94.82264709472656 -0.004911114927381277 -0.00017546245362609625 6.0  738512.6411485634
0.20683568716049194 -1.597579002380371 94.82488250732422 -0.0049308487214148045 -0.0001599398092366755 -19.0  738512.6411486627
0.20684128999710083 -1.597628116607666 94.80538940429688 -0.004946730565279722 -0.0001343503245152533 -50.0  738512.6411487911
0.2068464457988739 -1.5976771116256714 94.77710723876953 -0.004915178287774324 -8.04177689133212e-05 -91.0  738512.6411489033
0.20685096085071564 -1.5977258682250977 94.72913360595703 -0.004888638388365507 -1.6619016605545767e-05 -96.0  738512.6411490266
0.20685502886772156 -1.597774624824524 94.68453216552734 -0.004895604215562344 5.066808171250159e-06 -27.0  738512.6411491306
0.20685908198356628 -1.5978237390518188 94.66544342041016 -0.004954471718519926 -9.569520443619695e-06 -67.0  738512.6411492474
0.20686344802379608 -1.597873568534851 94.63396453857422 -0.00503607839345932 -5.553988739848137e-05 -64.0  738512.6411493628
0.2068677842617035 -1.5979236364364624 94.59770202636719 -0.005034511908888817 -1.396720836055465e-05 -65.0  738512.6411494866
0.20726148784160614 -1.5974820852279663 94.54912567138672 -0.0005719668115489185 -0.003892265260219574 -149.0  738512.641149608
0.2072995901107788 -1.59748375415802 94.46800994873047 -0.0003455379046499729 -0.00367108266800642 -200.0  738512.6411497178
0.20733514428138733 -1.5974832773208618 94.34407043457031 -9.177912579616532e-05 -0.0034106264356523752 -305.0  738512.6411498211
0.20736773312091827 -1.5974804162979126 94.15816497802734 0.00018351689504925162 -0.003133567748591304 -375.0  738512.6411499347
0.20739717781543732 -1.5974749326705933 93.95002746582031 0.0004953033640049398 -0.0028250745963305235 -363.0  738512.6411500593
0.2074228823184967 -1.5974661111831665 93.7338638305664 0.0009039887227118015 -0.0024377331137657166 -385.0  738512.641150173
0.20744429528713226 -1.5974534749984741 93.50555419921875 0.001294497400522232 -0.0020465035922825336 -424.0  738512.641150289
0.2074608951807022 -1.5974373817443848 93.25774383544922 0.0016584406839683652 -0.0015464883763343096 -501.0  738512.6411504148
0.20747169852256775 -1.597417950630188 92.96669006347656 0.002032700227573514 -0.0009590883273631334 -518.0  738512.6411505176
0.20747554302215576 -1.5973957777023315 92.66492462158203 0.002308330964297056 -0.0002447167644277215 -548.0  738512.6411506361
0.2074708491563797 -1.5973716974258423 92.35540008544922 0.002503085182979703 0.0006410016794689 -553.0  738512.6411507442
0.2089954912662506 -1.5977877378463745 92.0335464477539 -0.002841428155079484 -0.014908852055668831 -578.0  738512.6411508742
0.20913591980934143 -1.5978107452392578 91.69580078125 -0.0026705563068389893 -0.013379307463765144 -616.0  738512.6411509822
0.20925788581371307 -1.5978342294692993 91.33738708496094 -0.0026095130015164614 -0.011549451388418674 -672.0  738512.6411511076
0.20935818552970886 -1.5978606939315796 90.95963287353516 -0.0028097783215343952 -0.009444680996239185 -692.0  738512.6411512105
0.20943352580070496 -1.597894310951233 90.5787124633789 -0.0034750408958643675 -0.007071501109749079 -661.0  738512.6411513344
0.20948021113872528 -1.597940444946289 90.20530700683594 -0.004699940327554941 -0.00436245184391737 -648.0  738512.6411514458
0.20949311554431915 -1.5980039834976196 89.8408432006836 -0.0064446027390658855 -0.0011901470134034753 -626.0  738512.6411515693
0.20946525037288666 -1.5980885028839111 89.48387145996094 -0.008520356379449368 0.002579102758318186 -612.0  738512.6411516801
0.2093886286020279 -1.5981955528259277 89.12947082519531 -0.010762350633740425 0.007076685316860676 -611.0  738512.6411518017
0.21087408065795898 -1.5951833724975586 88.77745819091797 0.025665363296866417 -0.007912753149867058 -583.0  738512.6411519161
0.21087601780891418 -1.5949565172195435 88.44205474853516 0.02351531758904457 -0.002081813756376505 -557.0  738512.6411520211
0.21081723272800446 -1.594749093055725 88.11760711669922 0.02144322730600834 0.003979051485657692 -555.0  738512.6411521471
0.21068403124809265 -1.5945416688919067 87.76036071777344 0.019287530332803726 0.010583248920738697 -567.0  738512.6411522481
0.21050593256950378 -1.594370722770691 87.42829132080078 0.017412520945072174 0.016214927658438683 -579.0  738512.6411523693
0.2102826088666916 -1.5942153930664062 87.09107208251953 0.015614556148648262 0.021157845854759216 -590.0  738512.6411524892
0.21002309024333954 -1.594075083732605 86.75967407226562 0.013888155110180378 0.025120394304394722 -560.0  738512.641152598
0.20973548293113708 -1.5939499139785767 86.43729400634766 0.012164639309048653 0.02802121452987194 -547.0  738512.6411527195
0.20942626893520355 -1.5938397645950317 86.1251449584961 0.010530535131692886 0.030052177608013153 -514.0  738512.6411528375
0.209098681807518 -1.5937445163726807 85.8292007446289 0.00892185140401125 0.03153960779309273 -517.0  738512.6411529394
0.20875288546085358 -1.5936647653579712 85.53163146972656 0.0073067499324679375 0.03281344845890999 -519.0  738512.6411530706
0.2117576152086258 -1.5956851243972778 85.23220825195312 -0.013846348971128464 -0.001081094378605485 -515.0  738512.6411531739
0.21171529591083527 -1.5958528518676758 84.94225311279297 -0.015514631755650043 0.000488851685076952 -502.0  738512.6411532952
0.2116447389125824 -1.5960384607315063 84.65684509277344 -0.017316333949565887 0.0024897237308323383 -496.0  738512.6411534239
0.21154172718524933 -1.5962423086166382 84.37574005126953 -0.019260961562395096 0.004939225036650896 -471.0  738512.6411535282
0.2114018201828003 -1.5964651107788086 84.10833740234375 -0.021395837888121605 0.007869209162890911 -454.0  738512.6411536359
0.21122142672538757 -1.5967072248458862 83.84930419921875 -0.023603182286024094 0.01126720942556858 -435.0  738512.6411537684
0.2109992504119873 -1.596968412399292 83.60549926757812 -0.025882363319396973 0.015065194107592106 -402.0  738512.6411538714
0.210735023021698 -1.597248911857605 83.37670135498047 -0.0282455887645483 0.019110944122076035 -386.0  738512.6411539965
0.2104303389787674 -1.5975490808486938 83.15608978271484 -0.03078794665634632 0.02311837114393711 -366.0  738512.6411540974
0.21008887887001038 -1.59786856174469 82.94332885742188 -0.03336283937096596 0.02695762738585472 -354.0  738512.6411542164
0.2503732144832611 -1.6036403179168701 82.738037109375 -0.04408247023820877 -0.4093250036239624 -339.0  738512.6411543413
0.254393070936203 -1.6045840978622437 82.54153442382812 -0.0440727062523365 -0.4084995985031128 -363.0  738512.6411544489
0.2583959698677063 -1.6055421829223633 82.31805419921875 -0.04359796643257141 -0.40822848677635193 -451.0  738512.6411545621
0.2623882591724396 -1.6065127849578857 82.0418930053711 -0.04257795587182045 -0.4083080291748047 -542.0  738512.6411546842
0.2663750648498535 -1.6074942350387573 81.72076416015625 -0.04126734286546707 -0.40842577815055847 -609.0  738512.6411547879
0.27035871148109436 -1.6084858179092407 81.36567687988281 -0.03993228077888489 -0.4082127809524536 -646.0  738512.6411549171
0.27433741092681885 -1.6094884872436523 80.98796081542969 -0.03887011483311653 -0.4072644114494324 -695.0  738512.6411550269
0.2783043682575226 -1.610505223274231 80.58795928955078 -0.03817031905055046 -0.4052647352218628 -733.0  738512.6411551484
0.28224825859069824 -1.6115397214889526 80.17620849609375 -0.03796573728322983 -0.4019152522087097 -785.0  738512.64115526
0.2861526608467102 -1.6125967502593994 79.74559020996094 -0.038197536021471024 -0.39702337980270386 -735.0  738512.6411553787
0.19173714518547058 -1.5972837209701538 79.32217407226562 -0.024334993213415146 0.5512953400611877 -746.0  738512.6411554869
0.18553298711776733 -1.5967350006103516 78.90243530273438 -0.031431447714567184 0.5417411923408508 -757.0  738512.6411556081
0.17923025786876678 -1.5962122678756714 78.4594955444336 -0.04151603579521179 0.5341847538948059 -679.0  738512.6411557164
0.17280952632427216 -1.5957105159759521 78.04454040527344 -0.053777359426021576 0.5290036201477051 -619.0  738512.6411558436
0.16625821590423584 -1.5952215194702148 77.6640396118164 -0.06634949147701263 0.5284023880958557 -542.0  738512.6411559564
0.15957191586494446 -1.5947363376617432 77.30462646484375 -0.07886205613613129 0.5335046052932739 -491.0  738512.6411560792
0.15275035798549652 -1.5942469835281372 76.98548889160156 -0.08956072479486465 0.5452248454093933 -442.0  738512.6411561857
0.14579254388809204 -1.5937470197677612 76.70048522949219 -0.09838509559631348 0.5637274980545044 -390.0  738512.6411563054
0.13870295882225037 -1.5932320356369019 76.46632385253906 -0.10443834215402603 0.5889984369277954 -369.0  738512.6411564137
0.1314941942691803 -1.5927013158798218 76.26927185058594 -0.10816868394613266 0.6204118132591248 -322.0  738512.6411565396
0.21870651841163635 -1.6052616834640503 76.13214111328125 -0.013437408953905106 -0.3168354332447052 -215.0  738512.6411566451
0.22171002626419067 -1.6061512231826782 76.04352569580078 -0.014392493292689323 -0.3092746436595917 -161.0  738512.6411567612
0.22465671598911285 -1.607040524482727 75.96092224121094 -0.015687957406044006 -0.3051656484603882 -176.0  738512.6411568857
0.22757458686828613 -1.607939600944519 75.84027099609375 -0.0172021072357893 -0.3047854006290436 -228.0  738512.6411569926
0.23049503564834595 -1.6088602542877197 75.68566131591797 -0.01904887892305851 -0.3082605004310608 -328.0  738512.6411571179
0.23345066606998444 -1.6098154783248901 75.46611022949219 -0.02118023671209812 -0.3154940605163574 -352.0  738512.6411572195
0.236472025513649 -1.6108185052871704 75.21041870117188 -0.023898353800177574 -0.3263477683067322 -344.0  738512.6411573447
0.23959027230739594 -1.6118855476379395 74.91339874267578 -0.0273231603205204 -0.34050461649894714 -349.0  738512.6411574557
0.24283449351787567 -1.6130343675613403 74.56847381591797 -0.03141941502690315 -0.35744887590408325 -412.0  738512.6411575691
0.24622605741024017 -1.6142805814743042 74.20144653320312 -0.036387763917446136 -0.37677323818206787 -348.0  738512.6411576883
0.21151910722255707 -1.6066524982452393 73.79484558105469 -0.03546762093901634 0.053753387182950974 -460.0  738512.6411578044
0.211439847946167 -1.6072466373443604 73.3916244506836 -0.041743673384189606 0.03261655569076538 -385.0  738512.6411579207
0.21155059337615967 -1.6079884767532349 73.0111083984375 -0.04918273165822029 0.009379111230373383 -428.0  738512.6411580405
0.2118554711341858 -1.6088931560516357 72.65178680419922 -0.05766099691390991 -0.015314196236431599 -358.0  738512.6411581445
0.21234700083732605 -1.6099674701690674 72.3687744140625 -0.06734926998615265 -0.040751613676548004 -236.0  738512.641158261
0.21301524341106415 -1.6112169027328491 72.16693878173828 -0.07844513654708862 -0.06625840067863464 -162.0  738512.641158381
0.2138482928276062 -1.612644910812378 72.06791687011719 -0.09061162918806076 -0.09129870682954788 -163.0  738512.6411584946
0.2148318588733673 -1.6142512559890747 72.03349304199219 -0.10381948947906494 -0.11501642316579819 -1.0  738512.6411586085
0.21594776213169098 -1.6160297393798828 72.08958435058594 -0.11775801330804825 -0.1370435208082199 27.0  738512.641158732
0.21717645227909088 -1.6179676055908203 72.22081756591797 -0.13203753530979156 -0.15680356323719025 52.0  738512.64115885
0.23293514549732208 -1.626461148262024 72.3896255493164 -0.16941876709461212 -0.3525610864162445 222.0  738512.6411589467
0.23595067858695984 -1.6293902397155762 72.60509490966797 -0.18293295800685883 -0.3666926920413971 229.0  738512.641159073
0.23902998864650726 -1.6324257850646973 72.81660461425781 -0.19512097537517548 -0.37827515602111816 219.0  738512.6411591987
0.24215660989284515 -1.6355384588241577 73.01075744628906 -0.20538230240345 -0.38750699162483215 178.0  738512.6411593024
0.24531549215316772 -1.6386973857879639 73.1385498046875 -0.212861567735672 -0.39449355006217957 193.0  738512.6411594166
0.24849098920822144 -1.6418689489364624 73.2352066040039 -0.2175973355770111 -0.39919981360435486 185.0  738512.6411595349
0.25166571140289307 -1.6450178623199463 73.26058197021484 -0.2192470133304596 -0.4014573097229004 109.0  738512.6411596484
0.2548201382160187 -1.648107647895813 73.25359344482422 -0.21783004701137543 -0.4011618196964264 127.0  738512.64115977
0.25793296098709106 -1.6511033773422241 73.17838287353516 -0.21348227560520172 -0.39796653389930725 102.0  738512.6411598851
0.2609812021255493 -1.6539714336395264 73.0766830444336 -0.20626945793628693 -0.3916642963886261 133.0  738512.6411599959
0.2639390528202057 -1.6566771268844604 72.92145538330078 -0.196363627910614 -0.38194772601127625 47.0  738512.6411601132
0.2626332640647888 -1.6626862287521362 72.72857666015625 -0.24048350751399994 -0.361779123544693 26.0  738512.641160228
0.2649596333503723 -1.665272831916809 72.5114517211914 -0.22749976813793182 -0.3484618365764618 31.0  738512.6411603444
0.2671205401420593 -1.6676098108291626 72.27579498291016 -0.21247322857379913 -0.33185040950775146 -19.0  738512.6411604609
0.2690971791744232 -1.6696783304214478 72.04923248291016 -0.19523237645626068 -0.3120429217815399 62.0  738512.6411605764
0.27087000012397766 -1.67145836353302 71.8719253540039 -0.17631490528583527 -0.289108544588089 38.0  738512.6411606898
0.27242329716682434 -1.6729353666305542 71.69522857666016 -0.15562079846858978 -0.2634681761264801 53.0  738512.6411608043
0.27374452352523804 -1.6740978956222534 71.58734893798828 -0.13371025025844574 -0.23545563220977783 69.0  738512.6411609226
0.2748163938522339 -1.6749279499053955 71.51820373535156 -0.11060409247875214 -0.205231711268425 25.0  738512.6411610359
0.2756224274635315 -1.6754076480865479 71.49990844726562 -0.08651022613048553 -0.1733652800321579 45.0  738512.6411611504
0.25857219099998474 -1.6973598003387451 71.52050018310547 -0.6087868809700012 -0.359414666891098 114.0  738512.6411612657
0.2568756937980652 -1.6995956897735596 71.62596130371094 -0.5825954675674438 -0.3225927948951721 66.0  738512.6411613785
0.25491854548454285 -1.7014915943145752 71.77593994140625 -0.5540957450866699 -0.2812681794166565 278.0  738512.6411615002
0.25270888209342957 -1.7030571699142456 72.06421661376953 -0.5228776335716248 -0.23487159609794617 431.0  738512.6411616174
0.25025492906570435 -1.7043025493621826 72.5107421875 -0.4890808165073395 -0.18301977217197418 590.0  738512.6411617316
0.24756528437137604 -1.7052379846572876 73.10438537597656 -0.4527885615825653 -0.12720151245594025 792.0  738512.6411618481
0.24465622007846832 -1.705883502960205 73.82478332519531 -0.4141162633895874 -0.06924279034137726 1025.0  738512.6411619632
0.24154545366764069 -1.7062608003616333 74.66462707519531 -0.37393200397491455 -0.010904802940785885 1170.0  738512.6411620758
0.23825213313102722 -1.7063939571380615 75.61041259765625 -0.3329549729824066 0.04573875293135643 1353.0  738512.6411621929
0.30273231863975525 -1.6709938049316406 76.6378402709961 0.5245130658149719 -0.250177800655365 1516.0  738512.6411623119
0.3065905272960663 -1.666839599609375 77.7417984008789 0.5361175537109375 -0.24269329011440277 1711.0  738512.641162418
0.31032198667526245 -1.662505865097046 78.9321517944336 0.5460218191146851 -0.23856358230113983 1790.0  738512.6411625351
0.3139401078224182 -1.6580086946487427 80.09275817871094 0.5548104643821716 -0.23629844188690186 1823.0  738512.6411626571
0.3174554407596588 -1.6533604860305786 81.23635864257812 0.5621405839920044 -0.23530562222003937 1803.0  738512.6411627693
0.32087260484695435 -1.6485663652420044 82.38905334472656 0.5675762295722961 -0.23496632277965546 1754.0  738512.6411628937
0.3241964280605316 -1.6436368227005005 83.5189208984375 0.5710004568099976 -0.23431405425071716 1770.0  738512.6411630034
0.3274308741092682 -1.6385869979858398 84.64788055419922 0.5718257427215576 -0.23259970545768738 1733.0  738512.6411631203
0.3308812081813812 -1.632907748222351 85.89933776855469 0.5693740248680115 -0.2290949672460556 1687.0  738512.6411632369
0.3339082598686218 -1.6276463270187378 87.02845764160156 0.5639565587043762 -0.22371192276477814 1663.0  738512.6411633499
0.3368181884288788 -1.622314214706421 88.13760375976562 0.5558758974075317 -0.21614618599414825 1625.0  738512.6411634623
0.2665894329547882 -1.6004301309585571 89.24991607666016 0.7028970718383789 0.5590174794197083 1602.0  738512.6411635753
0.2618766129016876 -1.59337317943573 90.34829711914062 0.6981550455093384 0.5693618655204773 1566.0  738512.6411637039
0.2569967806339264 -1.58632493019104 91.43656921386719 0.6919143795967102 0.5803072452545166 1457.0  738512.6411638444
0.2519397437572479 -1.5793120861053467 92.4750747680664 0.6844798922538757 0.591370701789856 1465.0  738512.6411639255
0.24669189751148224 -1.5723613500595093 93.47955322265625 0.6767563223838806 0.6013086438179016 1343.0  738512.6411640357
0.24123910069465637 -1.565500259399414 94.41139221191406 0.6692154407501221 0.609527587890625 1296.0  738512.6411641629
0.2355804443359375 -1.5587494373321533 95.25843811035156 0.6622560024261475 0.6154865026473999 1259.0  738512.6411642794
0.22972336411476135 -1.552122712135315 96.0279769897461 0.6561064124107361 0.6184787154197693 1192.0  738512.6411643914
0.22367724776268005 -1.545632004737854 96.72551727294922 0.6507191061973572 0.6183744668960571 1021.0  738512.641164513
0.21745775640010834 -1.5392853021621704 96.72551727294922 0.6453190445899963 0.615530788898468 1068.0  738512.6411646273
0.2515185475349426 -1.5596626996994019 97.33895111083984 0.3866318464279175 0.14663195610046387 979.0  738512.641164737
0.24926921725273132 -1.5563914775848389 97.92648315429688 0.37803155183792114 0.15962758660316467 960.0  738512.6411648571
0.24693076312541962 -1.553261637687683 98.48026275634766 0.3697735071182251 0.1705930083990097 1055.0  738512.6411649679
0.24453267455101013 -1.5502746105194092 99.05271911621094 0.3618490695953369 0.17906618118286133 972.0  738512.6411650871
0.24210497736930847 -1.5474305152893066 99.65194702148438 0.35448208451271057 0.18508784472942352 1059.0  738512.6411652117
0.23967528343200684 -1.544729232788086 100.27098846435547 0.34767046570777893 0.1883947104215622 1191.0  738512.6411653192
0.23726768791675568 -1.5421726703643799 100.91920471191406 0.3406854569911957 0.18955321609973907 1159.0  738512.6411654362
0.23490282893180847 -1.5397655963897705 101.56021118164062 0.33352041244506836 0.18825531005859375 1206.0  738512.6411655532
0.23259904980659485 -1.5375175476074219 102.2076416015625 0.3253399729728699 0.1853167712688446 1130.0  738512.641165671
0.23037399351596832 -1.535443902015686 102.85714721679688 0.3159673511981964 0.18089455366134644 1144.0  738512.6411657807
0.22824397683143616 -1.533562183380127 103.49437713623047 0.30513569712638855 0.17540374398231506 1193.0  738512.6411658914
0.22437474131584167 -1.5307973623275757 104.1476058959961 0.2693762481212616 0.17449471354484558 1178.0  738512.6411660117
0.2223023772239685 -1.5292394161224365 104.7944107055664 0.2522091865539551 0.16743014752864838 1218.0  738512.6411661227
0.22035923600196838 -1.5279114246368408 105.45011901855469 0.23313944041728973 0.1605025827884674 1225.0  738512.6411662498
0.21855376660823822 -1.5268187522888184 106.11790466308594 0.2122914046049118 0.1537371575832367 1082.0  738512.6411663545
0.2168959677219391 -1.5259662866592407 106.76667022705078 0.1898040920495987 0.14707204699516296 1108.0  738512.641166482
0.21539752185344696 -1.5253578424453735 107.40177154541016 0.16591274738311768 0.1403593271970749 1124.0  738512.6411665903
0.2140720933675766 -1.5249968767166138 108.04277801513672 0.140853151679039 0.13357917964458466 1076.0  738512.6411667085
0.21293407678604126 -1.5248838663101196 108.66515350341797 0.11507970094680786 0.12654075026512146 970.0  738512.6411668243
0.21199390292167664 -1.5250117778778076 109.2928237915039 0.08885086327791214 0.11877156794071198 1042.0  738512.641166928
0.21427009999752045 -1.519883155822754 109.91767883300781 0.12987388670444489 0.06697922945022583 1044.0  738512.6411670501
0.21408860385417938 -1.519864559173584 110.54911041259766 0.1020505428314209 0.05781129002571106 968.0  738512.6411671663
0.21413280069828033 -1.5200647115707397 111.19523620605469 0.07417285442352295 0.04766425862908363 1004.0  738512.6411672855
0.2144024819135666 -1.5204702615737915 111.84062957763672 0.04639178887009621 0.03656899929046631 979.0  738512.6411674033
0.2148904651403427 -1.52106511592865 112.49285888671875 0.01898021250963211 0.02437223307788372 1043.0  738512.6411675161
0.21559321880340576 -1.521840214729309 113.14361572265625 -0.008238794282078743 0.011295033618807793 994.0  738512.6411676314
0.21650898456573486 -1.5227912664413452 113.8271484375 -0.03523927927017212 -0.00206795078702271 1067.0  738512.6411677471
0.21762651205062866 -1.5239099264144897 114.47591400146484 -0.06209185719490051 -0.015753505751490593 921.0  738512.6411678572
0.21892808377742767 -1.5251845121383667 115.15673828125 -0.08860819041728973 -0.02892613224685192 1017.0  738512.6411679767
0.2203972190618515 -1.5266069173812866 115.83257293701172 -0.11524844914674759 -0.04116959497332573 1047.0  738512.6411680946
0.22201839089393616 -1.528171181678772 116.49337768554688 -0.14093387126922607 -0.05218615010380745 1020.0  738512.6411682031
0.23406048119068146 -1.5339951515197754 117.11978912353516 -0.2488848716020584 -0.1276649534702301 988.0  738512.6411683211
0.23686492443084717 -1.5361965894699097 117.76740264892578 -0.27318650484085083 -0.13381758332252502 1048.0  738512.6411684332
0.23976770043373108 -1.5385172367095947 118.37550354003906 -0.29662182927131653 -0.1380413919687271 945.0  738512.6411685552
0.24274921417236328 -1.540945291519165 118.96598815917969 -0.3188408613204956 -0.14070750772953033 949.0  738512.6411686683
0.24578987061977386 -1.5434672832489014 119.52861785888672 -0.3394654095172882 -0.14164398610591888 917.0  738512.6411687847
0.24918024241924286 -1.5463322401046753 120.06465148925781 -0.35998088121414185 -0.14098896086215973 924.0  738512.6411689123
0.25228577852249146 -1.5490041971206665 120.62842559814453 -0.3761610686779022 -0.13916349411010742 839.0  738512.6411690154
0.2553950250148773 -1.5517253875732422 121.13484954833984 -0.3898997902870178 -0.13617844879627228 873.0  738512.6411691332
0.2584919035434723 -1.5544817447662354 121.61441040039062 -0.40122291445732117 -0.1324489265680313 870.0  738512.6411692507
0.26554977893829346 -1.5536768436431885 122.08924102783203 -0.40072396397590637 -0.18644878268241882 784.0  738512.6411693662
0.26901566982269287 -1.5560705661773682 122.52970886230469 -0.40743523836135864 -0.18193794786930084 923.0  738512.6411694809
0.27242472767829895 -1.5584629774093628 122.96644592285156 -0.41210097074508667 -0.17622095346450806 751.0  738512.6411695929
0.27242472767829895 -1.5584629774093628 123.40544891357422 -0.41210097074508667 -0.17622095346450806 841.0  738512.6411697096
0.2757630944252014 -1.5608443021774292 123.80802917480469 -0.4142630994319916 -0.17063991725444794 786.0  738512.6411698268
0.27901822328567505 -1.5632060766220093 124.23484802246094 -0.41454070806503296 -0.16492953896522522 737.0  738512.6411699418
0.28217923641204834 -1.565542459487915 124.61241149902344 -0.41306933760643005 -0.15891575813293457 747.0  738512.641170058
0.2852371633052826 -1.5678492784500122 125.02672576904297 -0.4101593494415283 -0.15237751603126526 657.0  738512.6411701647
0.28818196058273315 -1.5701231956481934 125.40016174316406 -0.40620335936546326 -0.1449861228466034 696.0  738512.6411702927
0.2910015285015106 -1.5723602771759033 125.7313003540039 -0.40057095885276794 -0.13726085424423218 603.0  738512.6411704093
0.293687641620636 -1.5745576620101929 126.07072448730469 -0.3937707245349884 -0.12884458899497986 663.0  738512.6411705177
0.2983582317829132 -1.5711846351623535 126.41383361816406 -0.3545822203159332 -0.16975726187229156 545.0  738512.6411706248
0.3009798228740692 -1.5727490186691284 126.7205581665039 -0.3465527892112732 -0.16006861627101898 610.0  738512.6411707529
0.30344918370246887 -1.5742671489715576 127.04234313964844 -0.3374224603176117 -0.15000136196613312 570.0  738512.6411708656
0.30576226115226746 -1.575736403465271 127.3718490600586 -0.32785409688949585 -0.13905666768550873 545.0  738512.6411709839
0.3079204559326172 -1.577155590057373 127.65312957763672 -0.31723490357398987 -0.12841551005840302 554.0  738512.6411710947
0.309919148683548 -1.5785207748413086 127.96405029296875 -0.3056570291519165 -0.11759047210216522 513.0  738512.6411712203
0.3117551803588867 -1.5798288583755493 128.22154235839844 -0.29324987530708313 -0.1068572923541069 590.0  738512.6411713359
0.31342536211013794 -1.5810765027999878 128.50697326660156 -0.27983054518699646 -0.0965590849518776 443.0  738512.6411714397
0.3149273991584778 -1.582261562347412 128.7688446044922 -0.26564154028892517 -0.08633865416049957 554.0  738512.6411715664
0.320935994386673 -1.5822441577911377 129.06866455078125 -0.26383575797080994 -0.12318508327007294 412.0  738512.6411716752
0.3226924240589142 -1.5831629037857056 129.32225036621094 -0.24843837320804596 -0.11291387677192688 459.0  738512.6411717924
0.32428210973739624 -1.5840191841125488 129.5754852294922 -0.23240473866462708 -0.10301192104816437 437.0  738512.6411719058
0.32570239901542664 -1.5848124027252197 129.833251953125 -0.2162484973669052 -0.09306920319795609 394.0  738512.6411720227
0.32695385813713074 -1.5855439901351929 130.04641723632812 -0.19967427849769592 -0.0834931880235672 461.0  738512.6411721316
0.3280390202999115 -1.586215853691101 130.26626586914062 -0.18308719992637634 -0.07417858392000198 419.0  738512.6411722521
0.32895687222480774 -1.5868295431137085 130.4908905029297 -0.1663668155670166 -0.06477472931146622 346.0  738512.6411723746
0.3297038674354553 -1.5873863697052002 130.65870666503906 -0.149604931473732 -0.055189065635204315 261.0  738512.6411724937
0.3302769660949707 -1.5878876447677612 130.84814453125 -0.13278838992118835 -0.045451004058122635 309.0  738512.6411726044
0.3306749761104584 -1.5883351564407349 130.9974365234375 -0.11602181196212769 -0.03540760651230812 252.0  738512.6411727177
0.3308957815170288 -1.5887302160263062 131.1598663330078 -0.09904906898736954 -0.025085534900426865 165.0  738512.6411728363
0.3260357975959778 -1.5819395780563354 131.2957763671875 -0.015047815628349781 -0.037282660603523254 233.0  738512.6411729489
0.32542043924331665 -1.5815253257751465 131.45533752441406 0.002221055096015334 -0.026728158816695213 173.0  738512.6411730655
0.3246341049671173 -1.581064224243164 131.6016387939453 0.019666500389575958 -0.01605575531721115 240.0  738512.6411731779
0.3236773610115051 -1.5805572271347046 131.74240112304688 0.0370444618165493 -0.005328785162419081 241.0  738512.6411732945
0.3225553333759308 -1.580006718635559 131.884765625 0.05451476201415062 0.005228630267083645 125.0  738512.6411734009
0.3212725818157196 -1.5794148445129395 132.0167236328125 0.07206515222787857 0.015856189653277397 135.0  738512.6411735248
0.31983333826065063 -1.5787839889526367 132.1745147705078 0.08937256783246994 0.025902394205331802 200.0  738512.6411736439
0.3182448148727417 -1.5781177282333374 132.29551696777344 0.1063566580414772 0.03588661178946495 192.0  738512.641173761
0.3165167272090912 -1.5774204730987549 132.44168090820312 0.12305088341236115 0.045414939522743225 121.0  738512.6411738653
0.3161931335926056 -1.5736517906188965 132.5749969482422 0.1544896513223648 0.015144607052206993 142.0  738512.6411740057
0.31439900398254395 -1.5725231170654297 132.71524047851562 0.16941307485103607 0.024086305871605873 100.0  738512.6411741083
0.31248384714126587 -1.5713772773742676 132.8235321044922 0.1833118051290512 0.032920755445957184 47.0  738512.6411742294
0.31045401096343994 -1.5702195167541504 132.9192657470703 0.1958160400390625 0.04176352918148041 52.0  738512.6411743428
0.308314710855484 -1.5690546035766602 132.9843292236328 0.20666168630123138 0.05064208805561066 76.0  738512.6411744585
0.3058401346206665 -1.5677695274353027 133.03558349609375 0.21680042147636414 0.06067858263850212 90.0  738512.6411745772
0.30348655581474304 -1.5665998458862305 133.0651397705078 0.22430455684661865 0.06985273212194443 106.0  738512.6411746898
0.30104148387908936 -1.565428376197815 133.0813446044922 0.23056083917617798 0.07901110500097275 87.0  738512.6411748129
0.29850900173187256 -1.5642516613006592 133.1044921875 0.23615048825740814 0.08794105798006058 56.0  738512.6411749229
0.29589179158210754 -1.5630637407302856 133.1229248046875 0.24156774580478668 0.09647724777460098 59.0  738512.6411750338
0.2987843155860901 -1.5613495111465454 133.14019775390625 0.21416673064231873 0.05782195180654526 4.0  738512.6411751631
0.29660582542419434 -1.5600535869598389 133.13340759277344 0.22125616669654846 0.06442074477672577 71.0  738512.641175275
0.2943384647369385 -1.5587114095687866 133.1463623046875 0.22965297102928162 0.06988440454006195 36.0  738512.6411753881
0.2919832170009613 -1.5573104619979858 133.155029296875 0.2392289936542511 0.07411937415599823 32.0  738512.6411754921
0.2895421087741852 -1.555840253829956 133.16639709472656 0.2501930594444275 0.0770736038684845 55.0  738512.6411756077
0.28701484203338623 -1.554289698600769 133.18959045410156 0.2625901699066162 0.07862363010644913 27.0  738512.641175729
0.28440073132514954 -1.5526493787765503 133.23085021972656 0.27583280205726624 0.07908807694911957 124.0  738512.6411758563
0.2816990911960602 -1.5509127378463745 133.26467895507812 0.2901444435119629 0.07885680347681046 101.0  738512.6411759479
0.27891093492507935 -1.5490772724151611 133.32037353515625 0.30512747168540955 0.07793480902910233 29.0  738512.6411760789
0.276038259267807 -1.5471441745758057 133.35948181152344 0.3202987313270569 0.07684747129678726 47.0  738512.6411761941
0.27307987213134766 -1.5451127290725708 133.39637756347656 0.33536890149116516 0.07580945640802383 96.0  738512.6411763105
0.2717430889606476 -1.539900541305542 133.43844604492188 0.3533921241760254 0.040147289633750916 48.0  738512.6411764359
0.26878979802131653 -1.5373600721359253 133.45965576171875 0.36783120036125183 0.039558153599500656 18.0  738512.6411765425
0.26575374603271484 -1.534731149673462 133.48797607421875 0.38164159655570984 0.03911807760596275 21.0  738512.6411766662
0.2626382112503052 -1.532019019126892 133.50405883789062 0.3948257863521576 0.039059776812791824 24.0  738512.641176777
0.25944676995277405 -1.5292284488677979 133.51565551757812 0.40729597210884094 0.03928229212760925 -3.0  738512.6411768902
0.25618255138397217 -1.526362419128418 133.54156494140625 0.4191913604736328 0.03942815214395523 43.0  738512.6411770171
0.25284838676452637 -1.5234224796295166 133.5656280517578 0.43049630522727966 0.039534423500299454 63.0  738512.6411771146
0.24944838881492615 -1.5204107761383057 133.57232666015625 0.4413220286369324 0.03962109982967377 36.0  738512.6411772472
0.24598532915115356 -1.5173271894454956 133.58718872070312 0.4517768919467926 0.03935874626040459 57.0  738512.6411773396
0.24596412479877472 -1.5103697776794434 133.5974884033203 0.4668358564376831 -0.02472568117082119 -20.0  738512.6411774608
0.24281497299671173 -1.506673812866211 133.59376525878906 0.4767535924911499 -0.025357462465763092 -25.0  738512.6411775943
0.2396116703748703 -1.5029064416885376 133.60858154296875 0.4865192174911499 -0.026451576501131058 40.0  738512.6411776887
0.2363559454679489 -1.499066948890686 133.61373901367188 0.496157169342041 -0.02772027999162674 -36.0  738512.6411778273
0.23304954171180725 -1.4951553344726562 133.59571838378906 0.5057029128074646 -0.029039587825536728 -15.0  738512.6411779126
0.22969502210617065 -1.4911741018295288 133.5979461669922 0.5150063633918762 -0.030634459108114243 47.0  738512.6411780426
0.22629399597644806 -1.4871257543563843 133.59817504882812 0.5240422487258911 -0.032214269042015076 10.0  738512.6411781493
0.2228466123342514 -1.483012080192566 133.59774780273438 0.5327854156494141 -0.03367384895682335 -1.0  738512.6411782699
0.2193533480167389 -1.4788367748260498 133.59506225585938 0.5411933064460754 -0.03485340625047684 -66.0  738512.6411783835
0.2158147394657135 -1.474604606628418 133.5760955810547 0.5491476655006409 -0.0355021096765995 -114.0  738512.6411784937
0.21223041415214539 -1.4703198671340942 133.5528106689453 0.5565782785415649 -0.035725630819797516 -166.0  738512.6411786164
0.20265820622444153 -1.4580891132354736 133.4706268310547 0.654939591884613 -0.046641238033771515 -225.0  738512.6411787265
0.19839437305927277 -1.4529305696487427 133.33250427246094 0.6615666747093201 -0.04492294043302536 -274.0  738512.6411788412
0.19408752024173737 -1.4477347135543823 133.17214965820312 0.6676696538925171 -0.04259320721030235 -318.0  738512.6411789602
0.18973614275455475 -1.4425026178359985 132.9704132080078 0.6735893487930298 -0.0393964909017086 -421.0  738512.6411790769
0.18533872067928314 -1.4372341632843018 132.739990234375 0.6795073747634888 -0.035692911595106125 -507.0  738512.6411791862
0.18089552223682404 -1.431929349899292 132.4757080078125 0.6855146884918213 -0.03149022161960602 -509.0  738512.6411793007
0.17640647292137146 -1.4265869855880737 132.18283081054688 0.6918007731437683 -0.026974018663167953 -584.0  738512.6411794175
0.17187082767486572 -1.4212050437927246 131.8531951904297 0.698394775390625 -0.021975640207529068 -657.0  738512.6411795373
0.16728784143924713 -1.4157812595367432 131.50714111328125 0.7053260803222656 -0.016840949654579163 -688.0  738512.6411796459
0.17725448310375214 -1.4145150184631348 131.1361083984375 0.5719077587127686 -0.10685223340988159 -630.0  738512.6411797693
0.174284428358078 -1.4094946384429932 130.7384033203125 0.5795763731002808 -0.10224124789237976 -764.0  738512.6411798827
0.17126858234405518 -1.4044300317764282 130.32192993164062 0.5870930552482605 -0.09735313802957535 -770.0  738512.6411799954
0.16789911687374115 -1.3988090753555298 129.82958984375 0.5951200723648071 -0.09144008904695511 -790.0  738512.6411801146
0.16479016840457916 -1.3936560153961182 129.3708038330078 0.6020475625991821 -0.08568847179412842 -952.0  738512.6411802295
0.16163653135299683 -1.3884634971618652 128.86065673828125 0.6087657809257507 -0.07906542718410492 -972.0  738512.6411803451
0.15843652188777924 -1.3832331895828247 128.36224365234375 0.6152660846710205 -0.07219722867012024 -972.0  738512.6411804603
0.15518991649150848 -1.377968430519104 127.82072448730469 0.6217242479324341 -0.0644611045718193 -1022.0  738512.6411805827
0.15189364552497864 -1.3726705312728882 127.23158264160156 0.6282533407211304 -0.055807821452617645 -1133.0  738512.6411806988
0.1485433429479599 -1.3673394918441772 126.62540435791016 0.634877622127533 -0.04659165069460869 -1045.0  738512.6411808114
0.14513717591762543 -1.3619760274887085 126.02569580078125 0.6415923833847046 -0.037114907056093216 -1155.0  738512.6411809296
0.1442360132932663 -1.3546887636184692 125.38446807861328 0.6474685072898865 -0.05981091037392616 -1194.0  738512.6411810446
0.14096882939338684 -1.3490674495697021 124.73588562011719 0.6547093987464905 -0.049371473491191864 -1180.0  738512.6411811599
0.1376379430294037 -1.343409776687622 124.0612564086914 0.6620510816574097 -0.03847741335630417 -1220.0  738512.6411812657
0.1342409998178482 -1.3377128839492798 123.35813903808594 0.6694092750549316 -0.027192099019885063 -1237.0  738512.6411813864
0.13077735900878906 -1.331973910331726 122.64457702636719 0.6766973733901978 -0.01578146405518055 -1303.0  738512.6411815095
0.127249613404274 -1.3261921405792236 121.9163589477539 0.6838380694389343 -0.004171001724898815 -1271.0  738512.6411816226
0.12366019189357758 -1.3203668594360352 121.17249298095703 0.6907289028167725 0.00759452348574996 -1347.0  738512.6411817374
0.12000980973243713 -1.314496636390686 120.44116973876953 0.6972551345825195 0.019210277125239372 -1304.0  738512.6411818544
0.11630098521709442 -1.308582067489624 119.67769622802734 0.703420102596283 0.031196748837828636 -1376.0  738512.6411819663
0.11587513983249664 -1.3020755052566528 118.90201568603516 0.6950095295906067 0.003816824173554778 -1398.0  738512.6411820828
0.11247342079877853 -1.2960084676742554 118.1266098022461 0.7007566094398499 0.015719881281256676 -1383.0  738512.6411821969
0.10902179777622223 -1.289900779724121 117.31693267822266 0.7060272693634033 0.027995508164167404 -1416.0  738512.6411823147
0.10552370548248291 -1.283753752708435 116.50203704833984 0.7108105421066284 0.04023779556155205 -1492.0  738512.641182432
0.1019834503531456 -1.2775696516036987 115.67922973632812 0.7151232957839966 0.0524749755859375 -1489.0  738512.6411825465
0.0984039381146431 -1.2713490724563599 114.84324645996094 0.7190220952033997 0.06471096724271774 -1478.0  738512.6411826591
0.0947885811328888 -1.2650927305221558 114.01167297363281 0.7225662469863892 0.07674738019704819 -1501.0  738512.6411827749
0.09114113450050354 -1.2588013410568237 113.147705078125 0.72579425573349 0.0890081599354744 -1434.0  738512.6411828868
0.08746477216482162 -1.2524746656417847 112.28887176513672 0.7287578582763672 0.10099705308675766 -1550.0  738512.641183004
0.08376197516918182 -1.2461111545562744 111.42202758789062 0.731475293636322 0.112885020673275 -1512.0  738512.6411831132
0.08003558218479156 -1.2397096157073975 110.5505599975586 0.733979344367981 0.12461790442466736 -1536.0  738512.6411832374
0.0811658427119255 -1.2335268259048462 109.67613220214844 0.7166507244110107 0.09095191210508347 -1510.0  738512.6411833526
0.07789107412099838 -1.227071762084961 108.79341125488281 0.7193732261657715 0.10209821909666061 -1586.0  738512.6411834698
0.07460283488035202 -1.2205753326416016 107.88768768310547 0.7218405604362488 0.11329672485589981 -1586.0  738512.6411835876
0.0713052898645401 -1.2140378952026367 106.99502563476562 0.7241277098655701 0.12402645498514175 -1537.0  738512.6411836925
0.06800243258476257 -1.2074593305587769 106.12313842773438 0.7261725068092346 0.13419383764266968 -1523.0  738512.6411838103
0.06469862163066864 -1.2008390426635742 105.23216247558594 0.7278885841369629 0.14427772164344788 -1560.0  738512.6411839359
0.061398133635520935 -1.1941781044006348 104.34807586669922 0.729315996170044 0.1539778709411621 -1472.0  738512.6411840525
0.05810502544045448 -1.1874771118164062 103.4698257446289 0.7305122017860413 0.1632918268442154 -1555.0  738512.6411841683
0.05482330545783043 -1.1807359457015991 102.58036804199219 0.7314492464065552 0.17247919738292694 -1525.0  738512.641184282
0.05584845319390297 -1.1745761632919312 101.71896362304688 0.7133539915084839 0.13035926222801208 -1474.0  738512.6411843911
0.05313721299171448 -1.1678334474563599 100.86062622070312 0.7147414684295654 0.13840104639530182 -1532.0  738512.6411845181
0.05044780299067497 -1.1610515117645264 100.00298309326172 0.7160043716430664 0.1461879462003708 -1481.0  738512.6411846313
0.04778313264250755 -1.1542307138442993 99.1677017211914 0.7172141075134277 0.15345489978790283 -1421.0  738512.6411847321
0.04514623433351517 -1.1473710536956787 98.33544921875 0.7183694243431091 0.16040940582752228 -1459.0  738512.641184863
0.042540837079286575 -1.1404715776443481 97.51870727539062 0.7194992899894714 0.1669214814901352 -1399.0  738512.6411849783
0.03997006267309189 -1.1335316896438599 96.7193374633789 0.7206844091415405 0.17298045754432678 -1430.0  738512.6411850861
0.037436362355947495 -1.1265510320663452 95.92658996582031 0.721875786781311 0.17880381643772125 -1368.0  738512.6411852102
0.03494156897068024 -1.1195294857025146 95.15204620361328 0.7231549620628357 0.1841987818479538 -1356.0  738512.6411853234
0.0324878990650177 -1.11246657371521 94.3783950805664 0.7244580388069153 0.18944238126277924 -1355.0  738512.6411854461
0.03446989133954048 -1.106025218963623 93.55171966552734 0.7081258893013 0.14667350053787231 -1275.0  738512.6411855534
0.03260299190878868 -1.099020004272461 92.82058715820312 0.7102242112159729 0.1508842557668686 -1176.0  738512.6411856714
0.030782300978899002 -1.0919735431671143 92.10111236572266 0.7122974991798401 0.1548643857240677 -1212.0  738512.6411857906
0.02900989167392254 -1.0848857164382935 91.39034271240234 0.714367151260376 0.15865042805671692 -1231.0  738512.6411858898
0.027287961915135384 -1.077756643295288 90.69318389892578 0.7164289951324463 0.1621866524219513 -1147.0  738512.6411860175
0.025617051869630814 -1.0705876350402832 90.02529907226562 0.7185066342353821 0.165312722325325 -1108.0  738512.6411861383
0.023997748270630836 -1.0633798837661743 89.37071228027344 0.720539927482605 0.16822712123394012 -1085.0  738512.6411862464
0.02243158407509327 -1.0561339855194092 88.72525787353516 0.7225510478019714 0.17100225389003754 -1037.0  738512.6411863636
0.020920241251587868 -1.048850178718567 88.10516357421875 0.7246026992797852 0.1734345257282257 -1034.0  738512.641186474
0.01946422830224037 -1.0415294170379639 87.49055480957031 0.7266324162483215 0.17576062679290771 -1088.0  738512.6411865966
0.018063509836792946 -1.0341732501983643 86.88002014160156 0.7286515235900879 0.17795409262180328 -1082.0  738512.6411867097
0.023347465321421623 -1.0295811891555786 86.28402709960938 0.7080081701278687 0.11454731971025467 -1032.0  738512.6411868349
0.02270093746483326 -1.0224239826202393 85.71278381347656 0.7107661962509155 0.11580407619476318 -1011.0  738512.6411869478
0.022116292268037796 -1.0152322053909302 85.14640808105469 0.7135557532310486 0.11687668412923813 -954.0  738512.641187094
0.021594267338514328 -1.0080066919326782 84.59318542480469 0.7164105772972107 0.11768870055675507 -883.0  738512.6411872235
0.02113594487309456 -1.000747799873352 84.0605697631836 0.7193557620048523 0.11815690994262695 -863.0  738512.6411873021
0.020742522552609444 -0.9934555888175964 83.53435516357422 0.7223364114761353 0.11858116090297699 -913.0  738512.6411874167
0.020414061844348907 -0.9861302375793457 83.01434326171875 0.7253565192222595 0.11905159056186676 -893.0  738512.6411875206
0.020149439573287964 -0.9787719249725342 82.50764465332031 0.7284591794013977 0.11949775367975235 -872.0  738512.6411876818
0.019947471097111702 -0.9713806509971619 82.01293182373047 0.7316058278083801 0.12001459300518036 -849.0  738512.6411877626
0.024693919345736504 -0.966357409954071 81.53150177001953 0.7161885499954224 0.06219073385000229 -801.0  738512.64118788
0.025163859128952026 -0.959169864654541 81.06055450439453 0.7199225425720215 0.06273781508207321 -751.0  738512.6411880064
0.02569177933037281 -0.9519487619400024 80.60074615478516 0.723671555519104 0.06337667256593704 -797.0  738512.6411880985
0.026276446878910065 -0.9446941614151001 80.14474487304688 0.7273868918418884 0.06416982412338257 -789.0  738512.6411882209
0.026916397735476494 -0.9374066591262817 79.68899536132812 0.7310580015182495 0.06511815637350082 -777.0  738512.6411883289
0.027610693126916885 -0.9300867319107056 79.24032592773438 0.7346866130828857 0.06614819169044495 -774.0  738512.6411884377
0.02835826203227043 -0.9227349162101746 78.79228210449219 0.7382580041885376 0.06731659919023514 -762.0  738512.6411885635
0.02915739081799984 -0.9153524041175842 78.35545349121094 0.7417774200439453 0.06847529858350754 -796.0  738512.6411886732
0.030006570741534233 -0.9079402089118958 77.91241455078125 0.7452204823493958 0.06986911594867706 -759.0  738512.6411887958
0.03090503439307213 -0.9004988670349121 77.4847183227539 0.7486130595207214 0.07121222466230392 -745.0  738512.6411889036
0.03185173496603966 -0.8930288553237915 77.06181335449219 0.7519361972808838 0.07267145067453384 -745.0  738512.6411890273
0.03754953294992447 -0.8888577222824097 76.63972473144531 0.7330106496810913 0.019284140318632126 -723.0  738512.6411891403
0.03907208517193794 -0.8816757798194885 76.2166976928711 0.7365708351135254 0.02090354450047016 -644.0  738512.6411892574
0.04063990339636803 -0.8744668364524841 75.80772399902344 0.7400307059288025 0.022500481456518173 -681.0  738512.6411893697
0.04225212708115578 -0.867231547832489 75.3910903930664 0.7433958649635315 0.024323059245944023 -759.0  738512.641189488
0.04390716925263405 -0.8599711060523987 74.97173309326172 0.7466731071472168 0.026311606168746948 -729.0  738512.6411895963
0.04560314118862152 -0.8526868224143982 74.57319641113281 0.7498684525489807 0.028163602575659752 -707.0  738512.6411897171
0.04733904451131821 -0.8453792333602905 74.17740631103516 0.7529760599136353 0.030135586857795715 -684.0  738512.6411898304
0.04911445826292038 -0.8380484580993652 73.7889175415039 0.7560136914253235 0.03217751905322075 -668.0  738512.6411899487
0.05092794820666313 -0.8306947946548462 73.40107727050781 0.7589886784553528 0.03441833332180977 -658.0  738512.6411900604
0.05570141226053238 -0.8262966871261597 73.0142822265625 0.737510621547699 -0.008281946182250977 -683.0  738512.6411901766
0.05794414132833481 -0.8192641735076904 72.62493896484375 0.7406824231147766 -0.005727656651288271 -674.0  738512.641190294
0.06021922826766968 -0.812208890914917 72.23857879638672 0.7438108325004578 -0.002992528723552823 -707.0  738512.641190414
0.06252487748861313 -0.8051307797431946 71.84765625 0.7468857765197754 -7.59791737436899e-06 -691.0  738512.6411905256
0.06485915184020996 -0.7980301380157471 71.46529388427734 0.7498950958251953 0.0030627066735178232 -669.0  738512.6411906364
0.06722074747085571 -0.7909067869186401 71.0852279663086 0.7528408765792847 0.006287686992436647 -641.0  738512.6411907488
0.06960845738649368 -0.7837604880332947 70.71383666992188 0.7557159662246704 0.00958828255534172 -612.0  738512.6411908709
0.07202037423849106 -0.7765915393829346 70.34877014160156 0.7585439682006836 0.012988782487809658 -621.0  738512.641190987
0.07445469498634338 -0.7694001197814941 69.98959350585938 0.7613199353218079 0.01649107038974762 -656.0  738512.641191102
0.0771569088101387 -0.7614632248878479 69.59380340576172 0.7642931342124939 0.020521510392427444 -635.0  738512.6411912218
0.08229725062847137 -0.7585601806640625 69.24710083007812 0.7333281636238098 -0.019003091380000114 -561.0  738512.6411913338
0.08507940918207169 -0.7517639398574829 68.92500305175781 0.7361512184143066 -0.015757285058498383 -570.0  738512.6411914475
0.08787912130355835 -0.7449455857276917 68.58489990234375 0.7389131188392639 -0.012182638980448246 -531.0  738512.6411915577
0.09069593995809555 -0.738105058670044 68.25593566894531 0.7416191101074219 -0.008678331971168518 -534.0  738512.6411916813
0.09352918714284897 -0.7312425971031189 67.93646240234375 0.7442469000816345 -0.005196628160774708 -557.0  738512.6411917908
0.09637770801782608 -0.7243587970733643 67.61235809326172 0.7468315958976746 -0.0015407225582748652 -583.0  738512.6411919052
0.09924060851335526 -0.7174534797668457 67.2984390258789 0.7493950724601746 0.0021168761886656284 -549.0  738512.6411920247
0.10211704671382904 -0.7105258703231812 67.00452423095703 0.7519506812095642 0.005654143635183573 -471.0  738512.641192143
0.1050061509013176 -0.7035753726959229 66.72196960449219 0.7545080184936523 0.009161444380879402 -459.0  738512.6411922657
0.10790710151195526 -0.6966015696525574 66.4428939819336 0.7570547461509705 0.012730746529996395 -477.0  738512.6411923678
0.1108192726969719 -0.6896042823791504 66.16089630126953 0.7595903277397156 0.016402386128902435 -467.0  738512.6411924949
0.11749294400215149 -0.6863806843757629 65.88621520996094 0.7436716556549072 -0.027272075414657593 -458.0  738512.641192618
0.12078353762626648 -0.6796965003013611 65.61898803710938 0.7463828921318054 -0.023781493306159973 -495.0  738512.6411927246
0.12408450245857239 -0.672989010810852 65.35176849365234 0.7490509152412415 -0.02028060145676136 -482.0  738512.641192833
0.127395898103714 -0.6662585735321045 65.09317779541016 0.7516556978225708 -0.01689521223306656 -454.0  738512.6411929714
0.13071779906749725 -0.6595054268836975 64.84337615966797 0.7542077302932739 -0.013602036982774734 -412.0  738512.6411930613
0.13405002653598785 -0.6527297496795654 64.59363555908203 0.7566976547241211 -0.010270103812217712 -360.0  738512.6411931876
0.13739189505577087 -0.6459320783615112 64.35547637939453 0.7591391801834106 -0.006989531684666872 -374.0  738512.6411932919
0.14074233174324036 -0.6391125321388245 64.12773895263672 0.7615349292755127 -0.0037146469112485647 -319.0  738512.6411934145
0.14410044252872467 -0.6322705149650574 63.92028045654297 0.7639265656471252 -0.0005867108702659607 -365.0  738512.6411935273
0.15346428751945496 -0.6219543814659119 63.710670471191406 0.8300268054008484 -0.03983708471059799 -366.0  738512.6411936462
0.1574980914592743 -0.6146843433380127 63.507476806640625 0.832495391368866 -0.03628125414252281 -297.0  738512.6411937616
0.16153652966022491 -0.607390820980072 63.31711959838867 0.8349280953407288 -0.03280115872621536 -313.0  738512.641193881
0.16557879745960236 -0.6000732183456421 63.13447952270508 0.8373024463653564 -0.02934112586081028 -322.0  738512.6411939915
0.16962404549121857 -0.5927314758300781 62.95225143432617 0.8395837545394897 -0.02579674683511257 -198.0  738512.6411941071
0.17367111146450043 -0.5853661298751831 62.80509567260742 0.8417093753814697 -0.022648727521300316 -205.0  738512.6411942239
0.1777184158563614 -0.5779784321784973 62.66196060180664 0.8436326384544373 -0.01944046840071678 -230.0  738512.6411943419
0.18176420032978058 -0.570569634437561 62.52435302734375 0.8453083634376526 -0.01620011031627655 -211.0  738512.6411944536
0.1858064979314804 -0.563141405582428 62.39999008178711 0.8466878533363342 -0.013046912848949432 -211.0  738512.6411945659
0.18984326720237732 -0.5556958913803101 62.27853012084961 0.8477616906166077 -0.009836001321673393 -207.0  738512.6411946891
0.19387246668338776 -0.548235297203064 62.1640739440918 0.8485009670257568 -0.006658881437033415 -197.0  738512.6411947994
0.19148516654968262 -0.5623069405555725 62.04969024658203 0.6456977128982544 -0.04467716068029404 -183.0  738512.6411949164
0.19490216672420502 -0.5568095445632935 61.9455451965332 0.6459499001502991 -0.041965462267398834 -151.0  738512.6411950302
0.19830572605133057 -0.5513041019439697 61.84800720214844 0.6459349393844604 -0.039333608001470566 -112.0  738512.6411951664
0.20169517397880554 -0.545792818069458 61.7617073059082 0.6457462906837463 -0.03685685247182846 -130.0  738512.6411952585
0.20507051050662994 -0.5402768850326538 61.6738395690918 0.6455258727073669 -0.0343935452401638 -113.0  738512.6411953759
0.2084319144487381 -0.5347561240196228 61.598350524902344 0.6454439163208008 -0.032109372317790985 -80.0  738512.6411954978
0.2117801457643509 -0.5292285680770874 61.5389289855957 0.6456570029258728 -0.030023960396647453 -50.0  738512.641195613
0.21511699259281158 -0.5236907601356506 61.49657440185547 0.6463103294372559 -0.028144054114818573 -8.0  738512.6411957281
0.2184450924396515 -0.5181381702423096 61.474143981933594 0.6475213170051575 -0.026478251442313194 -43.0  738512.6411958495
0.2319234162569046 -0.5027844309806824 61.45695877075195 0.8003495931625366 -0.07231774181127548 -15.0  738512.641195961
0.23638129234313965 -0.49608999490737915 61.456939697265625 0.8030120730400085 -0.07089380919933319 4.0  738512.6411960693
0.24084003269672394 -0.4893628656864166 61.45210266113281 0.8063895106315613 -0.06939783692359924 -5.0  738512.6411961934
0.2453029602766037 -0.48259666562080383 61.456138610839844 0.8103435635566711 -0.0680035799741745 12.0  738512.6411963089
0.24977236986160278 -0.4757871925830841 61.48319625854492 0.8147222399711609 -0.06687551736831665 60.0  738512.6411964179
0.2542492151260376 -0.4689319431781769 61.52727508544922 0.8192964196205139 -0.0658804178237915 104.0  738512.6411965247
0.25918203592300415 -0.4613364338874817 61.59702682495117 0.824284553527832 -0.06494039297103882 165.0  738512.6411966544
0.2636721134185791 -0.45438140630722046 61.68861389160156 0.8284700512886047 -0.0642661601305008 212.0  738512.6411967688
0.2681640684604645 -0.44738107919692993 61.79865264892578 0.8321319818496704 -0.0636175274848938 223.0  738512.641196891
0.27265337109565735 -0.44033879041671753 61.926902770996094 0.8351188898086548 -0.06295034289360046 235.0  738512.641197003
0.2771345376968384 -0.43325868248939514 62.07679748535156 0.8373228311538696 -0.062324438244104385 266.0  738512.6411971103
0.2719498574733734 -0.44797468185424805 62.24238967895508 0.6205285787582397 -0.0767749696969986 317.0  738512.6411972301
0.2755134403705597 -0.44283515214920044 62.43138122558594 0.6211809515953064 -0.07559246569871902 334.0  738512.6411973438
0.2790531516075134 -0.437674880027771 62.627906799316406 0.6211743950843811 -0.07432913780212402 333.0  738512.641197468
0.28256478905677795 -0.4324982762336731 62.83449172973633 0.620701253414154 -0.07308841496706009 379.0  738512.6411975675
0.28604522347450256 -0.4273083508014679 63.049922943115234 0.6200212240219116 -0.07194139808416367 391.0  738512.6411976843
0.2894930839538574 -0.4221063554286957 63.27424621582031 0.6194278597831726 -0.0709649920463562 411.0  738512.6411978086
0.2929094135761261 -0.41689151525497437 63.51094055175781 0.6192061901092529 -0.07024165987968445 443.0  738512.6411979297
0.29629677534103394 -0.41166070103645325 63.76009750366211 0.6196077466011047 -0.06982026249170303 420.0  738512.641198046
0.2996588349342346 -0.40640830993652344 64.01367950439453 0.6208273768424988 -0.06963683664798737 465.0  738512.6411981594
0.31042715907096863 -0.39724087715148926 64.2811050415039 0.701599657535553 -0.1287102848291397 452.0  738512.6411982689
0.31462568044662476 -0.3914654850959778 64.55113220214844 0.7042983174324036 -0.12945081293582916 492.0  738512.6411983889
0.31881600618362427 -0.38564416766166687 64.8311996459961 0.7078956365585327 -0.13047058880329132 488.0  738512.6411985019
0.3230035901069641 -0.37977027893066406 65.10694885253906 0.7123872637748718 -0.13157784938812256 561.0  738512.6411986216
0.32719284296035767 -0.373836874961853 65.39895629882812 0.7175967693328857 -0.1329735815525055 624.0  738512.6411987388
0.3313865661621094 -0.3678378760814667 65.73542785644531 0.7232615947723389 -0.13492169976234436 584.0  738512.6411988441
0.3355853259563446 -0.36176931858062744 66.08627319335938 0.7292280197143555 -0.13689811527729034 644.0  738512.641198954
0.3397877812385559 -0.3556279242038727 66.47103118896484 0.7352483868598938 -0.13904044032096863 620.0  738512.6411990795
0.3439905345439911 -0.34941139817237854 66.86322784423828 0.7410686016082764 -0.14091752469539642 731.0  738512.6411991932
0.3481883406639099 -0.34312087297439575 67.29444885253906 0.7464423179626465 -0.14283883571624756 765.0  738512.641199308
0.35237497091293335 -0.3367595672607422 67.73912048339844 0.7512498497962952 -0.14440865814685822 751.0  738512.6411994195
0.3570859730243683 -0.3363480269908905 68.19660949707031 0.7024686932563782 -0.1725889891386032 767.0  738512.6411995466
0.36128097772598267 -0.33044204115867615 68.66946411132812 0.7057298421859741 -0.17308387160301208 857.0  738512.6411996621
0.36544153094291687 -0.32447391748428345 69.17102813720703 0.7083112597465515 -0.17352358996868134 863.0  738512.641199784
0.36956119537353516 -0.3184478282928467 69.6729965209961 0.7103836536407471 -0.17366568744182587 964.0  738512.641199887
0.3736349046230316 -0.31236737966537476 70.21587371826172 0.711974024772644 -0.17410360276699066 977.0  738512.6412000094
0.3776584565639496 -0.30623459815979004 70.7707748413086 0.7133026123046875 -0.17459049820899963 957.0  738512.6412001306
0.38162919878959656 -0.3000505566596985 71.32928466796875 0.7145615816116333 -0.17510972917079926 985.0  738512.6412002351
0.385547012090683 -0.29381608963012695 71.90254211425781 0.7158604860305786 -0.17586609721183777 1007.0  738512.6412003506
0.3894132673740387 -0.28753119707107544 72.48558044433594 0.7173558473587036 -0.17686684429645538 1036.0  738512.6412004599
0.39630818367004395 -0.28344833850860596 73.07872772216797 0.7054566144943237 -0.21860162913799286 1075.0  738512.6412005805
0.4004364311695099 -0.27731993794441223 73.6971664428711 0.707276463508606 -0.22018694877624512 1084.0  738512.6412007007
0.40451884269714355 -0.2711338698863983 74.32030487060547 0.7094783782958984 -0.22196950018405914 1104.0  738512.6412008136
0.4085572063922882 -0.2648873031139374 74.95813751220703 0.7120250463485718 -0.22402407228946686 1127.0  738512.6412009364
0.41255202889442444 -0.258576363325119 75.61347961425781 0.7148430943489075 -0.22632604837417603 1144.0  738512.6412010472
0.41650253534317017 -0.2521967887878418 76.28105926513672 0.71788090467453 -0.22872020304203033 1177.0  738512.6412011645
0.4204077422618866 -0.2457464635372162 76.9640884399414 0.72103351354599 -0.23115277290344238 1221.0  738512.6412012712
0.42426615953445435 -0.23922504484653473 77.6721420288086 0.724162757396698 -0.2336420714855194 1198.0  738512.6412013846
0.4280751943588257 -0.23263296484947205 78.37652587890625 0.7272862792015076 -0.23572668433189392 1238.0  738512.6412015061
0.43183067440986633 -0.2259705662727356 79.10555267333984 0.7301939725875854 -0.23767106235027313 1243.0  738512.6412016175
0.4355259835720062 -0.21923716366291046 79.84329223632812 0.7328685522079468 -0.23924486339092255 1209.0  738512.641201733
0.43997159600257874 -0.21668490767478943 80.57488250732422 0.6948768496513367 -0.2558409869670868 1309.0  738512.6412018473
0.44360557198524475 -0.21022893488407135 81.34393310546875 0.6967779994010925 -0.25647881627082825 1301.0  738512.6412019689
0.44751283526420593 -0.2030521184206009 82.18871307373047 0.6986104249954224 -0.2567729651927948 1294.0  738512.6412020862
0.45097875595092773 -0.19646292924880981 82.95401000976562 0.7000765204429626 -0.25672784447669983 1322.0  738512.6412021954
0.4543602466583252 -0.18981553614139557 83.71907806396484 0.7014420032501221 -0.2565010190010071 1353.0  738512.6412023103
0.45765435695648193 -0.1831115186214447 84.50039672851562 0.7027227878570557 -0.2563713788986206 1328.0  738512.6412024318
0.46085813641548157 -0.17635130882263184 85.27178192138672 0.7041121125221252 -0.2561143934726715 1296.0  738512.6412025463
0.4639695882797241 -0.1695348024368286 86.0407943725586 0.7056495547294617 -0.2558821439743042 1355.0  738512.6412026504
0.4669870138168335 -0.1626610904932022 86.82733154296875 0.7073038220405579 -0.2559340000152588 1353.0  738512.6412027781
0.47317349910736084 -0.15874573588371277 87.61832427978516 0.6754589676856995 -0.29576432704925537 1355.0  738512.6412028905
0.476377010345459 -0.15210209786891937 88.41603088378906 0.6769570112228394 -0.29568907618522644 1335.0  738512.6412030094
0.4794866442680359 -0.14539873600006104 89.21280670166016 0.6787183880805969 -0.29568859934806824 1394.0  738512.6412031223
0.4825034439563751 -0.13863523304462433 90.03297424316406 0.6806073188781738 -0.295994371175766 1382.0  738512.6412032393
0.4854269325733185 -0.1318107545375824 90.84261322021484 0.68272864818573 -0.2962191700935364 1399.0  738512.6412033499
0.48825541138648987 -0.12492428719997406 91.66459655761719 0.6849847435951233 -0.2965192496776581 1386.0  738512.6412034695
0.4909866154193878 -0.1179751604795456 92.47332000732422 0.6874644160270691 -0.29654526710510254 1383.0  738512.6412035918
0.4936186671257019 -0.11096367239952087 93.28901672363281 0.690077543258667 -0.2964566648006439 1400.0  738512.6412037057
0.4961492419242859 -0.10389035940170288 94.11656188964844 0.6927478313446045 -0.2962421774864197 1441.0  738512.6412038225
0.49857357144355774 -0.09675531089305878 94.95207214355469 0.6954549551010132 -0.2958137094974518 1413.0  738512.6412039389
0.5008847117424011 -0.08955825120210648 95.77597045898438 0.6982778906822205 -0.2949172258377075 1410.0  738512.6412040497
0.5058920383453369 -0.08392301201820374 96.60171508789062 0.6813804507255554 -0.3202918767929077 1397.0  738512.6412041715
0.5082420110702515 -0.0767674520611763 97.43920135498047 0.6838499903678894 -0.3187125027179718 1370.0  738512.6412042864
0.5104703307151794 -0.06955727934837341 98.2659912109375 0.6863901019096375 -0.3167527914047241 1482.0  738512.641204394
0.512572705745697 -0.06229431927204132 99.11417388916016 0.6888129711151123 -0.3148714005947113 1424.0  738512.6412045114
0.514542818069458 -0.05497957393527031 99.9581527709961 0.6912750005722046 -0.3128189742565155 1419.0  738512.6412046335
0.5163764953613281 -0.0476146936416626 100.8074951171875 0.693733274936676 -0.3107837438583374 1449.0  738512.6412047478
0.5180733799934387 -0.04020233452320099 101.65443420410156 0.6962580680847168 -0.30870598554611206 1475.0  738512.6412048492
0.5196346044540405 -0.032745178788900375 102.50984954833984 0.6987815499305725 -0.30679401755332947 1418.0  738512.6412049683
0.5210607051849365 -0.02524528279900551 103.35714721679688 0.7014445066452026 -0.30483850836753845 1502.0  738512.641205088
0.5247114300727844 -0.01996564120054245 104.2267837524414 0.668834388256073 -0.3255138695240021 1468.0  738512.6412052036
0.5261542201042175 -0.01266508549451828 105.09154510498047 0.6712619066238403 -0.32340100407600403 1499.0  738512.6412053219
0.5274562239646912 -0.0053245192393660545 105.96226501464844 0.6737853288650513 -0.3214136064052582 1480.0  738512.6412054353
0.5286188721656799 0.002054245676845312 106.82463073730469 0.6764948964118958 -0.3193550407886505 1518.0  738512.6412055506
0.5296433568000793 0.009469510987401009 107.69879150390625 0.6792809367179871 -0.3174518346786499 1499.0  738512.6412056691
0.530526876449585 0.016920508816838264 108.5722885131836 0.6822202801704407 -0.31549566984176636 1529.0  738512.6412057849
0.5312644839286804 0.024406615644693375 109.4585189819336 0.6852088570594788 -0.31366655230522156 1486.0  738512.6412059045
0.5318542718887329 0.0319262258708477 110.33072662353516 0.6884263157844543 -0.31160974502563477 1527.0  738512.6412060161
0.53229820728302 0.039476923644542694 111.21888732910156 0.691718339920044 -0.30964893102645874 1476.0  738512.6412061349
0.5325982570648193 0.04705621674656868 112.09644317626953 0.6951935887336731 -0.307476669549942 1551.0  738512.6412062359
0.5327523350715637 0.0546623095870018 113.00084686279297 0.6986396312713623 -0.30553293228149414 1489.0  738512.6412063545
0.5364474654197693 0.0692291110754013 113.90203857421875 0.7497174739837646 -0.36291876435279846 1520.0  738512.641206482
0.5366541743278503 0.07755923271179199 114.80856323242188 0.752338171005249 -0.36166584491729736 1489.0  738512.6412066084
0.5367093086242676 0.08590961247682571 115.71337127685547 0.7549899816513062 -0.3603913486003876 1546.0  738512.6412067151
0.5366159081459045 0.0942772701382637 116.6252670288086 0.7575751543045044 -0.35922035574913025 1549.0  738512.641206826
0.5363722443580627 0.10265962034463882 117.53019714355469 0.7601539492607117 -0.35793182253837585 1548.0  738512.6412069404
0.5359755158424377 0.11105362325906754 118.43905639648438 0.7626150250434875 -0.3566732108592987 1590.0  738512.641207064
0.5354253649711609 0.11945563554763794 119.36820220947266 0.7648444771766663 -0.35559189319610596 1484.0  738512.6412071731
0.5347251296043396 0.12786145508289337 120.27642822265625 0.767045259475708 -0.3541291356086731 1559.0  738512.6412072938
0.5338775515556335 0.13626675307750702 121.20287322998047 0.7689356803894043 -0.3527681231498718 1519.0  738512.6412074061
0.5363208651542664 0.12972338497638702 122.13121032714844 0.5985860228538513 -0.29349279403686523 1532.0  738512.6412075296
0.5355717539787292 0.13634836673736572 123.0619125366211 0.6010263562202454 -0.2891714572906494 1551.0  738512.6412076371
0.5345677137374878 0.1436166614294052 124.07361602783203 0.6036314964294434 -0.2840917110443115 1560.0  738512.6412077566
0.5334916114807129 0.15020090341567993 124.98602294921875 0.605887234210968 -0.2792925238609314 1547.0  738512.6412078587
0.5322619676589966 0.15675830841064453 125.89344024658203 0.608117938041687 -0.2743948698043823 1499.0  738512.6412079806
0.5308780670166016 0.16328488290309906 126.77193450927734 0.6105012893676758 -0.26925867795944214 1473.0  738512.6412080973
0.5293341875076294 0.1697765439748764 127.63330841064453 0.6131027340888977 -0.264148086309433 1467.0  738512.6412082117
0.5276304483413696 0.1762322038412094 128.47671508789062 0.6160472631454468 -0.2591264843940735 1470.0  738512.641208328
0.5257726907730103 0.18265363574028015 129.27981567382812 0.6195367574691772 -0.25401806831359863 1409.0  738512.6412084454
0.5237629413604736 0.1890431046485901 130.0596923828125 0.6235752701759338 -0.2491038739681244 1339.0  738512.641208559
0.5215986371040344 0.19540342688560486 130.82481384277344 0.6282106637954712 -0.2444746196269989 1358.0  738512.6412086821
0.5231374502182007 0.21100729703903198 131.5714569091797 0.6772826910018921 -0.3315751850605011 1339.0  738512.641208797
0.521048367023468 0.2182588279247284 132.30288696289062 0.6819652915000916 -0.3280501365661621 1254.0  738512.6412089119
0.5188040733337402 0.2254944145679474 133.01475524902344 0.6872722506523132 -0.32466819882392883 1200.0  738512.6412090284
0.5164070725440979 0.23271791636943817 133.6851806640625 0.6932755708694458 -0.3210832178592682 1139.0  738512.6412091395
0.5138559937477112 0.23993191123008728 134.33084106445312 0.6997599601745605 -0.31741052865982056 1073.0  738512.6412092546
0.5111492276191711 0.247137188911438 134.97805786132812 0.7064395546913147 -0.3138163685798645 1173.0  738512.6412093608
0.5082862973213196 0.25433245301246643 135.65567016601562 0.7130614519119263 -0.31046169996261597 1109.0  738512.6412094871
0.505267858505249 0.2615146040916443 136.3554229736328 0.7194955945014954 -0.30718979239463806 1141.0  738512.6412096028
0.5020928978919983 0.26867857575416565 137.0659942626953 0.7256865501403809 -0.3037503659725189 1221.0  738512.6412097196
0.4987606108188629 0.2758179306983948 137.8026580810547 0.7314912676811218 -0.30029910802841187 1173.0  738512.6412098473
