-0.24213291704654694 -1.958804726600647 65.09005737304688 -0.003119041444733739 -0.0012328177690505981 10.0  738567.6450717676
-0.24213486909866333 -1.9588382244110107 65.0927963256836 -0.003124964190647006 -0.0012349910102784634 -11.0  738567.6450718695
-0.24213682115077972 -1.958871841430664 65.094482421875 -0.0031308711040765047 -0.00123795703984797 0.0  738567.6450720018
-0.24213875830173492 -1.9589054584503174 65.09077453613281 -0.0031398888677358627 -0.0012450233334675431 -4.0  738567.6450721151
-0.24214066565036774 -1.9589391946792603 65.09382629394531 -0.0031509408727288246 -0.0012546030338853598 34.0  738567.6450722188
-0.24214252829551697 -1.9589731693267822 65.0938720703125 -0.0031649183947592974 -0.001267208601348102 -2.0  738567.6450723367
-0.2421443611383438 -1.9590072631835938 65.09259033203125 -0.0031810151413083076 -0.0012766378931701183 30.0  738567.645072467
-0.24214613437652588 -1.9590415954589844 65.0921859741211 -0.0032021277584135532 -0.0012951005483046174 -23.0  738567.6450725734
-0.24214783310890198 -1.9590762853622437 65.09160614013672 -0.0032245798502117395 -0.0013158958172425628 26.0  738567.6450726885
-0.24209871888160706 -1.958770751953125 65.09202575683594 0.0002840242814272642 -0.00028500796179287136 -24.0  738567.645072798
-0.24209488928318024 -1.958769679069519 65.08899688720703 0.00023535707441624254 -0.00031894532730802894 -6.0  738567.6450729268
-0.24209092557430267 -1.9587692022323608 65.08474731445312 0.00018789750174619257 -0.0003568655520211905 -17.0  738567.6450730299
-0.24208682775497437 -1.9587693214416504 65.08159637451172 0.00013374407717492431 -0.00039753716555424035 -30.0  738567.6450731453
-0.24208247661590576 -1.9587702751159668 65.06737518310547 6.514341657748446e-05 -0.0004659172846004367 -53.0  738567.6450732598
-0.2420777976512909 -1.9587721824645996 65.04405975341797 -1.5797128071426414e-05 -0.000543419155292213 -29.0  738567.6450733758
-0.24207283556461334 -1.9587749242782593 65.02415466308594 -7.089300925144926e-05 -0.0005923201679252088 -120.0  738567.6450734972
-0.2420676201581955 -1.958778738975525 64.97076416015625 -0.0001838537136791274 -0.0006795061635784805 -196.0  738567.6450736172
-0.24206212162971497 -1.9587838649749756 64.87344360351562 -0.00028547082911245525 -0.0007560736848972738 -169.0  738567.6450737276
-0.24205632507801056 -1.9587901830673218 64.76455688476562 -0.0003724902344401926 -0.0008376417099498212 -52.0  738567.645073853
-0.24153916537761688 -1.9587531089782715 64.71988677978516 0.0025006369687616825 -0.006057070102542639 1.0  738567.6450739623
-0.24147339165210724 -1.9587574005126953 64.71539306640625 0.0023471529129892588 -0.006197607610374689 72.0  738567.6450740857
-0.2414070963859558 -1.9587634801864624 64.74983978271484 0.0022172231692820787 -0.00630363030359149 19.0  738567.6450741974
-0.24134032428264618 -1.9587713479995728 64.77420043945312 0.0020775634329766035 -0.0064286342822015285 -22.0  738567.6450743051
-0.24127301573753357 -1.9587810039520264 64.7618179321289 0.0019275994272902608 -0.006554566789418459 -55.0  738567.6450744255
-0.24120518565177917 -1.9587925672531128 64.73565673828125 0.0017993177752941847 -0.006674198433756828 -50.0  738567.6450745447
-0.24113671481609344 -1.9588063955307007 64.70368957519531 0.0015977344010025263 -0.006841369438916445 6.0  738567.6450746404
-0.2410670816898346 -1.958823800086975 64.7042465209961 0.0012927396455779672 -0.007150714285671711 -26.0  738567.6450747639
-0.2409956455230713 -1.9588463306427002 64.692626953125 0.000881171494256705 -0.007560504134744406 -56.0  738567.6450748905
-0.24092219769954681 -1.958875298500061 64.6632080078125 0.00033186684595420957 -0.008054385893046856 -83.0  738567.6450750105
-0.2416580617427826 -1.9590672254562378 64.62274932861328 -0.005787125322967768 -0.0013524414971470833 -134.0  738567.645075115
-0.24166981875896454 -1.9591282606124878 64.54999542236328 -0.006357869599014521 -0.001865419908426702 -162.0  738567.6450752532
-0.24167922139167786 -1.9591963291168213 64.46207427978516 -0.0068037305027246475 -0.0023688683286309242 -171.0  738567.6450753468
-0.24168643355369568 -1.9592698812484741 64.37094116210938 -0.007128551602363586 -0.0027213762514293194 -164.0  738567.6450754685
-0.24169233441352844 -1.959347128868103 64.27464294433594 -0.007331323344260454 -0.002923435065895319 -175.0  738567.6450755756
-0.2416980117559433 -1.9594264030456543 64.1744613647461 -0.007455100771039724 -0.0029495505150407553 -173.0  738567.6450757004
-0.2417043000459671 -1.9595062732696533 64.0813217163086 -0.0074792769737541676 -0.002886297879740596 -207.0  738567.6450758108
-0.24171191453933716 -1.9595860242843628 63.96372604370117 -0.007525166962295771 -0.0027297367341816425 -227.0  738567.6450759147
-0.24172180891036987 -1.959666132926941 63.84084701538086 -0.007708191405981779 -0.0025685818400233984 -231.0  738567.6450760434
-0.24173523485660553 -1.9597493410110474 63.712772369384766 -0.008210974745452404 -0.0024041987489908934 -253.0  738567.6450761508
-0.2405792623758316 -1.9592630863189697 63.57133483886719 0.0028823779430240393 -0.01147677842527628 -227.0  738567.6450762652
-0.24046795070171356 -1.9592974185943604 63.43826675415039 0.0015576293226331472 -0.01153047475963831 -216.0  738567.6450763844
-0.24036461114883423 -1.9593467712402344 63.31036376953125 -0.0003025119367521256 -0.01146174967288971 -209.0  738567.6450765098
-0.2402738779783249 -1.959415078163147 63.1965217590332 -0.0026025292463600636 -0.011116751469671726 -201.0  738567.6450766308
-0.24019993841648102 -1.9595041275024414 63.07557678222656 -0.005177807994186878 -0.010544120334088802 -222.0  738567.6450767337
-0.2401464581489563 -1.959614634513855 62.952205657958984 -0.007918713614344597 -0.009702560491859913 -234.0  738567.6450768384
-0.24011829495429993 -1.9597468376159668 62.8209228515625 -0.010776491835713387 -0.008520524948835373 -256.0  738567.6450769705
-0.24012039601802826 -1.9599000215530396 62.676700592041016 -0.013663968071341515 -0.0070122722536325455 -239.0  738567.645077079
-0.24015574157238007 -1.9600721597671509 62.534297943115234 -0.01651841774582863 -0.0052551687695086 -249.0  738567.6450771918
-0.24022537469863892 -1.9602603912353516 62.38734817504883 -0.019296832382678986 -0.0033288083504885435 -274.0  738567.6450773226
-0.23846448957920074 -1.9589192867279053 62.23188018798828 0.0033467079047113657 -0.012055625207722187 -282.0  738567.6450774383
-0.2383960783481598 -1.9589576721191406 62.06792068481445 0.0008710034308023751 -0.009734068997204304 -301.0  738567.6450775302
-0.23836231231689453 -1.9590009450912476 61.89202880859375 -0.0012201209319755435 -0.0071920789778232574 -285.0  738567.6450776571
-0.23836269974708557 -1.95904541015625 61.72303009033203 -0.002886621979996562 -0.004382255021482706 -275.0  738567.6450777795
-0.23839601874351501 -1.9590888023376465 61.560787200927734 -0.004204609431326389 -0.0014605909818783402 -291.0  738567.6450778944
-0.23845936357975006 -1.9591310024261475 61.391990661621094 -0.005359296686947346 0.0013509641867130995 -315.0  738567.6450780111
-0.23854979872703552 -1.9591732025146484 61.21707534790039 -0.006541390437632799 0.0038615574594587088 -335.0  738567.645078122
-0.23866458237171173 -1.9592169523239136 61.02970504760742 -0.007799044717103243 0.005984622519463301 -319.0  738567.6450782341
-0.23880122601985931 -1.959263563156128 60.843116760253906 -0.009043815545737743 0.007722627837210894 -346.0  738567.6450783572
-0.23895816504955292 -1.9593137502670288 60.65372085571289 -0.010142788290977478 0.009298664517700672 -339.0  738567.6450784593
-0.23322415351867676 -1.9595085382461548 60.45867156982422 0.02098218724131584 -0.04843844845890999 -339.0  738567.645078587
-0.23275317251682281 -1.9595853090286255 60.264366149902344 0.02022629976272583 -0.04677927494049072 -311.0  738567.6450786932
-0.23230183124542236 -1.9596710205078125 60.08251953125 0.019183935597538948 -0.045273225754499435 -292.0  738567.6450788161
-0.23187027871608734 -1.959768533706665 59.91556930541992 0.017868969589471817 -0.04397978261113167 -278.0  738567.6450789457
-0.2314591109752655 -1.9598809480667114 59.756988525390625 0.01620071567595005 -0.04296543076634407 -271.0  738567.6450790404
-0.2310694456100464 -1.9600108861923218 59.604408264160156 0.014222304336726665 -0.042114872485399246 -263.0  738567.6450791633
-0.23070254921913147 -1.960160255432129 59.453678131103516 0.011893737129867077 -0.041338056325912476 -262.0  738567.6450792814
-0.2303602546453476 -1.9603304862976074 59.303749084472656 0.00926713552325964 -0.04064437001943588 -248.0  738567.6450793863
-0.23004484176635742 -1.9605224132537842 59.15679931640625 0.00644170306622982 -0.03994588926434517 -242.0  738567.6450795023
-0.22975881397724152 -1.9607362747192383 59.01596450805664 0.003451635828241706 -0.03923171013593674 -234.0  738567.645079628
-0.23644091188907623 -1.9653723239898682 58.882659912109375 -0.0907624140381813 0.007573242299258709 -217.0  738567.645079739
-0.2370215207338333 -1.9661346673965454 58.75705337524414 -0.09444008767604828 0.00931141059845686 -200.0  738567.6450798492
-0.2376430332660675 -1.9669169187545776 58.63745880126953 -0.09821319580078125 0.011460128240287304 -192.0  738567.6450799742
-0.23830826580524445 -1.9677174091339111 58.5242805480957 -0.10200198739767075 0.013960031792521477 -195.0  738567.6450800917
-0.23901881277561188 -1.9685345888137817 58.40984344482422 -0.1057819053530693 0.01670408621430397 -196.0  738567.6450802035
-0.23977471888065338 -1.9693667888641357 58.29246520996094 -0.10945740342140198 0.01954731158912182 -189.0  738567.6450803458
-0.2405736893415451 -1.970212459564209 58.17633819580078 -0.1129322201013565 0.022343579679727554 -207.0  738567.6450804445
-0.24141046404838562 -1.9710698127746582 58.05624771118164 -0.11611831188201904 0.02492198720574379 -196.0  738567.645080548
-0.2422785609960556 -1.9719370603561401 57.938682556152344 -0.11891821771860123 0.027105655521154404 -195.0  738567.6450806725
-0.24317114055156708 -1.9728127717971802 57.82008361816406 -0.12124958634376526 0.028772560879588127 -202.0  738567.6450807872
-0.2342757284641266 -1.9689009189605713 57.70541763305664 -0.018406564369797707 -0.034371547400951385 -189.0  738567.6450809027
-0.23410095274448395 -1.969254732131958 57.595916748046875 -0.02045118249952793 -0.03295926749706268 -152.0  738567.6450810198
-0.23392784595489502 -1.9696118831634521 57.50295639038086 -0.021760081872344017 -0.032268840819597244 -125.0  738567.6450811245
-0.23375023901462555 -1.9699703454971313 57.427223205566406 -0.022481245920062065 -0.032408494502305984 -102.0  738567.6450812635
-0.23356400430202484 -1.9703279733657837 57.36471939086914 -0.02265617810189724 -0.033352576196193695 -93.0  738567.6450813522
-0.23336726427078247 -1.970682144165039 57.31088638305664 -0.02231864631175995 -0.0348634347319603 -74.0  738567.645081469
-0.23316022753715515 -1.9710297584533691 57.2681770324707 -0.021610822528600693 -0.03667142242193222 -56.0  738567.6450815925
-0.23294518887996674 -1.9713671207427979 57.2316780090332 -0.02057722955942154 -0.03829213231801987 -56.0  738567.645081711
-0.2327258437871933 -1.97169029712677 57.19890594482422 -0.019298439845442772 -0.03949715569615364 -61.0  738567.6450818391
-0.23250669240951538 -1.97199547290802 57.16665267944336 -0.01776833087205887 -0.04005611315369606 -52.0  738567.6450819314
-0.2307572215795517 -1.974711298942566 57.137569427490234 -0.02946810983121395 -0.0689554512500763 -47.0  738567.645082072
-0.2303764969110489 -1.9752507209777832 57.1099739074707 -0.027720244601368904 -0.06790753453969955 -44.0  738567.6450821756
-0.23000936210155487 -1.9757652282714844 57.087833404541016 -0.025993643328547478 -0.06624624133110046 -31.0  738567.6450822939
-0.22965918481349945 -1.9762545824050903 57.07054901123047 -0.024395301938056946 -0.0639888346195221 -22.0  738567.6450823961
-0.22932852804660797 -1.9767192602157593 57.05725860595703 -0.023073414340615273 -0.06140587106347084 -20.0  738567.6450825176
-0.22901925444602966 -1.977159857749939 57.048561096191406 -0.02203153446316719 -0.05855763331055641 -7.0  738567.6450826377
-0.22873294353485107 -1.9775763750076294 57.041831970214844 -0.021303042769432068 -0.05545835942029953 -21.0  738567.6450827467
-0.2284703403711319 -1.9779689311981201 57.030303955078125 -0.02084021456539631 -0.05222955346107483 -21.0  738567.6450828668
-0.22823089361190796 -1.9783374071121216 57.01679611206055 -0.020449327304959297 -0.048954326659440994 -16.0  738567.6450829802
-0.22801318764686584 -1.9786818027496338 57.005184173583984 -0.020101379603147507 -0.04570109397172928 -5.0  738567.6450830908
-0.22853252291679382 -1.980640172958374 56.9969482421875 -0.038965895771980286 -0.04468078538775444 19.0  738567.6450831995
-0.22843356430530548 -1.98111891746521 56.99988555908203 -0.038330189883708954 -0.04169295355677605 17.0  738567.6450833405
-0.22835180163383484 -1.9815713167190552 57.006290435791016 -0.03749789297580719 -0.03877534344792366 11.0  738567.6450834379
-0.22828592360019684 -1.9819964170455933 57.01301956176758 -0.036535926163196564 -0.0360407680273056 10.0  738567.645083561
-0.22823506593704224 -1.98239266872406 57.0158805847168 -0.035382229834795 -0.03340122103691101 8.0  738567.6450836678
-0.22819899022579193 -1.982757568359375 57.01774215698242 -0.033966630697250366 -0.0308049488812685 5.0  738567.6450837823
-0.2281777262687683 -1.9830888509750366 57.01959991455078 -0.03237636014819145 -0.028216375038027763 3.0  738567.6450839026
-0.2281714528799057 -1.9833848476409912 57.01935577392578 -0.030613945797085762 -0.02555786445736885 10.0  738567.6450840094
-0.22818055748939514 -1.9836441278457642 57.020896911621094 -0.028657516464591026 -0.022859742864966393 12.0  738567.6450841342
-0.2282055914402008 -1.9838656187057495 57.02728271484375 -0.026514628902077675 -0.019982364028692245 24.0  738567.6450842526
-0.2286689430475235 -1.9867191314697266 57.04062271118164 -0.05077800154685974 -0.02702454663813114 16.0  738567.6450843583
-0.22878748178482056 -1.9872093200683594 57.05369567871094 -0.048366647213697433 -0.023556387051939964 10.0  738567.6450844909
-0.2289143055677414 -1.987614393234253 57.06332778930664 -0.04619782790541649 -0.020276140421628952 14.0  738567.6450845924
-0.22905997931957245 -1.9879807233810425 57.07139587402344 -0.04411080479621887 -0.01688065193593502 9.0  738567.6450847244
-0.2292248010635376 -1.9883084297180176 57.0776481628418 -0.04208628460764885 -0.013381368480622768 4.0  738567.6450848342
-0.22940818965435028 -1.9885987043380737 57.07854461669922 -0.04018542915582657 -0.009847810491919518 12.0  738567.6450849414
-0.22960951924324036 -1.9888519048690796 57.08560562133789 -0.038274362683296204 -0.00626931618899107 -3.0  738567.6450850581
-0.2298281341791153 -1.9890679121017456 57.085872650146484 -0.03648342192173004 -0.0027568074874579906 5.0  738567.645085179
-0.23006269335746765 -1.98924720287323 57.08454513549805 -0.034723635762929916 0.0006442724843509495 1.0  738567.6450852957
-0.23031172156333923 -1.9893898963928223 57.08464813232422 -0.03292970731854439 0.003930819686502218 13.0  738567.6450854079
-0.2256300300359726 -1.9888001680374146 57.08967208862305 0.004252700600773096 -0.036457568407058716 7.0  738567.6450855319
-0.22535009682178497 -1.98879075050354 57.096805572509766 0.006124407984316349 -0.033307209610939026 19.0  738567.645085643
-0.22505350410938263 -1.9887367486953735 57.10626220703125 0.008309770375490189 -0.0300406813621521 22.0  738567.6450857471
-0.22479264438152313 -1.9886474609375 57.1185188293457 0.010467150248587132 -0.02727825753390789 28.0  738567.6450858618
-0.22453878819942474 -1.9885200262069702 57.134952545166016 0.012814074754714966 -0.024726340547204018 42.0  738567.6450859834
-0.22429105639457703 -1.9883545637130737 57.15922927856445 0.015451064333319664 -0.022475335747003555 63.0  738567.6450861112
-0.22404925525188446 -1.9881511926651 57.194515228271484 0.018405968323349953 -0.02048969827592373 72.0  738567.6450862155
-0.223813995718956 -1.9879101514816284 57.23758316040039 0.021500075235962868 -0.01871538907289505 86.0  738567.6450863454
-0.22358661890029907 -1.987632155418396 57.28670883178711 0.024829523637890816 -0.017001423984766006 93.0  738567.6450864564
-0.2233690768480301 -1.9873178005218506 57.3431510925293 0.028117571026086807 -0.015255376696586609 99.0  738567.6450865621
-0.21641965210437775 -1.9850889444351196 57.40456771850586 0.088828906416893 -0.06985796242952347 113.0  738567.6450866818
-0.21545939147472382 -1.9844906330108643 57.472232818603516 0.09218379110097885 -0.0679369866847992 106.0  738567.6450867957
-0.21451690793037415 -1.983858346939087 57.538639068603516 0.09532056003808975 -0.06571395695209503 109.0  738567.6450869102
-0.21359534561634064 -1.983192801475525 57.60787582397461 0.09830722957849503 -0.06317391991615295 112.0  738567.6450870227
-0.21269722282886505 -1.9824953079223633 57.67826843261719 0.1010938286781311 -0.0603475496172905 126.0  738567.6450871387
-0.2118241786956787 -1.9817683696746826 57.756710052490234 0.10377436131238937 -0.05741455405950546 131.0  738567.6450872525
-0.21097789704799652 -1.9810141324996948 57.838802337646484 0.10642094165086746 -0.05419626459479332 131.0  738567.6450873612
-0.210160493850708 -1.9802346229553223 57.92237091064453 0.10877722501754761 -0.05096133425831795 148.0  738567.6450874846
-0.20937377214431763 -1.9794323444366455 58.014217376708984 0.11100689321756363 -0.047684699296951294 151.0  738567.6450876114
-0.20861993730068207 -1.978609561920166 58.1083984375 0.11278954893350601 -0.04430783912539482 152.0  738567.6450877199
-0.22079385817050934 -1.984507441520691 58.20258712768555 -0.025478603318333626 0.046374887228012085 148.0  738567.6450878367
-0.2215386927127838 -1.9843964576721191 58.29654312133789 -0.024854645133018494 0.050260066986083984 163.0  738567.6450879517
-0.2223217487335205 -1.9842718839645386 58.39872741699219 -0.02464761957526207 0.05431950464844704 285.0  738567.6450880683
-0.22314517199993134 -1.984135389328003 58.56231689453125 -0.024743540212512016 0.05865289270877838 428.0  738567.6450881864
-0.22401151061058044 -1.9839885234832764 58.809749603271484 -0.02526513859629631 0.06342349201440811 546.0  738567.6450883062
-0.22492225468158722 -1.983832836151123 59.12337875366211 -0.02629101276397705 0.06851568073034286 650.0  738567.64508841
-0.22587734460830688 -1.9836697578430176 59.49223709106445 -0.027681685984134674 0.07396629452705383 731.0  738567.6450885276
-0.22687624394893646 -1.9835002422332764 59.90656280517578 -0.029357247054576874 0.07964880764484406 794.0  738567.6450886449
-0.22791758179664612 -1.9833250045776367 60.35639572143555 -0.03129510581493378 0.08546765148639679 841.0  738567.6450887772
-0.22899837791919708 -1.9831442832946777 60.830711364746094 -0.03327502682805061 0.0912771224975586 862.0  738567.6450888744
-0.21791736781597137 -1.980974555015564 61.318817138671875 0.05116057023406029 -0.015211657620966434 886.0  738567.6450889913
-0.21768200397491455 -1.980556607246399 61.82044982910156 0.04821179062128067 -0.010218427516520023 900.0  738567.6450891085
-0.21747004985809326 -1.9801307916641235 62.3289680480957 0.04564861208200455 -0.005701698362827301 887.0  738567.6450892122
-0.21727457642555237 -1.979695439338684 62.83415222167969 0.043740008026361465 -0.0018769208109006286 888.0  738567.6450893386
-0.21708868443965912 -1.979249119758606 63.344886779785156 0.04269414395093918 0.0009409179328940809 885.0  738567.6450894563
-0.21690626442432404 -1.9787901639938354 63.85642623901367 0.0424669124186039 0.0026534004136919975 878.0  738567.6450895733
-0.21672238409519196 -1.9783167839050293 64.36229705810547 0.04316335171461105 0.003361825831234455 872.0  738567.6450896838
-0.21653367578983307 -1.9778273105621338 64.86477661132812 0.04467003792524338 0.0031916575971990824 853.0  738567.6450897964
-0.2163386046886444 -1.977320671081543 65.3572769165039 0.04682736471295357 0.0023901278618723154 844.0  738567.6450899222
-0.21613742411136627 -1.9767963886260986 65.84319305419922 0.04946291819214821 0.0011420989176258445 836.0  738567.6450900357
-0.21138280630111694 -1.9772452116012573 66.32525634765625 0.0625837966799736 -0.05129231512546539 819.0  738567.6450901362
-0.21066814661026 -1.9767959117889404 66.79944610595703 0.06524059176445007 -0.05261818319559097 809.0  738567.6450902895
-0.209957093000412 -1.9763299226760864 67.26980590820312 0.06769406795501709 -0.05358724668622017 905.0  738567.6450903845
-0.20925454795360565 -1.9758491516113281 67.7879409790039 0.06980521231889725 -0.0542612262070179 987.0  738567.6450904927
-0.20856569707393646 -1.9753557443618774 68.35872650146484 0.07147058844566345 -0.05435284227132797 1042.0  738567.6450906245
-0.20789600908756256 -1.9748519659042358 68.96168518066406 0.07254459708929062 -0.05405605584383011 1082.0  738567.6450907284
-0.20725072920322418 -1.9743403196334839 69.58898162841797 0.07295990735292435 -0.05321846157312393 1104.0  738567.6450908483
-0.20663471519947052 -1.9738231897354126 70.22807312011719 0.07274586707353592 -0.051573872566223145 1125.0  738567.6450909615
-0.2060520499944687 -1.9733027219772339 70.87870025634766 0.07203561812639236 -0.049420226365327835 1141.0  738567.6450910775
-0.20550625026226044 -1.972780704498291 71.53453063964844 0.0707714632153511 -0.04673226177692413 1138.0  738567.6450911899
-0.20193681120872498 -1.9756379127502441 72.18965911865234 0.043429166078567505 -0.08825279027223587 1131.0  738567.645091299
-0.20112641155719757 -1.9754977226257324 72.83745574951172 0.0410020612180233 -0.08446741849184036 1125.0  738567.6450914157
-0.2003573328256607 -1.9753588438034058 73.47911834716797 0.0384390726685524 -0.0804305374622345 1103.0  738567.6450915323
-0.1996297389268875 -1.9752212762832642 74.10836791992188 0.03588368371129036 -0.07633259147405624 1087.0  738567.645091656
-0.1989428848028183 -1.9750844240188599 74.72870635986328 0.033409833908081055 -0.07222744077444077 1070.0  738567.6450917629
-0.1982952207326889 -1.974947214126587 75.3349609375 0.03109245002269745 -0.06834523379802704 1051.0  738567.6450918833
-0.1976267248392105 -1.9747942686080933 75.99054718017578 0.028813347220420837 -0.06424372643232346 1033.0  738567.645091995
-0.19705817103385925 -1.9746513366699219 76.57557678222656 0.027134064584970474 -0.06062401831150055 1003.0  738567.6450921196
-0.1965266615152359 -1.9745020866394043 77.1472396850586 0.025852609425783157 -0.05709054321050644 974.0  738567.6450922249
-0.1960325390100479 -1.974344253540039 77.70506286621094 0.024997545406222343 -0.05359357222914696 945.0  738567.645092347
-0.19760507345199585 -1.9679619073867798 78.24620056152344 0.08837578445672989 -0.01015832182019949 917.0  738567.6450924631
-0.1974145919084549 -1.9670865535736084 78.7719955444336 0.08872325718402863 -0.006872855592519045 885.0  738567.6450925786
-0.19726482033729553 -1.96619713306427 79.28094482421875 0.08933674544095993 -0.003344617784023285 856.0  738567.6450926824
-0.19715812802314758 -1.9652926921844482 79.77403259277344 0.09016954153776169 0.0004971986054442823 817.0  738567.645092809
-0.19709675014019012 -1.964372992515564 80.2505874633789 0.09115178883075714 0.004643052816390991 784.0  738567.6450929295
-0.19708222150802612 -1.9634387493133545 80.71012878417969 0.09213995933532715 0.009072436951100826 767.0  738567.6450930429
-0.19711637496948242 -1.9624913930892944 81.159423828125 0.09307393431663513 0.013733324594795704 737.0  738567.6450931523
-0.19720079004764557 -1.9615333080291748 81.5955810546875 0.09382107108831406 0.0185213852673769 703.0  738567.6450932721
-0.19733572006225586 -1.9605677127838135 82.01268768310547 0.09428199380636215 0.023317400366067886 669.0  738567.6450933884
-0.19752056896686554 -1.959598422050476 82.40892028808594 0.09437249600887299 0.028030233457684517 644.0  738567.6450935011
-0.1945233941078186 -1.963419795036316 82.78959655761719 0.04699666425585747 -0.014011052437126637 616.0  738567.6450936095
-0.19444715976715088 -1.9629865884780884 83.15239715576172 0.04635625332593918 -0.009034406393766403 579.0  738567.6450937246
-0.19441747665405273 -1.9625613689422607 83.49325561523438 0.045332543551921844 -0.004302479792386293 558.0  738567.6450938382
-0.19443213939666748 -1.9621474742889404 83.81841278076172 0.04391152039170265 0.00015877935220487416 526.0  738567.6450939645
-0.19448834657669067 -1.961747169494629 84.12330627441406 0.042138684540987015 0.004330665338784456 498.0  738567.6450940685
-0.1945839822292328 -1.9613618850708008 84.40888214111328 0.04014125466346741 0.008180869743227959 471.0  738567.6450941899
-0.19471782445907593 -1.9609923362731934 84.67618560791016 0.03801770508289337 0.011833899654448032 445.0  738567.645094306
-0.1948889046907425 -1.960638165473938 84.92765808105469 0.03586854785680771 0.015356231480836868 417.0  738567.6450944198
-0.19509685039520264 -1.9602981805801392 85.16329193115234 0.03387758508324623 0.018855346366763115 396.0  738567.6450945362
-0.19534200429916382 -1.9599707126617432 85.38701629638672 0.032075684517621994 0.02243334800004959 379.0  738567.6450946522
-0.19178186357021332 -1.9580844640731812 85.60062408447266 0.05095968768000603 -0.013646246865391731 354.0  738567.6450947655
-0.19166885316371918 -1.9575988054275513 85.80046081542969 0.04965286701917648 -0.009953273460268974 335.0  738567.6450948878
-0.1915946751832962 -1.9571199417114258 85.99002838134766 0.04860064387321472 -0.006185699254274368 322.0  738567.6450950099
-0.1915593445301056 -1.9566463232040405 86.17375183105469 0.04777306318283081 -0.0023897290229797363 299.0  738567.6450951132
-0.19156251847743988 -1.9561768770217896 86.34750366210938 0.04710976034402847 0.0013871680712327361 289.0  738567.6450952368
-0.19160394370555878 -1.9557112455368042 86.5137710571289 0.046539582312107086 0.005109564401209354 273.0  738567.6450953503
-0.19168336689472198 -1.9552494287490845 86.67059326171875 0.04600389674305916 0.008815251290798187 243.0  738567.6450954654
-0.19180065393447876 -1.9547920227050781 86.81425476074219 0.045457035303115845 0.012494388967752457 229.0  738567.6450955773
-0.19195568561553955 -1.9543399810791016 86.95011901855469 0.04481339454650879 0.016194414347410202 213.0  738567.6450956945
-0.1921486258506775 -1.9538947343826294 87.07528686523438 0.04402810335159302 0.019903166219592094 197.0  738567.6450958251
-0.1891976147890091 -1.9535093307495117 87.18962097167969 0.04432531073689461 -0.012180075980722904 173.0  738567.6450959281
-0.18911096453666687 -1.9530881643295288 87.2939224243164 0.04316465184092522 -0.008358865045011044 162.0  738567.6450960457
-0.18906272947788239 -1.9526780843734741 87.39302825927734 0.04183002561330795 -0.004469688981771469 147.0  738567.6450961753
-0.18905366957187653 -1.9522806406021118 87.4822769165039 0.04034823924303055 -0.000542191497515887 142.0  738567.6450962748
-0.18908469378948212 -1.9518972635269165 87.56465911865234 0.038737088441848755 0.0034389453940093517 125.0  738567.645096394
-0.18915614485740662 -1.951528549194336 87.6353988647461 0.037035729736089706 0.007434062659740448 107.0  738567.6450965104
-0.18926836550235748 -1.9511748552322388 87.69712829589844 0.03533058986067772 0.011488431133329868 97.0  738567.6450966201
-0.18942201137542725 -1.9508363008499146 87.7505111694336 0.03362607583403587 0.015602546744048595 78.0  738567.6450967347
-0.18961788713932037 -1.9505126476287842 87.79499816894531 0.03194183483719826 0.019780877977609634 69.0  738567.6450968508
-0.1898563951253891 -1.9502036571502686 87.83375549316406 0.030315490439534187 0.02397618629038334 63.0  738567.6450969704
-0.18728235363960266 -1.9499742984771729 87.86723327636719 0.029389409348368645 -0.004306644666939974 61.0  738567.6450971036
-0.18728642165660858 -1.949700117111206 87.90009307861328 0.027860937640070915 -7.632847700733691e-05 46.0  738567.6450972039
-0.1873331218957901 -1.9494389295578003 87.92579650878906 0.026391422376036644 0.004144416190683842 49.0  738567.6450973271
-0.18742217123508453 -1.9491902589797974 87.95206451416016 0.024995699524879456 0.00832652859389782 26.0  738567.6450974299
-0.1875530332326889 -1.9489535093307495 87.9697494506836 0.023666927590966225 0.012476385571062565 32.0  738567.6450975436
-0.18772488832473755 -1.9487285614013672 87.98674011230469 0.022317422553896904 0.016602305695414543 20.0  738567.6450976622
-0.18793708086013794 -1.9485152959823608 87.9995346069336 0.021015338599681854 0.020656047388911247 19.0  738567.6450977699
-0.1881897747516632 -1.9483137130737305 88.00993347167969 0.01969858445227146 0.024736717343330383 15.0  738567.6450978928
-0.18848328292369843 -1.9481244087219238 88.01676177978516 0.018331950530409813 0.02882438153028488 11.0  738567.645098013
-0.18881767988204956 -1.9479477405548096 88.02179718017578 0.0169087965041399 0.03291032090783119 5.0  738567.645098128
-0.18672055006027222 -1.9465904235839844 88.02689361572266 0.029124949127435684 0.01074985507875681 10.0  738567.6450982501
-0.18686041235923767 -1.9463093280792236 88.0319595336914 0.027642877772450447 0.014880966395139694 -2.0  738567.6450983557
-0.18704216182231903 -1.9460417032241821 88.03060913085938 0.02613302320241928 0.01904619112610817 -8.0  738567.6450984789
-0.18726590275764465 -1.9457876682281494 88.0269775390625 0.024611277505755424 0.023246148601174355 -6.0  738567.6450985913
-0.18753193318843842 -1.9455474615097046 88.02264404296875 0.02308720536530018 0.02743363566696644 -9.0  738567.6450987022
-0.18783986568450928 -1.9453210830688477 88.01587677001953 0.02154148928821087 0.03160059079527855 -10.0  738567.6450988227
-0.18818897008895874 -1.9451086521148682 88.00862121582031 0.019983701407909393 0.035740677267313004 -14.0  738567.6450989388
-0.1885790228843689 -1.9449101686477661 87.99919891357422 0.018404686823487282 0.03984931856393814 -17.0  738567.6450990482
-0.18900975584983826 -1.9447259902954102 87.98902893066406 0.016819030046463013 0.04389946162700653 -21.0  738567.6450991683
-0.18948090076446533 -1.9445562362670898 87.97672271728516 0.015210149809718132 0.04790244996547699 -24.0  738567.6450992833
-0.18717585504055023 -1.9443438053131104 87.96217346191406 0.01557464525103569 0.019776249304413795 -33.0  738567.6450994087
-0.1874111145734787 -1.944197177886963 87.94637298583984 0.013960428535938263 0.023723172023892403 -25.0  738567.6450995195
-0.18768608570098877 -1.9440654516220093 87.93273162841797 0.01232225727289915 0.02762908674776554 -20.0  738567.6450996328
-0.18800045549869537 -1.9439488649368286 87.91944885253906 0.01067737489938736 0.03148278221487999 -23.0  738567.6450997576
-0.1883535087108612 -1.943847417831421 87.90726470947266 0.009026851505041122 0.0352591872215271 -21.0  738567.6450998752
-0.18874478340148926 -1.9437613487243652 87.89370727539062 0.0073644137009978294 0.038979168981313705 -18.0  738567.6450999831
-0.18917380273342133 -1.9436907768249512 87.88240051269531 0.005684092175215483 0.04263696074485779 -21.0  738567.6451000914
-0.189640074968338 -1.9436354637145996 87.86678314208984 0.004012784920632839 0.046263523399829865 -19.0  738567.6451002056
-0.1901436448097229 -1.9435955286026 87.85340118408203 0.0023253876715898514 0.04990440234541893 -23.0  738567.6451003317
-0.1906847357749939 -1.9435707330703735 87.83680725097656 0.0006527073564939201 0.05355716496706009 -20.0  738567.6451004401
-0.18776637315750122 -1.9432772397994995 87.8232650756836 0.003862745128571987 0.01790299452841282 -27.0  738567.6451005542
-0.18799181282520294 -1.9432498216629028 87.80668640136719 0.00229888828471303 0.021525386720895767 -22.0  738567.6451006705
-0.18825434148311615 -1.9432361125946045 87.79016876220703 0.0007820334285497665 0.02518426440656185 -30.0  738567.6451007884
-0.18855373561382294 -1.9432356357574463 87.77316284179688 -0.0006980824982747436 0.028829004615545273 -20.0  738567.6451009007
-0.18888962268829346 -1.9432481527328491 87.75875091552734 -0.0021398519165813923 0.03239854425191879 -17.0  738567.6451010153
-0.1892613172531128 -1.9432733058929443 87.74893951416016 -0.0035484356340020895 0.035908930003643036 -5.0  738567.6451011377
-0.18966792523860931 -1.9433106184005737 87.74162292480469 -0.004925822839140892 0.03933531045913696 -17.0  738567.6451012488
-0.1901085525751114 -1.943359613418579 87.73334503173828 -0.006234211381524801 0.042705025523900986 -12.0  738567.6451013671
-0.19058282673358917 -1.9434198141098022 87.72686767578125 -0.0075234114192426205 0.04604150354862213 -7.0  738567.6451014832
-0.19109061360359192 -1.9434908628463745 87.72188568115234 -0.008758636191487312 0.04937309771776199 -1.0  738567.6451015952
-0.18948699533939362 -1.9424701929092407 87.72211456298828 0.0030640317127108574 0.029986174777150154 -3.0  738567.6451017063
-0.18982134759426117 -1.9424386024475098 87.72151947021484 0.00186927558388561 0.03334484249353409 5.0  738567.6451018424
-0.19018974900245667 -1.9424172639846802 87.7243881225586 0.0007043311488814652 0.036728259176015854 2.0  738567.6451019482
-0.19059212505817413 -1.9424058198928833 87.7247085571289 -0.00042340814252384007 0.04011821746826172 -3.0  738567.6451020774
-0.19102846086025238 -1.9424041509628296 87.72039794921875 -0.0015799362445250154 0.04351693391799927 -3.0  738567.6451021828
-0.1914985626935959 -1.9424118995666504 87.71051025390625 -0.002770011080428958 0.046888567507267 -7.0  738567.6451023198
-0.19200147688388824 -1.942427158355713 87.69457244873047 -0.003867312567308545 0.050218019634485245 -12.0  738567.6451024124
-0.19253580272197723 -1.9424457550048828 87.66862487792969 -0.004556356463581324 0.05345049127936363 -4.0  738567.6451025481
-0.19310016930103302 -1.9424597024917603 87.64179229736328 -0.004372821189463139 0.056566108018159866 4.0  738567.6451026557
-0.19369269907474518 -1.9424556493759155 87.61612701416016 -0.002835531486198306 0.059473421424627304 13.0  738567.6451027571
-0.1943099945783615 -1.942415475845337 87.59020233154297 0.00047709967475384474 0.06209588423371315 19.0  738567.6451028894
-0.19163984060287476 -1.9413702487945557 87.5714111328125 0.01690453104674816 0.031643226742744446 -7.0  738567.6451030041
-0.191960409283638 -1.9410954713821411 87.54882049560547 0.02500792033970356 0.03348749130964279 -10.0  738567.6451031109
-0.1922893524169922 -1.9407131671905518 87.5292739868164 0.03586839884519577 0.034803565591573715 -28.0  738567.6451032305
-0.19261957705020905 -1.940194845199585 87.51068115234375 0.049413327127695084 0.03554137051105499 -37.0  738567.6451033556
-0.19294390082359314 -1.9395170211791992 87.49598693847656 0.0655154287815094 0.035675935447216034 -45.0  738567.6451034677
-0.19325533509254456 -1.9386563301086426 87.48033905029297 0.08396974951028824 0.03521384298801422 -37.0  738567.6451038421
-0.19354745745658875 -1.9375909566879272 87.46967315673828 0.10444054752588272 0.03424651175737381 -37.0  738567.6451038768
-0.19381549954414368 -1.936306118965149 87.4581298828125 0.12653589248657227 0.032859236001968384 -30.0  738567.6451039055
-0.19405625760555267 -1.9347913265228271 87.44479370117188 0.14983443915843964 0.031171252951025963 -31.0  738567.6451039433
-0.1942683309316635 -1.933039665222168 87.42931365966797 0.17394259572029114 0.029369326308369637 -28.0  738567.6451040246
-0.18983355164527893 -1.9294253587722778 87.41197204589844 0.21621857583522797 -0.018729979172348976 -28.0  738567.6451041396
-0.18951883912086487 -1.9270291328430176 87.39434051513672 0.24077343940734863 -0.0203871913254261 -10.0  738567.6451042781
-0.18918053805828094 -1.9243934154510498 87.38493347167969 0.2650899291038513 -0.021778469905257225 -6.0  738567.6451043687
-0.18882280588150024 -1.9215201139450073 87.37952423095703 0.28895604610443115 -0.02279732935130596 -7.0  738567.6451044932
-0.18845076858997345 -1.918414831161499 87.37614440917969 0.3122028112411499 -0.023338500410318375 3.0  738567.6451046171
-0.1880698800086975 -1.9150851964950562 87.38050079345703 0.33473774790763855 -0.023385779932141304 17.0  738567.6451047274
-0.18768544495105743 -1.911536693572998 87.3934097290039 0.3565402925014496 -0.022946173325181007 20.0  738567.6451048332
-0.18730229139328003 -1.9077759981155396 87.409423828125 0.37766698002815247 -0.022064872086048126 14.0  738567.6451049726
-0.1869242638349533 -1.9038103818893433 87.42276763916016 0.3981914818286896 -0.02071550488471985 26.0  738567.6451050752
-0.18655391037464142 -1.899645209312439 87.44148254394531 0.4182448387145996 -0.01917264796793461 34.0  738567.6451051894
-0.18485167622566223 -1.899626612663269 87.4660415649414 0.39225563406944275 -0.033242154866456985 58.0  738567.6451052892
-0.18436245620250702 -1.8955090045928955 87.49888610839844 0.41169750690460205 -0.03159443661570549 40.0  738567.6451054212
-0.1838812381029129 -1.8911956548690796 87.52548217773438 0.43092310428619385 -0.029999205842614174 46.0  738567.6451055221
-0.18340584635734558 -1.8866870403289795 87.5529556274414 0.44998031854629517 -0.028673015534877777 38.0  738567.645105652
-0.18293355405330658 -1.8819835186004639 87.57660675048828 0.4689234495162964 -0.027593117207288742 31.0  738567.6451057642
-0.18246160447597504 -1.8770877122879028 87.59578704833984 0.4877619445323944 -0.02679041214287281 36.0  738567.6451058869
-0.1819874346256256 -1.8720011711120605 87.61763763427734 0.5064957737922668 -0.026346201077103615 31.0  738567.6451059971
-0.18150916695594788 -1.8667272329330444 87.63676452636719 0.5250940918922424 -0.0261484794318676 29.0  738567.6451061205
-0.18102578818798065 -1.8612689971923828 87.6548080444336 0.5435190200805664 -0.026120314374566078 29.0  738567.6451062313
-0.1805371642112732 -1.8556288480758667 87.67268371582031 0.5616904497146606 -0.0262035820633173 32.0  738567.6451063437
-0.17638073861598969 -1.8494760990142822 87.69175720214844 0.5857353210449219 -0.0629473403096199 30.0  738567.6451064658
-0.17551617324352264 -1.8434592485427856 87.71180725097656 0.6030378937721252 -0.06288561224937439 32.0  738567.6451065802
-0.17465092241764069 -1.8372783660888672 87.73316192626953 0.6197838187217712 -0.06267669051885605 31.0  738567.6451067068
-0.17378748953342438 -1.8309394121170044 87.75434112548828 0.6359094381332397 -0.062235888093709946 17.0  738567.6451068033
-0.17292876541614532 -1.8244481086730957 87.77322387695312 0.6513022780418396 -0.061504993587732315 21.0  738567.6451069224
-0.17207780480384827 -1.8178123235702515 87.79428100585938 0.6659095287322998 -0.06049424782395363 17.0  738567.6451070388
-0.1712374985218048 -1.8110413551330566 87.81272888183594 0.6796900033950806 -0.059160083532333374 20.0  738567.6451071673
-0.17041067779064178 -1.8041431903839111 87.83064270019531 0.6925897002220154 -0.05754026398062706 18.0  738567.6451072713
-0.1695999652147293 -1.797126054763794 87.84960174560547 0.7046281695365906 -0.05564509704709053 -3.0  738567.6451073751
-0.1688074767589569 -1.789997935295105 87.86006164550781 0.7158254384994507 -0.053451068699359894 0.0  738567.6451074921
-0.16587363183498383 -1.7849550247192383 87.86868286132812 0.7046923637390137 -0.07403331995010376 1.0  738567.6451076192
-0.16490063071250916 -1.7778488397598267 87.87681579589844 0.7143466472625732 -0.07158426195383072 -3.0  738567.6451077104
-0.16394968330860138 -1.7706505060195923 87.88365936279297 0.7233161330223083 -0.06907639652490616 -4.0  738567.6451078566
-0.1630207747220993 -1.7633670568466187 87.88870239257812 0.731611967086792 -0.06659666448831558 -3.0  738567.6451079785
-0.1621135175228119 -1.756005048751831 87.89334106445312 0.7393601536750793 -0.06414283066987991 -13.0  738567.6451080863
-0.16122731566429138 -1.7485706806182861 87.89167022705078 0.7465232610702515 -0.06170840188860893 -7.0  738567.6451081993
-0.1603621393442154 -1.7410680055618286 87.89598083496094 0.7531961798667908 -0.059390854090452194 24.0  738567.6451083052
-0.15951795876026154 -1.7335011959075928 87.91385650634766 0.7594506144523621 -0.05731935054063797 18.0  738567.645108431
-0.15869475901126862 -1.725874900817871 87.92935943603516 0.7652704119682312 -0.05520687624812126 6.0  738567.645108547
-0.15789316594600677 -1.7181929349899292 87.94404602050781 0.7707064747810364 -0.053034283220767975 16.0  738567.6451086635
-0.1549021303653717 -1.7117832899093628 87.96054077148438 0.7632830739021301 -0.07366922497749329 27.0  738567.6451087781
-0.1539214700460434 -1.7041352987289429 87.9809341430664 0.7679423689842224 -0.0714988112449646 16.0  738567.6451088841
-0.15296420454978943 -1.6964435577392578 88.00276947021484 0.7722135782241821 -0.06925961375236511 27.0  738567.6451089996
-0.15203149616718292 -1.6887116432189941 88.02484893798828 0.7760727405548096 -0.06698905676603317 38.0  738567.645109108
-0.15112458169460297 -1.680943250656128 88.05070495605469 0.7795438766479492 -0.06467162072658539 26.0  738567.6451092343
-0.15024429559707642 -1.673142910003662 88.06954193115234 0.7826138138771057 -0.06217317283153534 20.0  738567.645109358
-0.14930780231952667 -1.6645305156707764 88.09273529052734 0.7855780124664307 -0.05931897833943367 37.0  738567.6451094727
-0.14848753809928894 -1.6566753387451172 88.11894226074219 0.7878502607345581 -0.056628793478012085 23.0  738567.6451095839
-0.1476980298757553 -1.648800015449524 88.13890075683594 0.7897253036499023 -0.053800903260707855 29.0  738567.6451096947
-0.1469389945268631 -1.6409085988998413 88.15790557861328 0.7912379503250122 -0.050931550562381744 29.0  738567.6451098031
-0.1415463387966156 -1.636909008026123 88.1819839477539 0.7541152238845825 -0.09739677608013153 17.0  738567.6451099294
-0.14037498831748962 -1.6293927431106567 88.19844818115234 0.7549495697021484 -0.09451134502887726 25.0  738567.6451100553
-0.1392345130443573 -1.6218703985214233 88.21913146972656 0.7555093765258789 -0.09168673306703568 38.0  738567.6451101749
-0.13812494277954102 -1.614344835281372 88.2441635131836 0.7557534575462341 -0.08893967419862747 26.0  738567.6451102835
-0.13704678416252136 -1.606818437576294 88.2617416381836 0.7557223439216614 -0.08611279726028442 14.0  738567.6451103954
-0.13600027561187744 -1.5992929935455322 88.27052307128906 0.7554834485054016 -0.08311662077903748 22.0  738567.645110497
-0.13498574495315552 -1.5917692184448242 88.28282928466797 0.7551824450492859 -0.08007090538740158 25.0  738567.645110624
-0.1339080035686493 -1.5834951400756836 88.29492950439453 0.7547991871833801 -0.07658779621124268 15.0  738567.6451107365
-0.1329641491174698 -1.5759748220443726 88.30289459228516 0.7544980049133301 -0.07325845956802368 15.0  738567.6451108584
-0.13205596804618835 -1.5684551000595093 88.30873107910156 0.754291296005249 -0.06976434588432312 14.0  738567.6451109794
-0.12988457083702087 -1.5630052089691162 88.31463623046875 0.7335562109947205 -0.07899235188961029 9.0  738567.645111099
-0.1289212703704834 -1.555694341659546 88.31835174560547 0.73355633020401 -0.0752045214176178 12.0  738567.6451111945
-0.12799812853336334 -1.5483814477920532 88.32573699951172 0.7336257100105286 -0.07137283682823181 8.0  738567.645111323
-0.12711478769779205 -1.5410658121109009 88.32876586914062 0.7337929606437683 -0.06744422018527985 11.0  738567.6451114384
-0.12627023458480835 -1.5337473154067993 88.3317642211914 0.7339618802070618 -0.06351280212402344 0.0  738567.6451115535
-0.12546414136886597 -1.5264257192611694 88.33209991455078 0.7341716289520264 -0.059564318507909775 -4.0  738567.6451116679
-0.12469647079706192 -1.5191007852554321 88.33082580566406 0.7343933582305908 -0.05566381290555 -13.0  738567.6451117874
-0.12396679818630219 -1.5117725133895874 88.32675170898438 0.734622061252594 -0.05181577429175377 -2.0  738567.6451119072
-0.12327379733324051 -1.5044409036636353 88.32652282714844 0.7348503470420837 -0.048116765916347504 0.0  738567.6451120153
-0.12261591851711273 -1.4971060752868652 88.32676696777344 0.7350764870643616 -0.04455726593732834 0.0  738567.6451121423
-0.11962340772151947 -1.491607666015625 88.32849884033203 0.71744304895401 -0.06563908606767654 7.0  738567.6451122635
-0.11879296600818634 -1.4844521284103394 88.33180236816406 0.7176427245140076 -0.062412578612565994 6.0  738567.645112352
-0.11799320578575134 -1.477293610572815 88.33866119384766 0.717842161655426 -0.05939483642578125 21.0  738567.6451124696
-0.11722254753112793 -1.4701319932937622 88.34732055664062 0.7180582880973816 -0.05653010681271553 28.0  738567.6451125793
-0.11647991091012955 -1.462967038154602 88.37907409667969 0.7182747721672058 -0.05405863747000694 107.0  738567.6451126949
-0.11576496064662933 -1.4557983875274658 88.46045684814453 0.7184889912605286 -0.05227995291352272 210.0  738567.6451128173
-0.11507749557495117 -1.4486255645751953 88.5948486328125 0.7187151908874512 -0.05121777206659317 273.0  738567.6451129371
-0.11441739648580551 -1.4414479732513428 88.76749420166016 0.7189672589302063 -0.050612837076187134 347.0  738567.6451130363
-0.11378510296344757 -1.43426513671875 88.98164367675781 0.7192585468292236 -0.050462618470191956 435.0  738567.6451131782
-0.11061079055070877 -1.4300237894058228 89.24405670166016 0.6861698031425476 -0.08087090402841568 500.0  738567.6451132756
-0.10974167287349701 -1.423166036605835 89.53817749023438 0.6864408850669861 -0.0813877135515213 555.0  738567.6451133933
-0.10890340059995651 -1.4163004159927368 89.86553192138672 0.6867427825927734 -0.0822053924202919 607.0  738567.645113511
-0.10809686034917831 -1.4094264507293701 90.22318267822266 0.6870590448379517 -0.08332488685846329 668.0  738567.6451136372
-0.10732240229845047 -1.4025434255599976 90.61677551269531 0.687415599822998 -0.08481723815202713 716.0  738567.6451137358
-0.10658086091279984 -1.3956502676010132 91.02975463867188 0.687850296497345 -0.08649007976055145 738.0  738567.6451138463
-0.10587320476770401 -1.3887455463409424 91.44938659667969 0.6884368062019348 -0.08820218592882156 728.0  738567.6451139621
-0.10520011186599731 -1.381827712059021 91.8616943359375 0.6892223358154297 -0.08974365144968033 721.0  738567.6451140882
-0.10456263273954391 -1.3748948574066162 92.26412963867188 0.6902496814727783 -0.0910707637667656 692.0  738567.6451141995
-0.1039620041847229 -1.3679447174072266 92.64629364013672 0.6915690898895264 -0.09203121811151505 663.0  738567.6451143164
-0.10143881291151047 -1.362857460975647 93.0162353515625 0.6715145111083984 -0.11292895674705505 639.0  738567.645114437
-0.10070062428712845 -1.3560726642608643 93.37006378173828 0.6734558939933777 -0.11308794468641281 624.0  738567.6451145568
-0.10000564903020859 -1.34926176071167 93.71602630615234 0.6757400035858154 -0.11299990117549896 603.0  738567.6451146606
-0.09935525804758072 -1.342422366142273 94.04914855957031 0.6783579587936401 -0.11261451244354248 585.0  738567.6451147824
-0.09875048696994781 -1.3355523347854614 94.3775405883789 0.6812878251075745 -0.11207019537687302 574.0  738567.6451148973
-0.09819302707910538 -1.3286495208740234 94.6975326538086 0.6844850778579712 -0.11131177842617035 556.0  738567.6451150079
-0.09768445044755936 -1.321711778640747 95.00978088378906 0.6879541873931885 -0.11035825312137604 540.0  738567.6451151236
-0.09722645580768585 -1.3147375583648682 95.31566619873047 0.6916384100914001 -0.10919598489999771 523.0  738567.6451152404
-0.09682101011276245 -1.3077253103256226 95.61187744140625 0.6954966187477112 -0.10780893266201019 514.0  738567.6451153449
-0.09646940976381302 -1.3006742000579834 95.90079498291016 0.6995278000831604 -0.1062062606215477 497.0  738567.6451154753
-0.09327618777751923 -1.2961316108703613 96.18291473388672 0.6715204119682312 -0.13381187617778778 481.0  738567.6451155978
-0.09271173924207687 -1.2892872095108032 96.45642852783203 0.675604522228241 -0.1316281259059906 458.0  738567.6451157074
-0.09220441430807114 -1.2824037075042725 96.719970703125 0.6797295212745667 -0.12925462424755096 450.0  738567.6451158223
-0.09175538271665573 -1.2754813432693481 96.97615051269531 0.6838827133178711 -0.12674780189990997 430.0  738567.6451159416
-0.0913664773106575 -1.2685198783874512 97.22234344482422 0.6880164742469788 -0.12408588081598282 406.0  738567.6451160487
-0.09103865921497345 -1.2615197896957397 97.45816040039062 0.6921377778053284 -0.12126724421977997 397.0  738567.6451161744
-0.09077238291501999 -1.2544820308685303 97.68733978271484 0.6962618231773376 -0.11832856386899948 398.0  738567.64511628
-0.09056831151247025 -1.247407078742981 97.91817474365234 0.7003945112228394 -0.11534344404935837 386.0  738567.645116407
-0.09042799472808838 -1.2402950525283813 98.14083099365234 0.704586923122406 -0.11216927319765091 383.0  738567.6451165155
-0.09035338461399078 -1.2331454753875732 98.35517120361328 0.7088457942008972 -0.10880277305841446 356.0  738567.6451166269
-0.0903458222746849 -1.2259583473205566 98.55701446533203 0.7131827473640442 -0.10521423816680908 338.0  738567.6451167365
-0.08858630806207657 -1.2210801839828491 98.74930572509766 0.6923574805259705 -0.11477158963680267 329.0  738567.645116849
-0.08853261917829514 -1.2140533924102783 98.93505859375 0.6967672109603882 -0.11079038679599762 301.0  738567.6451169824
-0.08854756504297256 -1.2069892883300781 99.11064910888672 0.701197624206543 -0.10667366534471512 283.0  738567.6451170925
-0.08864204585552216 -1.1991771459579468 99.28839111328125 0.7060546278953552 -0.1020168587565422 250.0  738567.6451172092
-0.08879891037940979 -1.192037582397461 99.43610382080078 0.7104732990264893 -0.09768915921449661 245.0  738567.6451173146
-0.08902306854724884 -1.184862494468689 99.58253479003906 0.7148523330688477 -0.09342870116233826 242.0  738567.6451174531
-0.08931414037942886 -1.1776522397994995 99.7242202758789 0.7191683650016785 -0.08918897807598114 218.0  738567.6451175483
-0.08967231214046478 -1.1704070568084717 99.85196685791016 0.7234064340591431 -0.08491487801074982 204.0  738567.6451176654
-0.09009653329849243 -1.1631278991699219 99.97181701660156 0.7275667786598206 -0.08066561818122864 196.0  738567.6451177973
-0.0905851423740387 -1.155815839767456 99.97181701660156 0.7316471338272095 -0.07641162723302841 178.0  738567.6451179109
-0.08618474006652832 -1.1524330377578735 100.08211517333984 0.6864301562309265 -0.11542559415102005 156.0  738567.6451180116
-0.08629712462425232 -1.1454596519470215 100.18303680419922 0.6903111338615417 -0.11093733459711075 125.0  738567.6451181337
-0.0864715576171875 -1.1384559869766235 100.26679992675781 0.6941410303115845 -0.10634830594062805 104.0  738567.6451182422
-0.08670749515295029 -1.131422758102417 100.33644104003906 0.6979268789291382 -0.1016683578491211 91.0  738567.6451183707
-0.08700456470251083 -1.12436044216156 100.39324188232422 0.7017107605934143 -0.09691668301820755 79.0  738567.6451184779
-0.08736257255077362 -1.1172692775726318 100.44242858886719 0.7055112719535828 -0.09211794286966324 83.0  738567.6451186
-0.08778133988380432 -1.1101493835449219 100.48778533935547 0.7093526124954224 -0.08724842220544815 79.0  738567.6451187145
-0.08826141804456711 -1.103000283241272 100.5293197631836 0.7132797241210938 -0.08231078088283539 68.0  738567.6451188226
-0.08880322426557541 -1.095821499824524 100.56825256347656 0.717315673828125 -0.07720055431127548 47.0  738567.6451189371
-0.08940724283456802 -1.0886123180389404 100.5982894897461 0.7214662432670593 -0.0719100832939148 27.0  738567.645119051
-0.0862516313791275 -1.0827909708023071 100.6176528930664 0.7054256796836853 -0.10030679404735565 17.0  738567.6451191674
-0.08660434931516647 -1.0756583213806152 100.6227035522461 0.7098149061203003 -0.09470850974321365 20.0  738567.6451192892
-0.0870213508605957 -1.0684924125671387 100.62696838378906 0.7142711281776428 -0.08910477161407471 -8.0  738567.6451194065
-0.08750216662883759 -1.061293125152588 100.63240814208984 0.7187479734420776 -0.0834052786231041 -1.0  738567.6451195196
-0.08804674446582794 -1.0540601015090942 100.6268310546875 0.7232205867767334 -0.07776372134685516 -8.0  738567.64511964
-0.0886552557349205 -1.0467935800552368 100.6263198852539 0.7276009917259216 -0.07215789705514908 -25.0  738567.6451197439
-0.08932672441005707 -1.0394943952560425 100.62565612792969 0.7318487167358398 -0.0664806067943573 -41.0  738567.6451198701
-0.09005966782569885 -1.0321638584136963 100.60979461669922 0.7359598875045776 -0.06085245683789253 -50.0  738567.6451199765
-0.09085197001695633 -1.0248037576675415 100.59170532226562 0.7398815751075745 -0.055283624678850174 -63.0  738567.6451200926
-0.09124906361103058 -1.019055724143982 100.56736755371094 0.7247180342674255 -0.050969742238521576 -65.0  738567.6451202163
-0.09210298210382462 -1.0118273496627808 100.53569030761719 0.728218674659729 -0.04559854045510292 -78.0  738567.645120324
-0.09300989657640457 -1.0045747756958008 100.50171661376953 0.7315080761909485 -0.04032294452190399 -87.0  738567.6451204461
-0.09396743029356003 -0.9972997903823853 100.4612808227539 0.7345800399780273 -0.035118672996759415 -95.0  738567.645120554
-0.09497416019439697 -0.9900038838386536 100.41291046142578 0.737436056137085 -0.030046286061406136 -102.0  738567.6451206923
-0.0960279330611229 -0.9826886653900146 100.36036682128906 0.7401001453399658 -0.02510732226073742 -104.0  738567.64512079
-0.09712626039981842 -0.9753558039665222 100.30461120605469 0.742580771446228 -0.02031644620001316 -115.0  738567.6451209026
-0.09826767444610596 -0.9680063724517822 100.24674987792969 0.7448922991752625 -0.015574377961456776 -131.0  738567.6451210205
-0.09945033490657806 -0.9606415629386902 100.17881774902344 0.7470394372940063 -0.010917380452156067 -149.0  738567.6451211359
-0.1006716787815094 -0.9532626271247864 100.10318756103516 0.7490401268005371 -0.006328655406832695 -162.0  738567.6451212734
-0.10192938148975372 -0.9458706378936768 100.01856231689453 0.7509101033210754 -0.0017552885692566633 -188.0  738567.6451214119
-0.09857948124408722 -0.9412522315979004 99.92046356201172 0.7175073623657227 -0.038030412048101425 -204.0  738567.6451214927
-0.09944426268339157 -0.9341121315956116 99.81321716308594 0.7192456722259521 -0.0336664579808712 -210.0  738567.6451216107
-0.10033947974443436 -0.9269605875015259 99.69685363769531 0.7208992838859558 -0.029417026787996292 -216.0  738567.6451217091
-0.1012631207704544 -0.9197978973388672 99.57339477539062 0.7224854230880737 -0.025350449606776237 -221.0  738567.645121828
-0.1022133082151413 -0.9126242399215698 99.44943237304688 0.7240365147590637 -0.021410495042800903 -211.0  738567.645121951
-0.10318870097398758 -0.9054396748542786 99.32494354248047 0.7255578637123108 -0.017603183165192604 -212.0  738567.6451220628
-0.10418858379125595 -0.8982439637184143 99.07962799072266 0.727074146270752 -0.01384263951331377 -213.0  738567.6451221834
-0.1052122414112091 -0.8910368084907532 99.07962799072266 0.7286198735237122 -0.01011508796364069 -224.0  738567.6451222937
-0.10625919699668884 -0.8838178515434265 98.82366180419922 0.7301592230796814 -0.006372199393808842 -223.0  738567.6451224256
-0.10732892900705338 -0.8765869736671448 98.82366180419922 0.7316957712173462 -0.002676500240340829 -231.0  738567.6451225405
-0.10485046356916428 -0.8718221783638 98.55927276611328 0.702419638633728 -0.031648967415094376 -240.0  738567.6451226444
-0.10559765994548798 -0.8648214936256409 98.55927276611328 0.703984797000885 -0.028001945465803146 -251.0  738567.645122756
-0.10636580735445023 -0.8578087091445923 98.26976776123047 0.7054914832115173 -0.024352092295885086 -267.0  738567.645122871
-0.10715365409851074 -0.8507842421531677 98.26976776123047 0.7069361209869385 -0.020790113136172295 -261.0  738567.6451229866
-0.10795968770980835 -0.8437484502792358 97.96710205078125 0.7083154916763306 -0.017333898693323135 -270.0  738567.6451231076
-0.10878260433673859 -0.8367015719413757 97.96710205078125 0.7096222043037415 -0.013960495591163635 -275.0  738567.6451232334
-0.109621062874794 -0.829643964767456 97.6538314819336 0.7108622193336487 -0.010694012977182865 -279.0  738567.6451233386
-0.11047358065843582 -0.8225759267807007 97.49297332763672 0.7120644450187683 -0.0074886358343064785 -280.0  738567.6451234614
-0.11133875697851181 -0.8154977560043335 97.3332748413086 0.7132378816604614 -0.0043960739858448505 -283.0  738567.6451235638
-0.11221569776535034 -0.8084092736244202 97.17063903808594 0.7144087553024292 -0.001351883984170854 -280.0  738567.6451236886
-0.11023009568452835 -0.8038976192474365 97.00653839111328 0.6861812472343445 -0.02392607554793358 -295.0  738567.6451238
-0.11083909869194031 -0.7970476150512695 96.834716796875 0.6874740719795227 -0.02099091000854969 -311.0  738567.6451239253
-0.11145804077386856 -0.7901856899261475 96.65679168701172 0.6888206005096436 -0.018030621111392975 -308.0  738567.645124027
-0.11208667606115341 -0.7833108901977539 96.65679168701172 0.6902334690093994 -0.015108839608728886 -308.0  738567.6451241401
-0.11272488534450531 -0.7764222621917725 96.4789047241211 0.6917254328727722 -0.012166216038167477 -305.0  738567.6451242621
-0.1133727878332138 -0.7695187926292419 96.29901123046875 0.6933514475822449 -0.00922164786607027 -317.0  738567.645124379
-0.11403097212314606 -0.762598991394043 96.12029266357422 0.6950609683990479 -0.006128956098109484 -327.0  738567.6451244956
-0.11470037698745728 -0.7556611895561218 95.93206787109375 0.6969278454780579 -0.002979239681735635 -321.0  738567.645124605
-0.11538207530975342 -0.7487037181854248 95.74563598632812 0.6989565491676331 0.0003360379487276077 -338.0  738567.6451247248
-0.11607696115970612 -0.7417250871658325 95.55498504638672 0.7011395692825317 0.0038272186648100615 -345.0  738567.6451248339
-0.11400145292282104 -0.7372206449508667 95.3586196899414 0.6761767268180847 -0.01814160868525505 -337.0  738567.6451249572
-0.11444532126188278 -0.7304455041885376 95.16804504394531 0.6787617206573486 -0.014614899642765522 -332.0  738567.6451250679
-0.1149032711982727 -0.7236453294754028 94.97325134277344 0.6814208626747131 -0.011033210903406143 -350.0  738567.6451251849
-0.11537440121173859 -0.7168198823928833 94.77372741699219 0.684106171131134 -0.007440346758812666 -362.0  738567.6451252972
-0.11585752665996552 -0.7099690437316895 94.5682601928711 0.6867913007736206 -0.0039751119911670685 -351.0  738567.6451254355
-0.1163511797785759 -0.7030927538871765 94.36565399169922 0.6894282102584839 -0.00069703214103356 -346.0  738567.645125541
-0.11685354262590408 -0.6961914300918579 94.16641235351562 0.6919887661933899 0.002368834102526307 -339.0  738567.6451256564
-0.11736270040273666 -0.6892656683921814 93.97115325927734 0.6944618225097656 0.005247074645012617 -330.0  738567.645125767
-0.11787678301334381 -0.6823159456253052 93.77670288085938 0.6968572735786438 0.007884965278208256 -327.0  738567.6451258905
-0.11839402467012405 -0.675342857837677 93.5875015258789 0.6991746425628662 0.010326369665563107 -324.0  738567.6451259975
-0.11567534506320953 -0.6713434457778931 93.40021514892578 0.6696799993515015 -0.018295947462320328 -331.0  738567.6451261273
-0.11586827039718628 -0.6646278500556946 93.21469116210938 0.6719552278518677 -0.016146956011652946 -331.0  738567.6451262294
-0.11606086790561676 -0.6578900814056396 93.02452087402344 0.6741852760314941 -0.014098846353590488 -335.0  738567.6451263332
-0.11625250428915024 -0.6511300802230835 92.83612060546875 0.6763997673988342 -0.01207698229700327 -317.0  738567.6451264572
-0.11644287407398224 -0.6443479061126709 92.64669036865234 0.6786138415336609 -0.010123977437615395 -312.0  738567.6451265692
-0.1166318729519844 -0.6375435590744019 92.4619369506836 0.6808487772941589 -0.008214705623686314 -310.0  738567.645126685
-0.11681957542896271 -0.6307166814804077 92.28108215332031 0.6831271648406982 -0.006354425102472305 -308.0  738567.645126804
-0.11700622737407684 -0.623866617679596 92.10584259033203 0.6854692101478577 -0.0044488729909062386 -303.0  738567.6451269138
-0.1171921044588089 -0.616992712020874 91.93116760253906 0.6878786087036133 -0.0024916513357311487 -312.0  738567.6451270293
-0.1173773854970932 -0.6100941300392151 91.75521087646484 0.6903781294822693 -0.00048369247815571725 -302.0  738567.6451271649
-0.11535341292619705 -0.6055567860603333 91.57775115966797 0.6689526438713074 -0.02010248228907585 -308.0  738567.6451272682
-0.11531538516283035 -0.5988459587097168 91.4009017944336 0.6716892719268799 -0.018131999298930168 -316.0  738567.6451273976
-0.11527636647224426 -0.5921080112457275 91.22147369384766 0.6744735836982727 -0.01617596670985222 -314.0  738567.6451274964
-0.11523586511611938 -0.5853425860404968 91.04151916503906 0.6772974133491516 -0.014258612878620625 -310.0  738567.6451275998
-0.11519329994916916 -0.5785494446754456 90.86117553710938 0.6801318526268005 -0.012447872199118137 -303.0  738567.6451277256
-0.1151481494307518 -0.5717285871505737 90.68646240234375 0.6829929947853088 -0.010686153545975685 -303.0  738567.6451278438
-0.11509992182254791 -0.564879298210144 90.5121841430664 0.6858660578727722 -0.008990228176116943 -291.0  738567.6451279625
-0.11504819989204407 -0.5580011010169983 90.34185028076172 0.6887400150299072 -0.007335391361266375 -293.0  738567.6451280803
-0.11499273031949997 -0.5510937571525574 90.17293548583984 0.6916456818580627 -0.005710383411496878 -282.0  738567.6451281954
-0.11493358761072159 -0.544157087802887 90.00584411621094 0.6945801973342896 -0.0040608616545796394 -292.0  738567.6451283223
-0.11113610118627548 -0.5401254892349243 89.83971405029297 0.6615618467330933 -0.039601895958185196 -290.0  738567.6451284261
-0.11113610118627548 -0.5401254892349243 89.65837097167969 0.6615618467330933 -0.039601895958185196 -286.0  738567.6451285316
-0.11025815457105637 -0.5268259644508362 89.4918441772461 0.6676795482635498 -0.03623160347342491 -293.0  738567.6451286535
-0.11025815457105637 -0.5268259644508362 89.32511901855469 0.6676795482635498 -0.03623160347342491 -285.0  738567.6451287766
-0.10937163978815079 -0.5134084820747375 89.15830993652344 0.6737117767333984 -0.0326644591987133 -275.0  738567.6451288868
-0.10937163978815079 -0.5134084820747375 88.99626922607422 0.6737117767333984 -0.0326644591987133 -270.0  738567.645128994
-0.10892646759748459 -0.506655216217041 88.83839416503906 0.6767001748085022 -0.030855845659971237 -257.0  738567.645129134
-0.10848090797662735 -0.49987199902534485 88.6915283203125 0.6797282099723816 -0.02908042073249817 -250.0  738567.6451292349
-0.10803564637899399 -0.49305838346481323 88.54670715332031 0.682797372341156 -0.027257103472948074 -242.0  738567.6451293502
-0.10759130120277405 -0.4862141013145447 88.4054183959961 0.6859179735183716 -0.02538672275841236 -239.0  738567.6451294536
-0.10549736022949219 -0.4820789098739624 88.25099182128906 0.6524330377578735 -0.04224604740738869 -261.0  738567.6451295691
-0.1048777773976326 -0.4755505621433258 88.10916900634766 0.6557255983352661 -0.040315642952919006 -259.0  738567.6451296858
-0.10426072776317596 -0.4689899682998657 87.96493530273438 0.6590830683708191 -0.03827574849128723 -260.0  738567.6451297973
-0.1036466583609581 -0.4623968005180359 87.81713104248047 0.6624789834022522 -0.03613556921482086 -239.0  738567.6451299278
-0.10303580015897751 -0.45577099919319153 87.675048828125 0.6659097075462341 -0.03402116149663925 -234.0  738567.6451300364
-0.10242825001478195 -0.44911202788352966 87.54057312011719 0.6693950295448303 -0.03197534754872322 -231.0  738567.645130159
-0.10182411223649979 -0.44241899251937866 87.4083023071289 0.6729302406311035 -0.02992621622979641 -214.0  738567.6451302742
-0.10122357308864594 -0.435690701007843 87.28258514404297 0.6765156984329224 -0.027919771149754524 -224.0  738567.645130386
-0.10062678903341293 -0.4289262294769287 87.15548706054688 0.6801663041114807 -0.025868605822324753 -211.0  738567.6451305018
-0.10003380477428436 -0.42212504148483276 87.03288269042969 0.6838821768760681 -0.02384859137237072 -205.0  738567.64513062
-0.09667400270700455 -0.41677725315093994 86.91252136230469 0.6719174385070801 -0.05424430966377258 -210.0  738567.6451307313
-0.09577415138483047 -0.4100710451602936 86.79378509521484 0.6757832765579224 -0.05223297327756882 -198.0  738567.645130964
-0.09487840533256531 -0.4033275842666626 86.67816162109375 0.6796752214431763 -0.050222501158714294 -199.0  738567.6451309993
-0.09398683160543442 -0.39654630422592163 86.56416320800781 0.6835853457450867 -0.04822744056582451 -189.0  738567.6451311032
-0.09309957176446915 -0.38972657918930054 86.452880859375 0.6874775290489197 -0.04623476415872574 -172.0  738567.6451312093
-0.09221695363521576 -0.38286805152893066 86.35157775878906 0.6913517117500305 -0.04431309551000595 -157.0  738567.6451313177
-0.09133940190076828 -0.3759709298610687 86.26071166992188 0.6952032446861267 -0.04246371611952782 -157.0  738567.6451314323
-0.09046744555234909 -0.3690355718135834 86.16924285888672 0.6990357637405396 -0.04053647816181183 -150.0  738567.6451315429
-0.08960176259279251 -0.36206260323524475 86.08412170410156 0.702833890914917 -0.03858530521392822 -155.0  738567.6451316578
-0.08874315023422241 -0.35505226254463196 85.99736022949219 0.70658940076828 -0.03653404489159584 -149.0  738567.6451317756
-0.08548866212368011 -0.35095399618148804 85.9136734008789 0.6795932054519653 -0.06320331990718842 -144.0  738567.6451318916
-0.08438204973936081 -0.34419411420822144 85.83063507080078 0.6833010315895081 -0.06105438619852066 -144.0  738567.6451319985
-0.08328507840633392 -0.337397962808609 85.74584197998047 0.6869426965713501 -0.05878247693181038 -147.0  738567.6451321203
-0.08219853788614273 -0.33056625723838806 85.65991973876953 0.6905126571655273 -0.05640551447868347 -142.0  738567.6451322356
-0.08112311363220215 -0.3236995041370392 85.57940673828125 0.6940125823020935 -0.054033346474170685 -138.0  738567.6451323507
-0.08005955815315247 -0.3167978823184967 85.5023193359375 0.6974329352378845 -0.051631778478622437 -122.0  738567.6451324668
-0.07900849729776382 -0.30986180901527405 85.43174743652344 0.7008013725280762 -0.04924602806568146 -116.0  738567.6451325793
-0.07797049731016159 -0.30289143323898315 85.36317443847656 0.7041223645210266 -0.04683661088347435 -114.0  738567.645132703
-0.07694588601589203 -0.2958873212337494 85.29683685302734 0.7074131965637207 -0.044408977031707764 -107.0  738567.6451328153
-0.07593480497598648 -0.28885021805763245 85.23176574707031 0.7106786966323853 -0.041948914527893066 -100.0  738567.6451329361
-0.07262634485960007 -0.284695029258728 85.17388916015625 0.6833975911140442 -0.06820868700742722 -110.0  738567.6451330481
-0.07138339430093765 -0.2779202163219452 85.11373138427734 0.6866536736488342 -0.06576717644929886 -108.0  738567.6451331554
-0.07015510648488998 -0.2711126208305359 85.05379486083984 0.6898821592330933 -0.06327787041664124 -98.0  738567.645133273
-0.06894203275442123 -0.26427212357521057 84.9968490600586 0.6930780410766602 -0.06078537926077843 -99.0  738567.6451333936
-0.06774459779262543 -0.25739893317222595 84.93953704833984 0.6962433457374573 -0.0582394078373909 -95.0  738567.6451335063
-0.06656330823898315 -0.2504933178424835 84.88448333740234 0.6993589997291565 -0.055672649294137955 -69.0  738567.6451336286
-0.06539876759052277 -0.24355542659759521 84.83866119384766 0.7024495005607605 -0.05314501002430916 -76.0  738567.6451337431
-0.064251609146595 -0.23658515512943268 84.79603576660156 0.7055394053459167 -0.05060110241174698 -72.0  738567.645133854
-0.0631222128868103 -0.22958257794380188 84.7523422241211 0.7086451053619385 -0.0479871891438961 -69.0  738567.6451339782
-0.06201082468032837 -0.22254785895347595 84.71092987060547 0.711776077747345 -0.04533890634775162 -75.0  738567.645134094
-0.058745671063661575 -0.2182723581790924 84.66835021972656 0.6862112283706665 -0.06954841315746307 -74.0  738567.6451342162
-0.057431403547525406 -0.21148109436035156 84.62617492675781 0.6894105076789856 -0.06680604815483093 -79.0  738567.6451343124
-0.05613698065280914 -0.2046557515859604 84.58198547363281 0.6926242113113403 -0.06400555372238159 -68.0  738567.6451344381
-0.05486225709319115 -0.1977967917919159 84.54033660888672 0.6958346366882324 -0.06121761351823807 -62.0  738567.6451345438
-0.05360705405473709 -0.19090478122234344 84.50257110595703 0.6990132331848145 -0.058465369045734406 -51.0  738567.6451346626
-0.0523713156580925 -0.18398016691207886 84.47026824951172 0.7021544575691223 -0.05577169358730316 -42.0  738567.6451347899
-0.05115518346428871 -0.17702291905879974 84.44511413574219 0.7052760124206543 -0.053165458142757416 -32.0  738567.6451349054
-0.04995882511138916 -0.17003284394741058 84.42493438720703 0.7083762288093567 -0.0506230890750885 -20.0  738567.6451350102
-0.04878222197294235 -0.16301006078720093 84.40877532958984 0.7114412188529968 -0.04814494028687477 -24.0  738567.6451351354
-0.04762537404894829 -0.15595465898513794 84.39602661132812 0.7145025730133057 -0.04570924863219261 -37.0  738567.6451352481
-0.04424765706062317 -0.15202313661575317 84.38059997558594 0.6848280429840088 -0.07163792848587036 -22.0  738567.6451353579
-0.04287951812148094 -0.14525645971298218 84.36427307128906 0.6878744959831238 -0.06914190202951431 -35.0  738567.6451355236
-0.04153135046362877 -0.1384575366973877 84.34904479980469 0.6909167170524597 -0.0666462853550911 -25.0  738567.645135588
-0.040203288197517395 -0.13162660598754883 84.33383178710938 0.6939375996589661 -0.06412337720394135 -24.0  738567.645135716
-0.03889554738998413 -0.12476400285959244 84.3209457397461 0.6969369053840637 -0.061593394726514816 -13.0  738567.6451358199
-0.03760843351483345 -0.1178700178861618 84.31121063232422 0.6999304294586182 -0.059049978852272034 -11.0  738567.6451359387
-0.03634246811270714 -0.11094480007886887 84.30179595947266 0.7029352784156799 -0.05641830712556839 -8.0  738567.6451360581
-0.0350988432765007 -0.10398772358894348 84.29535675048828 0.7059565186500549 -0.0537160187959671 -19.0  738567.645136192
-0.03387907147407532 -0.09699780493974686 84.28568267822266 0.7089993357658386 -0.05087069049477577 1.0  738567.6451362849
-0.03268415108323097 -0.0899747684597969 84.28231811523438 0.7120620012283325 -0.04798966273665428 -4.0  738567.6451364234
-0.02901306189596653 -0.08589544892311096 84.2806625366211 0.6848898530006409 -0.0761013776063919 -1.0  738567.6451365186
-0.027589818462729454 -0.07913904637098312 84.27771759033203 0.6879913210868835 -0.07307157665491104 -4.0  738567.64513663
-0.026193154975771904 -0.07234912365674973 84.27617645263672 0.69110506772995 -0.07003077864646912 -1.0  738567.6451367578
-0.024823034182190895 -0.06552565842866898 84.27384185791016 0.6942204833030701 -0.06699979305267334 7.0  738567.6451368618
-0.0234792809933424 -0.05866851657629013 84.27609252929688 0.6973326802253723 -0.06406202912330627 9.0  738567.6451369824
-0.02216167375445366 -0.051777664572000504 84.2803955078125 0.7004392743110657 -0.061167240142822266 14.0  738567.645137086
-0.020869987085461617 -0.04485321789979935 84.28707885742188 0.7035317420959473 -0.0583295114338398 27.0  738567.6451372143
-0.01960393600165844 -0.03789534047245979 84.3006820678711 0.7066159248352051 -0.05560382083058357 21.0  738567.6451373355
-0.018363337963819504 -0.03090406209230423 84.31339263916016 0.7097139954566956 -0.05287283658981323 22.0  738567.6451374441
-0.017148319631814957 -0.023878999054431915 84.32566833496094 0.7128294706344604 -0.05014469847083092 28.0  738567.6451375614
-0.014131068252027035 -0.01963471993803978 84.33955383300781 0.6867562532424927 -0.07081370055675507 21.0  738567.6451376772
-0.012766599655151367 -0.012850567698478699 84.35245513916016 0.6899063587188721 -0.06808469444513321 13.0  738567.6451377923
-0.011427768506109715 -0.0060319676995277405 84.36077880859375 0.6930800676345825 -0.06529523432254791 9.0  738567.6451379055
-0.01011442020535469 0.0008210991509258747 84.36769104003906 0.6962698698043823 -0.06250037252902985 18.0  738567.6451380274
-0.008826523087918758 0.007708902005106211 84.37525177001953 0.6994596123695374 -0.05973733216524124 24.0  738567.6451381441
-0.007564115338027477 0.014631839469075203 84.3885726928711 0.7026489973068237 -0.05707182362675667 36.0  738567.6451382425
-0.006327157840132713 0.02159006893634796 84.40792846679688 0.705819308757782 -0.054500069469213486 40.0  738567.6451384035
-0.005115518346428871 0.028583426028490067 84.4310302734375 0.7089766263961792 -0.05198397859930992 30.0  738567.645138498
-0.003928776830434799 0.03561141714453697 84.45169067382812 0.7121268510818481 -0.049462683498859406 41.0  738567.6451386246
-0.002766373800113797 0.04267341271042824 84.47261810302734 0.7152629494667053 -0.04697476699948311 36.0  738567.6451387171
0.0006271980237215757 0.04668460041284561 84.49170684814453 0.6865538358688354 -0.07280983775854111 33.0  738567.6451388369
0.0019949728157371283 0.05346735194325447 84.51250457763672 0.6896570324897766 -0.07033557444810867 34.0  738567.6451389515
0.003339184448122978 0.06028280779719353 84.53234100341797 0.692725658416748 -0.06783799827098846 40.0  738567.6451390547
0.004659782629460096 0.06713048368692398 84.55575561523438 0.6957292556762695 -0.06539333611726761 43.0  738567.6451391822
0.005956794135272503 0.07400976866483688 84.57988739013672 0.698667049407959 -0.06297662854194641 47.0  738567.6451392882
0.007230197545140982 0.08092030882835388 84.60598754882812 0.7015849351882935 -0.06059110909700394 71.0  738567.6451394135
0.008479760959744453 0.08786207437515259 84.64148712158203 0.7044675350189209 -0.058310411870479584 74.0  738567.6451395204
0.009705325588583946 0.09483477473258972 84.68328857421875 0.7073540091514587 -0.0560653880238533 85.0  738567.6451396358
0.010906463488936424 0.10183846950531006 84.72978210449219 0.7102460265159607 -0.05383133143186569 81.0  738567.6451397517
0.012082460336387157 0.10887350887060165 84.77532958984375 0.7131627202033997 -0.05152537301182747 79.0  738567.6451398793
0.015949174761772156 0.11257684975862503 84.82194519042969 0.6815297603607178 -0.08265025168657303 79.0  738567.6451399839
0.017374925315380096 0.11930159479379654 84.86775207519531 0.6845025420188904 -0.08017818629741669 74.0  738567.6451401032
0.018773259595036507 0.1260591596364975 84.91070556640625 0.6875196695327759 -0.07761107385158539 67.0  738567.645140233
0.020143648609519005 0.1328498274087906 84.95072937011719 0.6905850172042847 -0.07494410127401352 73.0  738567.645140331
0.021485252305865288 0.1396743208169937 84.99187469482422 0.6937095522880554 -0.07222190499305725 88.0  738567.6451404454
0.0229266956448555 0.1472214013338089 85.04298400878906 0.6972041130065918 -0.06922490149736404 81.0  738567.6451405959
0.024204973131418228 0.15411971509456635 85.08927917480469 0.7004458904266357 -0.06642641127109528 83.0  738567.6451406766
0.02545197308063507 0.16105416417121887 85.13661193847656 0.7037631869316101 -0.06355129927396774 87.0  738567.6451407963
0.026667190715670586 0.16802506148815155 85.18457794189453 0.7071502804756165 -0.060592927038669586 79.0  738567.6451409044
0.027849512174725533 0.17503343522548676 85.23162841796875 0.7106018662452698 -0.05754799768328667 85.0  738567.645141032
0.030950793996453285 0.17840807139873505 85.2798080444336 0.6751364469528198 -0.07954970747232437 77.0  738567.6451411351
0.03228091076016426 0.18508730828762054 85.32408142089844 0.6786730885505676 -0.07631563395261765 54.0  738567.6451412528
0.033576272428035736 0.19180569052696228 85.3633041381836 0.6822417974472046 -0.07300356775522232 55.0  738567.6451413739
0.034837186336517334 0.1985628753900528 85.39747619628906 0.6858014464378357 -0.06965001672506332 56.0  738567.6451414785
0.03606409579515457 0.20535840094089508 85.42984771728516 0.6893413662910461 -0.06632127612829208 71.0  738567.6451416061
0.0372573584318161 0.2121920883655548 85.46746063232422 0.6928638815879822 -0.06310589611530304 70.0  738567.6451417314
0.03841759264469147 0.21906353533267975 85.50704956054688 0.6963778734207153 -0.05996169149875641 81.0  738567.6451418385
0.03954492136836052 0.22597283124923706 85.55223846435547 0.6998757123947144 -0.05692102387547493 79.0  738567.6451419538
0.04063935950398445 0.23292022943496704 85.59793853759766 0.703392505645752 -0.053928542882204056 74.0  738567.6451420808
0.04170134663581848 0.23990578949451447 85.6415786743164 0.7069406509399414 -0.05094747245311737 75.0  738567.645142191
0.04551425203680992 0.2444348931312561 85.68456268310547 0.6847464442253113 -0.08144410699605942 74.0  738567.6451423055
0.04682607203722 0.2512161135673523 85.7279052734375 0.6883131265640259 -0.07851147651672363 75.0  738567.6451424174
0.04810614883899689 0.25803643465042114 85.77096557617188 0.6919021010398865 -0.07562754303216934 71.0  738567.6451425356
0.049354877322912216 0.26489609479904175 85.81094360351562 0.6955004334449768 -0.07276883721351624 80.0  738567.6451426634
0.050572626292705536 0.27179521322250366 85.8547592163086 0.6990816593170166 -0.07000754773616791 98.0  738567.6451427531
0.05176003277301788 0.27873334288597107 85.9074478149414 0.7026302218437195 -0.06741071492433548 123.0  738567.6451428909
0.052917830646038055 0.28570979833602905 85.97523498535156 0.7061288356781006 -0.06504404544830322 130.0  738567.6451429897
0.05404661223292351 0.292723685503006 86.04871368408203 0.7095585465431213 -0.06279251724481583 141.0  738567.6451431117
0.05514638125896454 0.2997746467590332 86.13052368164062 0.7129132151603699 -0.060680657625198364 141.0  738567.6451432384
0.05621727928519249 0.3068620264530182 86.21403503417969 0.7161923050880432 -0.058630187064409256 141.0  738567.6451433352
0.059594739228487015 0.31099507212638855 86.296142578125 0.6878682374954224 -0.08466309309005737 135.0  738567.6451434504
0.06086745113134384 0.31782132387161255 86.37580871582031 0.6909211277961731 -0.08262921869754791 128.0  738567.6451435763
0.062112729996442795 0.32468047738075256 86.45063018798828 0.6938756108283997 -0.08059784024953842 129.0  738567.6451436831
0.0633310005068779 0.331571489572525 86.52645874023438 0.6967381238937378 -0.07864116877317429 126.0  738567.6451437969
0.06452258676290512 0.3384934365749359 86.59898376464844 0.699522852897644 -0.07668764144182205 132.0  738567.6451439233
0.06568742543458939 0.34544578194618225 86.67273712158203 0.702241837978363 -0.0747688040137291 150.0  738567.6451440242
0.06682505458593369 0.35242846608161926 86.75642395019531 0.7049049735069275 -0.0729832649230957 162.0  738567.6451441509
0.06793530285358429 0.35944104194641113 86.84691619873047 0.7075229287147522 -0.07127726823091507 167.0  738567.6451442636
0.06901807337999344 0.36648306250572205 86.94172668457031 0.7101201415061951 -0.06960625946521759 173.0  738567.6451443847
0.07007357478141785 0.37355390191078186 87.0405502319336 0.7127004861831665 -0.06798550486564636 161.0  738567.6451445055
0.07560403645038605 0.38513144850730896 87.13325500488281 0.7662287950515747 -0.11232727020978928 145.0  738567.6451446065
0.07709182053804398 0.39274293184280396 87.21788787841797 0.7687192559242249 -0.11054681241512299 137.0  738567.6451447202
0.07855173945426941 0.4003821909427643 87.29762268066406 0.7712002396583557 -0.10868485271930695 129.0  738567.6451448362
0.07998348027467728 0.4080491364002228 87.37358093261719 0.7736597657203674 -0.10677971690893173 144.0  738567.6451449555
0.08138655126094818 0.41574347019195557 87.45646667480469 0.7760376334190369 -0.10493629425764084 166.0  738567.645145062
0.0827605351805687 0.4234640896320343 87.55303192138672 0.7782751321792603 -0.10323513299226761 179.0  738567.6451451862
0.08410484343767166 0.4312093257904053 87.65819549560547 0.7803357243537903 -0.10156896710395813 183.0  738567.6451453018
0.08541867882013321 0.43897706270217896 87.76670837402344 0.7821817398071289 -0.09984228014945984 169.0  738567.6451454303
0.08670083433389664 0.4467649459838867 87.86819458007812 0.7838132977485657 -0.09786780178546906 168.0  738567.6451455251
0.08794979006052017 0.4545705318450928 87.96939086914062 0.7851921916007996 -0.09572387486696243 159.0  738567.6451456562
0.08945278078317642 0.4502270817756653 88.06718444824219 0.6630663871765137 -0.1005142480134964 157.0  738567.6451457703
0.09066005051136017 0.45682623982429504 88.1601791381836 0.6639123558998108 -0.0978163331747055 147.0  738567.6451458833
0.09182973206043243 0.4634353220462799 88.25389862060547 0.6645166277885437 -0.09501785784959793 138.0  738567.6451460002
0.09296105802059174 0.47005194425582886 88.33839416503906 0.6649125814437866 -0.09205793589353561 155.0  738567.6451461372
0.0940532311797142 0.4766744077205658 88.42446899414062 0.6651962995529175 -0.08904401957988739 158.0  738567.6451462264
0.09510533511638641 0.4833020865917206 88.51165771484375 0.6654720902442932 -0.08600164949893951 171.0  738567.6451463413
0.09611676633358002 0.4899354875087738 88.6021728515625 0.6658594608306885 -0.08296792209148407 179.0  738567.6451464572
0.09708695858716965 0.4965762495994568 88.69669342041016 0.6664624214172363 -0.07998437434434891 159.0  738567.6451465747
0.09801581501960754 0.5032271146774292 88.78256225585938 0.6674068570137024 -0.07692236453294754 159.0  738567.6451466916
0.09890434145927429 0.5098914504051208 88.86209869384766 0.6687630414962769 -0.07385098934173584 173.0  738567.645146814
0.10269927233457565 0.5149438977241516 88.95006561279297 0.6542555689811707 -0.10168955475091934 160.0  738567.6451469181
0.10381148010492325 0.5214805603027344 89.03507995605469 0.6564251184463501 -0.09879674762487411 152.0  738567.6451470417
0.10488538444042206 0.5280434489250183 89.1143569946289 0.6589910984039307 -0.09595184773206711 138.0  738567.6451471536
0.10602322220802307 0.5352976322174072 89.19413757324219 0.6622192859649658 -0.09285509586334229 131.0  738567.645147274
0.10701848566532135 0.5419281721115112 89.2644271850586 0.6654696464538574 -0.09009143710136414 153.0  738567.6451473746
0.107977494597435 0.548595130443573 89.34666442871094 0.6689132452011108 -0.08751978725194931 150.0  738567.6451475029
0.1089010015130043 0.5552995204925537 89.43492889404297 0.6725093722343445 -0.08501867949962616 151.0  738567.6451476099
0.10978899151086807 0.5620419979095459 89.52127838134766 0.676180899143219 -0.08245480805635452 142.0  738567.6451477306
0.11064047366380692 0.5688229203224182 89.60369110107422 0.6798800826072693 -0.07974673062562943 130.0  738567.6451478446
0.11145380884408951 0.5756424069404602 89.68329620361328 0.6835368871688843 -0.07687412947416306 126.0  738567.645147973
0.11462728679180145 0.5790258646011353 89.7601318359375 0.6519119739532471 -0.09831380099058151 125.0  738567.645148081
0.11560394614934921 0.5855661630630493 89.83479309082031 0.6553252935409546 -0.0950373113155365 104.0  738567.6451481961
0.11653921008110046 0.5921403765678406 89.8947525024414 0.6586257815361023 -0.09145046025514603 85.0  738567.6451483335
0.11743228137493134 0.5987470149993896 89.9461441040039 0.6618133187294006 -0.08767683804035187 70.0  738567.645148428
0.11828205734491348 0.6053852438926697 89.99059295654297 0.6649452447891235 -0.0837436392903328 78.0  738567.6451485413
0.11908738315105438 0.6120550036430359 90.03156280517578 0.6680707931518555 -0.07970321923494339 83.0  738567.645148656
0.11984670907258987 0.6187572479248047 90.07404327392578 0.6712470054626465 -0.07565772533416748 79.0  738567.6451487844
0.12055981159210205 0.6254927515983582 90.11705780029297 0.6745396256446838 -0.07160134613513947 86.0  738567.6451488903
0.12122731655836105 0.6322622895240784 90.16053771972656 0.6779811978340149 -0.06754215806722641 49.0  738567.6451490066
0.12184958159923553 0.6390671730041504 90.19029998779297 0.681602954864502 -0.06335567682981491 46.0  738567.6451491225
0.12405811250209808 0.6369563341140747 90.21341705322266 0.5905812382698059 -0.07582595199346542 36.0  738567.6451492374
0.12476469576358795 0.6428877115249634 90.23196411132812 0.5945688486099243 -0.07164520025253296 1.0  738567.6451493639
0.12542839348316193 0.6488593220710754 90.23307037353516 0.5986772775650024 -0.06742952764034271 -1.0  738567.6451494774
0.12605050206184387 0.6548722386360168 90.23008728027344 0.6029300689697266 -0.06327766180038452 -3.0  738567.6451495851
0.12663258612155914 0.6609272956848145 90.22738647460938 0.6072986125946045 -0.05925118923187256 -10.0  738567.6451497012
0.1271754950284958 0.6670259237289429 90.2219009399414 0.6117799282073975 -0.05531337484717369 0.0  738567.6451498022
0.12767985463142395 0.6731699705123901 90.22087097167969 0.6163944602012634 -0.051540806889534 -7.0  738567.6451499313
0.12814703583717346 0.679360568523407 90.21379089355469 0.6211531758308411 -0.04781615734100342 -16.0  738567.6451500698
0.12857796251773834 0.6855993270874023 90.20125579833984 0.6260706186294556 -0.04413050785660744 -21.0  738567.6451501506
0.12897348403930664 0.6918880939483643 90.18341064453125 0.6311641335487366 -0.040478210896253586 -44.0  738567.6451502892
0.13291162252426147 0.702776312828064 90.15914916992188 0.6862154603004456 -0.07685957103967667 -64.0  738567.6451503838
0.13363492488861084 0.7096732258796692 90.12421417236328 0.691623866558075 -0.07312523573637009 -79.0  738567.64515051
0.13432539999485016 0.71662437915802 90.0791015625 0.6971772313117981 -0.069338858127594 -105.0  738567.6451506179
0.13498395681381226 0.723630964756012 90.02145385742188 0.7028621435165405 -0.06546948850154877 -109.0  738567.6451507339
0.13561153411865234 0.7306933999061584 89.96179962158203 0.7086136341094971 -0.06162787601351738 -100.0  738567.6451508491
0.13620856404304504 0.7378122210502625 89.90689849853516 0.7143825888633728 -0.05785256624221802 -92.0  738567.6451509631
0.1367751955986023 0.7449874877929688 89.85737609863281 0.7200759649276733 -0.054156940430402756 -100.0  738567.6451510903
0.13731196522712708 0.7522177696228027 89.80339813232422 0.7255852818489075 -0.05045240372419357 -106.0  738567.6451512044
0.13781926035881042 0.7595008015632629 89.7464828491211 0.7308610677719116 -0.046699292957782745 -115.0  738567.6451513218
0.13829705119132996 0.7668339014053345 89.68563842773438 0.7358436584472656 -0.04285696893930435 -136.0  738567.6451514264
0.1420830488204956 0.7780978083610535 89.61686706542969 0.7831471562385559 -0.07463589310646057 -171.0  738567.6451515425
0.14286412298679352 0.7859417796134949 89.52754974365234 0.7873753309249878 -0.07029587775468826 -200.0  738567.6451516823
0.14361454546451569 0.7938255071640015 89.42306518554688 0.7912531495094299 -0.06568511575460434 -217.0  738567.6451517832
0.14433367550373077 0.801745593547821 89.30552673339844 0.7947800755500793 -0.060820043087005615 -252.0  738567.6451518977
0.14502090215682983 0.8096984624862671 89.16963958740234 0.7979697585105896 -0.05562013015151024 -243.0  738567.6451520196
0.14567551016807556 0.8176807761192322 89.03624725341797 0.800807535648346 -0.05034896731376648 -241.0  738567.6451521324
0.1462963968515396 0.8256896138191223 88.9045181274414 0.8033167719841003 -0.04502660781145096 -257.0  738567.6451522491
0.14688284695148468 0.8337219953536987 88.76302337646484 0.805510938167572 -0.03952964395284653 -268.0  738567.6451523631
0.14743474125862122 0.8417749404907227 88.61502838134766 0.8074278831481934 -0.03393779695034027 -295.0  738567.6451524874
0.1479525864124298 0.8498457670211792 88.45679473876953 0.8090876340866089 -0.028220107778906822 -301.0  738567.6451525787
0.1490674912929535 0.8457971811294556 88.28870391845703 0.6877713799476624 -0.03285502642393112 -338.0  738567.6451527128
0.14958283305168152 0.8526685833930969 88.1035385131836 0.6890248656272888 -0.027272066101431847 -356.0  738567.6451528261
0.15006618201732635 0.8595513701438904 87.90324401855469 0.6900667548179626 -0.021588465198874474 -378.0  738567.645152931
0.15051841735839844 0.866443932056427 87.69108581542969 0.6909265518188477 -0.01589641161262989 -400.0  738567.6451530539
0.1509402096271515 0.8733452558517456 87.46630096435547 0.6916858553886414 -0.010178351774811745 -410.0  738567.6451531561
0.1513323038816452 0.8802551031112671 87.22919464111328 0.6924240589141846 -0.004412699956446886 -411.0  738567.6451532842
0.15169622004032135 0.8871738314628601 86.99258422851562 0.6932230591773987 0.0012542067561298609 -423.0  738567.6451533996
0.15206536650657654 0.8947960734367371 86.72665405273438 0.6942551136016846 0.0074711269699037075 -439.0  738567.645153505
0.15237335860729218 0.901738166809082 86.4720458984375 0.6954006552696228 0.013171757571399212 -456.0  738567.6451536196
0.15265639126300812 0.9086950421333313 86.2083511352539 0.6967622637748718 0.018865486606955528 -483.0  738567.6451537532
0.15629315376281738 0.9133317470550537 85.92715454101562 0.6770910620689392 -0.01140767801553011 -523.0  738567.6451538586
0.15687794983386993 0.9200860857963562 85.6258773803711 0.6791417598724365 -0.005653002765029669 -558.0  738567.645153974
0.15744271874427795 0.9268635511398315 85.30636596679688 0.6813876628875732 0.00015804644499439746 -570.0  738567.6451541006
0.1579897254705429 0.9336661696434021 84.97965240478516 0.6837813854217529 0.005896360147744417 -554.0  738567.6451541987
0.15852127969264984 0.9404948949813843 84.6622314453125 0.6862785220146179 0.011379069648683071 -537.0  738567.6451543143
0.15903924405574799 0.9473506808280945 84.35365295410156 0.6888675689697266 0.01663839817047119 -532.0  738567.645154429
0.1595952808856964 0.9549241065979004 84.0157241821289 0.6917769908905029 0.022264154627919197 -555.0  738567.6451545593
0.1600896120071411 0.9618388414382935 83.6993637084961 0.6944288611412048 0.027426784858107567 -563.0  738567.6451546897
0.16057413816452026 0.968782365322113 83.37440490722656 0.6970520615577698 0.03264733776450157 -583.0  738567.64515478
0.16104952991008759 0.9757547378540039 83.03851318359375 0.6996251940727234 0.037966933101415634 -602.0  738567.645154907
0.16509899497032166 0.9796799421310425 82.69254302978516 0.6762768030166626 0.003708944423124194 -627.0  738567.6451550137
0.16591934859752655 0.98639976978302 82.33441162109375 0.6789476275444031 0.0090566948056221 -655.0  738567.6451551389
0.16673241555690765 0.9931480288505554 81.95869445800781 0.681525468826294 0.014562901109457016 -693.0  738567.6451552525
0.16753903031349182 0.9999237060546875 81.5622787475586 0.6840239763259888 0.020277025178074837 -688.0  738567.6451553614
0.16833986341953278 1.0067263841629028 81.1672592163086 0.68646639585495 0.0259505994617939 -644.0  738567.6451554886
0.16913548111915588 1.0135557651519775 80.80005645751953 0.6888835430145264 0.03125735744833946 -631.0  738567.6451555906
0.1699264943599701 1.0204123258590698 80.43790435791016 0.691305935382843 0.03645879402756691 -633.0  738567.6451556956
0.17071372270584106 1.027296781539917 80.07102966308594 0.6937435865402222 0.04166761413216591 -651.0  738567.645155833
0.1714981645345688 1.0342094898223877 79.69389343261719 0.6962083578109741 0.046934857964515686 -678.0  738567.6451559385
0.17228102684020996 1.041150689125061 79.30130004882812 0.6987054347991943 0.052305351942777634 -707.0  738567.6451560542
0.17378094792366028 1.0455284118652344 78.89080810546875 0.6758574843406677 0.04545110464096069 -740.0  738567.6451561719
0.17463822662830353 1.0522668361663818 78.46450805664062 0.6784918308258057 0.05086778476834297 -756.0  738567.6451562883
0.17549897730350494 1.059036374092102 78.0268783569336 0.6811575293540955 0.05631665512919426 -786.0  738567.6451564066
0.17636491358280182 1.0658365488052368 77.57194519042969 0.6838272213935852 0.0618317574262619 -805.0  738567.6451565223
0.17723797261714935 1.0726675987243652 77.10867309570312 0.6865239143371582 0.0673067644238472 -803.0  738567.6451566443
0.17812007665634155 1.0795292854309082 76.64732360839844 0.6892525553703308 0.07259134203195572 -798.0  738567.6451567598
0.1790132224559784 1.086422085762024 76.18511962890625 0.6919780969619751 0.07776474207639694 -817.0  738567.645156877
0.17991940677165985 1.0933468341827393 75.71517944335938 0.6946780681610107 0.08292478322982788 -821.0  738567.645156981
0.1808401644229889 1.100303292274475 75.24028778076172 0.6973696947097778 0.08805426210165024 -839.0  738567.6451571195
0.18177703022956848 1.1072911024093628 74.75420379638672 0.7000390291213989 0.09319649636745453 -865.0  738567.6451572091
0.18762816488742828 1.1106542348861694 74.25463104248047 0.6812862753868103 0.03957756236195564 -887.0  738567.6451573396
0.189103901386261 1.1173292398452759 73.74268341064453 0.684411883354187 0.04463757574558258 -911.0  738567.6451574442
0.19059979915618896 1.1240347623825073 73.21800231933594 0.687491238117218 0.049774859100580215 -942.0  738567.6451575595
0.19211745262145996 1.1307708024978638 72.674560546875 0.6905034780502319 0.05506609007716179 -978.0  738567.645157675
0.19365763664245605 1.1375362873077393 72.11175537109375 0.6934375762939453 0.06052025035023689 -944.0  738567.6451577905
0.19522112607955933 1.1443302631378174 71.57188415527344 0.6962981820106506 0.0656612366437912 -835.0  738567.6451579175
0.19680872559547424 1.1511523723602295 71.09637451171875 0.6991560459136963 0.07003623992204666 -742.0  738567.6451580236
0.19842097163200378 1.158002495765686 70.67017364501953 0.7019966244697571 0.07383747398853302 -686.0  738567.6451581388
0.2000577598810196 1.1648801565170288 70.27359771728516 0.7048090696334839 0.07734247297048569 -669.0  738567.6451582541
0.20171846449375153 1.17178475856781 69.88882446289062 0.7075600624084473 0.08077078312635422 -666.0  738567.6451583686
0.2038433849811554 1.1751073598861694 69.50556182861328 0.6769623160362244 0.06740234047174454 -656.0  738567.6451584774
0.20559574663639069 1.1816977262496948 69.12284851074219 0.6796689629554749 0.0706867054104805 -658.0  738567.645158605
0.20737110078334808 1.1883130073547363 68.74360656738281 0.6822910308837891 0.07394272089004517 -654.0  738567.6451587214
0.2091696560382843 1.1949522495269775 68.36585998535156 0.684836208820343 0.07713429629802704 -618.0  738567.6451588264
0.21099205315113068 1.201614499092102 68.0076675415039 0.687346339225769 0.0800279751420021 -577.0  738567.6451589444
0.2128390520811081 1.208298683166504 67.67471313476562 0.6898503303527832 0.08251624554395676 -549.0  738567.6451590573
0.21471203863620758 1.2150042057037354 67.35742950439453 0.6923753619194031 0.08468799293041229 -530.0  738567.6451591825
0.21661268174648285 1.2217307090759277 67.0527114868164 0.6949352025985718 0.08657380193471909 -521.0  738567.6451592952
0.21854275465011597 1.2284777164459229 66.75326538085938 0.6975272297859192 0.0882582813501358 -503.0  738567.6451594085
0.2205042839050293 1.2352451086044312 66.46412658691406 0.7001811265945435 0.08967053145170212 -492.0  738567.645159531
0.22463394701480865 1.2380295991897583 66.18362426757812 0.6742274761199951 0.054429780691862106 -474.0  738567.645159646
0.22688178718090057 1.2444281578063965 65.91136169433594 0.6772242188453674 0.055215563625097275 -466.0  738567.6451597605
0.2291656732559204 1.2508461475372314 65.64557647705078 0.680259644985199 0.05581297352910042 -445.0  738567.6451598759
0.2314864695072174 1.2572832107543945 65.3914566040039 0.6833443641662598 0.05617916211485863 -393.0  738567.6451599904
0.23384492099285126 1.2637392282485962 65.16587829589844 0.6865137815475464 0.05617833137512207 -293.0  738567.645160105
0.23624183237552643 1.2702146768569946 64.99798583984375 0.6897851228713989 0.05549091100692749 -191.0  738567.6451602124
0.2386777400970459 1.2767101526260376 64.88787078857422 0.6931445598602295 0.0541519857943058 -92.0  738567.6451603326
0.24115225672721863 1.2832261323928833 64.83139038085938 0.6965675950050354 0.052260443568229675 -14.0  738567.6451604534
0.2436639815568924 1.2897627353668213 64.82220458984375 0.7000470757484436 0.049902744591236115 77.0  738567.645160592
0.2462114691734314 1.2963201999664307 64.8666000366211 0.7035531401634216 0.04700668528676033 170.0  738567.6451606959
0.2517619729042053 1.299919605255127 64.96989440917969 0.6858004331588745 0.0027070532087236643 247.0  738567.6451607882
0.25465521216392517 1.3061530590057373 65.11284637451172 0.6891281604766846 -0.0010804201010614634 327.0  738567.6451609134
0.257580041885376 1.3124076128005981 65.30253601074219 0.6923539638519287 -0.0053179822862148285 405.0  738567.6451610313
0.26053503155708313 1.31868314743042 65.53668975830078 0.6954687237739563 -0.009989619255065918 486.0  738567.645161144
0.2635188698768616 1.3249794244766235 65.8180923461914 0.6984574198722839 -0.015144987031817436 562.0  738567.6451612565
