0 0 0  738533.6072747404
0.5 0.0 -3.3580190001968875  738533.6073674402
0.5 0.0 -3.207161014466016  738533.6073676341
0.5 0.0 -5.094615705367353  738533.6073677986
0.5 0.0 -4.957868078573924  738533.6073679781
0.5 0.0 -4.679639820117423  738533.6073681647
0.5 0.0 -4.5385548514634975  738533.6073683403
0.5 0.0 -4.246835661846601  738533.6073685255
0.5 0.0 -4.183843581482432  738533.6073686982
0.5 0.0 -3.8624203683695093  738533.607368883
0.5 0.0 -3.8941390767884876  738533.6073690678
0.5 0.0 -3.72174777622664  738533.6073692429
0.5 0.0 -3.3745691272243263  738533.607369418
0.5 0.0 -3.198692330303679  738533.6073696035
0.5 0.0 -2.833786845326838  738533.6073697802
0.5 0.0 -2.6644537351479824  738533.6073699694
0.5 0.0 -4.6868674965335515  738533.6073701407
0.5 0.0 -4.5465033154478744  738533.6073703198
0.5 0.0 -4.279175452706501  738533.6073704925
0.5 0.0 -4.018948896465246  738533.6073706658
0.5 0.0 -4.037768047852631  738533.60737084
0.5 0.0 -3.8968232882871927  738533.6073710175
0.5 0.0 -3.604574564213594  738533.6073712108
0.5 0.0 -5.255511114011114  738533.6073713818
0.5 0.0 -5.09413852240755  738533.6073715582
0.5 0.0 -4.758894222756145  738533.6073717359
0.5 0.0 -4.580072841572595  738533.6073719186
0.5 0.0 -4.1265513941170315  738533.6073720893
0.5 0.0 -3.9399219324533323  738533.6073722744
0.5 0.0 -4.811291442028209  738533.6073724481
0.5 0.0 -4.627860734812449  738533.6073726215
0.5 0.0 -4.259844817131024  738533.6073728075
0.5 0.0 -3.884488921465805  738533.607372987
0.5 0.0 -3.670650621481705  738533.6073731567
0.5 0.0 -3.413952603265729  738533.6073733291
0.5 0.0 -3.014714599588094  738533.6073735146
0.5 0.0 -4.2479865276162245  738533.6073736973
0.5 0.0 -4.05363712952663  738533.607373894
0.5 0.0 -3.6657013302122654  738533.6073740742
0.5 0.0 -3.475826418165384  738533.6073742473
0.5 0.0 -3.0879982997758164  738533.6073744326
0.5 0.0 -2.6906295090089203  738533.6073746087
0.5 0.0 -4.3215595801989055  738533.6073747805
0.5 0.0 -3.924017577233851  738533.6073749701
0.5 0.0 -3.719354639124001  738533.6073751354
0.5 0.0 -3.2988915249440622  738533.6073753191
0.5 0.0 -3.1283961387994483  738533.607375501
0.5 0.0 -2.672317028180817  738533.6073756863
0.5 0.0 -2.4322935658698492  738533.6073758806
0.5 0.0 -3.7197864706093315  738533.6073760382
0.5 0.0 -3.203811976552618  738533.6073762205
0.5 0.0 -2.93718695783947  738533.6073764052
0.5 0.0 -2.384322180276757  738533.6073765901
0.5 0.0 -2.1195788050518454  738533.607376788
0.5 0.0 -1.6004976185679949  738533.6073769624
0.5 0.0 -2.3621908662553457  738533.6073771488
0.5 0.0 -2.1176294985807274  738533.607377324
0.5 0.0 -1.6381406593251018  738533.6073775045
0.5 0.0 -1.3997174723793695  738533.6073776801
0.5 0.0 -0.8562544401682725  738533.6073778609
0.5 0.0 -0.6161314079087087  738533.6073780454
0.5 0.0 -1.4457612449835568  738533.6073782203
0.5 0.0 -1.2127164448218861  738533.6073784052
0.5 0.0 -0.7586052077591775  738533.607378577
0.5 0.0 -0.539874133951566  738533.607378756
0.5 0.0 -0.10279851908875466  738533.6073789421
0.5 0.0 0.24331749938187117  738533.6073791165
0.5 0.0 0.42650020625007  738533.6073793082
0.5 0.0 -0.6572835699659472  738533.6073794749
0.5 0.0 -0.49107297294341784  738533.6073796585
0.5 0.0 -0.16092983893985258  738533.607379843
0.5 0.0 0.002385268822673325  738533.6073800265
0.5 0.0 0.26451575012553097  738533.607380212
0.5 0.0 0.5921645519540353  738533.6073803892
0.5 0.0 -0.9281297414251108  738533.6073805604
0.5 0.0 -0.7711089585295545  738533.6073807351
0.5 0.0 -0.46420193220047967  738533.6073809174
0.5 0.0 -0.15952451500903203  738533.6073810967
0.5 0.0 -0.005345673302122571  738533.6073812712
0.5 0.0 0.44107448398448806  738533.6073814508
0.5 0.0 0.6009384559456868  738533.6073816491
0.5 0.0 -0.1459707126618145  738533.6073818085
0.5 0.0 0.0276253930677883  738533.6073819937
0.5 0.0 0.3839847539773351  738533.6073821795
0.5 0.0 0.7456107873564972  738533.6073823551
0.5 0.0 0.7533241979556916  738533.6073825293
0.5 0.0 1.1063506024555423  738533.6073827111
0.5 0.0 0.15041671024980457  738533.6073828908
0.5 0.0 0.46965372543298994  738533.6073830724
0.5 0.0 0.6232305291195762  738533.607383248
0.5 0.0 0.9123162159665787  738533.6073834191
0.5 0.0 1.1591665293867828  738533.6073835922
0.5 0.0 1.4224423921392464  738533.6073837704
0.5 0.0 1.5515404661001806  738533.6073839524
0.5 0.0 0.8962462883571376  738533.6073841127
0.5 0.0 1.0245348713819962  738533.6073842985
0.5 0.0 1.2755952232919998  738533.6073844747
0.5 0.0 1.5112415797513656  738533.6073846613
0.5 0.0 1.6113588313390872  738533.6073848418
0.5 0.0 1.7684627089477263  738533.6073850383
0.5 0.0 0.26420085579628827  738533.607385204
0.5 0.0 0.3496424043468025  738533.6073853889
0.5 0.0 0.3791963800465469  738533.6073855745
0.5 0.0 0.42548749475306247  738533.6073857569
0.5 0.0 0.4784179233844074  738533.6073859285
0.5 0.0 0.5271551396774173  738533.6073860996
0.5 0.0 0.5542029596543591  738533.6073862946
0.5 0.0 -1.1963837477749943  738533.6073864689
0.5 0.0 -1.113470505197576  738533.6073866495
0.5 0.0 -1.0694596468007245  738533.6073868215
0.5 0.0 -0.9698001758063405  738533.607387007
0.5 0.0 -0.802286591825852  738533.6073871884
0.5 0.0 -0.6911502071283872  738533.6073873633
0.5 0.0 -2.426004514016019  738533.6073875397
0.5 0.0 -2.308627858063576  738533.6073877233
0.5 0.0 -2.177135538723138  738533.6073879019
0.5 0.0 -2.1111796963014227  738533.607388085
0.5 0.0 -1.9426721619807268  738533.6073882692
0.5 0.0 -1.8485725826777082  738533.6073884546
0.5 0.0 -3.015264634223517  738533.607388626
0.5 0.0 -2.89796302363622  738533.6073888028
0.5 0.0 -2.631244885832489  738533.6073889892
0.5 0.0 -2.4852807235722034  738533.6073891743
0.5 0.0 -2.154860848372998  738533.6073893439
0.5 0.0 -1.9045136084117926  738533.607389524
0.5 0.0 -1.7066243579562863  738533.6073897217
0.5 0.0 -3.134026501042512  738533.6073898863
0.5 0.0 -2.9291148836279066  738533.6073900711
0.5 0.0 -2.5047807948908565  738533.6073902451
0.5 0.0 -2.2659730477828774  738533.6073904238
0.5 0.0 -2.1630048266870294  738533.6073906102
0.5 0.0 -1.673598941620728  738533.6073908004
0.5 0.0 -3.121131893426212  738533.6073909682
0.5 0.0 -2.6335861951840807  738533.607391151
0.5 0.0 -2.3875605616330526  738533.6073913204
0.5 0.0 -1.9037202496618675  738533.6073914942
0.5 0.0 -1.4456406289454116  738533.6073916738
0.5 0.0 -0.96613607057238  738533.6073918537
0.5 0.0 -0.7215937315745471  738533.6073920417
0.5 0.0 -0.9085649029991708  738533.6073921996
0.5 0.0 -0.6625411007798714  738533.6073923861
0.5 0.0 -0.17978205990204832  738533.607392563
0.5 0.0 0.33081297938434256  738533.607392748
0.5 0.0 0.7706310351764714  738533.607392933
0.5 0.0 1.1668743107872603  738533.6073931286
0.5 0.0 -0.8768414980758917  738533.6073932949
0.5 0.0 -0.548015700809076  738533.6073934766
0.5 0.0 -0.39270824741719024  738533.6073936479
0.5 0.0 -0.06923938662003856  738533.6073938243
0.5 0.0 0.03565943452334821  738533.6073939938
0.5 0.0 0.44855471392019347  738533.6073941714
0.5 0.0 0.6818096078065065  738533.6073943592
0.5 0.0 -0.5716041764746492  738533.6073945337
0.5 0.0 -0.3115923980263228  738533.6073947067
0.5 0.0 0.20731407840170404  738533.6073948867
0.5 0.0 0.45439892775929563  738533.6073950621
0.5 0.0 0.8310970245432182  738533.607395251
0.5 0.0 1.2445217734425358  738533.6073954252
0.5 0.0 -0.30060528212409326  738533.6073956003
0.5 0.0 0.036291958192245705  738533.6073957807
0.5 0.0 0.19681908874179338  738533.6073959628
0.5 0.0 0.5284939465081104  738533.6073961488
0.5 0.0 0.6876331839012161  738533.6073963272
0.5 0.0 0.9179527247058192  738533.6073965024
0.5 0.0 1.0841356845117676  738533.6073966909
0.5 0.0 -0.1786602394021608  738533.6073968553
0.5 0.0 0.13109173427317514  738533.6073970417
0.5 0.0 0.2801317188290262  738533.607397218
0.5 0.0 0.5517720539026572  738533.6073973896
0.5 0.0 0.8805808309557723  738533.6073975672
0.5 0.0 1.1047857622701625  738533.6073977485
0.5 0.0 -1.477866028517102  738533.6073979336
0.5 0.0 -1.279491705147121  738533.6073981174
0.5 0.0 -1.1808430926792404  738533.6073983033
0.5 0.0 -0.9786258814033671  738533.6073984862
0.5 0.0 -0.8886804706987553  738533.6073986681
0.5 0.0 -0.7786101036247318  738533.607398857
0.5 0.0 -1.5883496261124952  738533.6073990387
0.5 0.0 -1.4755919536581994  738533.6073992243
0.5 0.0 -1.2557585625471694  738533.6073993945
0.5 0.0 -1.1500724123110726  738533.6073995683
0.5 0.0 -0.9575188270876981  738533.6073997536
0.5 0.0 -0.7533733940771513  738533.6073999321
0.5 0.0 -0.6799082556205803  738533.6074001052
0.5 0.0 -3.051031653716287  738533.607400276
0.5 0.0 -3.0071133269550745  738533.6074004542
0.5 0.0 -2.9209486155889546  738533.6074006299
0.5 0.0 -2.75566521159983  738533.607400806
0.5 0.0 -2.6165650644319642  738533.6074009902
0.5 0.0 -2.5182868105869147  738533.6074011835
0.5 0.0 -4.360549173102898  738533.607401358
0.5 0.0 -4.210142926013158  738533.6074015398
0.5 0.0 -3.8671935994041595  738533.607401718
0.5 0.0 -3.4823132232197573  738533.6074019045
0.5 0.0 -3.295421291194136  738533.6074020792
0.5 0.0 -2.8856579026261397  738533.60740226
0.5 0.0 -2.7122231850753162  738533.6074024349
0.5 0.0 -4.378230178945764  738533.607402613
0.5 0.0 -4.165177747307724  738533.6074027937
0.5 0.0 -3.710165429255229  738533.6074029652
0.5 0.0 -3.4749497774586877  738533.6074031438
0.5 0.0 -3.0607247635843398  738533.6074033256
0.5 0.0 -2.7788261777633307  738533.6074035193
0.5 0.0 -4.25166199022212  738533.6074036717
0.5 0.0 -3.9616882243723035  738533.6074038501
0.5 0.0 -3.3367216587117507  738533.6074040319
0.5 0.0 -2.7006888954371004  738533.6074042163
0.5 0.0 -2.355548772334951  738533.607404393
0.5 0.0 -1.3731668669392663  738533.6074045654
0.5 0.0 -1.0285229016057444  738533.6074047582
0.5 0.0 -2.1289079519817564  738533.6074049243
0.5 0.0 -1.7931331867074705  738533.6074050972
0.5 0.0 -1.121736763801372  738533.6074052821
0.5 0.0 -0.8030976751445696  738533.6074054567
0.5 0.0 -0.42590201410852924  738533.6074056263
0.5 0.0 -0.1198334153493623  738533.607405823
0.5 0.0 -1.1965186641311767  738533.6074059914
0.5 0.0 -0.6446717838911367  738533.6074061776
0.5 0.0 -0.37069792269608215  738533.6074063579
0.5 0.0 0.1489324017772207  738533.6074065444
0.5 0.0 0.4062636086585001  738533.6074067291
0.5 0.0 1.1484771699615826  738533.6074069052
0.5 0.0 1.4000038081351276  738533.6074070993
0.5 0.0 -0.17264503686560148  738533.607407268
0.5 0.0 0.31177845707734525  738533.6074074459
0.5 0.0 0.30428013702734463  738533.6074076206
0.5 0.0 0.5876576157956566  738533.6074078048
0.5 0.0 0.77256691034214  738533.6074079699
0.5 0.0 1.137951180627158  738533.6074081551
0.5 0.0 -1.0480313514287138  738533.6074083146
0.5 0.0 -0.6940451161544894  738533.6074084915
0.5 0.0 -0.690990242412895  738533.6074086671
0.5 0.0 -0.327879794556722  738533.6074088489
0.5 0.0 -0.12655051667240041  738533.6074090354
0.5 0.0 0.26208506488244737  738533.6074092196
0.5 0.0 0.6629854729981318  738533.6074094137
0.5 0.0 0.6656102338118577  738533.6074095777
0.5 0.0 -1.2502380396314856  738533.607409761
0.5 0.0 -1.0613502144484588  738533.6074099473
0.5 0.0 -0.6906406446653339  738533.6074101225
0.5 0.0 -0.525081339687517  738533.6074102952
0.5 0.0 -0.14466064565410064  738533.6074104822
0.5 0.0 -3.1492841288715323  738533.607410652
0.5 0.0 -2.7795995887622085  738533.6074108277
0.5 0.0 -2.5871973028892112  738533.6074110011
0.5 0.0 -2.3910960492261095  738533.6074111861
0.5 0.0 -1.9902876490887544  738533.6074113608
0.5 0.0 -1.5484474067209066  738533.6074115462
0.5 0.0 -1.0835172397185973  738533.6074117324
0.5 0.0 -2.6472414954089425  738533.6074119193
0.5 0.0 -2.151599710513224  738533.6074121
0.5 0.0 -1.896153606606286  738533.6074122762
0.5 0.0 -5.5224281578192835  738533.6074124598
0.5 0.0 -5.176586938779728  738533.6074126337
0.5 0.0 -4.586912015576225  738533.6074128321
0.5 0.0 -4.2243105314573075  738533.6074129927
0.5 0.0 -7.109575564087567  738533.607413168
0.5 0.0 -6.611220101715042  738533.6074133439
0.5 0.0 -6.300165095370854  738533.6074135139
0.5 0.0 -1.2508692731897706  738533.6074136846
0.5 0.0 -1.0215968747428228  738533.6074138794
0.5 0.0 -0.5287245656330607  738533.6074140761
0.5 0.0 -2.5551509705449393  738533.6074142306
0.5 0.0 -1.9699158169613904  738533.6074144166
0.5 0.0 -1.6632338631604895  738533.607414601
0.5 0.0 -1.0187658586505475  738533.6074147859
0.5 0.0 -0.386868064267021  738533.6074149724
0.5 0.0 -0.05926196007327004  738533.6074151694
0.5 0.0 -2.4974839333513486  738533.6074153403
0.5 0.0 -2.174582120857927  738533.6074155156
0.5 0.0 -1.5265809012340674  738533.6074156861
0.5 0.0 -1.628229522239902  738533.6074158588
0.5 0.0 -0.9880921302054152  738533.607416043
0.5 0.0 -0.32757043157988563  738533.6074162283
0.5 0.0 -2.2309932355930853  738533.6074164032
0.5 0.0 -1.5167151222378104  738533.6074165904
0.5 0.0 -1.158784661285613  738533.607416765
0.5 0.0 -0.43608848506903963  738533.6074169503
0.5 0.0 -0.058376596010191684  738533.6074171308
0.5 0.0 0.6375143249729229  738533.6074172969
0.5 0.0 0.967066025276777  738533.6074174731
0.5 0.0 -1.242867857836286  738533.6074176565
0.5 0.0 -0.9247854771422287  738533.607417828
0.5 0.0 -0.293442975292114  738533.6074180125
0.5 0.0 0.004026002328463853  738533.6074181879
0.5 0.0 1.2827067946051216  738533.6074183638
0.5 0.0 1.8810317521645599  738533.6074185484
0.5 0.0 -0.27623490079192803  738533.607418722
0.5 0.0 0.4809558107956686  738533.6074189064
0.5 0.0 0.867922378980065  738533.6074190694
0.5 0.0 1.606822719259127  738533.6074192511
0.5 0.0 1.9287786151994886  738533.6074194374
0.5 0.0 1.8076697089675995  738533.6074196228
0.5 0.0 2.1023400903327736  738533.6074198183
0.5 0.0 1.2518905800054894  738533.6074199894
0.5 0.0 2.4879877165856206  738533.607420166
0.5 0.0 3.0255136253545394  738533.6074203391
0.5 0.0 4.196689027687254  738533.6074205263
0.5 0.0 5.309793925369179  738533.6074206951
0.5 0.0 6.162574345412564  738533.6074208828
0.5 0.0 -20.685572502395182  738533.6074210433
0.5 0.0 -11.874273658628802  738533.6074212182
0.5 0.0 -9.859178119524836  738533.6074213971
0.5 0.0 -7.511719480982037  738533.607421567
0.5 0.0 -6.591465259815682  738533.6074217415
0.5 0.0 -8.099401990625426  738533.6074219277
0.5 0.0 -7.282328468418276  738533.6074221074
0.5 0.0 -6.528429741706819  738533.6074222745
0.5 0.0 -5.948355049402844  738533.6074224599
0.5 0.0 -4.955471129109704  738533.6074226456
0.5 0.0 -4.02565309772234  738533.6074228302
0.5 0.0 -2.6064173733293807  738533.607423016
0.5 0.0 -1.7868898989677828  738533.6074232009
0.5 0.0 -5.617315721047184  738533.607423378
0.5 0.0 -4.839473569765489  738533.607423563
0.5 0.0 -4.43111926074296  738533.6074237427
0.5 0.0 -3.616616907270944  738533.607423919
0.5 0.0 -2.743113654974844  738533.607424116
0.5 0.0 -2.2933909140645876  738533.6074242749
0.5 0.0 -1.3056569211978137  738533.6074244576
0.5 0.0 -2.5559531098960355  738533.6074246271
0.5 0.0 -1.5096534674093414  738533.6074248105
0.5 0.0 -0.9689604348258131  738533.6074249874
0.5 0.0 0.11889519528345208  738533.6074251608
0.5 0.0 1.1582449826296468  738533.6074253385
0.5 0.0 2.1203165614691306  738533.6074255263
0.5 0.0 -1.4914920032259371  738533.6074256946
0.5 0.0 -0.6588234905640798  738533.6074258768
0.5 0.0 0.13110320462414324  738533.6074260563
0.5 0.0 0.5252183193851423  738533.6074262327
0.5 0.0 1.321484957316313  738533.6074264047
0.5 0.0 1.547439161773916  738533.6074265853
0.5 0.0 1.9827640110664349  738533.6074267648
0.5 0.0 -0.08271334575797315  738533.6074269386
0.5 0.0 0.8010746279275411  738533.6074271104
0.5 0.0 1.240941675115523  738533.6074272873
0.5 0.0 2.0642410862560623  738533.6074274824
0.5 0.0 2.1869587585821324  738533.6074276542
0.5 0.0 2.878775730195079  738533.6074278408
0.5 0.0 -1.1072466632405022  738533.6074280047
0.5 0.0 -0.5567817239962891  738533.6074281903
0.5 0.0 -0.031165099192674618  738533.6074283725
0.5 0.0 0.2375446000222933  738533.6074285588
0.5 0.0 0.8023656963501818  738533.6074287436
0.5 0.0 1.1024023323588397  738533.6074289187
0.5 0.0 1.7339161272938786  738533.60742909
0.5 0.0 -1.5307864776379827  738533.6074292613
0.5 0.0 -0.8290074683600684  738533.6074294398
0.5 0.0 -0.4421765631810106  738533.6074296257
0.5 0.0 0.3693428026121268  738533.6074298059
0.5 0.0 1.3279117910673646  738533.6074299791
0.5 0.0 2.1834431279816124  738533.6074301605
0.5 0.0 2.6089512390658816  738533.6074303346
0.5 0.0 -1.2670971592070208  738533.6074305153
0.5 0.0 -0.45552669545912644  738533.6074307016
0.5 0.0 -0.46691351785590673  738533.6074308876
0.5 0.0 0.351179642780468  738533.6074310679
0.5 0.0 0.7804503408467215  738533.6074312596
0.5 0.0 -1.4749995028296876  738533.6074314344
0.5 0.0 -0.5713488312769855  738533.6074316151
0.5 0.0 -0.10307212498154614  738533.6074317961
0.5 0.0 0.8422449825079169  738533.6074319662
0.5 0.0 1.3182017696379296  738533.6074321456
0.5 0.0 2.77708087671687  738533.6074323221
0.5 0.0 3.2359931567003963  738533.6074324937
0.5 0.0 -0.07770061905150027  738533.6074326729
0.5 0.0 0.34095046879019053  738533.6074328513
0.5 0.0 1.1720159239839594  738533.6074330364
0.5 0.0 1.573217517206117  738533.6074332144
0.5 0.0 2.217355474858708  738533.6074333983
0.5 0.0 3.0524604212745903  738533.6074335747
0.5 0.0 -0.1808835658761854  738533.6074337472
0.5 0.0 0.6349279682490776  738533.6074339307
0.5 0.0 1.0468226202015574  738533.6074341162
0.5 0.0 1.8782198280711075  738533.6074342941
0.5 0.0 2.286312303851599  738533.6074344725
0.5 0.0 2.678971844113067  738533.6074346432
0.5 0.0 3.0638893967681264  738533.6074348184
0.5 0.0 -1.0313288330574841  738533.6074350047
0.5 0.0 -0.7177703655314099  738533.6074351757
0.5 0.0 -0.13147893112395503  738533.6074353481
0.5 0.0 0.6195474998290289  738533.6074355268
0.5 0.0 1.171224199782719  738533.6074357018
0.5 0.0 1.4575645655744336  738533.607435896
0.5 0.0 -2.0617552605655685  738533.6074360705
0.5 0.0 -1.3960236173105627  738533.6074362568
0.5 0.0 -1.0180260033702062  738533.6074364374
0.5 0.0 -0.27035461464472077  738533.6074366237
0.5 0.0 0.12268843265518542  738533.607436807
0.5 0.0 0.9901267740497681  738533.6074369788
0.5 0.0 1.3965484097880476  738533.607437168
0.5 0.0 -3.9339626949308126  738533.6074373332
0.5 0.0 -3.2373076903483224  738533.6074375127
0.5 0.0 -2.8994341279826474  738533.6074376936
0.5 0.0 -2.393876720066918  738533.6074378705
0.5 0.0 -2.014475402801067  738533.6074380423
0.5 0.0 -1.1518423051341378  738533.6074382308
0.5 0.0 -5.548428678929822  738533.6074384049
0.5 0.0 -4.52348026458058  738533.607438581
0.5 0.0 -3.966071682042247  738533.6074387574
0.5 0.0 -2.8106664551736817  738533.6074389425
0.5 0.0 -1.6682816666597886  738533.607439127
0.5 0.0 -1.118196417866066  738533.6074393126
0.5 0.0 -0.08812016714108953  738533.6074395098
0.5 0.0 -4.714767341541201  738533.6074396748
0.5 0.0 -3.858272065312849  738533.607439853
0.5 0.0 -3.429454325584157  738533.6074400274
0.5 0.0 -2.5112919559472884  738533.6074402018
0.5 0.0 -2.1159320479891353  738533.6074403872
0.5 0.0 -0.9802123503249188  738533.607440574
0.5 0.0 -0.3607628266009223  738533.6074407353
0.5 0.0 -5.667202565688802  738533.607440919
0.5 0.0 -4.4501582615071005  738533.6074410948
0.5 0.0 -3.843242626413262  738533.6074412774
0.5 0.0 -2.6577536937224653  738533.6074414524
0.5 0.0 -1.9269787848581739  738533.6074416267
0.5 0.0 -0.8153832656263793  738533.6074418233
0.5 0.0 -4.309859970910763  738533.607441994
0.5 0.0 -3.2279203969817982  738533.6074421805
0.5 0.0 -2.146600141248313  738533.6074423655
0.5 0.0 -1.5743739055728652  738533.6074425398
0.5 0.0 -0.5977934856125869  738533.6074427111
0.5 0.0 0.019588157922943928  738533.6074428888
0.5 0.0 -6.488132099523771  738533.6074430745
0.5 0.0 -5.950417983237482  738533.6074432441
0.5 0.0 -4.892116923168371  738533.6074434235
0.5 0.0 -4.364596995186909  738533.6074436061
0.5 0.0 -3.290798520064035  738533.6074437802
0.5 0.0 -2.7069117609638886  738533.607443966
0.5 0.0 -1.460559019261411  738533.6074441468
0.5 0.0 -3.0233194048228795  738533.6074443324
0.5 0.0 -2.33961619169069  738533.6074445102
0.5 0.0 -0.9498634230999609  738533.607444686
0.5 0.0 -0.26238876430624963  738533.6074448619
0.5 0.0 1.0990015373880315  738533.6074450383
0.5 0.0 1.767548636668664  738533.6074452174
0.5 0.0 -5.660808981819452  738533.6074453957
0.5 0.0 -5.095358084760139  738533.6074455654
0.5 0.0 -3.9260942718523917  738533.6074457479
0.5 0.0 -3.3029211676667276  738533.6074459183
0.5 0.0 -1.9399982386527415  738533.6074460926
0.5 0.0 -1.1675141804409623  738533.6074462782
0.5 0.0 0.5623666007503081  738533.6074464648
0.5 0.0 -5.416176919511794  738533.6074466292
0.5 0.0 -3.6523764525266005  738533.6074468106
0.5 0.0 -1.8977654978851692  738533.6074469907
0.5 0.0 -1.0684917649826093  738533.6074471695
0.5 0.0 0.4760983656996983  738533.6074473438
0.5 0.0 1.1598160762725445  738533.6074475278
0.5 0.0 -4.1558076760353275  738533.6074477084
0.5 0.0 -3.6039132785715755  738533.6074478872
0.5 0.0 -2.6117576617884617  738533.6074480617
0.5 0.0 -2.07797280156897  738533.607448243
0.5 0.0 -0.7395416695416102  738533.6074484268
0.5 0.0 0.0018477077052326452  738533.6074486171
0.5 0.0 1.797566767907724  738533.6074487809
0.5 0.0 2.8435489258048223  738533.6074489653
0.5 0.0 -4.553191951944347  738533.607449138
0.5 0.0 -2.455922342525831  738533.6074493137
0.5 0.0 -1.4281756671951145  738533.6074494991
0.5 0.0 -0.03704458009725491  738533.6074496717
0.5 0.0 0.8717363733526662  738533.6074498716
0.5 0.0 -7.752018137514005  738533.6074500253
0.5 0.0 -7.133563220780973  738533.6074502094
0.5 0.0 -6.028355980725935  738533.6074503884
0.5 0.0 -5.030143402934726  738533.607450574
0.5 0.0 -4.47040887954659  738533.6074507543
0.5 0.0 -3.209244906553319  738533.6074509334
0.5 0.0 -9.342941975701951  738533.607451105
0.5 0.0 -7.830541084545304  738533.6074512779
0.5 0.0 -6.93494840421633  738533.6074514503
0.5 0.0 -4.901773302084792  738533.6074516354
0.5 0.0 -3.3893513813766316  738533.607451814
0.5 0.0 -0.9734817778663483  738533.6074520001
0.5 0.0 0.2991158363149138  738533.6074521921
