0 0 0  738511.7099187601
0.7071067811865476 0.0 0.0 0.7071067811865476 0.0  738511.7100374575
0.7071067811865476 0.0 0.0 0.7071067811865476 0.0  738511.7100378213
0.7071067811865476 0.0 0.0 0.7071067811865476 0.0  738511.7100381848
0.7071067811865476 0.0 0.0 0.7071067811865476 0.0  738511.7100385375
0.7071067811865476 0.0 0.0 0.7071067811865476 0.0  738511.7100389003
0.7071067811865476 0.0 0.0 0.7071067811865476 0.0  738511.71003926
0.7071067811865476 0.0 0.0 0.7071067811865476 0.0  738511.7100396235
0.7071067811865476 0.0 0.0 0.7071067811865476 0.0  738511.7100399843
0.7071067811865476 0.0 0.0 0.7071067811865476 0.0  738511.7100403361
0.7071067811865476 0.0 0.0 0.7071067811865476 0.0  738511.7100406954
0.7071067811865476 0.0 0.0 0.7071067811865476 0.0  738511.7100410404
0.7071067811865476 0.0 0.0 0.7071067811865476 0.0  738511.7100413857
0.7071067811865476 0.0 0.0 0.7071067811865476 0.0  738511.7100417479
0.7071067811865476 0.0 0.0 0.7071067811865476 0.0  738511.7100421127
0.7071067811865476 0.0 0.0 0.7071067811865476 0.0  738511.710042471
0.7071067811865476 0.0 0.0 0.7071067811865476 0.0  738511.7100428365
0.7071067811865476 0.0 0.0 0.7071067811865476 0.0  738511.7100432058
0.7071067811865476 0.0 0.0 0.7071067811865476 0.0  738511.7100435651
0.7071067811865476 0.0 0.0 0.7071067811865476 0.0  738511.7100439129
0.7071067811865476 0.0 0.0 0.7071067811865476 0.0  738511.7100442789
0.7071067811865476 0.0 0.0 0.7071067811865476 0.0  738511.7100446448
0.7071067811865476 0.0 0.0 0.7071067811865476 0.0  738511.7100450093
0.7071067811865476 0.0 0.0 0.7071067811865476 0.0  738511.7100453747
0.7071067811865476 0.0 0.0 0.7071067811865476 0.0  738511.7100457356
0.7071067811865476 0.0 0.0 0.7071067811865476 0.0  738511.7100460976
0.7071067811865476 0.0 0.0 0.7071067811865476 0.0  738511.7100464536
0.7071067811865476 0.0 0.0 0.7071067811865476 0.0  738511.7100468014
0.7071067811865476 0.0 0.0 0.7071067811865476 0.0  738511.7100471713
0.7071067811865476 0.0 0.0 0.7071067811865476 0.0  738511.7100475156
0.7071067811865476 0.0 0.0 0.7071067811865476 0.0  738511.7100478761
0.7071067811865476 0.0 0.0 0.7071067811865476 0.0  738511.7100482361
0.7071067811865476 0.0 0.0 0.7071067811865476 0.0  738511.7100485945
0.7071067811865476 0.0 0.0 0.7071067811865476 0.0  738511.7100489499
0.7071067811865476 0.0 0.0 0.7071067811865476 0.0  738511.7100492978
0.7071067811865476 0.0 0.0 0.7071067811865476 0.0  738511.7100496601
0.7071067811865476 0.0 0.0 0.7071067811865476 0.0  738511.7100500299
0.7071067811865476 0.0 0.0 0.7071067811865476 0.0  738511.7100503842
0.7071067811865476 0.0 0.0 0.7071067811865476 0.0  738511.710050745
0.7071067811865476 0.0 0.0 0.7071067811865476 0.0  738511.7100510998
0.7071067811865476 0.0 0.0 0.7071067811865476 0.0  738511.7100514557
0.7071067811865476 0.0 0.0 0.7071067811865476 0.0  738511.710051798
0.7071067811865476 0.0 0.0 0.7071067811865476 0.0  738511.7100521497
0.7071067811865476 0.0 0.0 0.7071067811865476 0.0  738511.7100525002
0.7071067811865476 0.0 0.0 0.7071067811865476 0.0  738511.7100528743
0.7071067811865476 0.0 0.0 0.7071067811865476 0.0  738511.7100532182
0.7071067811865476 0.0 0.0 0.7071067811865476 0.0  738511.710053573
0.7071067811865476 0.0 0.0 0.7071067811865476 0.0  738511.7100539445
0.7071067811865476 0.0 0.0 0.7071067811865476 0.0  738511.7100543119
0.7071067811865476 0.0 0.0 0.7071067811865476 0.0  738511.7100546561
0.7071067811865476 0.0 0.0 0.7071067811865476 0.0  738511.7100550195
0.7071067811865476 0.0 0.0 0.7071067811865476 0.0  738511.7100553734
0.7071067811865476 0.0 0.0 0.7071067811865476 0.0  738511.7100557406
0.7071067811865476 0.0 0.0 0.7071067811865476 0.0  738511.7100561064
0.7071067811865476 0.0 0.0 0.7071067811865476 0.0  738511.7100564552
0.7071067811865476 0.0 0.0 0.7071067811865476 0.0  738511.710056818
0.7071067811865476 0.0 0.0 0.7071067811865476 0.0  738511.7100571727
0.7071067811865476 0.0 0.0 0.7071067811865476 0.0  738511.7100575287
0.7071067811865476 0.0 0.0 0.7071067811865476 0.0  738511.7100578928
0.7071067811865476 0.0 0.0 0.7071067811865476 0.0  738511.710058249
0.7071067811865476 0.0 0.0 0.7071067811865476 0.0  738511.7100586122
0.7071067811865476 0.0 0.0 0.7071067811865476 0.0  738511.7100589802
0.7071067811865476 0.0 0.0 0.7071067811865476 0.0  738511.7100593314
0.7071067811865476 0.0 0.0 0.7071067811865476 0.0  738511.710059692
0.7071067811865476 0.0 0.0 0.7071067811865476 0.0  738511.7100600348
0.7071067811865476 0.0 0.0 0.7071067811865476 0.0  738511.7100604011
0.7071067811865476 0.0 0.0 0.7071067811865476 0.0  738511.7100607699
0.7071067811865476 0.0 0.0 0.7071067811865476 0.0  738511.7100611347
0.7071067811865476 0.0 0.0 0.7071067811865476 0.0  738511.710061495
0.7071067811865476 0.0 0.0 0.7071067811865476 0.0  738511.7100618508
0.7071067811865476 0.0 0.0 0.7071067811865476 0.0  738511.7100622064
0.7071067811865476 0.0 0.0 0.7071067811865476 0.0  738511.7100625653
0.7071067811865476 0.0 0.0 0.7071067811865476 0.0  738511.7100629122
0.7071067811865476 0.0 0.0 0.7071067811865476 0.0  738511.7100632681
0.7071067811865476 0.0 0.0 0.7071067811865476 0.0  738511.7100636291
0.7071067811865476 0.0 0.0 0.7071067811865476 0.0  738511.7100639814
0.7071067811865476 0.0 0.0 0.7071067811865476 0.0  738511.7100643538
0.7071067811865476 0.0 0.0 0.7071067811865476 0.0  738511.7100647235
0.7071067811865476 0.0 0.0 0.7071067811865476 0.0  738511.7100650925
0.7071067811865476 0.0 0.0 0.7071067811865476 0.0  738511.7100654354
0.7071067811865476 0.0 0.0 0.7071067811865476 0.0  738511.7100658001
0.7071067811865476 0.0 0.0 0.7071067811865476 0.0  738511.7100661605
0.7071067811865476 0.0 0.0 0.7071067811865476 0.0  738511.7100665199
0.7071067811865476 0.0 0.0 0.7071067811865476 0.0  738511.7100668811
0.7071067811865476 0.0 0.0 0.7071067811865476 0.0  738511.7100672305
0.7071067811865476 0.0 0.0 0.7071067811865476 0.0  738511.7100675876
0.7071067811865476 0.0 0.0 0.7071067811865476 0.0  738511.7100679533
0.7071067811865476 0.0 0.0 0.7071067811865476 0.0  738511.7100682984
0.7071067811865476 0.0 0.0 0.7071067811865476 0.0  738511.7100686524
0.7071067811865476 0.0 0.0 0.7071067811865476 0.0  738511.7100690336
0.7071067811865476 0.0 0.0 0.7071067811865476 0.0  738511.7100693819
0.7071067811865476 0.0 0.0 0.7071067811865476 0.0  738511.7100697351
0.7071067811865476 0.0 0.0 0.7071067811865476 0.0  738511.7100700877
0.7071067811865476 0.0 0.0 0.7071067811865476 0.0  738511.7100704509
0.7071067811865476 0.0 0.0 0.7071067811865476 0.0  738511.710070801
0.7071067811865476 0.0 0.0 0.7071067811865476 0.0  738511.7100711619
0.7071067811865476 0.0 0.0 0.7071067811865476 0.0  738511.7100715182
0.7071067811865476 0.0 0.0 0.7071067811865476 0.0  738511.710071883
0.7071067811865476 0.0 0.0 0.7071067811865476 0.0  738511.7100722416
0.7071067811865476 0.0 0.0 0.7071067811865476 0.0  738511.7100726024
0.7071067811865476 0.0 0.0 0.7071067811865476 0.0  738511.7100729583
0.7071067811865476 0.0 0.0 0.7071067811865476 0.0  738511.7100733052
0.7071067811865476 0.0 0.0 0.7071067811865476 0.0  738511.7100736694
0.7071067811865476 0.0 0.0 0.7071067811865476 0.0  738511.7100740325
0.7071067811865476 0.0 0.0 0.7071067811865476 0.0  738511.7100743859
0.7071067811865476 0.0 0.0 0.7071067811865476 0.0  738511.71007475
0.7071067811865476 0.0 0.0 0.7071067811865476 0.0  738511.7100751214
0.7071067811865476 0.0 0.0 0.7071067811865476 0.0  738511.7100754856
0.7071067811865476 0.0 0.0 0.7071067811865476 0.0  738511.7100758562
0.7071067811865476 0.0 0.0 0.7071067811865476 0.0  738511.7100762075
0.7071067811865476 0.0 0.0 0.7071067811865476 0.0  738511.7100765646
0.7071067811865476 0.0 0.0 0.7071067811865476 0.0  738511.710076917
0.7071067811865476 0.0 0.0 0.7071067811865476 0.0  738511.7100772838
0.7071067811865476 0.0 0.0 0.7071067811865476 0.0  738511.7100776448
0.7071067811865476 0.0 0.0 0.7071067811865476 0.0  738511.7100779966
0.7071067811865476 0.0 0.0 0.7071067811865476 0.0  738511.710078359
0.7071067811865476 0.0 0.0 0.7071067811865476 0.0  738511.7100787086
0.7071067811865476 0.0 0.0 0.7071067811865476 0.0  738511.7100790675
0.7071067811865476 0.0 0.0 0.7071067811865476 0.0  738511.7100794294
0.7071067811865476 0.0 0.0 0.7071067811865476 0.0  738511.7100797928
0.7071067811865476 0.0 0.0 0.7071067811865476 0.0  738511.7100801563
0.7071067811865476 0.0 0.0 0.7071067811865476 0.0  738511.7100805087
0.7071067811865476 0.0 0.0 0.7071067811865476 0.0  738511.7100808729
0.7071067811865476 0.0 0.0 0.7071067811865476 0.0  738511.7100812419
0.7071067811865476 0.0 0.0 0.7071067811865476 0.0  738511.7100815958
0.7071067811865476 0.0 0.0 0.7071067811865476 0.0  738511.7100819574
0.7071067811865476 0.0 0.0 0.7071067811865476 0.0  738511.7100823121
0.7071067811865476 0.0 0.0 0.7071067811865476 0.0  738511.7100826838
0.7071067811865476 0.0 0.0 0.7071067811865476 0.0  738511.7100830482
0.7071067811865476 0.0 0.0 0.7071067811865476 0.0  738511.7100834183
0.7071067811865476 0.0 0.0 0.7071067811865476 0.0  738511.7100837831
0.7071067811865476 0.0 0.0 0.7071067811865476 0.0  738511.7100841339
0.7071067811865476 0.0 0.0 0.7071067811865476 0.0  738511.7100844899
0.7071067811865476 0.0 0.0 0.7071067811865476 0.0  738511.7100848433
0.7071067811865476 0.0 0.0 0.7071067811865476 0.0  738511.7100852004
0.7071067811865476 0.0 0.0 0.7071067811865476 0.0  738511.7100855574
0.7071067811865476 0.0 0.0 0.7071067811865476 0.0  738511.7100859176
0.7071067811865476 0.0 0.0 0.7071067811865476 0.0  738511.7100862837
0.7071067811865476 0.0 0.0 0.7071067811865476 0.0  738511.7100866468
0.7071067811865476 0.0 0.0 0.7071067811865476 0.0  738511.7100869954
0.7071067811865476 0.0 0.0 0.7071067811865476 0.0  738511.7100873432
0.7071067811865476 0.0 0.0 0.7071067811865476 0.0  738511.7100877037
0.7071067811865476 0.0 0.0 0.7071067811865476 0.0  738511.7100880621
0.7071067811865476 0.0 0.0 0.7071067811865476 0.0  738511.7100884169
0.7071067811865476 0.0 0.0 0.7071067811865476 0.0  738511.7100887672
0.7071067811865476 0.0 0.0 0.7071067811865476 0.0  738511.7100891293
0.7071067811865476 0.0 0.0 0.7071067811865476 0.0  738511.7100894797
0.7071067811865476 0.0 0.0 0.7071067811865476 0.0  738511.7100898228
0.7071067811865476 0.0 0.0 0.7071067811865476 0.0  738511.7100901828
0.7071067811865476 0.0 0.0 0.7071067811865476 0.0  738511.7100905451
0.7071067811865476 0.0 0.0 0.7071067811865476 0.0  738511.7100908995
0.7071067811865476 0.0 0.0 0.7071067811865476 0.0  738511.7100912686
0.7071067811865476 0.0 0.0 0.7071067811865476 0.0  738511.710091625
0.7071067811865476 0.0 0.0 0.7071067811865476 0.0  738511.7100919973
0.7071067811865476 0.0 0.0 0.7071067811865476 0.0  738511.7100923569
0.7071067811865476 0.0 0.0 0.7071067811865476 0.0  738511.7100927107
0.7071067811865476 0.0 0.0 0.7071067811865476 0.0  738511.7100930725
0.7071067811865476 0.0 0.0 0.7071067811865476 0.0  738511.7100934375
0.7071067811865476 0.0 0.0 0.7071067811865476 0.0  738511.710093799
0.7071067811865476 0.0 0.0 0.7071067811865476 0.0  738511.7100941543
0.7071067811865476 0.0 0.0 0.7071067811865476 0.0  738511.7100945569
0.7071067811865476 0.0 0.0 0.7071067811865476 0.0  738511.7100948916
0.7071067811865476 0.0 0.0 0.7071067811865476 0.0  738511.7100952476
0.7071067811865476 0.0 0.0 0.7071067811865476 0.0  738511.7100956113
