0 0 0  738541.5566112028
0.6 0.0 -27.989957899946486  738541.5567604162
0.6 0.0 -28.00048333798696  738541.5567606057
0.6 0.0 -27.922842803876343  738541.5567607777
0.6 0.0 -27.85540119486764  738541.5567609644
0.6 0.0 -30.95247154598064  738541.5567611305
0.6 0.0 -30.891687412807592  738541.5567613052
0.6 0.0 -30.75883799558743  738541.5567614915
0.6 0.0 -30.586344904064877  738541.5567616763
0.6 0.0 -30.516725432570386  738541.55676186
0.6 0.0 -30.33439640171541  738541.5567620483
0.6 0.0 -28.193730577321695  738541.5567622166
0.6 0.0 -27.847960318771566  738541.5567623918
0.6 0.0 -27.63338314088045  738541.5567625762
0.6 0.0 -27.171107649418822  738541.5567627535
0.6 0.0 -26.640958704235246  738541.5567629335
0.6 0.0 -26.3691303720876  738541.5567631231
0.6 0.0 -26.846104572074278  738541.5567632965
0.6 0.0 -26.61571443635877  738541.5567634766
0.6 0.0 -26.199295383792464  738541.5567636549
0.6 0.0 -26.024794815101313  738541.5567638304
0.6 0.0 -25.728280722970943  738541.556764002
0.6 0.0 -25.602693291848986  738541.5567641848
0.6 0.0 -25.37050792170699  738541.5567643729
0.6 0.0 -26.721841992253523  738541.5567645401
0.6 0.0 -26.485769825135883  738541.5567647185
0.6 0.0 -26.196020824992644  738541.5567649045
0.6 0.0 -26.027593872879628  738541.5567650767
0.6 0.0 -25.631671289494403  738541.5567652528
0.6 0.0 -25.420168865612272  738541.5567654326
0.6 0.0 -25.720126335908024  738541.5567656145
0.6 0.0 -25.49861463495977  738541.5567658
0.6 0.0 -25.04217086983193  738541.5567659806
0.6 0.0 -24.822894386756392  738541.5567661591
0.6 0.0 -24.386175585630053  738541.5567663412
0.6 0.0 -23.957917805561294  738541.5567665144
0.6 0.0 -23.74488826059849  738541.5567666983
0.6 0.0 -24.737102615117465  738541.5567668729
0.6 0.0 -24.53474600930824  738541.5567670466
0.6 0.0 -24.09381036575153  738541.5567672226
0.6 0.0 -23.829938195847376  738541.556767408
0.6 0.0 -23.311351877651937  738541.5567675873
0.6 0.0 -23.02891797645741  738541.5567677813
0.6 0.0 -24.457781647993702  738541.5567679475
0.6 0.0 -24.17829062815638  738541.5567681225
0.6 0.0 -23.593200415739737  738541.5567683077
0.6 0.0 -22.961676857901534  738541.5567684907
0.6 0.0 -22.641706967973892  738541.5567686689
0.6 0.0 -21.970292815402036  738541.5567688531
0.6 0.0 -21.620581110694218  738541.5567690398
0.6 0.0 -22.924471852946706  738541.5567692104
0.6 0.0 -22.573794720289545  738541.5567693834
0.6 0.0 -21.856556836847194  738541.55676956
0.6 0.0 -21.488534640076384  738541.556769743
0.6 0.0 -20.721772626376396  738541.5567699284
0.6 0.0 -19.924536747488713  738541.5567701234
0.6 0.0 -19.18977813951103  738541.5567703081
0.6 0.0 -18.358991827902578  738541.5567704717
0.6 0.0 -17.926726893191837  738541.556770656
0.6 0.0 -17.038748069715187  738541.5567708325
0.6 0.0 -16.13849059557695  738541.5567710178
0.6 0.0 -15.684630974085335  738541.5567712147
0.6 0.0 -23.091954810624408  738541.5567713781
0.6 0.0 -22.723072290073645  738541.5567715609
0.6 0.0 -21.947549930048943  738541.5567717453
0.6 0.0 -21.573359672631973  738541.5567719251
0.6 0.0 -20.799139463628407  738541.5567720988
0.6 0.0 -20.362868623989417  738541.5567722829
0.6 0.0 -19.383879566994846  738541.5567724586
0.6 0.0 -18.83906461925734  738541.556772649
0.6 0.0 -16.654217992896996  738541.5567728133
0.6 0.0 -15.380356001409885  738541.5567729997
0.6 0.0 -14.708084332516458  738541.5567731785
0.6 0.0 -13.340683787111194  738541.556773357
0.6 0.0 -12.66024922615258  738541.5567735523
0.6 0.0 -15.115976554199404  738541.5567737166
0.6 0.0 -14.533132503091354  738541.556773894
0.6 0.0 -13.415906208928998  738541.5567740798
0.6 0.0 -12.849193806246406  738541.5567742554
0.6 0.0 -11.796631815966041  738541.556774433
0.6 0.0 -11.268518296764778  738541.5567746048
0.6 0.0 -10.150162190964483  738541.5567747892
0.6 0.0 -12.497899546987156  738541.556774954
0.6 0.0 -11.878725550812769  738541.556775143
0.6 0.0 -10.607925943342096  738541.5567753215
0.6 0.0 -9.926641343868098  738541.5567754956
0.6 0.0 -8.59191651152388  738541.5567756773
0.6 0.0 -7.925770161077119  738541.5567758641
0.6 0.0 -10.247684262077847  738541.5567760309
0.6 0.0 -9.610275960984188  738541.5567762147
0.6 0.0 -8.362488527394985  738541.5567763901
0.6 0.0 -7.72151328881476  738541.5567765685
0.6 0.0 -6.421863135118618  738541.5567767533
0.6 0.0 -5.084919891405857  738541.5567769313
0.6 0.0 -4.400730519490478  738541.5567771281
0.6 0.0 -7.069484432100683  738541.5567772939
0.6 0.0 -6.304775656001939  738541.5567774667
0.6 0.0 -4.916875554645322  738541.556777657
0.6 0.0 -4.228522475818427  738541.5567778348
0.6 0.0 -2.8296084637384844  738541.556778018
0.6 0.0 -2.1227534810259137  738541.5567782054
0.6 0.0 -4.793367666207326  738541.5567783795
0.6 0.0 -3.572859661785745  738541.5567785896
0.6 0.0 -2.9118446697967366  738541.5567787627
0.6 0.0 -1.4962536989811324  738541.5567789241
0.6 0.0 -0.740800887414707  738541.5567791036
0.6 0.0 0.689196937870446  738541.5567792804
0.6 0.0 1.3641097008472995  738541.5567794692
0.6 0.0 -1.925419929616952  738541.5567796364
0.6 0.0 -0.5206833449554037  738541.5567798136
0.6 0.0 0.16978878895158078  738541.5567799847
0.6 0.0 1.5281731183394116  738541.5567801567
0.6 0.0 2.3027922438967177  738541.5567803414
0.6 0.0 3.7043932827730175  738541.5567805298
0.6 0.0 -0.48739428828941794  738541.5567806932
0.6 0.0 0.8476296311535902  738541.5567808775
0.6 0.0 1.6015728841489127  738541.5567810752
0.6 0.0 2.944491634814641  738541.5567812434
0.6 0.0 3.5982581453916267  738541.5567814235
0.6 0.0 4.9875636349431485  738541.556781605
0.6 0.0 6.382767045254661  738541.556781803
0.6 0.0 2.379168519992718  738541.5567819674
0.6 0.0 3.673605758892828  738541.5567821425
0.6 0.0 4.305281050839479  738541.5567823193
0.6 0.0 5.530721876070891  738541.5567825008
0.6 0.0 6.091850834794902  738541.5567826735
0.6 0.0 7.304955808438273  738541.5567828564
0.6 0.0 2.249167043454862  738541.5567830254
0.6 0.0 3.4250649934940425  738541.5567832061
0.6 0.0 3.9218421455000447  738541.5567833772
0.6 0.0 4.962113438612114  738541.556783563
0.6 0.0 6.010492365409234  738541.556783746
0.6 0.0 5.966069500961301  738541.5567839232
0.6 0.0 7.001551318000817  738541.5567841079
0.6 0.0 2.312445091052842  738541.5567842722
0.6 0.0 3.3171799533968276  738541.5567844501
0.6 0.0 3.825479649956281  738541.5567846348
0.6 0.0 4.901476608563883  738541.5567848112
0.6 0.0 5.416675108940444  738541.5567849848
0.6 0.0 6.440343402201505  738541.5567851822
0.6 0.0 0.7822736298063342  738541.5567853426
0.6 0.0 1.6531742215048566  738541.5567855298
0.6 0.0 2.0399191856073635  738541.5567856937
0.6 0.0 2.7189779578300373  738541.5567858763
0.6 0.0 3.014484850041463  738541.5567860542
0.6 0.0 3.577631217660387  738541.5567862325
0.6 0.0 4.192519665697016  738541.556786427
0.6 0.0 -1.1915369529273476  738541.556786594
0.6 0.0 -0.40681520961918544  738541.55678678
0.6 0.0 0.011470602874283068  738541.556786966
0.6 0.0 1.091943696067437  738541.5567871425
0.6 0.0 1.685051297141907  738541.5567873267
0.6 0.0 2.923963551273544  738541.5567875246
0.6 0.0 -2.7742553449864777  738541.5567876993
0.6 0.0 -2.223327978145727  738541.5567878837
0.6 0.0 -1.1987422512510013  738541.5567880743
0.6 0.0 -0.6173527779882595  738541.5567882386
0.6 0.0 0.291777250912568  738541.556788434
0.6 0.0 1.2227383955843536  738541.5567885987
0.6 0.0 -4.394162322837838  738541.556788784
0.6 0.0 -3.3578585714445413  738541.556788964
0.6 0.0 -2.8050632172354395  738541.55678915
0.6 0.0 -1.6360331474821788  738541.5567893338
0.6 0.0 -0.9567128186414833  738541.5567895201
0.6 0.0 0.47111084132654957  738541.556789706
0.6 0.0 1.9264812163931768  738541.5567899027
0.6 0.0 -3.708533260456029  738541.5567900669
0.6 0.0 -2.4083887842060663  738541.5567902502
0.6 0.0 -1.7838374931298915  738541.5567904267
0.6 0.0 -0.6358234492211279  738541.5567906094
0.6 0.0 -0.06593860319704335  738541.556790787
0.6 0.0 1.0472284357821695  738541.5567909792
0.6 0.0 -6.209913160620495  738541.5567911507
0.6 0.0 -5.707082956045062  738541.556791326
0.6 0.0 -4.545504641982259  738541.5567915044
0.6 0.0 -3.9921753538205524  738541.556791685
0.6 0.0 -2.815236204075674  738541.5567918645
0.6 0.0 -2.1810415147688054  738541.5567920618
0.6 0.0 -6.306427158662606  738541.5567922285
0.6 0.0 -5.6299708753022015  738541.5567924113
0.6 0.0 -4.191831028090549  738541.5567925954
0.6 0.0 -2.683140392325859  738541.556792774
0.6 0.0 -1.909446049400201  738541.5567929499
0.6 0.0 -0.3675665608286107  738541.556793126
0.6 0.0 0.3977456689983908  738541.5567933237
0.6 0.0 -6.98335450184712  738541.5567934831
0.6 0.0 -6.355785816053228  738541.5567936574
0.6 0.0 -5.150888891679336  738541.556793843
0.6 0.0 -4.627736999229286  738541.5567940252
0.6 0.0 -3.4254724486273744  738541.556794211
0.6 0.0 -2.117671764068582  738541.5567943975
0.6 0.0 -9.08365341829927  738541.5567945826
0.6 0.0 -7.670411815229912  738541.5567947668
0.6 0.0 -6.9459939664142745  738541.5567949505
0.6 0.0 -5.374615121748112  738541.5567951286
0.6 0.0 -4.604238889311068  738541.5567953037
0.6 0.0 -3.04656417101884  738541.5567954856
0.6 0.0 -1.4844277476955998  738541.5567956793
0.6 0.0 -9.868865953028896  738541.5567958403
0.6 0.0 -8.492469135683569  738541.5567960307
0.6 0.0 -7.8852004425890225  738541.5567962009
0.6 0.0 -6.456793398745715  738541.5567963625
0.6 0.0 -5.708156970320619  738541.5567965392
0.6 0.0 -4.077433929811777  738541.5567967333
0.6 0.0 -12.40738473482582  738541.556796898
0.6 0.0 -10.745273925077665  738541.5567970847
0.6 0.0 -9.850442278945241  738541.5567972605
0.6 0.0 -8.017981520563671  738541.5567974327
0.6 0.0 -7.030019919809168  738541.5567976108
0.6 0.0 -4.939718517987589  738541.5567977872
0.6 0.0 -2.742548638050275  738541.5567979617
0.6 0.0 -11.276815365452434  738541.5567981486
0.6 0.0 -9.229113375877585  738541.556798332
0.6 0.0 -8.014182374110174  738541.5567985163
0.6 0.0 -5.856893458971143  738541.5567987021
0.6 0.0 -4.740017473211694  738541.5567988759
0.6 0.0 -2.4006152688350557  738541.5567990597
0.6 0.0 -13.198341834777336  738541.5567992283
0.6 0.0 -12.100357689039047  738541.5567994101
0.6 0.0 -9.837218706695735  738541.556799594
0.6 0.0 -8.74826701558084  738541.5567997774
0.6 0.0 -6.2864849378172405  738541.556799962
0.6 0.0 -4.986512159277131  738541.5568001467
0.6 0.0 -8.730730462117636  738541.5568003219
0.6 0.0 -6.045251948470622  738541.5568005075
0.6 0.0 -4.661866250132397  738541.5568006923
0.6 0.0 -1.9247542766672414  738541.5568008774
0.6 0.0 -0.5844876866898654  738541.5568010627
0.6 0.0 2.067211132866137  738541.556801248
0.6 0.0 4.657881402893847  738541.5568014297
0.6 0.0 -12.016288416012388  738541.5568016071
0.6 0.0 -9.915047812568686  738541.5568017797
0.6 0.0 -8.878806653174614  738541.5568019659
0.6 0.0 -6.671612783303795  738541.5568021465
0.6 0.0 -5.461145706713348  738541.5568023389
0.6 0.0 -2.7476552301957144  738541.5568025218
0.6 0.0 -13.200265496009457  738541.5568026953
0.6 0.0 -10.11014947831101  738541.5568028808
0.6 0.0 -6.515543392529354  738541.5568030783
0.6 0.0 -4.5745129712163175  738541.5568032516
0.6 0.0 -0.5397786543441957  738541.5568034288
0.6 0.0 1.533676897929862  738541.5568036226
0.6 0.0 -9.007953591628581  738541.5568037971
0.6 0.0 -5.353300251784864  738541.5568039807
0.6 0.0 -3.57019568450807  738541.5568041558
0.6 0.0 -0.10081656349838486  738541.5568043304
0.6 0.0 1.635049440342786  738541.5568045027
0.6 0.0 5.23323044252167  738541.5568046849
0.6 0.0 7.1151607941406185  738541.5568048727
0.6 0.0 -8.235500841533963  738541.556805055
0.6 0.0 -6.459526157323144  738541.5568052189
0.6 0.0 -2.5751838018442017  738541.5568054139
0.6 0.0 -0.44035203325509875  738541.5568055823
0.6 0.0 4.142162446454646  738541.5568057596
0.6 0.0 6.599452852421611  738541.5568059462
0.6 0.0 -1.0727736978397187  738541.5568061114
0.6 0.0 3.7520990088576496  738541.556806293
0.6 0.0 6.186376969182105  738541.5568064795
0.6 0.0 11.117089824096102  738541.5568066606
0.6 0.0 13.585849106107945  738541.5568068385
0.6 0.0 18.415463026391368  738541.5568070122
0.6 0.0 20.782311127835847  738541.5568072073
0.6 0.0 0.4363900996053171  738541.5568073692
0.6 0.0 2.3642459283473234  738541.5568075526
0.6 0.0 5.945932421220283  738541.5568077371
0.6 0.0 9.914657290071164  738541.556807914
0.6 0.0 12.008417570961173  738541.5568080981
0.6 0.0 16.5820071913176  738541.5568082952
0.6 0.0 -2.0142536399821123  738541.5568084683
0.6 0.0 2.6456515247492316  738541.5568086435
0.6 0.0 8.063259672382829  738541.5568088252
0.6 0.0 11.526735475682678  738541.5568090022
0.6 0.0 14.649476441811515  738541.5568091893
0.6 0.0 21.09380785132722  738541.556809363
0.6 0.0 27.7569927989736  738541.5568095512
0.6 0.0 2.654334853391028  738541.5568097115
0.6 0.0 7.710561676807223  738541.5568098853
0.6 0.0 10.15104001213485  738541.5568100711
0.6 0.0 15.016099842971139  738541.5568102559
0.6 0.0 17.516441306344277  738541.5568104362
0.6 0.0 22.97904198904034  738541.556810631
0.6 0.0 26.00310191893326  738541.5568107934
0.6 0.0 -4.354827148578403  738541.5568109698
0.6 0.0 -1.803488275192965  738541.5568111517
0.6 0.0 3.7826594548597856  738541.5568113201
0.6 0.0 10.857188232943285  738541.5568115002
0.6 0.0 14.610626568630293  738541.5568116794
0.6 0.0 22.89660673639434  738541.55681187
0.6 0.0 -8.299998525279573  738541.5568120343
0.6 0.0 -1.7472332200117102  738541.556812217
0.6 0.0 1.6415274494663026  738541.5568123901
0.6 0.0 8.291419492510808  738541.5568125698
0.6 0.0 11.690518699428049  738541.556812748
0.6 0.0 18.640927738691474  738541.5568129424
0.6 0.0 -27.580500869143666  738541.5568131076
0.6 0.0 -26.091208689969097  738541.5568132845
0.6 0.0 -25.283691772050858  738541.556813459
0.6 0.0 -21.716195549477895  738541.5568136423
0.6 0.0 -17.147551365678208  738541.5568138234
0.6 0.0 -14.385323906769502  738541.5568140068
0.6 0.0 -7.646232799104724  738541.5568141988
0.6 0.0 -63.39956991456194  738541.5568143721
0.6 0.0 -62.25135848953699  738541.5568145472
0.6 0.0 -61.108491163164764  738541.5568147433
0.6 0.0 -59.22820761508412  738541.5568149079
0.6 0.0 -58.70277056069079  738541.5568150824
0.6 0.0 -58.77578668629302  738541.556815274
0.6 0.0 -120  738541.5568154387
0.6 0.0 -120  738541.5568156204
0.6 0.0 -120  738541.5568158142
0.6 0.0 -120  738541.5568159831
0.6 0.0 -120  738541.5568161666
0.6 0.0 -120  738541.5568163636
0.6 0.0 -120  738541.5568165382
0.6 0.0 -120  738541.5568167227
0.6 0.0 -120  738541.5568169093
0.6 0.0 -120  738541.5568170921
