0 0 0  738512.6574966991
0.6 0.0 1.1381297300743312  738512.6575901452
0.6 0.0 72.34743722710306  738512.6575903203
0.6 0.0 18.236559613465616  738512.6575904991
0.6 0.0 73.36164682840946  738512.6575906783
0.6 0.0 18.414802528171034  738512.6575908628
0.6 0.0 90  738512.6575910463
0.6 0.0 20.56812989154252  738512.6575912257
0.6 0.0 82.9317767268538  738512.6575914009
0.6 0.0 84.14761460858432  738512.6575915883
0.6 0.0 21.350404994749333  738512.6575917567
0.6 0.0 86.24631329429945  738512.6575919407
0.6 0.0 21.849052677019063  738512.6575921221
0.6 0.0 -3.7004032525734702  738512.6575923077
0.6 0.0 18.61098352281156  738512.6575924844
0.6 0.0 75.01976334208318  738512.6575926695
0.6 0.0 18.885814567309723  738512.6575928447
0.6 0.0 83.70242594305664  738512.6575930245
0.6 0.0 19.100312850419623  738512.6575931994
0.6 0.0 60.29960048390231  738512.6575933748
0.6 0.0 18.959188426930933  738512.657593551
0.6 0.0 76.44559834954488  738512.6575937265
0.6 0.0 77.64703328656216  738512.6575939052
0.6 0.0 19.710738184190134  738512.6575940852
0.6 0.0 79.63025275189241  738512.6575942656
0.6 0.0 20.209627076857306  738512.6575944407
0.6 0.0 37.38724839999918  738512.6575946166
0.6 0.0 19.675594600209998  738512.6575947977
0.6 0.0 79.4929072449404  738512.6575949743
0.6 0.0 20.15253645898937  738512.6575951567
0.6 0.0 81.30842766528731  738512.6575953377
0.6 0.0 82.36090803031684  738512.6575955194
0.6 0.0 0.7742814373258663  738512.6575957024
0.6 0.0 19.865283303643945  738512.65759588
0.6 0.0 80.23517495434209  738512.6575960582
0.6 0.0 81.50559025618162  738512.6575962339
0.6 0.0 20.671396089219176  738512.6575964193
0.6 0.0 83.48055920954091  738512.6575965952
0.6 0.0 21.16597541233664  738512.6575967853
0.6 0.0 31.587636011655757  738512.6575969512
0.6 0.0 20.13870211663983  738512.6575971333
0.6 0.0 81.29898004173779  738512.6575973171
0.6 0.0 82.41470336938696  738512.6575974924
0.6 0.0 20.83536039198687  738512.6575976646
0.6 0.0 83.95982092250638  738512.6575978426
0.6 0.0 -0.737152482116973  738512.6575980282
0.6 0.0 69.22321899409692  738512.6575982148
0.6 0.0 17.52279803360045  738512.6575983936
0.6 0.0 77.88800270980713  738512.657598571
0.6 0.0 17.90483262316804  738512.6575987451
0.6 0.0 72.1942621300069  738512.6575989315
0.6 0.0 73.24369501944601  738512.6575991067
0.6 0.0 81.8230451873199  738512.6575992907
0.6 0.0 82.51353738535471  738512.6575994629
0.6 0.0 20.948694722974405  738512.6575996473
0.6 0.0 84.6026839858478  738512.657599826
0.6 0.0 21.472548760218924  738512.6576000022
0.6 0.0 86.6749707532969  738512.6576001917
0.6 0.0 21.944418595251324  738512.6576003575
0.6 0.0 9.313726938769944  738512.657600544
0.6 0.0 14.767076370446366  738512.65760072
0.6 0.0 59.23714177411422  738512.6576009054
0.6 0.0 59.378271453563485  738512.6576010904
0.6 0.0 14.873720938383101  738512.6576012766
0.6 0.0 90  738512.6576014451
0.6 0.0 16.539378685961257  738512.65760163
0.6 0.0 66.42379106207022  738512.6576018132
0.6 0.0 67.1070547735908  738512.6576019899
0.6 0.0 16.964777353877704  738512.6576021645
0.6 0.0 68.31105100901276  738512.65760234
0.6 0.0 17.248676791257733  738512.6576025194
0.6 0.0 -26.580202059076868  738512.6576026992
0.6 0.0 10.74356238784569  738512.6576028755
0.6 0.0 43.01740340682358  738512.657603053
0.6 0.0 10.729719698402805  738512.6576032358
0.6 0.0 42.791741371897395  738512.6576034112
0.6 0.0 10.64516260091214  738512.6576036087
0.6 0.0 -26.503411474661803  738512.6576037706
0.6 0.0 6.702476756618241  738512.6576039471
0.6 0.0 29.124103292222905  738512.6576041278
0.6 0.0 26.010916091074183  738512.6576043025
0.6 0.0 6.456553217749863  738512.6576044866
0.6 0.0 25.644588691270865  738512.6576046714
0.6 0.0 6.411226434486302  738512.6576048804
0.6 0.0 -60.67803231481271  738512.6576050333
0.6 0.0 1.7337095733443506  738512.6576052093
0.6 0.0 6.950062775552579  738512.6576053863
0.6 0.0 1.7518878514872904  738512.6576055664
0.6 0.0 7.062318953314137  738512.657605753
0.6 0.0 7.1650466916688895  738512.6576059392
0.6 0.0 -29.768298402212256  738512.6576061145
0.6 0.0 -7.885992737515615  738512.6576062968
0.6 0.0 -1.9495477858988663  738512.657606477
0.6 0.0 -7.603632063206947  738512.657606647
0.6 0.0 -1.8364876259845992  738512.6576068276
0.6 0.0 -6.912784015225437  738512.657607003
0.6 0.0 -1.5967907570852795  738512.6576071824
0.6 0.0 -81.83867248183549  738512.6576073613
0.6 0.0 -22.37016990683564  738512.6576075472
0.6 0.0 -5.40653894425721  738512.6576077306
0.6 0.0 -20.734670312578814  738512.6576079162
0.6 0.0 -4.954157695483916  738512.6576080978
0.6 0.0 -18.72578899839507  738512.6576082802
0.6 0.0 10.179782452880183  738512.6576084556
0.6 0.0 -30.74646537133433  738512.6576086344
0.6 0.0 -29.057840486841688  738512.6576088184
0.6 0.0 -6.92312355929585  738512.6576089947
0.6 0.0 -26.13197662317753  738512.6576091802
0.6 0.0 -6.124688860102584  738512.6576093545
0.6 0.0 -22.586527990616048  738512.6576095265
0.6 0.0 -90  738512.6576097051
0.6 0.0 -44.400945565078246  738512.657609889
0.6 0.0 -10.694483409873218  738512.6576100644
0.6 0.0 -40.90362527255903  738512.6576102441
0.6 0.0 0.0  738512.6576104198
0.6 0.0 -38.3540335547576  738512.657610606
0.6 0.0 2.5413366303683635  738512.6576107875
0.6 0.0 -8.627655582328282  738512.6576109678
0.6 0.0 -31.780180789363794  738512.657611148
0.6 0.0 -7.199529550153355  738512.6576113245
0.6 0.0 -25.60697655404474  738512.6576115051
0.6 0.0 -5.57237838737023  738512.6576117012
0.6 0.0 -90  738512.6576118651
0.6 0.0 -11.994653948839701  738512.6576120406
0.6 0.0 -45.22446156826127  738512.6576122108
0.6 0.0 -10.662624672044645  738512.6576123898
0.6 0.0 -39.92786759397665  738512.6576125759
0.6 0.0 -36.229516264717034  738512.6576127515
0.6 0.0 -8.304980654111846  738512.6576129376
0.6 0.0 -21.048410832171026  738512.6576131141
0.6 0.0 -8.532645818055771  738512.6576132932
0.6 0.0 -30.032037992071317  738512.6576134713
0.6 0.0 -6.395337911011388  738512.6576136468
0.6 0.0 -21.241208270870004  738512.6576138329
0.6 0.0 -4.165067156372083  738512.6576140111
0.6 0.0 -83.3012312864951  738512.6576141901
0.6 0.0 -24.923217315870154  738512.6576143753
0.6 0.0 -5.174556615403616  738512.6576145574
0.6 0.0 -16.46181509774247  738512.6576147403
0.6 0.0 -3.056403796955811  738512.6576149162
0.6 0.0 -7.871687409321395  738512.6576151011
0.6 0.0 -0.84467359243547  738512.6576152868
0.6 0.0 -85.04906951953897  738512.6576154634
0.6 0.0 -12.326937733107718  738512.6576156426
0.6 0.0 -1.8486061276646484  738512.6576158194
0.6 0.0 -2.4419523897205977  738512.6576159993
0.6 0.0 0.6163813362613322  738512.657616175
0.6 0.0 7.620082073443433  738512.6576163548
0.6 0.0 -35.17297644896746  738512.6576165309
0.6 0.0 -2.7970083192946698  738512.657616708
0.6 0.0 0.49625486239761774  738512.6576168943
0.6 0.0 6.983290930187126  738512.6576170794
0.6 0.0 13.782107443753013  738512.6576172569
0.6 0.0 4.7643550816197004  738512.6576174328
0.6 0.0 24.373103054073397  738512.6576176048
0.6 0.0 -40.902950189280745  738512.6576177896
0.6 0.0 12.501003890236017  738512.6576179741
0.6 0.0 4.51033551916881  738512.6576181547
0.6 0.0 23.512823141194136  738512.6576183399
0.6 0.0 7.248192538115677  738512.6576185251
0.6 0.0 34.35199589787091  738512.657618721
0.6 0.0 -30.37264085519286  738512.6576188871
0.6 0.0 5.421640208064965  738512.6576190728
0.6 0.0 27.125533117564046  738512.6576192573
0.6 0.0 34.382844530287194  738512.657619444
0.6 0.0 9.99804721864113  738512.6576196292
0.6 0.0 45.39044115611963  738512.6576198095
0.6 0.0 -56.928626554334386  738512.6576199915
0.6 0.0 40.29899113705369  738512.6576201656
0.6 0.0 11.587004513223397  738512.6576203393
0.6 0.0 52.234785084583116  738512.6576205214
0.6 0.0 17.751853314394697  738512.6576207004
0.6 0.0 65.08942569757541  738512.6576208841
0.6 0.0 17.868208712152718  738512.6576210796
0.6 0.0 77.656140038117  738512.6576212577
0.6 0.0 90  738512.6576214213
0.6 0.0 12.335286913507485  738512.6576216023
0.6 0.0 54.4271057038287  738512.6576217772
0.6 0.0 14.811206128732818  738512.6576219582
0.6 0.0 64.00862975755024  738512.6576221423
0.6 0.0 41.90701498658377  738512.6576223194
0.6 0.0 73.87572673355709  738512.6576224944
0.6 0.0 19.930061147277005  738512.6576226788
0.6 0.0 85.14041179361018  738512.6576228592
0.6 0.0 22.764370172661387  738512.6576230341
0.6 0.0 90  738512.6576232171
0.6 0.0 90  738512.6576234001
0.6 0.0 90  738512.6576235762
0.6 0.0 68.0237541887997  738512.6576237588
0.6 0.0 18.148857404688968  738512.6576239342
0.6 0.0 77.07526603211112  738512.6576241143
0.6 0.0 20.180003716516126  738512.6576242899
0.6 0.0 84.42095850784153  738512.6576244673
0.6 0.0 21.804401198676032  738512.6576246527
0.6 0.0 -55.86650707674635  738512.6576248382
0.6 0.0 63.518186243819905  738512.6576250243
0.6 0.0 16.327860490588826  738512.6576252029
0.6 0.0 66.85155637450042  738512.657625387
0.6 0.0 17.15142426748378  738512.6576255618
0.6 0.0 70.20496434628905  738512.6576257349
0.6 0.0 18.03598732431985  738512.6576259206
0.6 0.0 -90  738512.657626102
0.6 0.0 45.11355504901709  738512.6576262789
0.6 0.0 10.52537212565149  738512.6576264547
0.6 0.0 42.915123450734875  738512.6576266376
0.6 0.0 10.906068779047532  738512.6576268192
0.6 0.0 -70.6108798267532  738512.6576269964
0.6 0.0 -0.2924101167916695  738512.6576271728
0.6 0.0 -2.0678678718634926  738512.6576273515
0.6 0.0 -0.781812659833509  738512.6576275267
0.6 0.0 -4.231905055838491  738512.6576277051
0.6 0.0 -1.3242023368027938  738512.6576278913
0.6 0.0 -90  738512.657628067
0.6 0.0 -11.046355787705538  738512.6576282363
0.6 0.0 -45.41193883277166  738512.6576284121
0.6 0.0 -11.714203794884599  738512.6576285943
0.6 0.0 -47.927698849293215  738512.65762877
0.6 0.0 -49.44567830030526  738512.6576289464
0.6 0.0 -12.623382899517756  738512.657629137
0.6 0.0 -90  738512.6576293004
0.6 0.0 -23.470694526914617  738512.657629485
0.6 0.0 -90  738512.6576296606
0.6 0.0 -23.931750996161348  738512.6576298464
0.6 0.0 -90  738512.6576300194
0.6 0.0 -24.20545232252591  738512.657630201
0.6 0.0 -90  738512.6576303728
0.6 0.0 -90  738512.6576305554
0.6 0.0 -35.11845015317443  738512.6576307326
0.6 0.0 -90  738512.6576309103
0.6 0.0 -35.275575275824444  738512.6576310864
0.6 0.0 -90  738512.6576312656
0.6 0.0 -35.028569063952986  738512.6576314458
0.6 0.0 -90  738512.6576316195
0.6 0.0 -45.98103183075839  738512.657631806
0.6 0.0 -90  738512.6576319884
0.6 0.0 -90  738512.6576321734
0.6 0.0 -44.24599086897643  738512.6576323556
0.6 0.0 -90  738512.6576325306
0.6 0.0 -76.97320701228846  738512.6576327056
0.6 0.0 -90  738512.6576328871
0.6 0.0 -47.43958758657662  738512.6576330729
0.6 0.0 -90  738512.6576332569
0.6 0.0 -90  738512.6576334381
0.6 0.0 -42.57771208963308  738512.6576336081
0.6 0.0 -41.33808498059916  738512.6576337813
0.6 0.0 -90  738512.6576339572
0.6 0.0 -90  738512.6576341415
0.6 0.0 -48.533797813652605  738512.6576343138
0.6 0.0 -90  738512.6576344908
0.6 0.0 -43.77154196500863  738512.6576346712
0.6 0.0 -90  738512.657634856
0.6 0.0 -90  738512.6576350189
0.6 0.0 -90  738512.6576351945
0.6 0.0 -40.41973455659184  738512.6576353703
0.6 0.0 -90  738512.657635556
0.6 0.0 -32.599953293903546  738512.657635742
0.6 0.0 -90  738512.6576359234
0.6 0.0 -22.92687583668235  738512.6576360994
0.6 0.0 -90  738512.6576362713
0.6 0.0 -32.17150115664805  738512.6576364451
0.6 0.0 -90  738512.6576366208
0.6 0.0 -75.14574763040513  738512.6576367998
0.6 0.0 -12.491678053051627  738512.6576369853
0.6 0.0 -22.433170626549607  738512.6576371699
0.6 0.0 1.8355858164251198  738512.6576373564
0.6 0.0 -90  738512.6576375425
0.6 0.0 8.2030294792636  738512.6576377198
0.6 0.0 10.704083875161661  738512.6576378952
0.6 0.0 80.4054097631765  738512.6576380818
0.6 0.0 30.264482977058982  738512.6576382666
0.6 0.0 90  738512.6576384427
0.6 0.0 -90  738512.657638613
0.6 0.0 90  738512.6576387992
0.6 0.0 51.53897270508349  738512.6576389736
0.6 0.0 90  738512.6576391471
0.6 0.0 78.45272660900679  738512.6576393223
0.6 0.0 90  738512.6576395156
0.6 0.0 18.862174214532562  738512.6576396857
0.6 0.0 90  738512.6576398714
0.6 0.0 90  738512.6576400489
0.6 0.0 90  738512.6576402341
0.6 0.0 90  738512.6576404135
0.6 0.0 90  738512.6576405996
0.6 0.0 90  738512.6576407786
0.6 0.0 -41.24903175950067  738512.65764096
0.6 0.0 90  738512.6576411386
0.6 0.0 90  738512.6576413168
0.6 0.0 90  738512.6576415
0.6 0.0 90  738512.6576416731
0.6 0.0 90  738512.657641846
0.6 0.0 90  738512.6576420317
0.6 0.0 90  738512.6576422106
0.6 0.0 90  738512.6576423892
0.6 0.0 90  738512.6576425685
0.6 0.0 90  738512.6576427554
0.6 0.0 90  738512.6576429339
0.6 0.0 90  738512.6576431136
0.6 0.0 90  738512.6576432936
0.6 0.0 90  738512.6576434784
0.6 0.0 90  738512.6576436576
0.6 0.0 90  738512.6576438384
0.6 0.0 90  738512.6576440136
0.6 0.0 76.35237195492212  738512.6576441975
0.6 0.0 90  738512.6576443769
0.6 0.0 -90  738512.657644553
0.6 0.0 -90  738512.6576447365
0.6 0.0 -90  738512.6576449225
0.6 0.0 -90  738512.6576451063
0.6 0.0 -90  738512.6576452937
0.6 0.0 -90  738512.6576454728
0.6 0.0 -90  738512.6576456601
0.6 0.0 -90  738512.6576458373
0.6 0.0 -90  738512.6576460216
0.6 0.0 -90  738512.657646207
0.6 0.0 -90  738512.6576463807
0.6 0.0 -90  738512.6576465616
0.6 0.0 -90  738512.6576467421
0.6 0.0 -90  738512.6576469204
0.6 0.0 -90  738512.6576470936
0.6 0.0 -90  738512.6576472681
0.6 0.0 -90  738512.657647444
0.6 0.0 -90  738512.657647633
0.6 0.0 -90  738512.6576478102
0.6 0.0 -90  738512.6576479862
0.6 0.0 -90  738512.6576481721
0.6 0.0 -90  738512.6576483516
0.6 0.0 -90  738512.6576485304
0.6 0.0 -90  738512.6576487137
0.6 0.0 -90  738512.6576488984
0.6 0.0 -90  738512.6576490772
0.6 0.0 -90  738512.6576492626
0.6 0.0 -90  738512.6576494492
0.6 0.0 -90  738512.657649625
0.6 0.0 -90  738512.6576497994
0.6 0.0 -90  738512.6576499763
0.6 0.0 -90  738512.6576501544
0.6 0.0 -90  738512.6576503377
0.6 0.0 -90  738512.6576505109
0.6 0.0 -90  738512.6576506885
0.6 0.0 -90  738512.6576508739
0.6 0.0 -90  738512.6576510669
0.6 0.0 -41.70354891961314  738512.6576512391
0.6 0.0 -90  738512.6576514151
0.6 0.0 -90  738512.6576516015
0.6 0.0 -69.51777397838133  738512.6576517764
0.6 0.0 -90  738512.6576519595
0.6 0.0 -48.35875687662841  738512.6576521341
0.6 0.0 -90  738512.6576523202
0.6 0.0 -90  738512.6576524923
0.6 0.0 -90  738512.6576526667
0.6 0.0 -41.017842765858276  738512.6576528426
0.6 0.0 -90  738512.6576530284
0.6 0.0 -79.21620399141118  738512.6576532135
0.6 0.0 -11.152310178384552  738512.6576534027
0.6 0.0 -90  738512.6576535621
0.6 0.0 0.1270732019735431  738512.6576537492
0.6 0.0 38.82307126213995  738512.6576539335
0.6 0.0 17.101602118023212  738512.6576541109
0.6 0.0 90  738512.6576542901
0.6 0.0 31.23875653817979  738512.6576544689
0.6 0.0 90  738512.6576547422
0.6 0.0 -90  738512.6576549995
0.6 0.0 41.66258641214032  738512.6576551736
0.6 0.0 90  738512.6576553475
0.6 0.0 90  738512.6576555294
0.6 0.0 57.04112209868799  738512.6576557156
0.6 0.0 78.46653913836805  738512.6576558973
0.6 0.0 57.024702090941865  738512.6576560789
0.6 0.0 90  738512.6576562576
0.6 0.0 64.19320881836363  738512.6576564305
0.6 0.0 90  738512.657656608
0.6 0.0 69.13971111482415  738512.6576567839
0.6 0.0 90  738512.6576569686
0.6 0.0 90  738512.6576571544
0.6 0.0 69.53068973191792  738512.6576573338
0.6 0.0 90  738512.6576575147
0.6 0.0 72.09744609465079  738512.657657701
0.6 0.0 90  738512.6576578761
0.6 0.0 73.55730316786452  738512.6576580578
0.6 0.0 80.99340772551426  738512.6576582276
0.6 0.0 65.66688846579181  738512.6576584035
0.6 0.0 90  738512.6576585788
0.6 0.0 66.53406323579912  738512.6576587552
0.6 0.0 90  738512.6576589389
0.6 0.0 90  738512.6576591143
0.6 0.0 66.46084142876471  738512.6576592898
0.6 0.0 90  738512.657659474
0.6 0.0 61.471704466932536  738512.6576596586
0.6 0.0 90  738512.6576598363
0.6 0.0 60.59680884104432  738512.6576600157
0.6 0.0 90  738512.6576601901
0.6 0.0 59.288774644951644  738512.6576603699
0.6 0.0 -26.60340715638157  738512.6576605426
0.6 0.0 45.535772524190016  738512.6576607216
0.6 0.0 90  738512.6576609033
0.6 0.0 90  738512.6576610892
0.6 0.0 41.971929370253896  738512.657661274
0.6 0.0 90  738512.6576614496
0.6 0.0 0.6895335366297503  738512.6576616216
0.6 0.0 90  738512.6576618088
0.6 0.0 33.06213492552938  738512.6576619887
0.6 0.0 90  738512.6576621644
0.6 0.0 30.20994815100338  738512.6576623467
0.6 0.0 90  738512.6576625305
0.6 0.0 90  738512.6576627141
0.6 0.0 -90  738512.6576628928
0.6 0.0 -30.1264800491286  738512.6576630679
0.6 0.0 -8.64743651109733  738512.6576632424
0.6 0.0 -39.229971093689834  738512.6576634211
0.6 0.0 -10.985116958124893  738512.6576636053
0.6 0.0 -47.99381064282465  738512.6576637945
0.6 0.0 -89.22422177938982  738512.6576639642
0.6 0.0 -3.076704361958373  738512.6576641371
0.6 0.0 -14.004500675256738  738512.65766432
0.6 0.0 -3.7559604596476457  738512.6576645058
0.6 0.0 -15.913593509574135  738512.6576646817
0.6 0.0 -4.240535234821288  738512.657664861
0.6 0.0 -20.769135925976315  738512.6576650401
0.6 0.0 -90  738512.6576652181
0.6 0.0 -72.22842846753936  738512.657665393
0.6 0.0 -18.73695839092117  738512.6576655707
0.6 0.0 -19.16651583843936  738512.657665746
0.6 0.0 -19.583579175134663  738512.6576659175
0.6 0.0 -79.96517673272217  738512.6576661054
0.6 0.0 -20.369982741583907  738512.6576662735
0.6 0.0 56.8412731399866  738512.6576664527
0.6 0.0 -90  738512.6576666379
0.6 0.0 -22.840061258292884  738512.6576668163
0.6 0.0 -89.09388531195088  738512.6576669973
0.6 0.0 -21.694138771406067  738512.6576671753
0.6 0.0 -84.05650848692031  738512.6576673483
0.6 0.0 -20.42275940267515  738512.6576675259
0.6 0.0 -90  738512.6576677032
0.6 0.0 -27.16855167371537  738512.657667879
0.6 0.0 -90  738512.6576680653
