0 0 0  738512.6106127246
0.8 0.0 41.92409907887679  738512.6107028874
0.8 0.0 42.94258461631806  738512.6107032681
0.8 0.0 54.703716302523965  738512.6107036178
0.8 0.0 56.536789736273136  738512.610703965
0.8 0.0 58.25654854985217  738512.6107043218
0.8 0.0 50.659574908596234  738512.610704673
0.8 0.0 51.12587940944196  738512.6107050412
0.8 0.0 51.19713245616971  738512.6107054086
0.8 0.0 50.61553726256175  738512.6107057683
0.8 0.0 51.03122634256621  738512.6107061323
0.8 0.0 51.46843047216034  738512.6107064846
0.8 0.0 48.41652476838172  738512.6107068473
0.8 0.0 48.68955100100021  738512.610707215
0.8 0.0 48.83382012010847  738512.6107075847
0.8 0.0 48.37256735748488  738512.610707942
0.8 0.0 48.957888115156436  738512.6107083012
0.8 0.0 49.49798482946533  738512.6107086735
0.8 0.0 50.02902834603716  738512.6107090344
0.8 0.0 47.84083816260812  738512.6107093891
0.8 0.0 48.31904893992119  738512.6107097468
0.8 0.0 48.77124290685192  738512.6107101085
0.8 0.0 46.5473522781235  738512.6107104609
0.8 0.0 47.120428667843505  738512.6107108175
0.8 0.0 47.71597844301624  738512.6107111798
0.8 0.0 44.60798183633151  738512.6107115395
0.8 0.0 45.14569760994292  738512.6107119056
0.8 0.0 45.665774249152065  738512.6107122645
0.8 0.0 41.79899017990614  738512.6107126195
0.8 0.0 42.39405058670608  738512.6107129789
0.8 0.0 43.07412921231219  738512.6107133373
0.8 0.0 43.81541315575696  738512.6107136951
0.8 0.0 39.56096158232296  738512.6107140532
0.8 0.0 40.29598048174486  738512.6107144161
0.8 0.0 41.04622473771441  738512.6107147591
0.8 0.0 36.30881424857492  738512.6107151088
0.8 0.0 37.047153607037764  738512.6107154636
0.8 0.0 38.138334182552676  738512.6107158153
0.8 0.0 32.56498816274953  738512.6107161831
0.8 0.0 33.31456897793508  738512.6107165539
0.8 0.0 33.996872471096154  738512.6107169074
0.8 0.0 27.19968646629011  738512.6107172723
0.8 0.0 27.743172751299912  738512.6107176237
0.8 0.0 28.41737094880643  738512.6107179909
0.8 0.0 23.286717196670942  738512.6107183489
0.8 0.0 24.264777476561434  738512.6107187162
0.8 0.0 25.028246367527338  738512.6107190729
0.8 0.0 25.856675468392144  738512.6107194361
0.8 0.0 17.4381218357456  738512.6107197978
0.8 0.0 18.02982556057525  738512.6107201462
0.8 0.0 18.72491823816445  738512.6107205192
0.8 0.0 11.366185584757933  738512.6107208834
0.8 0.0 12.323411260310248  738512.610721253
0.8 0.0 13.16875534839015  738512.6107216143
0.8 0.0 4.832107825373709  738512.6107219734
0.8 0.0 5.457022927984431  738512.6107223268
0.8 0.0 6.159460741941022  738512.6107226785
0.8 0.0 -2.5965435168971824  738512.6107230368
0.8 0.0 -2.0788218755594845  738512.6107233891
0.8 0.0 -1.4243968264726592  738512.6107237429
0.8 0.0 -0.5711260650273373  738512.6107241014
0.8 0.0 -9.962889453177269  738512.6107244665
0.8 0.0 -9.326107011674644  738512.610724825
0.8 0.0 -8.217482932500076  738512.6107251988
0.8 0.0 -19.050411243695873  738512.6107255371
0.8 0.0 -18.21791752951396  738512.6107259059
0.8 0.0 -17.03801169491739  738512.6107262765
0.8 0.0 -25.82117422229624  738512.610726632
0.8 0.0 -24.609274008606484  738512.610726993
0.8 0.0 -23.066261939434238  738512.6107273579
0.8 0.0 -32.96632320330352  738512.6107277202
0.8 0.0 -31.463898038854204  738512.6107280806
0.8 0.0 -30.36231204553035  738512.6107284353
0.8 0.0 -40.900227886798355  738512.6107288017
0.8 0.0 -39.48968920057301  738512.6107291622
0.8 0.0 -37.803167086939155  738512.6107295159
0.8 0.0 -35.66363863843052  738512.6107298742
0.8 0.0 -49.95542773595892  738512.6107302466
0.8 0.0 -48.38516190388965  738512.6107306121
0.8 0.0 -46.33831112176712  738512.610730959
0.8 0.0 -62.41237988230228  738512.6107313137
0.8 0.0 -61.048312313900304  738512.6107316688
0.8 0.0 -58.95348103475383  738512.6107320292
0.8 0.0 -79.39340622986367  738512.6107323875
0.8 0.0 -78.60027458097132  738512.6107327368
0.8 0.0 -77.1367375273032  738512.6107331038
0.8 0.0 -90  738512.6107334584
0.8 0.0 -90  738512.6107338043
0.8 0.0 -90  738512.6107341733
0.8 0.0 -90  738512.6107345389
0.8 0.0 -90  738512.6107348948
0.8 0.0 -90  738512.6107352648
0.8 0.0 -90  738512.6107356284
0.8 0.0 -90  738512.6107359757
0.8 0.0 -90  738512.6107363215
0.8 0.0 -90  738512.6107366831
0.8 0.0 -90  738512.6107370509
0.8 0.0 -90  738512.610737422
