0 0 0  738533.589841269
1.0 0.0 -27.60169161733568  738533.5899339871
1.0 0.0 -27.046979642271754  738533.5899341652
1.0 0.0 -26.770529494163096  738533.5899343404
1.0 0.0 -26.195776761563366  738533.5899345143
1.0 0.0 -25.906264005894514  738533.5899347183
1.0 0.0 -30.116614584411515  738533.589934872
1.0 0.0 -30.048786794594164  738533.5899350463
1.0 0.0 -120  738533.589935226
1.0 0.0 -120  738533.5899353932
1.0 0.0 -120  738533.5899355749
1.0 0.0 120  738533.5899357673
1.0 0.0 120  738533.5899359272
1.0 0.0 120  738533.589936124
1.0 0.0 120  738533.5899362914
1.0 0.0 120  738533.5899364762
1.0 0.0 120  738533.5899366556
1.0 0.0 120  738533.5899368254
1.0 0.0 120  738533.589937007
1.0 0.0 120  738533.5899371731
1.0 0.0 120  738533.589937356
1.0 0.0 -120  738533.5899375405
1.0 0.0 -102.25558357768934  738533.5899377188
1.0 0.0 17.061723022910765  738533.5899378929
1.0 0.0 70.28400386660749  738533.5899380671
1.0 0.0 34.66213313972441  738533.5899382535
1.0 0.0 -120  738533.5899384245
1.0 0.0 -120  738533.5899385985
1.0 0.0 -11.514589268118634  738533.5899387827
1.0 0.0 69.06479478471859  738533.5899389588
1.0 0.0 75.46646319530262  738533.5899391312
1.0 0.0 52.77884413309897  738533.589939328
1.0 0.0 59.64954318384506  738533.5899394888
1.0 0.0 -120  738533.5899396617
1.0 0.0 -120  738533.5899398467
1.0 0.0 9.488875674340651  738533.5899400227
1.0 0.0 120  738533.5899401979
1.0 0.0 120  738533.5899403931
1.0 0.0 120  738533.5899405603
1.0 0.0 120  738533.5899407519
1.0 0.0 -120  738533.5899409218
1.0 0.0 -120  738533.589941098
1.0 0.0 36.10079960971266  738533.5899412782
1.0 0.0 120  738533.5899414581
1.0 0.0 120  738533.5899416431
1.0 0.0 120  738533.5899418044
1.0 0.0 -120  738533.589941988
1.0 0.0 -120  738533.5899421576
1.0 0.0 120  738533.5899423367
1.0 0.0 120  738533.5899425282
1.0 0.0 120  738533.5899427059
1.0 0.0 120  738533.5899428787
1.0 0.0 120  738533.5899430541
1.0 0.0 -120  738533.5899432282
1.0 0.0 -120  738533.5899434033
1.0 0.0 115.97640921214105  738533.589943584
1.0 0.0 120  738533.5899437566
1.0 0.0 120  738533.589943954
1.0 0.0 120  738533.5899441162
1.0 0.0 120  738533.5899442997
1.0 0.0 -120  738533.5899444798
1.0 0.0 -120  738533.589944664
1.0 0.0 120  738533.5899448382
1.0 0.0 120  738533.5899450118
1.0 0.0 120  738533.5899451904
1.0 0.0 -120  738533.5899453688
1.0 0.0 -120  738533.5899455432
1.0 0.0 120  738533.5899457205
1.0 0.0 120  738533.5899459003
1.0 0.0 120  738533.5899460851
1.0 0.0 120  738533.5899462674
1.0 0.0 120  738533.5899464368
1.0 0.0 120  738533.5899466224
1.0 0.0 -120  738533.5899468042
1.0 0.0 -120  738533.5899469894
1.0 0.0 120  738533.5899471741
1.0 0.0 120  738533.5899473554
1.0 0.0 120  738533.5899475274
1.0 0.0 120  738533.5899477068
1.0 0.0 -120  738533.5899478922
1.0 0.0 -120  738533.5899480768
1.0 0.0 120  738533.589948257
1.0 0.0 120  738533.5899484355
1.0 0.0 120  738533.5899486092
1.0 0.0 -120  738533.589948792
1.0 0.0 -120  738533.5899489669
1.0 0.0 120  738533.5899491396
1.0 0.0 120  738533.5899493153
1.0 0.0 120  738533.5899495118
1.0 0.0 120  738533.5899496756
1.0 0.0 120  738533.5899498572
1.0 0.0 -120  738533.5899500437
1.0 0.0 -120  738533.5899502155
1.0 0.0 120  738533.5899503886
1.0 0.0 120  738533.5899505717
1.0 0.0 120  738533.5899507635
1.0 0.0 120  738533.5899509245
1.0 0.0 -120  738533.5899511089
1.0 0.0 -120  738533.5899512933
1.0 0.0 120  738533.5899514686
1.0 0.0 120  738533.5899516435
1.0 0.0 120  738533.5899518157
1.0 0.0 120  738533.5899520018
1.0 0.0 -120  738533.5899521828
1.0 0.0 -120  738533.589952358
1.0 0.0 120  738533.5899525343
1.0 0.0 120  738533.5899527164
1.0 0.0 -120  738533.5899528879
1.0 0.0 -120  738533.5899530668
1.0 0.0 -120  738533.5899532541
1.0 0.0 120  738533.5899534306
1.0 0.0 120  738533.5899536153
1.0 0.0 -120  738533.5899537961
1.0 0.0 -120  738533.5899539794
1.0 0.0 -120  738533.5899541578
1.0 0.0 -120  738533.5899543329
1.0 0.0 -120  738533.5899545137
1.0 0.0 -120  738533.5899546908
1.0 0.0 120  738533.5899548765
1.0 0.0 120  738533.5899550536
1.0 0.0 -120  738533.5899552401
1.0 0.0 -120  738533.5899554375
1.0 0.0 -120  738533.589955596
1.0 0.0 -120  738533.5899557715
1.0 0.0 120  738533.589955955
1.0 0.0 120  738533.5899561363
1.0 0.0 -120  738533.5899563152
1.0 0.0 -120  738533.5899564996
1.0 0.0 -120  738533.589956699
1.0 0.0 -120  738533.5899568694
1.0 0.0 120  738533.5899570467
1.0 0.0 120  738533.5899572256
1.0 0.0 -120  738533.5899574051
1.0 0.0 -120  738533.5899575816
1.0 0.0 -120  738533.5899577539
1.0 0.0 -120  738533.5899579327
1.0 0.0 -120  738533.5899581113
1.0 0.0 120  738533.5899582851
1.0 0.0 120  738533.5899584561
1.0 0.0 -120  738533.5899586315
1.0 0.0 -120  738533.5899588153
1.0 0.0 -120  738533.589958999
1.0 0.0 -120  738533.5899591643
1.0 0.0 -120  738533.5899593483
1.0 0.0 120  738533.5899595296
1.0 0.0 120  738533.5899597105
1.0 0.0 -120  738533.5899598848
