0 0 0  738511.3768401893
1.0 0.0 0.0 1.0 0.0  738511.3769632108
1.0 0.0 0.0 1.0 0.0  738511.3769639495
1.0 0.0 0.0 1.0 0.0  738511.3769646883
1.0 0.0 0.0 1.0 0.0  738511.3769654273
1.0 0.0 0.0 1.0 0.0  738511.3769661543
1.0 0.0 0.0 1.0 0.0  738511.3769668585
1.0 0.0 0.0 1.0 0.0  738511.3769675741
1.0 0.0 0.0 1.0 0.0  738511.376968313
1.0 0.0 0.0 1.0 0.0  738511.3769690401
1.0 0.0 0.0 1.0 0.0  738511.3769697674
1.0 0.0 0.0 1.0 0.0  738511.3769705062
1.0 0.0 0.0 1.0 0.0  738511.376971245
1.0 0.0 0.0 1.0 0.0  738511.3769719837
1.0 0.0 0.0 1.0 0.0  738511.3769727225
1.0 0.0 0.0 1.0 0.0  738511.3769734615
1.0 0.0 0.0 1.0 0.0  738511.3769742002
1.0 0.0 0.0 1.0 0.0  738511.3769749388
1.0 0.0 0.0 1.0 0.0  738511.3769756776
1.0 0.0 0.0 1.0 0.0  738511.3769764167
1.0 0.0 0.0 1.0 0.0  738511.3769771438
1.0 0.0 0.0 1.0 0.0  738511.3769778707
1.0 0.0 0.0 1.0 0.0  738511.3769786098
1.0 0.0 0.0 1.0 0.0  738511.3769793484
1.0 0.0 0.0 1.0 0.0  738511.3769800873
1.0 0.0 0.0 1.0 0.0  738511.3769808258
1.0 0.0 0.0 1.0 0.0  738511.3769815647
1.0 0.0 0.0 1.0 0.0  738511.3769823033
1.0 0.0 0.0 1.0 0.0  738511.376983042
1.0 0.0 0.0 1.0 0.0  738511.3769837599
1.0 0.0 0.0 1.0 0.0  738511.3769844872
1.0 0.0 0.0 1.0 0.0  738511.3769852144
1.0 0.0 0.0 1.0 0.0  738511.37698593
1.0 0.0 0.0 1.0 0.0  738511.3769866688
1.0 0.0 0.0 1.0 0.0  738511.3769874076
1.0 0.0 0.0 1.0 0.0  738511.3769881348
1.0 0.0 0.0 1.0 0.0  738511.3769888621
1.0 0.0 0.0 1.0 0.0  738511.3769896008
1.0 0.0 0.0 1.0 0.0  738511.3769903396
1.0 0.0 0.0 1.0 0.0  738511.3769910618
1.0 0.0 0.0 1.0 0.0  738511.376991801
1.0 0.0 0.0 1.0 0.0  738511.3769925394
1.0 0.0 0.0 1.0 0.0  738511.3769932782
1.0 0.0 0.0 1.0 0.0  738511.3769940169
1.0 0.0 0.0 1.0 0.0  738511.3769947558
1.0 0.0 0.0 1.0 0.0  738511.3769954945
1.0 0.0 0.0 1.0 0.0  738511.3769962102
1.0 0.0 0.0 1.0 0.0  738511.376996949
1.0 0.0 0.0 1.0 0.0  738511.3769976881
1.0 0.0 0.0 1.0 0.0  738511.3769984033
1.0 0.0 0.0 1.0 0.0  738511.3769991306
1.0 0.0 0.0 1.0 0.0  738511.3769998578
1.0 0.0 0.0 1.0 0.0  738511.3770005734
1.0 0.0 0.0 1.0 0.0  738511.3770013122
1.0 0.0 0.0 1.0 0.0  738511.3770020511
1.0 0.0 0.0 1.0 0.0  738511.3770027782
1.0 0.0 0.0 1.0 0.0  738511.3770035172
1.0 0.0 0.0 1.0 0.0  738511.3770042792
1.0 0.0 0.0 1.0 0.0  738511.3770049944
1.0 0.0 0.0 1.0 0.0  738511.3770057332
1.0 0.0 0.0 1.0 0.0  738511.377006472
1.0 0.0 0.0 1.0 0.0  738511.3770072107
1.0 0.0 0.0 1.0 0.0  738511.3770079495
1.0 0.0 0.0 1.0 0.0  738511.3770086883
1.0 0.0 0.0 1.0 0.0  738511.3770094197
1.0 0.0 0.0 1.0 0.0  738511.3770101585
1.0 0.0 0.0 1.0 0.0  738511.3770108741
1.0 0.0 0.0 1.0 0.0  738511.37701159
1.0 0.0 0.0 1.0 0.0  738511.3770123286
1.0 0.0 0.0 1.0 0.0  738511.3770130443
1.0 0.0 0.0 1.0 0.0  738511.3770137831
1.0 0.0 0.0 1.0 0.0  738511.3770145219
1.0 0.0 0.0 1.0 0.0  738511.3770152609
1.0 0.0 0.0 1.0 0.0  738511.3770159994
1.0 0.0 0.0 1.0 0.0  738511.3770167382
1.0 0.0 0.0 1.0 0.0  738511.3770174605
1.0 0.0 0.0 1.0 0.0  738511.3770181878
1.0 0.0 0.0 1.0 0.0  738511.3770189153
1.0 0.0 0.0 1.0 0.0  738511.3770196459
1.0 0.0 0.0 1.0 0.0  738511.3770203763
1.0 0.0 0.0 1.0 0.0  738511.3770211021
1.0 0.0 0.0 1.0 0.0  738511.3770218343
1.0 0.0 0.0 1.0 0.0  738511.3770225709
1.0 0.0 0.0 1.0 0.0  738511.3770233113
1.0 0.0 0.0 1.0 0.0  738511.3770240501
1.0 0.0 0.0 1.0 0.0  738511.3770247889
1.0 0.0 0.0 1.0 0.0  738511.3770255275
1.0 0.0 0.0 1.0 0.0  738511.3770262667
1.0 0.0 0.0 1.0 0.0  738511.3770270051
1.0 0.0 0.0 1.0 0.0  738511.3770277438
1.0 0.0 0.0 1.0 0.0  738511.3770284826
1.0 0.0 0.0 1.0 0.0  738511.37702922
1.0 0.0 0.0 1.0 0.0  738511.3770299425
1.0 0.0 0.0 1.0 0.0  738511.3770306794
1.0 0.0 0.0 1.0 0.0  738511.377031413
