0 0 0  738511.5127485862
1.0 0.0 0.0 1.0 0.0  738511.5128682323
1.0 0.0 0.0 1.0 0.0  738511.5128685957
1.0 0.0 0.0 1.0 0.0  738511.5128689578
1.0 0.0 0.0 1.0 0.0  738511.5128693176
1.0 0.0 0.0 1.0 0.0  738511.5128696734
1.0 0.0 0.0 1.0 0.0  738511.5128702028
1.0 0.0 0.0 1.0 0.0  738511.5128705668
1.0 0.0 0.0 1.0 0.0  738511.5128710866
1.0 0.0 0.0 1.0 0.0  738511.5128714422
1.0 0.0 0.0 1.0 0.0  738511.5128718058
1.0 0.0 0.0 1.0 0.0  738511.5128721724
1.0 0.0 0.0 1.0 0.0  738511.5128727007
1.0 0.0 0.0 1.0 0.0  738511.512873062
1.0 0.0 0.0 1.0 0.0  738511.5128734167
1.0 0.0 0.0 1.0 0.0  738511.512873778
1.0 0.0 0.0 1.0 0.0  738511.5128741432
1.0 0.0 0.0 1.0 0.0  738511.512874509
1.0 0.0 0.0 1.0 0.0  738511.5128748694
1.0 0.0 0.0 1.0 0.0  738511.512875222
1.0 0.0 0.0 1.0 0.0  738511.5128755774
1.0 0.0 0.0 1.0 0.0  738511.5128759454
1.0 0.0 0.0 1.0 0.0  738511.512876313
1.0 0.0 0.0 1.0 0.0  738511.512876674
1.0 0.0 0.0 1.0 0.0  738511.5128772034
1.0 0.0 0.0 1.0 0.0  738511.5128775686
1.0 0.0 0.0 1.0 0.0  738511.5128780919
1.0 0.0 0.0 1.0 0.0  738511.512878452
1.0 0.0 0.0 1.0 0.0  738511.5128788128
1.0 0.0 0.0 1.0 0.0  738511.5128793365
1.0 0.0 0.0 1.0 0.0  738511.5128796924
1.0 0.0 0.0 1.0 0.0  738511.5128800491
1.0 0.0 0.0 1.0 0.0  738511.5128804061
1.0 0.0 0.0 1.0 0.0  738511.5128809267
1.0 0.0 0.0 1.0 0.0  738511.5128813133
1.0 0.0 0.0 1.0 0.0  738511.5128818324
1.0 0.0 0.0 1.0 0.0  738511.5128821977
1.0 0.0 0.0 1.0 0.0  738511.5128825529
1.0 0.0 0.0 1.0 0.0  738511.5128829209
1.0 0.0 0.0 1.0 0.0  738511.51288344
1.0 0.0 0.0 1.0 0.0  738511.5128838015
1.0 0.0 0.0 1.0 0.0  738511.5128841612
1.0 0.0 0.0 1.0 0.0  738511.5128845248
1.0 0.0 0.0 1.0 0.0  738511.5128848962
1.0 0.0 0.0 1.0 0.0  738511.5128852684
1.0 0.0 0.0 1.0 0.0  738511.5128856306
1.0 0.0 0.0 1.0 0.0  738511.5128859889
1.0 0.0 0.0 1.0 0.0  738511.5128865264
1.0 0.0 0.0 1.0 0.0  738511.5128868942
1.0 0.0 0.0 1.0 0.0  738511.5128872461
1.0 0.0 0.0 1.0 0.0  738511.5128876125
1.0 0.0 0.0 1.0 0.0  738511.5128879825
1.0 0.0 0.0 1.0 0.0  738511.5128883441
1.0 0.0 0.0 1.0 0.0  738511.5128888616
1.0 0.0 0.0 1.0 0.0  738511.5128892241
1.0 0.0 0.0 1.0 0.0  738511.512889592
1.0 0.0 0.0 1.0 0.0  738511.5128899515
1.0 0.0 0.0 1.0 0.0  738511.5128903085
1.0 0.0 0.0 1.0 0.0  738511.5128906694
1.0 0.0 0.0 1.0 0.0  738511.5128910242
1.0 0.0 0.0 1.0 0.0  738511.5128915558
1.0 0.0 0.0 1.0 0.0  738511.5128919124
1.0 0.0 0.0 1.0 0.0  738511.5128922758
1.0 0.0 0.0 1.0 0.0  738511.5128926329
1.0 0.0 0.0 1.0 0.0  738511.5128931568
1.0 0.0 0.0 1.0 0.0  738511.5128935263
1.0 0.0 0.0 1.0 0.0  738511.5128938874
1.0 0.0 0.0 1.0 0.0  738511.5128944212
1.0 0.0 0.0 1.0 0.0  738511.5128947814
1.0 0.0 0.0 1.0 0.0  738511.5128951584
1.0 0.0 0.0 1.0 0.0  738511.5128956949
1.0 0.0 0.0 1.0 0.0  738511.5128962302
1.0 0.0 0.0 1.0 0.0  738511.5128967545
1.0 0.0 0.0 1.0 0.0  738511.5128972855
1.0 0.0 0.0 1.0 0.0  738511.5128976494
1.0 0.0 0.0 1.0 0.0  738511.512898179
1.0 0.0 0.0 1.0 0.0  738511.5128985405
1.0 0.0 0.0 1.0 0.0  738511.5128989081
1.0 0.0 0.0 1.0 0.0  738511.5128992784
1.0 0.0 0.0 1.0 0.0  738511.5128998175
1.0 0.0 0.0 1.0 0.0  738511.5129003428
1.0 0.0 0.0 1.0 0.0  738511.5129008646
1.0 0.0 0.0 1.0 0.0  738511.5129012307
1.0 0.0 0.0 1.0 0.0  738511.5129015892
1.0 0.0 0.0 1.0 0.0  738511.5129019523
1.0 0.0 0.0 1.0 0.0  738511.5129024667
1.0 0.0 0.0 1.0 0.0  738511.5129028306
1.0 0.0 0.0 1.0 0.0  738511.5129031903
1.0 0.0 0.0 1.0 0.0  738511.5129035435
1.0 0.0 0.0 1.0 0.0  738511.5129039072
