0 0 0  738532.7007764201
1.0 0.0 0.0  738532.7008639951
1.0 0.0 -120  738532.7008641745
1.0 0.0 43.08223041409237  738532.7008643501
1.0 0.0 -70.86528144893327  738532.7008645248
1.0 0.0 -90.2395808606749  738532.7008647085
1.0 0.0 -17.278662660057908  738532.7008648938
1.0 0.0 38.220950466983204  738532.7008650698
1.0 0.0 -73.16252302526252  738532.7008652608
1.0 0.0 38.13470918709023  738532.7008654358
1.0 0.0 -68.87565093257507  738532.7008656194
1.0 0.0 -22.971592366479314  738532.7008657849
1.0 0.0 -73.5405935753143  738532.700865958
1.0 0.0 34.430278104114635  738532.7008661451
1.0 0.0 -68.65294294113095  738532.7008663185
1.0 0.0 -24.656893195847527  738532.7008665126
1.0 0.0 -15.350094821289396  738532.7008666894
1.0 0.0 -116.17359292501634  738532.7008668735
1.0 0.0 -28.284855244589778  738532.7008670566
1.0 0.0 39.798289719690246  738532.7008672333
1.0 0.0 -81.02755682219018  738532.7008674196
1.0 0.0 -18.50255209281362  738532.7008676059
1.0 0.0 -17.50066701690759  738532.7008677869
1.0 0.0 -24.60343216589002  738532.7008679515
1.0 0.0 -11.72213287011297  738532.7008681259
1.0 0.0 -23.053210696483188  738532.7008683023
1.0 0.0 -11.102712022816593  738532.7008684778
1.0 0.0 -21.872957925274445  738532.7008686754
1.0 0.0 -7.6507055826267925  738532.70086885
1.0 0.0 -22.756096677954478  738532.7008690288
1.0 0.0 -83.24267372197777  738532.7008691996
1.0 0.0 -80.68930618983991  738532.7008693956
1.0 0.0 -13.234254080896717  738532.7008695595
1.0 0.0 37.19328587464137  738532.7008697417
1.0 0.0 -6.727501216842967  738532.7008699186
1.0 0.0 -69.94427330959078  738532.7008701133
1.0 0.0 40.52714308497336  738532.7008702966
1.0 0.0 -120  738532.7008704751
1.0 0.0 36.69542491797153  738532.700870649
1.0 0.0 -74.38131700284711  738532.7008708069
1.0 0.0 -23.313591379369623  738532.7008709951
1.0 0.0 56.72638406415413  738532.7008711784
1.0 0.0 -87.95641588259409  738532.7008713533
1.0 0.0 6.578621932653829  738532.7008715294
1.0 0.0 -19.064448262403335  738532.7008717124
1.0 0.0 -59.94832118357003  738532.7008719018
1.0 0.0 10.344239589659999  738532.7008720697
1.0 0.0 -10.173228729540833  738532.7008722564
1.0 0.0 83.25559015891653  738532.7008724387
1.0 0.0 -72.95023052922757  738532.7008726156
1.0 0.0 -18.119215322725214  738532.7008728001
1.0 0.0 -13.768874689480967  738532.700872982
1.0 0.0 -59.60208718986051  738532.7008731682
1.0 0.0 85.86697957851705  738532.7008733321
1.0 0.0 -80.24824977880341  738532.7008735153
1.0 0.0 95.59214654181648  738532.7008736879
1.0 0.0 -79.81242408003197  738532.7008738631
1.0 0.0 26.77516396565971  738532.700874049
1.0 0.0 5.716948129324832  738532.7008742407
1.0 0.0 -45.748825568846776  738532.700874415
1.0 0.0 77.91527874464454  738532.7008746044
1.0 0.0 -47.59814831370591  738532.7008747903
1.0 0.0 102.2156272949011  738532.7008749568
1.0 0.0 -120  738532.7008751428
1.0 0.0 102.6602326222109  738532.7008753349
1.0 0.0 -75.38865097224551  738532.7008755131
1.0 0.0 111.84033551903427  738532.70087568
1.0 0.0 -65.64800693111945  738532.7008758747
1.0 0.0 43.537670867034635  738532.7008760421
1.0 0.0 -61.08789828530651  738532.7008762249
1.0 0.0 19.45882348593546  738532.7008763839
1.0 0.0 99.30529960722824  738532.7008765702
1.0 0.0 46.06148118557362  738532.7008767454
1.0 0.0 -35.89436495875787  738532.7008769427
1.0 0.0 100.3897851551315  738532.7008771285
1.0 0.0 59.796980249916835  738532.7008773142
1.0 0.0 -74.04308647453469  738532.7008774976
1.0 0.0 37.11417852134953  738532.7008776817
1.0 0.0 120  738532.7008778669
1.0 0.0 21.777473932019845  738532.7008780449
1.0 0.0 42.71472964054204  738532.7008782292
1.0 0.0 25.438211686179965  738532.7008784144
1.0 0.0 -120  738532.7008785756
1.0 0.0 8.361730092415282  738532.7008787609
1.0 0.0 108.46162014293883  738532.700878919
1.0 0.0 -78.4163089460342  738532.7008791087
1.0 0.0 7.346789866080347  738532.7008792937
1.0 0.0 0.15838598055650227  738532.7008794587
1.0 0.0 -120  738532.7008796522
1.0 0.0 -109.40164402037857  738532.7008798249
1.0 0.0 74.26132992245977  738532.7008800186
1.0 0.0 -117.04881585138294  738532.7008802025
1.0 0.0 69.0610518568669  738532.700880388
1.0 0.0 -16.09270724882644  738532.7008805664
1.0 0.0 -105.35954696258372  738532.7008807393
1.0 0.0 -120  738532.700880983
1.0 0.0 87.82288712332229  738532.7008811343
1.0 0.0 -49.642781213316255  738532.7008813082
1.0 0.0 -100.82533054925604  738532.7008814682
1.0 0.0 -15.73626098451057  738532.7008816602
1.0 0.0 -27.006425748924908  738532.7008818276
1.0 0.0 -85.4439373697911  738532.7008820227
1.0 0.0 -120  738532.7008821891
1.0 0.0 -41.90400717919071  738532.70088237
1.0 0.0 -42.853337038982986  738532.7008825677
1.0 0.0 -41.884499063476405  738532.7008827461
1.0 0.0 -38.48229992854515  738532.7008829213
1.0 0.0 -49.50582087230571  738532.7008831026
1.0 0.0 -120  738532.7008832819
1.0 0.0 -44.34350255720942  738532.7008834912
1.0 0.0 -46.9139114722577  738532.7008836602
1.0 0.0 -37.07639651982915  738532.7008838251
1.0 0.0 108.21303711342826  738532.7008840101
1.0 0.0 -120  738532.7008841926
1.0 0.0 -120  738532.7008843424
1.0 0.0 89.01008638714413  738532.7008845301
1.0 0.0 -120  738532.7008846956
1.0 0.0 -38.34058195681522  738532.7008848826
1.0 0.0 120  738532.7008850663
1.0 0.0 -21.51055838627621  738532.7008852378
1.0 0.0 -120  738532.700885416
1.0 0.0 120  738532.7008856097
1.0 0.0 -22.432164729510685  738532.7008857924
1.0 0.0 -120  738532.7008859776
1.0 0.0 -25.281450355741452  738532.7008861612
1.0 0.0 40.2187611290284  738532.7008863401
1.0 0.0 120  738532.7008865153
1.0 0.0 -120  738532.700886701
1.0 0.0 120  738532.700886879
1.0 0.0 -120  738532.7008870594
1.0 0.0 82.14813088589351  738532.7008872298
1.0 0.0 24.727319362663973  738532.7008874381
1.0 0.0 79.25860480876824  738532.7008875918
1.0 0.0 -120  738532.7008877825
1.0 0.0 88.11230586799812  738532.7008879462
1.0 0.0 21.54783652834941  738532.7008881441
1.0 0.0 -79.20360399919952  738532.7008883066
1.0 0.0 105.44933457337217  738532.700888494
1.0 0.0 40.0085793964462  738532.7008886682
1.0 0.0 120  738532.7008888454
1.0 0.0 -120  738532.7008890272
1.0 0.0 120  738532.7008891985
1.0 0.0 120  738532.7008893866
1.0 0.0 120  738532.7008895561
1.0 0.0 46.53625051977994  738532.7008897399
1.0 0.0 120  738532.7008899089
1.0 0.0 -120  738532.7008900993
1.0 0.0 120  738532.700890285
1.0 0.0 -120  738532.7008904691
1.0 0.0 120  738532.7008906497
1.0 0.0 -120  738532.7008908356
1.0 0.0 39.597742023182725  738532.700891011
1.0 0.0 120  738532.7008911755
1.0 0.0 56.536284786269725  738532.7008913623
1.0 0.0 120  738532.7008915375
1.0 0.0 120  738532.7008917237
1.0 0.0 -120  738532.7008919017
1.0 0.0 120  738532.7008920945
1.0 0.0 74.09212083084549  738532.7008922539
1.0 0.0 -120  738532.7008924409
1.0 0.0 120  738532.7008926151
1.0 0.0 36.84420158244263  738532.700892794
1.0 0.0 -62.81936192818614  738532.7008929893
1.0 0.0 11.58757968396644  738532.7008931733
1.0 0.0 -41.34602996341374  738532.7008933524
1.0 0.0 -120  738532.7008935215
1.0 0.0 -120  738532.7008937149
1.0 0.0 -120  738532.7008938934
1.0 0.0 -120  738532.7008940675
1.0 0.0 120  738532.7008942652
1.0 0.0 -120  738532.7008944293
1.0 0.0 120  738532.7008946274
1.0 0.0 -120  738532.7008947978
1.0 0.0 -120  738532.700894983
1.0 0.0 -11.82286986160618  738532.7008951457
1.0 0.0 -120  738532.7008953334
1.0 0.0 -120  738532.7008955174
1.0 0.0 -120  738532.7008956877
1.0 0.0 -120  738532.7008958795
1.0 0.0 -120  738532.7008960446
1.0 0.0 -120  738532.7008962411
1.0 0.0 -120  738532.7008964216
1.0 0.0 -120  738532.7008966053
1.0 0.0 -120  738532.7008967898
1.0 0.0 -120  738532.7008969553
1.0 0.0 -120  738532.7008971889
1.0 0.0 -120  738532.7008974924
1.0 0.0 -120  738532.7008976613
1.0 0.0 120  738532.700897843
1.0 0.0 120  738532.7008980166
1.0 0.0 120  738532.700898207
1.0 0.0 120  738532.7008983885
1.0 0.0 120  738532.7008985624
1.0 0.0 120  738532.7008987378
1.0 0.0 120  738532.7008989305
1.0 0.0 120  738532.7008991113
1.0 0.0 120  738532.7008992886
1.0 0.0 120  738532.7008994713
1.0 0.0 -120  738532.7008996385
1.0 0.0 120  738532.7008998226
1.0 0.0 120  738532.7009000102
1.0 0.0 120  738532.7009001928
1.0 0.0 120  738532.7009003523
1.0 0.0 120  738532.7009005413
1.0 0.0 120  738532.7009007108
1.0 0.0 120  738532.7009008861
1.0 0.0 120  738532.7009011414
1.0 0.0 120  738532.7009014552
1.0 0.0 120  738532.7009016187
1.0 0.0 120  738532.7009018023
1.0 0.0 -53.853178370510925  738532.7009019974
1.0 0.0 120  738532.7009021717
1.0 0.0 120  738532.7009023713
1.0 0.0 -116.66124122571435  738532.7009025452
1.0 0.0 120  738532.7009027316
1.0 0.0 -120  738532.7009028962
1.0 0.0 120  738532.7009030764
1.0 0.0 -120  738532.7009032492
1.0 0.0 120  738532.7009034277
1.0 0.0 -120  738532.7009036251
1.0 0.0 120  738532.700903795
1.0 0.0 120  738532.7009039922
1.0 0.0 -120  738532.7009041607
1.0 0.0 72.80162422281025  738532.700904356
1.0 0.0 -115.73362664979396  738532.7009045234
1.0 0.0 57.99029038000883  738532.7009047199
1.0 0.0 65.35286018468811  738532.7009048982
1.0 0.0 -120  738532.7009050689
1.0 0.0 60.01870892812577  738532.7009052521
1.0 0.0 -120  738532.700905426
1.0 0.0 120  738532.7009056241
1.0 0.0 -84.78774036232761  738532.700905786
1.0 0.0 42.90828355876946  738532.7009059904
1.0 0.0 -120  738532.7009061467
1.0 0.0 120  738532.7009063269
1.0 0.0 -120  738532.7009065233
1.0 0.0 49.58053683520435  738532.7009066954
1.0 0.0 60.84637370652337  738532.7009068857
1.0 0.0 99.77697732010364  738532.700907067
1.0 0.0 -102.60796779056945  738532.7009072523
1.0 0.0 120  738532.7009074298
1.0 0.0 120  738532.7009075955
1.0 0.0 -29.4452630718977  738532.7009077854
1.0 0.0 8.936188406344588  738532.7009079595
1.0 0.0 -120  738532.7009081494
1.0 0.0 94.74525230069904  738532.7009083345
1.0 0.0 -120  738532.7009084945
1.0 0.0 120  738532.7009086688
1.0 0.0 -120  738532.7009088596
1.0 0.0 -43.608289741029935  738532.7009090383
1.0 0.0 94.38672262876167  738532.70090921
1.0 0.0 -120  738532.7009094076
1.0 0.0 85.6962932170658  738532.7009095779
1.0 0.0 -42.35634673797329  738532.7009097668
1.0 0.0 120  738532.7009099466
1.0 0.0 86.85472001372884  738532.7009101218
1.0 0.0 -33.41979554065721  738532.700910307
1.0 0.0 -37.30599330868762  738532.7009104822
1.0 0.0 -39.030054988575586  738532.7009106581
1.0 0.0 -120  738532.7009108306
1.0 0.0 -14.331229112085039  738532.7009110055
1.0 0.0 -53.17684230277913  738532.7009111791
1.0 0.0 -50.96004576693406  738532.700911357
