0 0 0  738561.5100823605
0.75 0.0 -120  738561.5101706758
0.75 0.0 -120  738561.5101711518
0.75 0.0 -120  738561.5101713922
0.75 0.0 -120  738561.5101716312
0.75 0.0 120  738561.5101719365
0.75 0.0 120  738561.5101721833
0.75 0.0 -120  738561.5101724287
0.75 0.0 -120  738561.5101726751
0.75 0.0 -120  738561.5101729177
0.75 0.0 120  738561.5101731548
0.75 0.0 120  738561.5101734034
0.75 0.0 -120  738561.5101736543
0.75 0.0 -120  738561.5101739019
0.75 0.0 120  738561.5101741434
0.75 0.0 120  738561.5101743813
0.75 0.0 -120  738561.5101746201
0.75 0.0 -120  738561.5101748676
0.75 0.0 -120  738561.5101751124
0.75 0.0 120  738561.5101753981
0.75 0.0 120  738561.5101756447
0.75 0.0 -120  738561.5101758847
0.75 0.0 -120  738561.5101761296
0.75 0.0 120  738561.5101763753
0.75 0.0 120  738561.5101766114
0.75 0.0 120  738561.5101768497
0.75 0.0 -120  738561.5101770976
0.75 0.0 -120  738561.5101773433
0.75 0.0 120  738561.5101775894
0.75 0.0 120  738561.510177836
0.75 0.0 -120  738561.5101780801
0.75 0.0 -120  738561.5101783222
0.75 0.0 -120  738561.5101785678
0.75 0.0 120  738561.5101788762
0.75 0.0 120  738561.5101791135
0.75 0.0 -120  738561.5101793587
0.75 0.0 -120  738561.5101796
0.75 0.0 120  738561.5101798461
0.75 0.0 120  738561.5101800868
0.75 0.0 120  738561.5101803314
0.75 0.0 -120  738561.5101805738
0.75 0.0 -120  738561.5101808212
0.75 0.0 120  738561.5101810639
0.75 0.0 120  738561.5101813057
0.75 0.0 -120  738561.5101815531
0.75 0.0 -120  738561.5101818
0.75 0.0 120  738561.5101820441
0.75 0.0 120  738561.5101822835
0.75 0.0 120  738561.5101825192
0.75 0.0 -120  738561.5101827886
0.75 0.0 -120  738561.5101830426
0.75 0.0 120  738561.5101832896
0.75 0.0 120  738561.5101835333
0.75 0.0 -120  738561.5101837809
0.75 0.0 -120  738561.5101840285
0.75 0.0 -120  738561.5101842711
0.75 0.0 120  738561.5101845108
0.75 0.0 120  738561.5101848376
0.75 0.0 -120  738561.510185083
0.75 0.0 -120  738561.5101853223
0.75 0.0 120  738561.510185564
0.75 0.0 120  738561.5101859005
0.75 0.0 -120  738561.5101861584
0.75 0.0 -120  738561.5101864159
0.75 0.0 -120  738561.5101866605
0.75 0.0 120  738561.5101869061
0.75 0.0 120  738561.5101871468
0.75 0.0 -120  738561.5101873905
0.75 0.0 -120  738561.5101876342
0.75 0.0 120  738561.5101878812
0.75 0.0 120  738561.5101881373
0.75 0.0 120  738561.5101883834
0.75 0.0 -120  738561.5101886205
0.75 0.0 -120  738561.5101888629
0.75 0.0 120  738561.5101891009
0.75 0.0 120  738561.5101893813
0.75 0.0 -120  738561.5101896403
0.75 0.0 -120  738561.5101898805
0.75 0.0 -120  738561.5101901268
0.75 0.0 120  738561.5101903628
0.75 0.0 120  738561.5101906096
0.75 0.0 -120  738561.5101908558
0.75 0.0 -120  738561.5101910924
0.75 0.0 120  738561.5101913377
0.75 0.0 120  738561.5101915799
0.75 0.0 -120  738561.510191826
0.75 0.0 -120  738561.5101920828
0.75 0.0 -120  738561.5101923269
0.75 0.0 120  738561.5101925798
0.75 0.0 120  738561.5101928256
0.75 0.0 -120  738561.5101930791
0.75 0.0 -120  738561.5101933146
0.75 0.0 120  738561.5101935555
0.75 0.0 120  738561.5101938024
0.75 0.0 120  738561.5101940499
0.75 0.0 -120  738561.5101942957
0.75 0.0 -120  738561.5101945366
0.75 0.0 120  738561.5101947869
0.75 0.0 120  738561.5101950523
0.75 0.0 -120  738561.5101952972
0.75 0.0 -120  738561.510195553
0.75 0.0 120  738561.5101958025
0.75 0.0 120  738561.5101960398
0.75 0.0 120  738561.5101962858
0.75 0.0 -120  738561.5101965355
0.75 0.0 -120  738561.5101967842
0.75 0.0 120  738561.5101970216
0.75 0.0 120  738561.5101972634
0.75 0.0 -120  738561.510197512
0.75 0.0 -120  738561.510197753
0.75 0.0 -120  738561.5101979984
0.75 0.0 120  738561.5101982405
0.75 0.0 120  738561.510198494
0.75 0.0 -120  738561.5101987545
0.75 0.0 -120  738561.5101990029
0.75 0.0 120  738561.5101992508
0.75 0.0 120  738561.5101994999
0.75 0.0 -120  738561.510199742
0.75 0.0 -120  738561.5101999986
0.75 0.0 -120  738561.5102002642
0.75 0.0 120  738561.5102005085
0.75 0.0 120  738561.510200752
0.75 0.0 -120  738561.5102010003
0.75 0.0 -120  738561.5102012391
0.75 0.0 120  738561.5102014747
0.75 0.0 120  738561.5102017111
0.75 0.0 120  738561.5102020226
0.75 0.0 -120  738561.5102022664
0.75 0.0 -120  738561.5102025041
0.75 0.0 120  738561.5102027521
0.75 0.0 120  738561.5102029947
0.75 0.0 -120  738561.5102032372
0.75 0.0 -120  738561.5102034851
0.75 0.0 -120  738561.5102037212
0.75 0.0 120  738561.5102039578
0.75 0.0 120  738561.5102041956
0.75 0.0 -120  738561.5102044337
0.75 0.0 -120  738561.5102046824
0.75 0.0 120  738561.5102049297
0.75 0.0 120  738561.5102051726
0.75 0.0 -120  738561.510205495
0.75 0.0 -120  738561.5102057403
0.75 0.0 -120  738561.5102059791
0.75 0.0 120  738561.5102062183
0.75 0.0 120  738561.5102064551
0.75 0.0 -120  738561.510206699
0.75 0.0 -120  738561.5102069431
0.75 0.0 120  738561.510207198
0.75 0.0 120  738561.5102074487
0.75 0.0 120  738561.5102076975
0.75 0.0 -120  738561.5102079437
0.75 0.0 -120  738561.510208188
0.75 0.0 120  738561.5102084359
0.75 0.0 120  738561.5102086823
0.75 0.0 -120  738561.5102089731
0.75 0.0 -120  738561.5102092156
0.75 0.0 -120  738561.5102094625
0.75 0.0 120  738561.510209709
0.75 0.0 120  738561.5102099504
0.75 0.0 -120  738561.5102102049
0.75 0.0 -120  738561.5102104759
0.75 0.0 120  738561.510210724
0.75 0.0 120  738561.5102109674
0.75 0.0 120  738561.5102112093
0.75 0.0 -120  738561.5102114519
0.75 0.0 -120  738561.5102116881
0.75 0.0 120  738561.5102119301
0.75 0.0 120  738561.5102121739
0.75 0.0 -120  738561.5102124581
0.75 0.0 -120  738561.5102126919
0.75 0.0 120  738561.5102129432
0.75 0.0 120  738561.5102132014
0.75 0.0 120  738561.5102134465
0.75 0.0 120  738561.5102136851
0.75 0.0 -120  738561.5102139231
0.75 0.0 120  738561.5102141645
0.75 0.0 -120  738561.5102144085
0.75 0.0 120  738561.5102146538
0.75 0.0 120  738561.510214894
0.75 0.0 120  738561.5102151382
0.75 0.0 -120  738561.5102153856
0.75 0.0 -120  738561.5102156247
0.75 0.0 120  738561.5102158643
0.75 0.0 120  738561.5102161104
0.75 0.0 -120  738561.5102163554
0.75 0.0 -120  738561.510216609
0.75 0.0 120  738561.5102168496
0.75 0.0 120  738561.5102170995
0.75 0.0 120  738561.5102173359
0.75 0.0 -120  738561.5102175733
0.75 0.0 -120  738561.5102178223
0.75 0.0 120  738561.5102180579
0.75 0.0 120  738561.5102183197
0.75 0.0 -120  738561.510218594
0.75 0.0 -120  738561.5102188425
0.75 0.0 -120  738561.5102190888
0.75 0.0 120  738561.5102193857
0.75 0.0 120  738561.5102196293
0.75 0.0 -120  738561.5102198668
0.75 0.0 -120  738561.5102201031
0.75 0.0 120  738561.510220367
0.75 0.0 120  738561.5102206247
0.75 0.0 -120  738561.5102208724
0.75 0.0 -120  738561.5102211158
0.75 0.0 -120  738561.5102213599
0.75 0.0 120  738561.5102216166
0.75 0.0 120  738561.5102218589
0.75 0.0 -120  738561.5102220956
0.75 0.0 -120  738561.5102223393
0.75 0.0 120  738561.5102225811
0.75 0.0 120  738561.5102228549
0.75 0.0 -120  738561.5102231043
