0 0 0  738547.6403328815
0.6 0.0 1006.3085806940592  738547.6404332644
0.6 0.0 116.75879374818328  738547.6404336336
0.6 0.0 90.94717678537552  738547.6404339869
0.6 0.0 -38.609267756528816  738547.6404343377
0.6 0.0 -612.8059473972004  738547.6404347175
0.6 0.0 -387.30036689449844  738547.6404350704
0.6 0.0 -452.35484172552964  738547.6404354401
0.6 0.0 -204.68556808601804  738547.6404357991
0.6 0.0 -87.29024270437064  738547.640436165
0.6 0.0 17.60504951266189  738547.640436519
0.6 0.0 113.56648163596996  738547.6404368692
0.6 0.0 184.3632686575623  738547.6404372326
0.6 0.0 431.6994845072919  738547.6404376007
0.6 0.0 241.68160701433897  738547.6404379598
0.6 0.0 104.62300760608711  738547.6404383214
0.6 0.0 -63.55127219049985  738547.6404386916
0.6 0.0 -138.51449165202052  738547.6404390597
0.6 0.0 -155.54862923626726  738547.6404394318
0.6 0.0 -130.2383539817775  738547.6404398074
0.6 0.0 -44.63217910714987  738547.640440138
0.6 0.0 -25.244044009511455  738547.6404404831
0.6 0.0 25.307748646783306  738547.6404408965
0.6 0.0 2.5922308292860023  738547.6404412132
0.6 0.0 104.1962812942268  738547.6404415909
0.6 0.0 38.54404850302018  738547.6404419312
0.6 0.0 15.138330723099392  738547.6404422994
0.6 0.0 -9.587226506616995  738547.6404426543
0.6 0.0 -31.423469368432286  738547.6404430135
0.6 0.0 -91.54467574044676  738547.6404433652
0.6 0.0 -53.88162130316827  738547.6404437219
0.6 0.0 -32.34680257311987  738547.6404441091
0.6 0.0 7.311132326352898  738547.6404444567
0.6 0.0 25.699620361722378  738547.6404448047
0.6 0.0 24.183880360014843  738547.6404451613
0.6 0.0 7.098011806886364  738547.6404455431
0.6 0.0 -15.59966579222957  738547.640445911
0.6 0.0 -10.673527562617915  738547.640446269
0.6 0.0 1.984870236831074  738547.6404466382
0.6 0.0 -23.089834340168963  738547.6404469822
0.6 0.0 -16.485426041917847  738547.6404473322
0.6 0.0 -15.064682656257263  738547.6404476885
0.6 0.0 -0.9259783202976012  738547.6404480501
0.6 0.0 4.272632046532773  738547.6404484041
0.6 0.0 3.766870748692742  738547.6404487661
0.6 0.0 -28.615791597477873  738547.6404491267
0.6 0.0 -19.345813158467305  738547.6404494882
0.6 0.0 -18.12610074032888  738547.6404498339
0.6 0.0 1.3801900451040323  738547.6404501941
0.6 0.0 35.86253068538183  738547.640450552
0.6 0.0 -4.902500731681086  738547.6404509062
0.6 0.0 18.186653752979563  738547.6404512888
0.6 0.0 -24.724973394974498  738547.6404516379
0.6 0.0 -14.11331426113585  738547.6404519823
0.6 0.0 -12.429085235124596  738547.6404523574
0.6 0.0 -17.066283807881952  738547.6404526976
0.6 0.0 -7.57159687635388  738547.6404530527
0.6 0.0 -1.7410108235308386  738547.6404534092
0.6 0.0 -14.061820905562815  738547.6404537756
0.6 0.0 9.356067242463753  738547.640454136
0.6 0.0 2.156148467974377  738547.6404544951
0.6 0.0 5.067134431465705  738547.6404548613
0.6 0.0 -25.020156010495317  738547.6404552136
0.6 0.0 -11.671227211206363  738547.6404555686
0.6 0.0 -9.18913431132504  738547.6404559494
0.6 0.0 -22.007668873431264  738547.6404563187
0.6 0.0 -9.858746922885933  738547.6404566881
0.6 0.0 14.712187087707443  738547.6404570575
0.6 0.0 -8.230146183164056  738547.6404574154
0.6 0.0 3.9545075851481157  738547.6404577848
0.6 0.0 0.9103707797461408  738547.6404581426
0.6 0.0 -23.48382991631103  738547.640458512
0.6 0.0 -14.330549397944765  738547.6404588699
0.6 0.0 9.800141758278638  738547.6404592393
0.6 0.0 -21.43040301665634  738547.6404596086
0.6 0.0 -13.742542552515587  738547.6404599779
0.6 0.0 -12.80564769252842  738547.6404603473
0.6 0.0 -23.392053719550418  738547.6404607167
0.6 0.0 -10.841509886938155  738547.6404610637
0.6 0.0 14.002889351799384  738547.6404614266
0.6 0.0 13.844545269688918  738547.6404617939
0.6 0.0 -30.40627562985563  738547.6404621478
0.6 0.0 -13.35777068811754  738547.6404625113
0.6 0.0 -6.474913757460724  738547.6404628624
0.6 0.0 -24.516841897980466  738547.6404632338
0.6 0.0 1.0006263999696188  738547.640463593
0.6 0.0 4.2860727273434165  738547.6404639519
0.6 0.0 -23.900789189035173  738547.6404643048
0.6 0.0 3.256562682005005  738547.6404646706
0.6 0.0 39.20149254356131  738547.6404650181
0.6 0.0 0.3031049272021674  738547.6404653792
0.6 0.0 -55.36713355838859  738547.6404657373
0.6 0.0 17.16559171091712  738547.6404660933
0.6 0.0 -532.9559732953993  738547.6404664415
0.6 0.0 -1932.7067633636116  738547.6404668017
0.6 0.0 -2823.091081771736  738547.64046716
0.6 0.0 -2504.7157823160856  738547.6404675164
0.6 0.0 -454.2967659528468  738547.6404678671
0.6 0.0 355.90308696370545  738547.6404682355
0.6 0.0 3733.8678564229485  738547.6404686177
0.6 0.0 -819.3305827696969  738547.6404689531
0.6 0.0 -1635.7843057790858  738547.6404693113
0.6 0.0 -1102.5076699593387  738547.6404696808
0.6 0.0 -218.67051083154217  738547.6404700525
0.6 0.0 -2128.096738142714  738547.6404704144
0.6 0.0 -2565.5846703021793  738547.6404707701
0.6 0.0 25037.53862854567  738547.6404711404
0.6 0.0 5288.825890650412  738547.6404714995
0.6 0.0 1172.141746816682  738547.6404718435
0.6 0.0 -1602.2581239344777  738547.6404722123
0.6 0.0 58949.25848122905  738547.6404725512
0.6 0.0 562.6725976435248  738547.6404729163
0.6 0.0 -544.3965501157353  738547.6404732972
0.6 0.0 1694.531003921281  738547.6404736551
0.6 0.0 -562.7668238960297  738547.640474036
0.6 0.0 -2872.6211801589775  738547.6404743938
0.6 0.0 21838.376678241202  738547.6404747402
0.6 0.0 888.3840597500804  738547.6404750864
0.6 0.0 -2930.450024590606  738547.6404754558
0.6 0.0 -3485.734751130789  738547.6404758252
0.6 0.0 1525.9071454611994  738547.6404761946
0.6 0.0 1028.7341226980527  738547.640476564
0.6 0.0 -18267.71603064473  738547.6404769333
0.6 0.0 607.4993953339186  738547.640477286
0.6 0.0 573.1038716386274  738547.6404776438
0.6 0.0 102045.74031029663  738547.6404780132
0.6 0.0 -58689.060756252096  738547.6404783826
0.6 0.0 384.84912159674195  738547.6404787478
0.6 0.0 616.2642665806925  738547.6404791172
0.6 0.0 4691.148428594439  738547.6404794866
0.6 0.0 15242.187803640832  738547.6404798444
0.6 0.0 -115508.53607250958  738547.6404801907
0.6 0.0 -235.41588198179127  738547.6404805601
0.6 0.0 699.4297333979869  738547.640480941
0.6 0.0 1068.9542097476567  738547.6404812989
0.6 0.0 -9037.740203137491  738547.6404816568
0.6 0.0 3065.3452732984965  738547.6404820262
0.6 0.0 -2034.17537689016  738547.6404823832
0.6 0.0 4958.805724765512  738547.6404827411
0.6 0.0 32.83071680006297  738547.6404830989
0.6 0.0 -71.70803551889563  738547.6404834685
0.6 0.0 -2594.0947525600864  738547.6404838357
0.6 0.0 -80.72288409167295  738547.6404842047
0.6 0.0 56.79817424391175  738547.6404845743
0.6 0.0 -34034.381888904085  738547.6404849323
0.6 0.0 -0.2262494444337394  738547.6404852899
0.6 0.0 -608.829994505212  738547.6404856364
0.6 0.0 -986.3411820158748  738547.6404860171
0.6 0.0 -1337.906106450452  738547.640486375
0.6 0.0 73.3633083196565  738547.6404867443
0.6 0.0 -131.98524701131876  738547.6404871137
0.6 0.0 3862.734828134443  738547.6404874948
0.6 0.0 -431.5423394897054  738547.6404878525
0.6 0.0 -373.34825222790926  738547.6404882104
0.6 0.0 -2873.9866083352863  738547.6404885682
0.6 0.0 -26.935350768491347  738547.6404889378
0.6 0.0 -320.04977937605435  738547.640489307
0.6 0.0 -2386.6821856361516  738547.6404896765
0.6 0.0 -68.00146932891519  738547.6404900458
0.6 0.0 -206.24476260067948  738547.6404904152
0.6 0.0 -601.5146020939723  738547.6404907845
0.6 0.0 -44.526718734118106  738547.6404911424
0.6 0.0 -390.9153291155996  738547.6404915118
0.6 0.0 -330.41058273089817  738547.6404918812
0.6 0.0 -2756.335485208432  738547.6404922389
0.6 0.0 -110.76442798981931  738547.6404925853
0.6 0.0 -286.78467363909994  738547.6404929546
0.6 0.0 -2376.4453810564582  738547.6404933125
0.6 0.0 -189.63833624221957  738547.6404936704
0.6 0.0 -277.23781367348016  738547.6404940513
0.6 0.0 -1132.7723962658824  738547.640494409
0.6 0.0 -137.92318219313157  738547.6404947669
0.6 0.0 -285.2084570228102  738547.6404951247
0.6 0.0 -2835.7499456471646  738547.6404954945
0.6 0.0 -78.92367783641207  738547.6404958635
0.6 0.0 -428.15616592649593  738547.6404962329
0.6 0.0 -1591.1131212105577  738547.6404966138
0.6 0.0 -102.60495985363328  738547.6404969717
0.6 0.0 -255.23462090284778  738547.640497318
0.6 0.0 -1781.2324380848438  738547.6404976642
0.6 0.0 -98.41873336099317  738547.6404980336
0.6 0.0 -244.21930839384737  738547.640498403
0.6 0.0 -541.3856168020366  738547.6404987839
0.6 0.0 -2973.1932146218796  738547.6404991418
0.6 0.0 -114.05371160626026  738547.6404995112
0.6 0.0 -298.1226926281117  738547.6404998921
0.6 0.0 -1651.7410934481147  738547.6405002383
0.6 0.0 -125.76520017962493  738547.6405005961
0.6 0.0 -495.9414758947787  738547.6405009655
0.6 0.0 -2534.9094355601096  738547.6405013119
0.6 0.0 -108.26065970190484  738547.6405016928
0.6 0.0 -284.16378799585544  738547.6405020506
0.6 0.0 -2611.4565017281743  738547.64050242
0.6 0.0 -72.94566817520433  738547.6405027894
0.6 0.0 -233.56528231411173  738547.6405031356
0.6 0.0 -1255.5019501442634  738547.6405035052
0.6 0.0 -212.57695659518293  738547.6405038744
0.6 0.0 -278.4174743137143  738547.6405042438
0.6 0.0 -338.38899497132917  738547.6405046248
0.6 0.0 -2913.4303294405813  738547.6405049829
0.6 0.0 -123.51405547502873  738547.6405053519
0.6 0.0 -536.513612330499  738547.640505733
0.6 0.0 -2580.520765036712  738547.6405061022
0.6 0.0 -113.0266097108206  738547.6405064601
0.6 0.0 -295.89529020978637  738547.640506853
0.6 0.0 -1943.408423530511  738547.6405071922
0.6 0.0 -239.20093227798668  738547.6405075616
0.6 0.0 -312.07988311959707  738547.6405079425
0.6 0.0 -1572.7771749955775  738547.6405082773
0.6 0.0 -132.9312124682989  738547.6405086467
0.6 0.0 -296.65292512895104  738547.6405090161
0.6 0.0 -2694.730693789999  738547.640509387
0.6 0.0 -102.92592296464586  738547.6405097459
0.6 0.0 -472.824581707628  738547.6405101048
0.6 0.0 -1907.1438740792382  738547.6405104523
0.6 0.0 -28.805312695785133  738547.6405108171
0.6 0.0 -409.4225304999673  738547.6405111864
0.6 0.0 -344.67410855102617  738547.6405115506
0.6 0.0 -2418.3180731403354  738547.6405119038
0.6 0.0 -146.37222395887036  738547.6405122767
0.6 0.0 -330.9341956444529  738547.6405126249
0.6 0.0 -2260.3381025064864  738547.640512977
0.6 0.0 -114.06658422344857  738547.6405133208
0.6 0.0 -289.3283315911798  738547.6405136774
0.6 0.0 -1515.0785794535536  738547.6405140415
0.6 0.0 -139.31876430942702  738547.6405143882
0.6 0.0 -304.96460488985684  738547.6405147688
0.6 0.0 -2105.0655368774796  738547.640515125
0.6 0.0 -98.68838345484477  738547.6405154944
0.6 0.0 -282.04127674544736  738547.640515841
0.6 0.0 -1868.7386133150849  738547.6405162101
0.6 0.0 -214.94001848561177  738547.6405165795
0.6 0.0 -296.88937271087985  738547.6405169489
0.6 0.0 -355.79890968660965  738547.6405173299
0.6 0.0 -3232.816768961085  738547.6405176818
0.6 0.0 -121.9498583396739  738547.6405180342
0.6 0.0 -319.0173463353305  738547.6405184094
0.6 0.0 -1837.3735327895274  738547.6405187484
0.6 0.0 -128.71200540554727  738547.6405191014
0.6 0.0 -297.82847098421547  738547.6405194649
0.6 0.0 -1755.6590481192093  738547.640519825
0.6 0.0 -131.5865654569997  738547.6405201906
0.6 0.0 -301.81341236017306  738547.6405205554
0.6 0.0 -2019.5372004351111  738547.6405209117
0.6 0.0 -101.98003676000505  738547.6405212526
0.6 0.0 -282.2517175884876  738547.6405216206
0.6 0.0 -1912.8135815424369  738547.6405219716
0.6 0.0 -100.15265753794588  738547.6405223338
0.6 0.0 -262.9255205966849  738547.6405226956
0.6 0.0 -579.1793203768625  738547.6405230638
0.6 0.0 -3331.6256271036164  738547.6405234154
0.6 0.0 -258.0463194261666  738547.6405237567
0.6 0.0 -346.87133114150936  738547.6405241265
0.6 0.0 -2512.6830084325743  738547.6405244801
0.6 0.0 -122.66134695593941  738547.6405248296
0.6 0.0 -304.4992188585891  738547.6405251836
0.6 0.0 -1956.5971203477666  738547.6405255471
0.6 0.0 -121.85028588465005  738547.6405258954
0.6 0.0 -296.6311294865958  738547.6405262582
0.6 0.0 -2777.13936948771  738547.6405266087
0.6 0.0 -81.53158974489837  738547.6405269726
0.6 0.0 -438.36237054477834  738547.6405273394
0.6 0.0 -378.62562764195144  738547.640527699
0.6 0.0 -2112.727102272915  738547.6405280496
0.6 0.0 -151.6258376286581  738547.6405284102
0.6 0.0 -332.34514593331994  738547.6405287752
0.6 0.0 -2658.776087731026  738547.6405291293
0.6 0.0 -123.57160418401087  738547.6405294789
0.6 0.0 -308.5592806209759  738547.6405298389
0.6 0.0 -2735.2504907559414  738547.6405302013
0.6 0.0 -90.3531064489296  738547.6405305612
0.6 0.0 -265.31683668146536  738547.640530912
0.6 0.0 -1075.9642150020177  738547.6405312698
0.6 0.0 -129.31421639245056  738547.6405316278
0.6 0.0 -281.5551745439553  738547.6405319818
0.6 0.0 -349.4516018211907  738547.640532353
0.6 0.0 -2786.279047571379  738547.6405327236
0.6 0.0 -131.0039281849603  738547.640533079
0.6 0.0 -340.4337688629478  738547.6405334533
0.6 0.0 -2119.362774937051  738547.6405338021
0.6 0.0 -266.34522403443077  738547.6405341553
0.6 0.0 -335.9300606759147  738547.6405345113
0.6 0.0 -2498.2147300557767  738547.6405348579
0.6 0.0 -119.98316349780018  738547.6405352107
0.6 0.0 -303.6278004965781  738547.6405355762
0.6 0.0 -2163.7693819488213  738547.6405359462
0.6 0.0 -100.28086176563801  738547.640536303
0.6 0.0 -265.5162468811889  738547.640536672
0.6 0.0 -1702.2669419230656  738547.6405370437
0.6 0.0 -106.51492630087193  738547.6405373787
0.6 0.0 -468.1389324418869  738547.6405377475
0.6 0.0 -369.3751658623335  738547.6405381139
0.6 0.0 -2679.910572683982  738547.6405384644
0.6 0.0 -139.22546326102838  738547.6405388241
0.6 0.0 -327.4813252289968  738547.6405391878
0.6 0.0 -2352.709037234972  738547.6405395502
0.6 0.0 -124.79233705690498  738547.6405398904
0.6 0.0 -144.3680395080744  738547.6405402449
0.6 0.0 -2174.6982811467283  738547.6405406077
0.6 0.0 -178.09613923368286  738547.6405409696
0.6 0.0 -271.02994049503553  738547.6405413378
0.6 0.0 -2229.3706698643005  738547.6405416972
0.6 0.0 -107.48092143710645  738547.6405420596
0.6 0.0 -278.42815786074283  738547.6405424242
0.6 0.0 -352.3122950281119  738547.6405427787
0.6 0.0 -3059.9570489648463  738547.6405431323
0.6 0.0 -112.81095360409111  738547.6405435043
0.6 0.0 -514.4756285504797  738547.6405438667
0.6 0.0 -2005.8453525514099  738547.6405442309
0.6 0.0 -100.44017929885847  738547.6405445955
0.6 0.0 -263.66856128325753  738547.6405449652
0.6 0.0 -1697.2244139860386  738547.6405453138
0.6 0.0 -132.94183298501213  738547.6405456654
0.6 0.0 -302.37421567769724  738547.6405460289
0.6 0.0 -2427.481103290247  738547.6405463823
0.6 0.0 -98.03194921905289  738547.6405467417
0.6 0.0 -460.25178684808947  738547.6405471046
0.6 0.0 -2357.1078466075373  738547.6405474658
0.6 0.0 -75.07785631918522  738547.640547832
0.6 0.0 -241.17914985572983  738547.6405481681
0.6 0.0 -315.507201958601  738547.6405485328
0.6 0.0 -2069.7909345174257  738547.640548887
0.6 0.0 -139.44496476525333  738547.640549252
0.6 0.0 -306.6527932220132  738547.6405496162
0.6 0.0 -2558.486263833442  738547.6405499649
0.6 0.0 -87.28703787126237  738547.6405503413
0.6 0.0 -230.50116780940377  738547.6405506848
0.6 0.0 -1397.1101726399309  738547.6405510341
0.6 0.0 -101.6600706588757  738547.6405513906
0.6 0.0 -241.2937104171265  738547.6405517454
0.6 0.0 -2514.4412915107105  738547.640552107
0.6 0.0 -114.5794370983778  738547.6405524665
0.6 0.0 -286.6453307898997  738547.640552836
0.6 0.0 -358.9179121359851  738547.6405531869
0.6 0.0 -3178.8835800445495  738547.6405535244
0.6 0.0 -26.1760635326503  738547.6405538918
0.6 0.0 -144.7761667191262  738547.6405542637
0.6 0.0 341.9380769312608  738547.6405546088
0.6 0.0 -1613.2074090350188  738547.6405549602
0.6 0.0 -3881.673274969883  738547.6405553207
