0 0 0  738512.628476481
0.6 0.0 90  738512.6285548601
0.6 0.0 90  738512.6285552287
0.6 0.0 90  738512.628555598
0.6 0.0 90  738512.6285559379
0.6 0.0 90  738512.6285562938
0.6 0.0 53.249909419617964  738512.6285566472
0.6 0.0 -16.736083805675495  738512.6285570012
0.6 0.0 -24.16234846957369  738512.6285573663
0.6 0.0 -22.694022872660735  738512.6285577259
0.6 0.0 -22.106806664580503  738512.6285580738
0.6 0.0 -14.943717613616965  738512.6285584333
0.6 0.0 -8.108606408402546  738512.6285587981
0.6 0.0 -12.016028711429124  738512.6285591471
0.6 0.0 -5.2583337647725985  738512.6285595043
0.6 0.0 2.9988370900565164  738512.6285598633
0.6 0.0 19.074964082978738  738512.6285602214
0.6 0.0 24.72256744007785  738512.6285605943
0.6 0.0 29.98220718364922  738512.6285609357
0.6 0.0 5.927929111929986  738512.6285612931
0.6 0.0 8.672326002274662  738512.6285616551
0.6 0.0 10.459204843544207  738512.6285620097
0.6 0.0 11.925092405772501  738512.6285623537
0.6 0.0 33.91443753026412  738512.6285627226
0.6 0.0 36.638102905163315  738512.6285630874
0.6 0.0 40.49827172983044  738512.6285634456
0.6 0.0 4.26791214404222  738512.6285638186
0.6 0.0 3.4521279790703026  738512.6285641709
0.6 0.0 2.343171953565821  738512.6285645115
0.6 0.0 21.225188385946094  738512.6285648888
0.6 0.0 22.42407306601046  738512.6285652281
0.6 0.0 24.114185385643886  738512.6285655992
0.6 0.0 -14.970986972711627  738512.6285659696
0.6 0.0 -16.182299819957723  738512.6285663258
0.6 0.0 -17.51230583973963  738512.6285666841
0.6 0.0 3.1734956470538758  738512.628567039
0.6 0.0 2.5993899885232077  738512.6285674128
0.6 0.0 4.449760227588221  738512.628567748
0.6 0.0 6.485270953198652  738512.6285681212
0.6 0.0 -35.0355238674504  738512.6285684773
0.6 0.0 -34.449132141844444  738512.6285688173
0.6 0.0 -35.53174434248295  738512.6285691769
0.6 0.0 -21.18003965143292  738512.6285695445
0.6 0.0 -17.038292662731784  738512.6285699492
0.6 0.0 -11.831374592136411  738512.6285702751
0.6 0.0 -41.013437919181  738512.6285706278
0.6 0.0 -39.83232701448723  738512.6285709796
0.6 0.0 -38.74471116697927  738512.6285713419
0.6 0.0 -54.248660444828616  738512.6285717095
0.6 0.0 -52.48004002198506  738512.6285720787
0.6 0.0 -49.79204364649248  738512.628572446
0.6 0.0 -43.96168187128211  738512.6285728178
0.6 0.0 -67.29422752882945  738512.6285731514
0.6 0.0 -61.76205725461116  738512.6285735064
0.6 0.0 -57.866386769131346  738512.628573883
0.6 0.0 -60.56606213766649  738512.6285742413
0.6 0.0 -55.04939894481342  738512.6285746036
0.6 0.0 -48.10282698750313  738512.6285749521
0.6 0.0 -51.663772462166406  738512.628575319
0.6 0.0 -43.56345629458361  738512.6285756659
0.6 0.0 -33.49271495355907  738512.6285760152
0.6 0.0 -72.98758240425703  738512.628576372
0.6 0.0 -63.448869741405304  738512.6285767338
0.6 0.0 -44.55715942486214  738512.6285770893
0.6 0.0 -10.278103774152324  738512.6285774496
0.6 0.0 0.9836655477071801  738512.6285778088
0.6 0.0 25.179611627504098  738512.6285781701
0.6 0.0 55.49321862197284  738512.6285785261
0.6 0.0 -19.56345325512201  738512.6285788812
0.6 0.0 -5.394229917571274  738512.6285792298
0.6 0.0 14.158349580618403  738512.6285795928
0.6 0.0 90  738512.628579956
0.6 0.0 90  738512.6285803088
0.6 0.0 90  738512.6285806779
0.6 0.0 90  738512.6285810295
0.6 0.0 90  738512.6285813863
0.6 0.0 90  738512.6285817567
0.6 0.0 90  738512.6285821154
0.6 0.0 90  738512.6285824687
0.6 0.0 90  738512.6285828338
0.6 0.0 90  738512.6285832033
0.6 0.0 90  738512.6285835843
0.6 0.0 90  738512.62858395
0.6 0.0 90  738512.6285843013
0.6 0.0 90  738512.6285846503
0.6 0.0 90  738512.6285850126
0.6 0.0 90  738512.6285853732
0.6 0.0 90  738512.6285857328
0.6 0.0 90  738512.6285861069
0.6 0.0 90  738512.6285864409
0.6 0.0 90  738512.628586789
0.6 0.0 -90  738512.6285871485
0.6 0.0 -90  738512.6285875078
0.6 0.0 90  738512.6285878655
0.6 0.0 90  738512.6285882152
0.6 0.0 90  738512.6285885731
0.6 0.0 90  738512.6285889539
0.6 0.0 90  738512.6285892889
0.6 0.0 90  738512.6285896485
0.6 0.0 90  738512.6285900073
0.6 0.0 90  738512.628590391
0.6 0.0 90  738512.6285907633
0.6 0.0 90  738512.6285911102
0.6 0.0 90  738512.6285914677
0.6 0.0 90  738512.6285918216
0.6 0.0 90  738512.6285921669
0.6 0.0 90  738512.6285925251
0.6 0.0 90  738512.6285928795
0.6 0.0 90  738512.6285932505
0.6 0.0 90  738512.6285936184
0.6 0.0 90  738512.6285939725
0.6 0.0 90  738512.6285943346
0.6 0.0 90  738512.628594699
0.6 0.0 90  738512.6285950531
0.6 0.0 90  738512.6285954119
0.6 0.0 90  738512.6285957708
0.6 0.0 90  738512.628596125
0.6 0.0 90  738512.6285964844
0.6 0.0 90  738512.6285968499
0.6 0.0 90  738512.6285972071
0.6 0.0 90  738512.6285975624
0.6 0.0 90  738512.6285979231
0.6 0.0 90  738512.6285982871
0.6 0.0 90  738512.6285986465
0.6 0.0 90  738512.6285990237
0.6 0.0 90  738512.6285993771
0.6 0.0 90  738512.6285997482
0.6 0.0 90  738512.6286000919
0.6 0.0 90  738512.6286004466
0.6 0.0 90  738512.6286008043
0.6 0.0 90  738512.6286011641
0.6 0.0 90  738512.6286015124
0.6 0.0 90  738512.6286018796
0.6 0.0 90  738512.6286022381
0.6 0.0 90  738512.6286025922
0.6 0.0 90  738512.6286029364
0.6 0.0 90  738512.6286032962
0.6 0.0 90  738512.6286036536
0.6 0.0 90  738512.628604034
0.6 0.0 90  738512.6286043611
0.6 0.0 90  738512.6286047248
0.6 0.0 90  738512.6286050947
0.6 0.0 90  738512.6286054354
0.6 0.0 90  738512.6286058048
0.6 0.0 90  738512.6286061745
0.6 0.0 90  738512.6286065233
0.6 0.0 90  738512.6286068814
0.6 0.0 90  738512.6286072534
0.6 0.0 90  738512.6286076192
0.6 0.0 90  738512.628607981
0.6 0.0 90  738512.6286083355
0.6 0.0 90  738512.6286086859
0.6 0.0 90  738512.6286090479
0.6 0.0 90  738512.6286094189
0.6 0.0 90  738512.6286097777
0.6 0.0 90  738512.6286101318
0.6 0.0 90  738512.6286104916
0.6 0.0 90  738512.6286108518
0.6 0.0 90  738512.6286111973
0.6 0.0 90  738512.6286115651
0.6 0.0 90  738512.6286119182
0.6 0.0 90  738512.6286122754
0.6 0.0 90  738512.628612647
0.6 0.0 90  738512.6286130112
0.6 0.0 90  738512.6286133698
0.6 0.0 -90  738512.628613729
0.6 0.0 -90  738512.628614084
0.6 0.0 -90  738512.6286144502
0.6 0.0 -90  738512.6286147904
0.6 0.0 -90  738512.6286151715
0.6 0.0 -90  738512.6286155416
0.6 0.0 -90  738512.6286158809
0.6 0.0 -90  738512.6286162309
0.6 0.0 -90  738512.6286165984
0.6 0.0 -90  738512.628616962
0.6 0.0 90  738512.6286173322
0.6 0.0 90  738512.6286177012
0.6 0.0 90  738512.6286180592
0.6 0.0 90  738512.628618412
0.6 0.0 90  738512.6286187671
0.6 0.0 62.45741574329367  738512.6286191369
0.6 0.0 90  738512.6286194957
0.6 0.0 90  738512.6286198568
0.6 0.0 90  738512.6286202152
0.6 0.0 90  738512.6286205747
0.6 0.0 90  738512.6286209348
0.6 0.0 90  738512.62862131
0.6 0.0 90  738512.628621656
0.6 0.0 90  738512.6286220219
0.6 0.0 90  738512.6286223935
0.6 0.0 90  738512.6286227495
0.6 0.0 90  738512.628623109
0.6 0.0 90  738512.628623471
0.6 0.0 90  738512.6286238213
0.6 0.0 -90  738512.6286241811
0.6 0.0 -90  738512.6286245456
0.6 0.0 -90  738512.6286249026
0.6 0.0 -90  738512.6286252555
0.6 0.0 -90  738512.6286256183
0.6 0.0 -90  738512.6286259899
0.6 0.0 -90  738512.6286263269
0.6 0.0 -90  738512.6286266851
0.6 0.0 -90  738512.6286270446
0.6 0.0 -90  738512.6286273953
0.6 0.0 90  738512.6286277585
0.6 0.0 90  738512.62862812
0.6 0.0 90  738512.628628481
0.6 0.0 90  738512.6286288382
0.6 0.0 90  738512.6286292105
0.6 0.0 90  738512.6286295626
0.6 0.0 90  738512.6286299289
0.6 0.0 90  738512.6286302862
0.6 0.0 90  738512.628630645
0.6 0.0 90  738512.6286310033
0.6 0.0 90  738512.6286313634
0.6 0.0 90  738512.628631722
0.6 0.0 90  738512.6286320921
0.6 0.0 90  738512.6286324738
0.6 0.0 90  738512.6286328074
0.6 0.0 90  738512.6286331716
0.6 0.0 -90  738512.6286335381
0.6 0.0 -90  738512.6286339104
0.6 0.0 -90  738512.6286342647
0.6 0.0 -90  738512.628634627
0.6 0.0 -90  738512.6286349823
0.6 0.0 -90  738512.6286353369
0.6 0.0 -90  738512.6286357014
0.6 0.0 -90  738512.628636067
0.6 0.0 -90  738512.6286364389
0.6 0.0 90  738512.6286367907
0.6 0.0 90  738512.6286371462
0.6 0.0 90  738512.628637513
0.6 0.0 90  738512.6286378648
0.6 0.0 90  738512.6286382249
0.6 0.0 90  738512.6286385838
0.6 0.0 90  738512.6286389425
0.6 0.0 90  738512.6286393133
0.6 0.0 90  738512.6286396693
0.6 0.0 90  738512.6286400198
0.6 0.0 90  738512.6286403781
0.6 0.0 90  738512.6286407296
0.6 0.0 90  738512.6286410923
0.6 0.0 90  738512.6286414544
0.6 0.0 -90  738512.6286418231
0.6 0.0 -90  738512.6286422014
0.6 0.0 -90  738512.6286425529
0.6 0.0 -90  738512.6286429098
0.6 0.0 -90  738512.6286432715
0.6 0.0 -90  738512.6286436158
0.6 0.0 -90  738512.6286439678
0.6 0.0 -90  738512.6286443261
0.6 0.0 -90  738512.6286446918
0.6 0.0 -90  738512.6286450748
0.6 0.0 90  738512.6286454212
0.6 0.0 90  738512.6286457707
0.6 0.0 90  738512.6286461367
0.6 0.0 90  738512.6286464984
0.6 0.0 90  738512.6286468483
0.6 0.0 90  738512.628647215
0.6 0.0 90  738512.6286475796
