0 0 0  738503.5989065767
-0.8922346275619114 0.6178686637629467 0.5060971800922393 0.0 0.0  738503.5990065343
0.0 0.0 0.0 -0.005317052081227303 -0.007537295669317246  738503.5990065343
0.012494792317669583 0.012494792317669583 0.0 0.010312139720107309 0.009792868152643432  738503.5990077981
0.02495835416170704 0.02495835416170704 0.0 0.0292729591633707 0.03246345079127249  738503.5990090638
0.03735953311839981 0.03735953311839981 0.0 0.04741147689633707 0.04822436895333866  738503.5990103142
0.049667332698765304 0.049667332698765304 0.0 0.06519857019765724 0.06208008591665376  738503.5990115945
0.061850989813630734 0.061850989813630734 0.0 0.07549897855374212 0.06733714858296508  738503.5990128565
0.0738800516653349 0.0738800516653349 0.0 0.08498868767062306 0.07456129651406884  738503.5990141141
0.08572445186386285 0.08572445186386285 0.0 0.09215905216228697 0.08365316536915038  738503.5990153792
0.09735458557716263 0.09735458557716263 0.0 0.10219492125405374 0.10298615801228586  738503.5990166401
0.10874138352780756 0.10874138352780756 0.0 0.114807193905225 0.11768626514088174  738503.5990178887
0.11985638465105075 0.11985638465105075 0.0 0.12790523291371558 0.128865499503834  738503.5990191485
0.1306718072326648 0.1306718072326648 0.0 0.13891713840146874 0.13573979956289145  738503.5990203934
0.14116061834875887 0.14116061834875887 0.0 0.14939557443123036 0.14242316017608816  738503.5990216513
0.1512966014340099 0.1512966014340099 0.0 0.158372112500021 0.1516466924422474  738503.5990229181
0.16105442180942278 0.16105442180942278 0.0 0.16591639738930203 0.1631263129080627  738503.5990241739
0.17040969000583353 0.17040969000583353 0.0 0.17705483813673809 0.17642330308348492  738503.5990254356
0.1793390227248807 0.1793390227248807 0.0 0.1904865250456976 0.1922297493088888  738503.5990266745
0.18782010128507318 0.18782010128507318 0.0 0.19379586220275524 0.1934869253684199  738503.5990279272
0.19583172740687085 0.19583172740687085 0.0 0.20735450854479257 0.20427973439871255  738503.5990291786
0.20335387619734344 0.20335387619734344 0.0 0.20912412324429197 0.20279971280575437  738503.5990304352
0.21036774620197413 0.21036774620197413 0.0 0.22025547867753742 0.21794909780957933  738503.5990316811
0.21685580639850424 0.21685580639850424 0.0 0.220039584980146 0.2172999349690834  738503.5990329572
0.22280184001535885 0.22280184001535885 0.0 0.2330085524417247 0.23312148238194838  738503.5990342133
0.22819098506513028 0.22819098506513028 0.0 0.23285479455164418 0.23156798689535604  738503.5990354621
0.2330097714918066 0.2330097714918066 0.0 0.23649796961035835 0.23447581945147622  738503.5990367221
0.23724615483889655 0.23724615483889655 0.0 0.24020465206396194 0.23688309978735062  738503.5990379807
0.24088954635429824 0.24088954635429824 0.0 0.23926898190937573 0.23799178252182537  738503.5990392403
0.24393083945666477 0.24393083945666477 0.0 0.25492652113145264 0.2561409270257321  738503.5990404991
0.24636243249711506 0.24636243249711506 0.0 0.25997202057525054 0.2599180396287097  738503.5990417683
0.24817824775939712 0.24817824775939712 0.0 0.25563275712687406 0.2517402310963336  738503.5990430225
0.2493737466510136 0.2493737466510136 0.0 0.25435687331867207 0.24743460743141166  738503.5990442762
0.24994594104733925 0.24994594104733925 0.0 0.24826218781050277 0.24352954921301437  738503.5990455273
0.24989340076037628 0.24989340076037628 0.0 0.25459677719102364 0.25692339681611515  738503.5990467934
0.24921625711347972 0.24921625711347972 0.0 0.257153998110608 0.2622305972317018  738503.5990480684
0.24791620261311714 0.24791620261311714 0.0 0.2451536665778182 0.24549452169943076  738503.5990493277
0.24599648671848423 0.24599648671848423 0.0 0.25469562897089537 0.2503045518100601  738503.5990505668
0.2434619077195488 0.2434619077195488 0.0 0.24155932165977506 0.23475619055625946  738503.5990518256
0.24031880074382497 0.24031880074382497 0.0 0.24715025214720576 0.24427751092482416  738503.599053078
0.23657502192185362 0.23657502192185362 0.0 0.2473864401331668 0.2471993381729846  738503.5990543289
0.2322399287509673 0.2322399287509673 0.0 0.2318299584493343 0.2347341113195125  738503.5990555666
0.22732435670642043 0.22732435670642043 0.0 0.23454514750418645 0.23654276737151128  738503.599056814
0.2218405921583438 0.2218405921583438 0.0 0.2262932264000254 0.22517840198577216  738503.5990580884
0.21580234166221843 0.21580234166221843 0.0 0.21860558386131557 0.2162181585578564  738503.599059347
0.20922469769962443 0.20922469769962443 0.0 0.20728889018354194 0.20491072744188085  738503.5990606227
0.20212410095489752 0.20212410095489752 0.0 0.2056327188391296 0.20705373529382626  738503.5990618814
0.1945182992219803 0.1945182992219803 0.0 0.19900121250151126 0.20129401543138947  738503.5990631614
0.18642630304418 0.18642630304418 0.0 0.1803423330250024 0.18119649738695615  738503.5990644075
0.17786833819771108 0.17786833819771108 0.0 0.18123968156605122 0.18020367237358448  738503.5990656592
0.16886579513778766 0.16886579513778766 0.0 0.16277152323997593 0.16022345447815037  738503.5990669046
0.1594411755336259 0.1594411755336259 0.0 0.15909932550584488 0.1603230058828514  738503.5990681897
0.1496180360259891 0.1496180360259891 0.0 0.15056887742784983 0.1511018025567866  738503.5990694062
0.13942092934785416 0.13942092934785416 0.0 0.14254990851328528 0.14198228454039252  738503.5990706768
0.12887534295536604 0.12887534295536604 0.0 0.13284339511415394 0.13165056014081866  738503.5990719383
0.11800763532247056 0.11800763532247056 0.0 0.11985481410891902 0.11794667273433102  738503.5990731998
0.10684497005845744 0.10684497005845744 0.0 0.10836931284791992 0.10543143566972779  738503.5990744554
0.09541524801308293 0.09541524801308293 0.0 0.09577346567695592 0.0943133858281896  738503.5990757223
0.08374703753897617 0.08374703753897617 0.0 0.08288701121698701 0.08289396558891618  738503.599076968
0.0718695030856361 0.0718695030856361 0.0 0.07151506915667415 0.07217151150086283  738503.5990782063
0.059812332303495495 0.059812332303495495 0.0 0.058538775278534044 0.05873105241199886  738503.599079459
0.04760566184025676 0.04760566184025676 0.0 0.0477748314035138 0.04698325862409676  738503.5990807107
0.0352800020149668 0.0352800020149668 0.0 0.03235875783220768 0.030587024667420384  738503.5990819612
0.022866160558109187 0.022866160558109187 0.0 0.018740455372863653 0.019310548468166235  738503.5990832167
0.010395165608322623 0.010395165608322623 0.0 0.010275742874736789 0.010689922699029448  738503.5990844625
-0.0021018118417872656 -0.0021018118417872656 0.0 -0.0027015148423114323 -0.0018155816819952332  738503.5990857193
-0.014593535856895021 -0.014593535856895021 0.0 -0.013137556399693932 -0.013272284131041017  738503.5990869745
-0.027048783632527093 -0.027048783632527093 0.0 -0.024994196304571985 -0.027175752007854343  738503.5990882246
-0.039436423535812164 -0.039436423535812164 0.0 -0.03789753169497045 -0.04008020461281331  738503.5990894809
-0.051725492918349936 -0.051725492918349936 0.0 -0.05202161272628025 -0.05464195137483792  738503.5990907539
-0.06388527550670792 -0.06388527550670792 0.0 -0.06425169436184512 -0.06651177136150943  738503.5990920144
-0.07588537817710733 -0.07588537817710733 0.0 -0.07752137971537228 -0.07710236204283352  738503.5990932594
-0.08769580692240496 -0.08769580692240496 0.0 -0.0887576323174107 -0.08989794218765378  738503.5990945308
-0.09928704182149005 -0.09928704182149005 0.0 -0.10080269580889978 -0.1015234038810853  738503.5990957809
-0.11063011082371312 -0.11063011082371312 0.0 -0.11270682027769371 -0.11355591973495766  738503.599097053
-0.12169666216392494 -0.12169666216392494 0.0 -0.11955756396793338 -0.12249828577779742  738503.599098316
-0.13245903522712335 -0.13245903522712335 0.0 -0.12975068772962506 -0.1332863339298051  738503.5990995576
-0.14289032968558593 -0.14289032968558593 0.0 -0.14179637494895128 -0.1438247567734447  738503.5991008221
-0.1529644727356798 -0.1529644727356798 0.0 -0.1510989516553362 -0.15474230642885764  738503.5991020714
-0.16265628426629183 -0.16265628426629183 0.0 -0.15553003477284763 -0.159800466172193  738503.5991033445
-0.17194153979599353 -0.17194153979599353 0.0 -0.17255311149573177 -0.17535652059531065  738503.5991045971
-0.18079703102162803 -0.18079703102162803 0.0 -0.18713499366821437 -0.18823384701790005  738503.5991058643
-0.18920062382698205 -0.18920062382698205 0.0 -0.18898944735145745 -0.1890080231390017  738503.5991071248
-0.19713131360654876 -0.19713131360654876 0.0 -0.19656782773071343 -0.19485228684478814  738503.5991083964
-0.2045692777661027 -0.2045692777661027 0.0 -0.19946632993549604 -0.1979461224111964  738503.5991096429
-0.21149592526886163 -0.21149592526886163 0.0 -0.21927388820807098 -0.22170671734968778  738503.5991108975
-0.21789394310339705 -0.21789394310339705 0.0 -0.21885511268644828 -0.22089205969839593  738503.5991121688
-0.22374733955714587 -0.22374733955714587 0.0 -0.22740153576199393 -0.22917236293618065  738503.5991134295
-0.22904148418736373 -0.22904148418736373 0.0 -0.22765375338830846 -0.22757493816652197  738503.599114678
-0.23376314438961235 -0.23376314438961235 0.0 -0.22943208333948 -0.22890724656083927  738503.5991159035
-0.23790051847237903 -0.23790051847237903 0.0 -0.23596241545127103 -0.23518816005633542  738503.5991171653
-0.2414432651551597 -0.2414432651551597 0.0 -0.2407349123659173 -0.24312715074444208  738503.5991184247
-0.24438252941627425 -0.24438252941627425 0.0 -0.24486262674163725 -0.2463432627422705  738503.5991196878
-0.24671096462580913 -0.24671096462580913 0.0 -0.24813255797115985 -0.2479369951316518  738503.5991209586
-0.24842275090836613 -0.24842275090836613 0.0 -0.24100746402529633 -0.24127658495692167  738503.5991222127
-0.24951360968971986 -0.24951360968971986 0.0 -0.25340521154671597 -0.25306130466729093  738503.5991234798
-0.2499808143910252 -0.2499808143910252 0.0 -0.2520170177622417 -0.2540792997284511  738503.5991247145
-0.2498231972438445 -0.2498231972438445 0.0 -0.2507199430683077 -0.24952729882983568  738503.599125964
-0.24904115220896014 -0.24904115220896014 0.0 -0.2540019985555602 -0.25323955382098684  738503.5991272152
-0.2476366339916783 -0.2476366339916783 0.0 -0.24753875777659384 -0.24745325491366355  738503.5991284823
-0.24561315315608312 -0.24561315315608312 0.0 -0.24036877200179255 -0.24297082469039116  738503.5991297333
-0.2429757673504552 -0.2429757673504552 0.0 -0.23544691311867247 -0.240176070804906  738503.5991309898
-0.2397310686657846 -0.2397310686657846 0.0 -0.2367749515235448 -0.239616021817925  738503.5991322418
-0.2358871671589766 -0.2358871671589766 0.0 -0.23465885794550823 -0.23726511872202802  738503.599133498
-0.23145367058193303 -0.23145367058193303 0.0 -0.22534704628080865 -0.22477200450987359  738503.5991347556
-0.2264416603671761 -0.2264416603671761 0.0 -0.2346063927921357 -0.23407022815075537  738503.5991360111
-0.22086366393003828 -0.22086366393003828 0.0 -0.21340245458881815 -0.21130610558788737  738503.5991372514
-0.214733623356648 -0.214733623356648 0.0 -0.21732847737196412 -0.218091714848313  738503.599138523
-0.2080668605559752 -0.2080668605559752 0.0 -0.1971057769291026 -0.19729659523888654  738503.5991397754
-0.20088003896303883 -0.20088003896303883 0.0 -0.204025910170411 -0.2057884344175805  738503.599141013
-0.1931911218889968 -0.1931911218889968 0.0 -0.1839816997919579 -0.186179266420414  738503.5991422561
-0.1850193276222236 -0.1850193276222236 0.0 -0.18130915274807058 -0.18327447583862388  738503.5991435053
-0.17638508139259798 -0.17638508139259798 0.0 -0.17755175421484926 -0.17913589964159946  738503.5991447674
-0.16730996431906534 -0.16730996431906534 0.0 -0.15829665019511596 -0.15691206111907377  738503.5991460207
-0.1578166594680802 -0.1578166594680802 0.0 -0.15665857321937754 -0.1565821451636143  738503.5991472775
-0.14792889515775234 -0.14792889515775234 0.0 -0.14182473910114515 -0.14206668925544966  738503.5991485282
-0.1376713856494094 -0.1376713856494094 0.0 -0.12908396654554188 -0.13259763055272877  738503.5991498027
-0.12706976937481457 -0.12706976937481457 0.0 -0.12109920748744837 -0.12347746559654109  738503.5991510539
-0.11615054485343915 -0.11615054485343915 0.0 -0.10759319874218728 -0.11042703005245949  738503.5991523155
-0.10494100445996472 -0.10494100445996472 0.0 -0.1081902238069862 -0.11014196746934353  738503.5991535644
-0.093469166207559 -0.093469166207559 0.0 -0.08676692062407386 -0.08712016159087073  738503.5991548093
-0.08176370371743516 -0.08176370371743516 0.0 -0.07805811654763789 -0.07791673134999842  738503.5991560705
-0.06985387454973147 -0.06985387454973147 0.0 -0.06337630153353793 -0.06474160701687914  738503.5991573257
-0.057769447074847845 -0.057769447074847845 0.0 -0.04539506823601416 -0.04923229456724814  738503.5991585888
-0.045540626068023754 -0.045540626068023754 0.0 -0.03811935212505807 -0.04190638389481057  738503.5991598244
-0.033197977213129184 -0.033197977213129184 0.0 -0.023110497675019243 -0.02720256813533876  738503.5991610811
-0.0207723507043741 -0.0207723507043741 0.0 -0.015458831638934831 -0.016967429668548327  738503.5991623378
-0.008294804136889204 -0.008294804136889204 0.0 -0.0019260489832604224 -0.0030804918598377994  738503.5991636047
