0 0 0  738559.4608336025
0.75 0.0 -120  738559.4609107337
0.75 0.0 -120  738559.4609120243
0.75 0.0 0.6570546273917685  738559.4609132811
0.75 0.0 -10.954977628418314  738559.4609145335
0.75 0.0 -14.483974214426741  738559.4609157769
0.75 0.0 -34.61186100920377  738559.4609170263
0.75 0.0 -28.55376914363552  738559.4609182716
0.75 0.0 -18.51541618899325  738559.4609195297
0.75 0.0 -13.636342005274393  738559.4609207954
0.75 0.0 -6.534410827357069  738559.4609220405
0.75 0.0 0.8699721078148115  738559.4609233264
0.75 0.0 11.317562153809448  738559.4609245771
0.75 0.0 11.367075252594601  738559.460925847
0.75 0.0 18.72395826600057  738559.4609271052
0.75 0.0 21.983679264458843  738559.4609283598
0.75 0.0 20.762006561833502  738559.4609296316
0.75 0.0 12.842089265693893  738559.4609308944
0.75 0.0 19.25023525176475  738559.4609321331
0.75 0.0 19.439587508379848  738559.460933412
0.75 0.0 15.81088032639435  738559.4609346752
0.75 0.0 14.917444630052987  738559.4609359215
0.75 0.0 9.196068085313668  738559.460937184
0.75 0.0 3.9724037626788595  738559.4609384272
0.75 0.0 1.1146741496006343  738559.4609396767
0.75 0.0 -2.1854786752505344  738559.4609409235
0.75 0.0 -38.8619221529147  738559.4609421825
0.75 0.0 6.39276948279315  738559.4609434353
0.75 0.0 -13.215364644748357  738559.4609446785
0.75 0.0 -4.28222401585279  738559.4609459531
0.75 0.0 -24.779882323827866  738559.4609472062
0.75 0.0 -10.25702374327099  738559.4609484652
0.75 0.0 3.22380572737393  738559.4609497226
0.75 0.0 -22.285599562966706  738559.4609509874
0.75 0.0 4.262986704127375  738559.4609522553
0.75 0.0 58.9650543662136  738559.460953505
0.75 0.0 1.0064334636293732  738559.4609547617
0.75 0.0 32.59553739427514  738559.4609560126
0.75 0.0 -13.126718925197794  738559.4609572366
0.75 0.0 62.98329589791393  738559.4609585137
0.75 0.0 61.168901439907025  738559.4609597841
0.75 0.0 48.774544132308925  738559.4609610195
