0 0 0  738533.6304637747
0.5 0.0 -11.07028666293414  738533.6305748605
0.5 0.0 -10.620003422180393  738533.63057503
0.5 0.0 -10.389528129295586  738533.6305751996
0.5 0.0 -9.922028508195261  738533.6305753883
0.5 0.0 -9.684457965630086  738533.6305755505
0.5 0.0 -12.90450795539759  738533.6305757364
0.5 0.0 -12.522681377142787  738533.6305759164
0.5 0.0 -12.423889288116937  738533.6305761
0.5 0.0 -12.013086522574143  738533.6305762809
0.5 0.0 -11.795650643970475  738533.6305764668
0.5 0.0 -13.386464936632834  738533.630576631
0.5 0.0 -13.184610953094282  738533.6305768166
0.5 0.0 -12.75546014955026  738533.6305769918
0.5 0.0 -12.630782009658349  738533.6305771653
0.5 0.0 -12.166155960096146  738533.6305773521
0.5 0.0 -11.686837036831214  738533.6305775326
0.5 0.0 -11.438602297660976  738533.6305777248
0.5 0.0 -10.237737704683305  738533.6305778859
0.5 0.0 -9.983266897684429  738533.6305780563
0.5 0.0 -9.353573829716222  738533.6305782474
0.5 0.0 -9.094066362116843  738533.6305784166
0.5 0.0 -8.579764727414437  738533.6305785904
0.5 0.0 -8.326227669124759  738533.630578775
0.5 0.0 -12.021891918360884  738533.630578949
0.5 0.0 -11.845709267319222  738533.6305791215
0.5 0.0 -11.517678330499399  738533.6305793078
0.5 0.0 -11.387870333132998  738533.6305794788
0.5 0.0 -11.06632345431762  738533.6305796547
0.5 0.0 -10.703307905061186  738533.6305798409
0.5 0.0 -10.477217875382523  738533.6305800382
0.5 0.0 -11.914110189791831  738533.6305802132
0.5 0.0 -11.690992259413107  738533.6305803915
0.5 0.0 -11.289168698450458  738533.6305805638
0.5 0.0 -11.045297400734219  738533.6305807363
0.5 0.0 -10.570701353643424  738533.6305809211
0.5 0.0 -10.120703959090733  738533.6305811171
0.5 0.0 -12.82773762269253  738533.6305812795
0.5 0.0 -12.48100619118008  738533.6305814565
0.5 0.0 -12.228100785811321  738533.6305816334
0.5 0.0 -11.875598247050787  738533.6305818085
0.5 0.0 -11.685940658736172  738533.6305819858
0.5 0.0 -11.265565975255926  738533.6305821624
0.5 0.0 -11.032732223588544  738533.6305823397
0.5 0.0 -13.163855225387579  738533.6305825253
0.5 0.0 -12.933235658521536  738533.6305827085
0.5 0.0 -12.456672594322951  738533.6305828945
0.5 0.0 -11.97313299805377  738533.63058307
0.5 0.0 -11.735365155878423  738533.6305832504
0.5 0.0 -11.260912769770602  738533.6305834354
0.5 0.0 -15.382934874696584  738533.6305836033
0.5 0.0 -14.98733124913992  738533.630583789
0.5 0.0 -14.796023037220502  738533.6305839679
0.5 0.0 -14.35320037530346  738533.6305841441
0.5 0.0 -14.110246065584588  738533.6305843196
0.5 0.0 -13.57399455181378  738533.630584498
0.5 0.0 -13.279870029095836  738533.6305846951
0.5 0.0 -13.010223034824989  738533.6305848595
0.5 0.0 -12.367596102260883  738533.6305850437
0.5 0.0 -12.030293617116214  738533.6305852182
0.5 0.0 -11.370194922321813  738533.6305854027
0.5 0.0 -11.012369646357698  738533.6305855783
0.5 0.0 -10.38227438249212  738533.6305857594
0.5 0.0 -11.395864108568544  738533.63058593
0.5 0.0 -10.864920856931036  738533.6305861031
0.5 0.0 -10.607117160482918  738533.6305862782
0.5 0.0 -10.178571718430476  738533.6305864634
0.5 0.0 -9.922557643693029  738533.6305866491
0.5 0.0 -9.403220152652688  738533.6305868245
0.5 0.0 -9.135608411390796  738533.6305870016
0.5 0.0 -15.029615507270345  738533.6305871783
0.5 0.0 -14.6176805030634  738533.630587358
0.5 0.0 -14.352557906845696  738533.63058753
0.5 0.0 -13.918967289382353  738533.6305877052
0.5 0.0 -13.685601208434258  738533.6305878813
0.5 0.0 -13.168208326356329  738533.630588066
0.5 0.0 -12.099221486722517  738533.6305882391
0.5 0.0 -11.464561871686458  738533.6305884238
0.5 0.0 -11.077132317211122  738533.6305885969
0.5 0.0 -10.318381912898314  738533.63058877
0.5 0.0 -9.923895458006717  738533.6305889548
0.5 0.0 -9.129298081807757  738533.6305891394
0.5 0.0 -8.368864499365262  738533.6305893242
0.5 0.0 -14.862888944069443  738533.6305895088
0.5 0.0 -14.36595864006477  738533.6305896936
0.5 0.0 -14.123487079501508  738533.6305898782
0.5 0.0 -13.6875006827903  738533.6305900629
0.5 0.0 -13.20806981540803  738533.6305902476
0.5 0.0 -12.924350530660892  738533.6305904322
0.5 0.0 -11.392207606735903  738533.6305906115
0.5 0.0 -10.99838900869704  738533.6305908052
0.5 0.0 -10.120367965275657  738533.6305909791
0.5 0.0 -9.706593297510047  738533.6305911547
0.5 0.0 -8.741715622023559  738533.6305913253
0.5 0.0 -8.308439170822512  738533.6305915241
0.5 0.0 -14.63629103052703  738533.630591686
0.5 0.0 -14.124594266774778  738533.6305918735
0.5 0.0 -13.896951607886322  738533.6305920453
0.5 0.0 -13.477491830432218  738533.6305922185
0.5 0.0 -13.251029693661872  738533.6305923997
0.5 0.0 -12.70083699833527  738533.6305925827
0.5 0.0 -12.361070815902377  738533.6305927574
0.5 0.0 -11.56453490735742  738533.6305929378
0.5 0.0 -11.112808650047056  738533.630593114
0.5 0.0 -10.116813084898878  738533.6305933011
0.5 0.0 -9.622998786060778  738533.6305934697
0.5 0.0 -8.673642815943037  738533.6305936448
0.5 0.0 -7.817270088790032  738533.63059383
0.5 0.0 -15.399352044159436  738533.6305940073
0.5 0.0 -15.13342343110163  738533.6305941878
0.5 0.0 -14.651222064103566  738533.6305943684
0.5 0.0 -14.13311642341661  738533.6305945464
0.5 0.0 -13.825340071898514  738533.6305947216
0.5 0.0 -13.064257731958811  738533.6305949007
0.5 0.0 -12.607408481370266  738533.6305950962
0.5 0.0 -11.779851014704555  738533.630595261
0.5 0.0 -10.711500450376525  738533.6305954421
0.5 0.0 -10.092295381479657  738533.6305956247
0.5 0.0 -9.175643895032268  738533.6305958108
0.5 0.0 -8.78776990272993  738533.6305959865
0.5 0.0 -8.141583954085448  738533.6305961796
0.5 0.0 -14.782809174251033  738533.6305963452
0.5 0.0 -14.460180390717005  738533.6305965312
0.5 0.0 -14.29912707932057  738533.6305967103
0.5 0.0 -14.116905887432845  738533.6305968895
0.5 0.0 -13.656784164886279  738533.6305970717
0.5 0.0 -13.345016719167116  738533.6305972444
0.5 0.0 -12.501830889225346  738533.6305974252
0.5 0.0 -18.34686739356035  738533.6305976015
0.5 0.0 -17.493687675174478  738533.6305977803
0.5 0.0 -16.89349320042274  738533.6305979622
0.5 0.0 -15.628494893062237  738533.6305981382
0.5 0.0 -14.992693101285958  738533.6305983221
0.5 0.0 -13.729309290601407  738533.6305985011
0.5 0.0 -13.098888307386792  738533.63059868
0.5 0.0 -12.521014149375763  738533.6305988636
0.5 0.0 -11.319203115139128  738533.6305990492
0.5 0.0 -10.746510476836495  738533.6305992253
0.5 0.0 -9.471957629611254  738533.6305994055
0.5 0.0 -8.77625189815261  738533.6305995975
0.5 0.0 -15.030900056598025  738533.630599757
0.5 0.0 -14.369518381907037  738533.6305999431
0.5 0.0 -13.02281368313285  738533.6306001268
0.5 0.0 -12.330784270395712  738533.6306003017
0.5 0.0 -10.959205566430398  738533.6306004905
0.5 0.0 -9.523003018778173  738533.6306006674
0.5 0.0 -8.748990568884844  738533.6306008631
0.5 0.0 -12.816491005013209  738533.6306010372
0.5 0.0 -11.99750145346948  738533.6306012125
0.5 0.0 -10.227217440748703  738533.6306013984
0.5 0.0 -8.3389812213743  738533.6306015723
0.5 0.0 -7.339182787557346  738533.6306017555
0.5 0.0 -5.296152752570938  738533.6306019331
0.5 0.0 -12.434277412083137  738533.6306021092
0.5 0.0 -10.524816970086638  738533.6306022782
0.5 0.0 -9.623122623826895  738533.6306024531
0.5 0.0 -7.7831736585528795  738533.6306026368
0.5 0.0 -6.865975777209701  738533.6306028214
0.5 0.0 -4.886204323466957  738533.630603007
0.5 0.0 -3.7807271273574345  738533.6306031933
0.5 0.0 -5.410220078316561  738533.630603376
0.5 0.0 -3.2855929597286107  738533.6306035527
0.5 0.0 -2.212815533567374  738533.6306037289
0.5 0.0 -0.04582565339756119  738533.630603912
0.5 0.0 1.02763111467717  738533.6306040952
0.5 0.0 3.1172693680589014  738533.6306042805
0.5 0.0 -2.9962631072833226  738533.6306044655
0.5 0.0 -1.226762587457648  738533.6306046379
0.5 0.0 0.35893067138369045  738533.6306048128
0.5 0.0 1.0930139170942546  738533.6306049929
0.5 0.0 2.4815965898815726  738533.6306051757
0.5 0.0 3.166448390769711  738533.6306053619
0.5 0.0 4.581172120272396  738533.6306055494
0.5 0.0 -1.0192062913265807  738533.6306057196
0.5 0.0 0.4482841103544524  738533.6306058979
0.5 0.0 1.1774828025111508  738533.6306060734
0.5 0.0 2.686736765519935  738533.6306062582
0.5 0.0 4.133856704420451  738533.6306064439
0.5 0.0 4.824793784092483  738533.630606628
0.5 0.0 -1.8044025470272533  738533.6306068035
0.5 0.0 -1.2397235370885642  738533.6306069772
0.5 0.0 -0.1420292969075524  738533.6306071522
0.5 0.0 0.413174768481142  738533.6306073276
0.5 0.0 1.534688226781691  738533.6306074997
0.5 0.0 2.128788323573443  738533.6306076729
0.5 0.0 3.396806020018308  738533.6306078566
0.5 0.0 -3.6437988470851477  738533.6306080351
0.5 0.0 -2.386714645858863  738533.6306082201
0.5 0.0 -1.116852694165547  738533.630608402
0.5 0.0 -0.493161217411462  738533.6306085772
0.5 0.0 0.751181937165508  738533.6306087596
0.5 0.0 1.3828856711478261  738533.630608946
0.5 0.0 -4.022810610815297  738533.6306091212
0.5 0.0 -3.4110353357702814  738533.6306093059
0.5 0.0 -2.0709382641432987  738533.630609486
0.5 0.0 -1.3934275835109837  738533.6306096631
0.5 0.0 0.015668130368655376  738533.6306098428
0.5 0.0 1.4751952756054418  738533.6306100405
0.5 0.0 -8.164959222714963  738533.6306102045
0.5 0.0 -6.94285755301514  738533.6306103797
0.5 0.0 -6.372581794138641  738533.6306105579
0.5 0.0 -5.163715667454199  738533.630610736
0.5 0.0 -4.539030396731397  738533.6306109225
0.5 0.0 -3.1749165090195297  738533.630611109
0.5 0.0 -1.5768591558796914  738533.6306113051
0.5 0.0 -6.757216566555943  738533.6306114679
0.5 0.0 -4.981700655490166  738533.6306116427
0.5 0.0 -4.026233048714683  738533.6306118265
0.5 0.0 -2.165855730264222  738533.630612004
0.5 0.0 -1.2544103450341495  738533.6306121768
0.5 0.0 0.5006141782621442  738533.6306123624
0.5 0.0 -7.831000429728471  738533.6306125381
0.5 0.0 -6.416880313021713  738533.6306127079
0.5 0.0 -5.720370670099584  738533.6306128831
0.5 0.0 -4.300775087131435  738533.6306130559
0.5 0.0 -3.545046548184724  738533.6306132398
0.5 0.0 -1.8069201470928338  738533.6306134257
0.5 0.0 -0.8903494280058116  738533.6306136131
0.5 0.0 -7.024566794354839  738533.6306137757
0.5 0.0 -5.116964982100387  738533.6306139547
0.5 0.0 -4.164439695293853  738533.6306141386
0.5 0.0 -2.2326177934799962  738533.6306143202
0.5 0.0 -1.2905515912244063  738533.6306145043
0.5 0.0 0.5543718924033428  738533.6306146969
0.5 0.0 -11.601252107638787  738533.6306148695
0.5 0.0 -10.176973156775357  738533.630615054
0.5 0.0 -8.7066351843385  738533.6306152403
0.5 0.0 -7.928310808809332  738533.630615422
0.5 0.0 -6.201025363748007  738533.6306156018
0.5 0.0 -5.233995171218472  738533.6306157922
0.5 0.0 -9.48274541011065  738533.6306159621
0.5 0.0 -7.354360495116871  738533.6306161478
0.5 0.0 -6.253102661632923  738533.6306163335
0.5 0.0 -4.058290815155707  738533.6306165183
0.5 0.0 -2.933010695666742  738533.6306166998
0.5 0.0 -0.8563931170696489  738533.6306168851
0.5 0.0 1.1605935844517705  738533.6306170819
0.5 0.0 -12.709358169207436  738533.6306172541
0.5 0.0 -11.111675588057443  738533.6306174333
0.5 0.0 -10.278414240619421  738533.6306176153
0.5 0.0 -8.468248263126764  738533.6306177931
0.5 0.0 -7.481385402575773  738533.6306179684
0.5 0.0 -5.279114943381733  738533.6306181588
0.5 0.0 -19.32787865281575  738533.6306183317
0.5 0.0 -17.280911043908326  738533.6306185038
0.5 0.0 -15.069242547655087  738533.6306186902
0.5 0.0 -13.902575599287227  738533.6306188637
0.5 0.0 -11.35810017214021  738533.6306190499
0.5 0.0 -10.094849948844539  738533.6306192271
0.5 0.0 -7.438379020902856  738533.6306194108
0.5 0.0 -15.83013499207404  738533.6306195947
0.5 0.0 -13.280457620491298  738533.6306197803
0.5 0.0 -10.588488462816144  738533.6306199651
0.5 0.0 -9.178103339539264  738533.6306201417
0.5 0.0 -6.249056691342006  738533.6306203264
0.5 0.0 -4.729599976866622  738533.6306205174
0.5 0.0 -15.213666082841646  738533.6306206918
0.5 0.0 -13.865638197871261  738533.6306208668
0.5 0.0 -11.136337282253685  738533.6306210366
0.5 0.0 -9.763827850507987  738533.630621214
0.5 0.0 -6.959237943055859  738533.6306213912
0.5 0.0 -5.510867907133682  738533.6306215875
0.5 0.0 -20.14814126855996  738533.6306217519
0.5 0.0 -17.73232940497239  738533.630621932
0.5 0.0 -16.456810925185916  738533.6306221092
0.5 0.0 -13.735477945353187  738533.6306222943
0.5 0.0 -12.280011441629512  738533.6306224775
0.5 0.0 -9.130145069382301  738533.6306226616
0.5 0.0 -7.426352039312939  738533.6306228491
0.5 0.0 -23.739676428832837  738533.6306230184
0.5 0.0 -20.881905767375105  738533.6306232028
0.5 0.0 -19.40052671073982  738533.6306233779
0.5 0.0 -16.35967773698349  738533.6306235498
0.5 0.0 -14.800330319848353  738533.6306237245
0.5 0.0 -11.56835578795208  738533.630623913
0.5 0.0 -32.46498048503586  738533.6306240819
0.5 0.0 -30.277123620301985  738533.6306242684
0.5 0.0 -29.128609215036416  738533.6306244463
0.5 0.0 -26.49394395894456  738533.6306246297
0.5 0.0 -23.593155030593334  738533.630624814
0.5 0.0 -21.958034960752656  738533.6306249946
0.5 0.0 -18.26223098082638  738533.6306251822
0.5 0.0 -42.73504144875731  738533.6306253503
0.5 0.0 -39.996076953194645  738533.6306255326
0.5 0.0 -38.48041546405107  738533.6306257085
0.5 0.0 -35.25807511135955  738533.6306258815
0.5 0.0 -33.53481407553377  738533.6306260566
0.5 0.0 -29.788442996725973  738533.6306262492
0.5 0.0 -72.13619068198476  738533.6306264094
0.5 0.0 -71.67501594283753  738533.630626584
0.5 0.0 -71.32897878935302  738533.6306267706
0.5 0.0 -70.40844970828263  738533.630626946
0.5 0.0 -68.91778314847362  738533.6306271302
0.5 0.0 -67.88197766319657  738533.6306273135
0.5 0.0 -65.0893921231699  738533.6306274894
0.5 0.0 -71.644001631743  738533.6306276685
0.5 0.0 -67.06231924000684  738533.6306278475
0.5 0.0 -64.42521113711801  738533.6306280225
0.5 0.0 -58.639850636070626  738533.6306282083
0.5 0.0 -55.45619341051321  738533.6306283833
0.5 0.0 -48.54395693262708  738533.6306285696
0.5 0.0 -120  738533.6306287444
0.5 0.0 -120  738533.6306289196
0.5 0.0 -120  738533.6306290891
0.5 0.0 -120  738533.6306292684
0.5 0.0 -120  738533.6306294494
0.5 0.0 -120  738533.6306296327
0.5 0.0 -120  738533.6306298239
0.5 0.0 -120  738533.6306299979
0.5 0.0 -120  738533.6306301742
0.5 0.0 -120  738533.6306303685
0.5 0.0 -120  738533.6306305433
0.5 0.0 -120  738533.6306307194
0.5 0.0 -120  738533.6306309282
0.5 0.0 -120  738533.6306311078
0.5 0.0 -120  738533.6306312928
0.5 0.0 -120  738533.6306314651
0.5 0.0 -120  738533.6306316314
0.5 0.0 -120  738533.6306318033
0.5 0.0 -120  738533.6306319752
0.5 0.0 -120  738533.6306321588
