0 0 0  738534.4965086519
0.6 0.0 -15.291512019002544  738534.4966081734
0.6 0.0 -14.768928738898664  738534.4966083517
0.6 0.0 -14.496380316797486  738534.4966085269
0.6 0.0 -13.946487926311919  738534.4966087119
0.6 0.0 -15.801751405153839  738534.4966088972
0.6 0.0 -15.456555900234413  738534.496609083
0.6 0.0 -15.322806048043597  738534.4966092588
0.6 0.0 -15.091357324058714  738534.4966094339
0.6 0.0 -15.010738834124124  738534.4966096112
0.6 0.0 -14.911711232305118  738534.4966097922
0.6 0.0 -14.884469538654285  738534.4966099774
0.6 0.0 -16.913004989702667  738534.496610148
0.6 0.0 -16.974041729097653  738534.4966103329
0.6 0.0 -16.962991551723878  738534.4966105098
0.6 0.0 -16.91343300190029  738534.496610689
0.6 0.0 -16.8532349100498  738534.4966108649
0.6 0.0 -16.668836024395294  738534.4966110504
0.6 0.0 -18.59970641637511  738534.496611235
0.6 0.0 -18.526405588559275  738534.4966114213
0.6 0.0 -18.354419070747767  738534.4966116023
0.6 0.0 -18.278167299795253  738534.4966117785
0.6 0.0 -18.132453711103924  738534.4966119645
0.6 0.0 -18.066345239417107  738534.4966121527
0.6 0.0 -20.036422418308927  738534.4966123229
0.6 0.0 -20.00999776230196  738534.4966125035
0.6 0.0 -19.934262420320767  738534.4966126934
0.6 0.0 -19.82018927986117  738534.4966128622
0.6 0.0 -19.728604833760166  738534.4966130484
0.6 0.0 -19.48672395554085  738534.4966132243
0.6 0.0 -19.3366561389653  738534.4966134109
0.6 0.0 -19.46800592609507  738534.4966135727
0.6 0.0 -19.31309391323757  738534.4966137545
0.6 0.0 -18.97970178472139  738534.4966139416
0.6 0.0 -18.80938820817225  738534.496614125
0.6 0.0 -18.47490660063699  738534.4966143115
0.6 0.0 -18.15762895096539  738534.4966144924
0.6 0.0 -26.348095660308  738534.496614662
0.6 0.0 -26.224838944736675  738534.4966148384
0.6 0.0 -26.16433307822898  738534.4966150249
0.6 0.0 -26.00653651084288  738534.4966152016
0.6 0.0 -25.912262018006793  738534.4966153838
0.6 0.0 -25.639053748784654  738534.4966155647
0.6 0.0 -25.211774860318023  738534.4966157498
0.6 0.0 -23.491011687567532  738534.4966159349
0.6 0.0 -22.828322675916706  738534.4966161044
0.6 0.0 -22.444748881166326  738534.496616284
0.6 0.0 -21.61858460375009  738534.496616464
0.6 0.0 -21.19367504813704  738534.496616649
0.6 0.0 -20.36749167454571  738534.4966168483
0.6 0.0 -23.087285861001412  738534.4966170156
0.6 0.0 -22.489000841726014  738534.4966172018
0.6 0.0 -21.963707681403523  738534.4966173887
0.6 0.0 -21.76348867133446  738534.4966175676
0.6 0.0 -21.359254992028987  738534.496617743
0.6 0.0 -21.156273236954814  738534.4966179247
0.6 0.0 -20.263317024137358  738534.4966181052
0.6 0.0 -20.02284442957836  738534.4966182814
0.6 0.0 -19.46165223053109  738534.4966184627
0.6 0.0 -18.779918990706438  738534.4966186477
0.6 0.0 -18.422856020750096  738534.4966188194
0.6 0.0 -17.688465113698683  738534.4966189926
0.6 0.0 -17.32313819498214  738534.4966191866
0.6 0.0 -22.893420906608867  738534.4966193528
0.6 0.0 -22.64961401129127  738534.4966195388
0.6 0.0 -22.442964137850936  738534.4966197344
0.6 0.0 -21.840533402104956  738534.4966199193
0.6 0.0 -21.644659002757468  738534.4966200817
0.6 0.0 -21.21201163611951  738534.4966202797
0.6 0.0 -26.6690675427785  738534.4966204461
0.6 0.0 -26.219127310875496  738534.496620632
0.6 0.0 -25.92743525006763  738534.4966208099
0.6 0.0 -25.310904750337023  738534.496621002
0.6 0.0 -24.96582307189554  738534.4966211735
0.6 0.0 -24.217951735715804  738534.496621347
0.6 0.0 -23.820833838225024  738534.4966215313
0.6 0.0 -21.91032291248867  738534.4966216995
0.6 0.0 -21.502072709557098  738534.4966218766
0.6 0.0 -20.67782697147795  738534.4966220565
0.6 0.0 -19.864171763977865  738534.4966222344
0.6 0.0 -19.46924286961875  738534.4966224176
0.6 0.0 -18.70881373416906  738534.4966226075
0.6 0.0 -22.372289749320903  738534.496622772
0.6 0.0 -21.78428256216498  738534.4966229523
0.6 0.0 -21.45205970355779  738534.4966231387
0.6 0.0 -20.883153766471292  738534.4966233239
0.6 0.0 -20.58795510609803  738534.4966235012
0.6 0.0 -19.950783797035474  738534.496623686
0.6 0.0 -19.228871229895795  738534.4966238777
0.6 0.0 -21.512467679142333  738534.4966240454
0.6 0.0 -20.74077446001974  738534.4966242177
0.6 0.0 -20.347114308771594  738534.4966243877
0.6 0.0 -19.45629183822966  738534.4966245695
0.6 0.0 -18.988494311018236  738534.4966247518
0.6 0.0 -18.021057934754687  738534.4966249372
0.6 0.0 -21.007323978194005  738534.4966251235
0.6 0.0 -20.575442781976665  738534.49662531
0.6 0.0 -19.693994464768224  738534.496625491
0.6 0.0 -19.261924338313342  738534.4966256757
0.6 0.0 -18.301899320511207  738534.4966258538
0.6 0.0 -17.790923475836383  738534.4966260502
0.6 0.0 -20.208995289206413  738534.4966262252
0.6 0.0 -19.11777754394433  738534.496626405
0.6 0.0 -18.531770296297854  738534.4966265978
0.6 0.0 -17.259018819611303  738534.4966267718
0.6 0.0 -16.600494783632065  738534.4966269514
0.6 0.0 -15.229424617345456  738534.4966271312
0.6 0.0 -14.519358890941449  738534.4966273063
0.6 0.0 -17.776612254832507  738534.4966274842
0.6 0.0 -16.441908573147927  738534.4966276652
0.6 0.0 -15.792044848875975  738534.4966278509
0.6 0.0 -14.472568871085443  738534.4966280395
0.6 0.0 -13.82582986416627  738534.4966282194
0.6 0.0 -12.557213380712515  738534.4966283946
0.6 0.0 -16.785713391318836  738534.4966285775
0.6 0.0 -15.674336060483702  738534.4966287593
0.6 0.0 -14.495539897219286  738534.4966289344
0.6 0.0 -13.924016273749933  738534.4966291152
0.6 0.0 -12.738869348012244  738534.4966292881
0.6 0.0 -12.113707818083931  738534.4966294729
0.6 0.0 -10.77430817834236  738534.4966296505
0.6 0.0 -14.684234426396275  738534.496629821
0.6 0.0 -13.236714413314866  738534.4966300013
0.6 0.0 -12.453787486996438  738534.4966301871
0.6 0.0 -10.773186501915607  738534.4966303712
0.6 0.0 -9.87912680255257  738534.4966305491
0.6 0.0 -7.994228128610722  738534.4966307356
0.6 0.0 -11.789450171361269  738534.4966309153
0.6 0.0 -10.8198639863578  738534.4966310943
0.6 0.0 -8.816951328645596  738534.49663127
0.6 0.0 -7.769834450872212  738534.4966314553
0.6 0.0 -5.637109704712872  738534.4966316394
0.6 0.0 -3.4271312678824293  738534.4966318338
0.6 0.0 -7.585247054829319  738534.4966320047
0.6 0.0 -5.371494472775391  738534.4966321854
0.6 0.0 -4.244894394016841  738534.4966323549
0.6 0.0 -1.9576723809812793  738534.4966325319
0.6 0.0 -0.7822221334345361  738534.4966327171
0.6 0.0 1.6266877238760271  738534.4966329007
0.6 0.0 2.860826870531972  738534.4966330923
0.6 0.0 -0.9702020914916142  738534.4966332648
0.6 0.0 0.28851410162507524  738534.4966334398
0.6 0.0 2.8582204951289882  738534.4966336199
0.6 0.0 5.46862994892117  738534.4966338051
0.6 0.0 6.787234883118203  738534.4966339886
0.6 0.0 9.449199308513235  738534.4966341908
0.6 0.0 3.9496893359122907  738534.4966343432
0.6 0.0 6.641491130944326  738534.4966345205
0.6 0.0 8.003684446493551  738534.4966347049
0.6 0.0 10.927403499721416  738534.4966348818
0.6 0.0 12.36775050182589  738534.496635054
0.6 0.0 15.369792200498392  738534.496635225
0.6 0.0 16.954154290394627  738534.496635421
0.6 0.0 13.729752547397478  738534.4966355884
0.6 0.0 17.13383703603885  738534.4966357667
0.6 0.0 18.886173206760645  738534.4966359418
0.6 0.0 22.385197639963316  738534.4966361255
0.6 0.0 24.08928645233759  738534.4966363115
0.6 0.0 27.336308285054585  738534.4966364887
0.6 0.0 21.653644197512637  738534.4966366687
0.6 0.0 24.524285597992886  738534.496636854
0.6 0.0 27.12778113986667  738534.4966370399
0.6 0.0 28.359453231743124  738534.4966372257
0.6 0.0 30.722409622780596  738534.4966374087
0.6 0.0 31.888019028183287  738534.4966376025
0.6 0.0 28.10741890095347  738534.4966377625
0.6 0.0 29.335044931952485  738534.4966379371
0.6 0.0 31.952353011670663  738534.4966381206
0.6 0.0 34.78651968234725  738534.4966383069
0.6 0.0 36.28503267933338  738534.4966384845
0.6 0.0 39.402665555728824  738534.4966386646
0.6 0.0 40.99514044414829  738534.4966388497
0.6 0.0 36.28968696150107  738534.4966390328
0.6 0.0 37.89495424724742  738534.496639218
0.6 0.0 40.99129030603522  738534.4966393965
0.6 0.0 43.870919874702814  738534.496639578
0.6 0.0 45.2125020671557  738534.4966397554
0.6 0.0 47.72823382885287  738534.4966399394
0.6 0.0 39.64700921775218  738534.4966401178
0.6 0.0 41.9013906140073  738534.4966403007
0.6 0.0 42.979197974861876  738534.4966404726
0.6 0.0 45.1862901272615  738534.4966406499
0.6 0.0 46.22130156013714  738534.4966408268
0.6 0.0 48.28772880312108  738534.4966410035
0.6 0.0 49.31258064282288  738534.4966411821
0.6 0.0 43.88468225137233  738534.4966413685
0.6 0.0 45.630541308672136  738534.4966415538
0.6 0.0 46.43416847155154  738534.4966417254
0.6 0.0 47.82903191361589  738534.4966419049
0.6 0.0 48.42927703099033  738534.4966420903
0.6 0.0 49.47273526329913  738534.4966422762
0.6 0.0 41.048086580553175  738534.4966424614
0.6 0.0 41.72818159383864  738534.4966426467
0.6 0.0 42.22107540899439  738534.4966428289
0.6 0.0 42.39485577666989  738534.496642993
0.6 0.0 42.614527059786944  738534.4966431642
0.6 0.0 42.672606225976224  738534.4966433385
0.6 0.0 42.70805822839677  738534.4966435258
0.6 0.0 33.5031891171202  738534.4966437003
0.6 0.0 33.18084551666126  738534.4966438755
0.6 0.0 32.987525700561896  738534.4966440598
0.6 0.0 32.55859827446254  738534.4966442458
0.6 0.0 32.33554219617366  738534.4966444281
0.6 0.0 31.88504947569443  738534.4966446118
0.6 0.0 31.663652044181337  738534.4966447904
0.6 0.0 20.784349326515276  738534.4966449763
0.6 0.0 20.10261666672003  738534.4966451613
0.6 0.0 19.750534901235465  738534.4966453365
0.6 0.0 19.094699447248033  738534.4966455196
0.6 0.0 18.49587881852118  738534.4966457159
0.6 0.0 9.590877351388444  738534.4966458845
0.6 0.0 8.884314340314297  738534.496646062
0.6 0.0 8.538167115978188  738534.496646246
0.6 0.0 7.813116153679759  738534.4966464313
0.6 0.0 7.466642146576043  738534.4966466167
0.6 0.0 6.751771677936572  738534.4966467981
0.6 0.0 5.976075428979102  738534.496646984
0.6 0.0 -6.843231330876038  738534.4966471592
0.6 0.0 -8.046242202110147  738534.496647339
0.6 0.0 -8.668135678039176  738534.4966475163
0.6 0.0 -10.043286532885608  738534.4966476975
0.6 0.0 -10.755041634886783  738534.4966478804
0.6 0.0 -12.193674248362356  738534.4966480588
0.6 0.0 -23.111919254549885  738534.4966482384
0.6 0.0 -24.69403294232425  738534.4966484205
0.6 0.0 -26.23493036310252  738534.4966485937
0.6 0.0 -27.01785744505335  738534.4966487683
0.6 0.0 -28.467430655742067  738534.4966489519
0.6 0.0 -29.169246533562113  738534.4966491292
0.6 0.0 -30.54358106080007  738534.4966493249
0.6 0.0 -39.78876934765634  738534.4966494973
0.6 0.0 -41.237431020662676  738534.4966496781
0.6 0.0 -41.96307449055299  738534.4966498598
0.6 0.0 -43.374909178533144  738534.4966500355
0.6 0.0 -44.85181996052218  738534.4966502112
0.6 0.0 -45.57675993366719  738534.4966503856
0.6 0.0 -55.045881719477634  738534.496650566
0.6 0.0 -55.714394217922276  738534.4966507461
0.6 0.0 -56.99772123624023  738534.4966509287
0.6 0.0 -57.61790361134375  738534.4966511126
0.6 0.0 -58.82101081645142  738534.4966512838
0.6 0.0 -59.41157820263005  738534.4966514575
0.6 0.0 -60.588854508187254  738534.4966516413
0.6 0.0 -61.1749466534655  738534.4966518207
0.6 0.0 -67.14844728967874  738534.4966520063
0.6 0.0 -68.20289728783447  738534.496652184
0.6 0.0 -68.68931843235367  738534.4966523679
0.6 0.0 -69.61597218594133  738534.4966525447
0.6 0.0 -70.05325164018777  738534.4966527467
0.6 0.0 -73.10660035453226  738534.4966529021
0.6 0.0 -73.3887919320325  738534.4966530883
0.6 0.0 -73.86471944056922  738534.4966532665
0.6 0.0 -74.24368471707552  738534.4966534469
0.6 0.0 -74.38755069723764  738534.4966536306
0.6 0.0 -74.6316439373154  738534.496653818
0.6 0.0 -75.97379087337397  738534.4966539793
0.6 0.0 -76.07487052700702  738534.4966541523
0.6 0.0 -76.13963964540142  738534.4966543339
0.6 0.0 -76.25918995603043  738534.4966545183
0.6 0.0 -76.33302125900384  738534.4966546937
0.6 0.0 -76.52430435319582  738534.4966548749
0.6 0.0 -76.74430040528112  738534.4966550728
0.6 0.0 -76.22444199319898  738534.4966552481
0.6 0.0 -76.44768635409577  738534.4966554273
0.6 0.0 -76.64140622153555  738534.4966556055
0.6 0.0 -76.87014751814478  738534.4966557906
0.6 0.0 -76.96068005827972  738534.4966559693
0.6 0.0 -77.09635137656183  738534.4966561614
0.6 0.0 -76.2191513786631  738534.496656336
0.6 0.0 -76.37339235618498  738534.4966565112
0.6 0.0 -76.4509994102187  738534.4966566915
0.6 0.0 -76.46324915108531  738534.4966568629
0.6 0.0 -76.45519835544314  738534.49665704
0.6 0.0 -76.42423388895874  738534.4966572184
0.6 0.0 -76.33013287213946  738534.4966573991
0.6 0.0 -84.61402211018071  738534.4966575798
0.6 0.0 -84.71991794493584  738534.4966577594
0.6 0.0 -84.73966326279957  738534.4966579413
0.6 0.0 -84.63669351376957  738534.4966581269
0.6 0.0 -84.27880349333986  738534.4966583127
0.6 0.0 -84.00379280051818  738534.4966585101
0.6 0.0 -63.07063231704956  738534.4966586854
0.6 0.0 -62.51539569247075  738534.4966588608
0.6 0.0 -60.92531771577403  738534.4966590368
0.6 0.0 -60.17252584279898  738534.4966592197
0.6 0.0 -58.52734499314006  738534.4966593946
0.6 0.0 -57.65360905469961  738534.4966596189
0.6 0.0 -60.17472455394853  738534.496659752
0.6 0.0 -59.252255489708986  738534.4966599497
0.6 0.0 -57.3105437382971  738534.4966601228
0.6 0.0 -55.24095563049935  738534.4966602874
0.6 0.0 -54.13801878061505  738534.4966604714
0.6 0.0 -51.75578958776468  738534.4966606561
0.6 0.0 -50.46489784241546  738534.4966608513
0.6 0.0 -61.86765101968793  738534.4966610168
0.6 0.0 -58.157121362868004  738534.4966612032
0.6 0.0 -56.134689559742185  738534.4966613875
0.6 0.0 -51.615261925355306  738534.4966615663
0.6 0.0 -49.10283742395915  738534.4966617513
0.6 0.0 -43.46515808761352  738534.4966619327
0.6 0.0 -29.26228580264992  738534.4966621132
0.6 0.0 -21.743311811399327  738534.4966622829
0.6 0.0 -13.003730217227634  738534.4966624804
0.6 0.0 -8.1876203532683  738534.496662652
0.6 0.0 2.3174756343640945  738534.4966628308
0.6 0.0 7.9014218949706745  738534.4966630065
0.6 0.0 19.348064811839826  738534.4966631961
0.6 0.0 22.748859083553473  738534.4966633661
0.6 0.0 34.49702971204789  738534.4966635418
0.6 0.0 40.09454307022318  738534.4966637242
0.6 0.0 51.04601529835022  738534.4966639072
0.6 0.0 55.773112696560815  738534.4966640866
0.6 0.0 64.16303664049546  738534.4966642659
0.6 0.0 65.98891388528774  738534.4966644412
0.6 0.0 73.73447553034266  738534.496664617
0.6 0.0 73.70805482384384  738534.4966647897
0.6 0.0 79.77621775797638  738534.4966649633
0.6 0.0 84.18867936229714  738534.4966651374
0.6 0.0 85.77195379971691  738534.4966653222
0.6 0.0 87.6756553621266  738534.4966655084
0.6 0.0 98.68693570865767  738534.4966656942
0.6 0.0 98.77302610475343  738534.4966658774
0.6 0.0 97.02638721237079  738534.496666062
0.6 0.0 95.5101315766566  738534.4966662446
0.6 0.0 91.28959915354064  738534.4966664219
0.6 0.0 88.62158554334087  738534.4966666024
0.6 0.0 64.10528353849668  738534.4966667815
0.6 0.0 60.791611445485145  738534.496666962
0.6 0.0 53.051810016463975  738534.4966671459
0.6 0.0 43.85977930312143  738534.4966673249
0.6 0.0 38.75559270100027  738534.4966675037
0.6 0.0 27.530876148569195  738534.496667678
0.6 0.0 34.40402341810863  738534.4966678532
0.6 0.0 20.601874682569182  738534.4966680283
0.6 0.0 12.703889491002506  738534.4966682054
0.6 0.0 -5.0484580584665935  738534.4966684257
0.6 0.0 3.3991824955834504  738534.4966685751
0.6 0.0 20.883264470938986  738534.4966687454
0.6 0.0 29.567328642515932  738534.4966689341
0.6 0.0 29.839906641185305  738534.4966690987
0.6 0.0 39.79647513290693  738534.496669281
0.6 0.0 60.49382474463591  738534.4966694667
0.6 0.0 83.94186891023399  738534.4966696432
0.6 0.0 95.75870369782734  738534.4966698207
0.6 0.0 120  738534.4966700075
0.6 0.0 112.6500372537045  738534.4966701751
0.6 0.0 120  738534.4966703468
0.6 0.0 120  738534.4966705297
0.6 0.0 120  738534.4966707081
0.6 0.0 120  738534.4966708864
0.6 0.0 120  738534.4966710629
0.6 0.0 120  738534.4966712514
0.6 0.0 120  738534.4966714218
0.6 0.0 120  738534.4966716074
0.6 0.0 120  738534.4966717889
0.6 0.0 120  738534.4966719658
0.6 0.0 120  738534.4966721446
0.6 0.0 120  738534.4966723337
0.6 0.0 120  738534.4966725017
0.6 0.0 120  738534.4966726858
0.6 0.0 120  738534.4966728593
0.6 0.0 120  738534.4966730347
0.6 0.0 120  738534.4966732167
0.6 0.0 120  738534.4966733982
0.6 0.0 120  738534.4966735883
0.6 0.0 120  738534.4966737564
0.6 0.0 120  738534.4966739329
0.6 0.0 120  738534.4966741151
0.6 0.0 120  738534.4966742946
0.6 0.0 120  738534.4966744803
0.6 0.0 120  738534.4966746556
0.6 0.0 120  738534.4966748351
0.6 0.0 120  738534.496675011
0.6 0.0 120  738534.4966752274
0.6 0.0 120  738534.4966753863
0.6 0.0 120  738534.4966755448
0.6 0.0 120  738534.4966757144
0.6 0.0 120  738534.4966759045
0.6 0.0 23.14394712883821  738534.4966760747
0.6 0.0 3.6635091804874254  738534.4966762656
0.6 0.0 -7.370300528506365  738534.4966764346
0.6 0.0 -32.47546316075467  738534.4966766202
0.6 0.0 -47.14658572752448  738534.4966768014
0.6 0.0 -81.53709030500357  738534.4966769937
0.6 0.0 -120  738534.4966771664
0.6 0.0 -120  738534.4966773421
0.6 0.0 -120  738534.4966775379
0.6 0.0 -120  738534.49667771
0.6 0.0 -120  738534.49667789
0.6 0.0 -120  738534.4966780756
0.6 0.0 -120  738534.4966782543
0.6 0.0 -120  738534.4966784283
0.6 0.0 -120  738534.4966786136
0.6 0.0 -120  738534.4966787925
0.6 0.0 -120  738534.4966789786
0.6 0.0 -120  738534.4966791626
0.6 0.0 -120  738534.4966793446
0.6 0.0 -120  738534.4966795297
0.6 0.0 -120  738534.4966797149
0.6 0.0 -120  738534.4966799099
0.6 0.0 120  738534.4966800812
0.6 0.0 120  738534.496680263
0.6 0.0 -120  738534.4966804506
0.6 0.0 -120  738534.496680618
0.6 0.0 -120  738534.4966808024
0.6 0.0 -120  738534.4966809746
0.6 0.0 -120  738534.4966811483
0.6 0.0 -120  738534.4966813282
0.6 0.0 -120  738534.4966815042
0.6 0.0 -120  738534.496681701
0.6 0.0 -120  738534.4966818752
0.6 0.0 -120  738534.4966820589
0.6 0.0 -120  738534.4966822341
0.6 0.0 -97.78562056224068  738534.4966824179
0.6 0.0 65.73458968546191  738534.4966826042
0.6 0.0 120  738534.49668278
0.6 0.0 120  738534.4966829582
0.6 0.0 120  738534.496683142
0.6 0.0 120  738534.4966833192
0.6 0.0 120  738534.4966835025
0.6 0.0 120  738534.4966836809
0.6 0.0 120  738534.4966838554
0.6 0.0 120  738534.4966840456
0.6 0.0 120  738534.4966842141
0.6 0.0 120  738534.4966844005
0.6 0.0 120  738534.4966845767
0.6 0.0 120  738534.4966847551
0.6 0.0 120  738534.4966849406
0.6 0.0 120  738534.4966851383
0.6 0.0 120  738534.4966853114
0.6 0.0 120  738534.4966854966
0.6 0.0 120  738534.4966856822
0.6 0.0 120  738534.4966858672
0.6 0.0 120  738534.4966860441
0.6 0.0 120  738534.4966862301
0.6 0.0 120  738534.496686409
0.6 0.0 120  738534.4966865816
0.6 0.0 120  738534.4966867579
0.6 0.0 120  738534.4966869332
0.6 0.0 120  738534.4966871182
0.6 0.0 120  738534.4966872997
0.6 0.0 -92.78851307188533  738534.4966874799
0.6 0.0 -120  738534.4966876588
0.6 0.0 -120  738534.4966878511
0.6 0.0 -120  738534.4966880187
0.6 0.0 -78.14122750802298  738534.4966881948
0.6 0.0 -57.7025259134986  738534.4966883714
0.6 0.0 -32.79020943001779  738534.4966885569
0.6 0.0 -120  738534.4966887401
0.6 0.0 -120  738534.4966889195
0.6 0.0 -120  738534.4966891005
0.6 0.0 -120  738534.4966892608
0.6 0.0 -120  738534.4966894366
0.6 0.0 -120  738534.4966896187
0.6 0.0 -120  738534.4966898273
0.6 0.0 -120  738534.4966899818
0.6 0.0 -120  738534.4966901673
0.6 0.0 -120  738534.496690352
0.6 0.0 -120  738534.4966905345
0.6 0.0 -120  738534.4966907183
0.6 0.0 -120  738534.4966909033
0.6 0.0 -120  738534.4966910888
0.6 0.0 -120  738534.4966912739
0.6 0.0 -120  738534.4966914603
0.6 0.0 -120  738534.4966916455
0.6 0.0 -120  738534.4966918263
0.6 0.0 3.247113980684727  738534.4966920064
0.6 0.0 -36.73538883030821  738534.4966921834
0.6 0.0 -115.30964619252516  738534.4966923601
0.6 0.0 -120  738534.4966925426
0.6 0.0 -93.75398970840973  738534.4966927187
0.6 0.0 120  738534.4966929174
0.6 0.0 120  738534.4966930804
0.6 0.0 -120  738534.4966932742
0.6 0.0 -120  738534.4966934478
0.6 0.0 -120  738534.4966936331
0.6 0.0 -120  738534.4966938057
0.6 0.0 -120  738534.4966939853
0.6 0.0 -120  738534.4966941691
0.6 0.0 -120  738534.4966943818
0.6 0.0 -120  738534.4966945294
0.6 0.0 -120  738534.4966947099
0.6 0.0 -120  738534.4966948868
0.6 0.0 -120  738534.496695072
0.6 0.0 120  738534.4966952532
0.6 0.0 -120  738534.496695434
0.6 0.0 -120  738534.496695612
0.6 0.0 -120  738534.496695797
0.6 0.0 -120  738534.4966959788
0.6 0.0 -120  738534.4966961584
0.6 0.0 -120  738534.4966963347
0.6 0.0 120  738534.4966965099
0.6 0.0 120  738534.4966967015
0.6 0.0 120  738534.4966968688
0.6 0.0 120  738534.4966970533
0.6 0.0 -120  738534.4966972237
0.6 0.0 -120  738534.4966973952
0.6 0.0 -120  738534.4966975804
0.6 0.0 -120  738534.4966977771
