0 0 0  738500.6048409302
1.6980677742582906 -2.0638786589035774 0.7757433459596617  738500.6049094499
0.5 0.0 0.0  738500.6049094499
0.4975020826390129 0.04991670832341408 0.0  738500.6049107057
0.4900332889206208 0.09933466539753061 0.0  738500.6049119774
0.477668244562803 0.1477601033306698 0.0  738500.6049132202
0.46053049700144255 0.19470917115432526 0.0  738500.6049144953
0.4387912809451864 0.2397127693021015 0.0  738500.6049157543
0.4126678074548391 0.28232123669751774 0.0  738500.6049170042
0.3824210936422442 0.32210884361884556 0.0  738500.6049182514
0.3483533546735827 0.3586780454497614 0.0  738500.604919524
0.3108049841353322 0.3916634548137417 0.0  738500.6049207731
0.2701511529340699 0.42073549240394825 0.0  738500.6049220195
0.22679806071278866 0.4456036800307177 0.0  738500.604923282
0.1811788772383367 0.4660195429836132 0.0  738500.6049245273
0.13374941431229367 0.4817790927085965 0.0  738500.6049257983
0.08498357145012041 0.4927248649942301 0.0  738500.604927058
0.03536860083385145 0.4987474933020272 0.0  738500.6049283252
-0.014599761150644408 0.49978680152075255 0.0  738500.604929574
-0.06442224714776243 0.4958324052262343 0.0  738500.6049308304
-0.11360104734654355 0.4869238154390976 0.0  738500.6049320841
-0.1616447834317518 0.47315004384370724 0.0  738500.6049333493
-0.2080734182735712 0.45464871341284085 0.0  738500.6049346117
-0.2524230522999288 0.43160468332443686 0.0  738500.6049358696
-0.2942505586276729 0.40424820190979505 0.0  738500.6049371283
-0.3331380106399122 0.37285260608836 0.0  738500.6049383932
-0.3686968577706229 0.3377315902755753 0.0  738500.6049396669
-0.40057180777346685 0.2992360720519782 0.0  738500.6049409109
-0.42844437668447366 0.2577506859107321 0.0  738500.604942196
-0.4520360710085306 0.2136899401169149 0.0  738500.6049434369
-0.47111117033432914 0.16749407507795233 0.0  738500.6049447119
-0.48547908257479533 0.11962466460699099 0.0  738500.6049459626
-0.4949962483002227 0.0705600040299336 0.0  738500.6049472248
-0.49956757513663974 0.020790331216645246 0.0  738500.6049484744
-0.49914738789737656 -0.029187071713790043 0.0  738500.6049497512
-0.49373988495443244 -0.07887284707162433 0.0  738500.6049510079
-0.48339909628973043 -0.12777055101341583 0.0  738500.6049522855
-0.46822834364539817 -0.17539161384480992 0.0  738500.6049535531
-0.4483792081670735 -0.22126022164742623 0.0  738500.6049548311
-0.424050015855204 -0.2649180704542467 0.0  738500.604956087
-0.39548385595720825 -0.3059289454713596 0.0  738500.6049573616
-0.36296615210006994 -0.34388307959198705 0.0  738500.604958628
-0.32682181043180597 -0.3784012476539641 0.0  738500.6049598973
-0.28741197326663426 -0.4091385555322054 0.0  738500.6049611565
-0.2451304106703497 -0.4357878862067941 0.0  738500.6049624154
-0.20039958603998773 -0.45808296837472745 0.0  738500.6049636821
-0.15366643498920968 -0.47580103694475806 0.0  738500.6049649373
-0.10539789971538985 -0.4887650588325485 0.0  738500.604966193
-0.05607626346752699 -0.49684550181673226 0.0  738500.6049674534
-0.00619433173144528 -0.4999616287820504 0.0  738500.6049687119
0.043749491719723636 -0.4980823044179203 0.0  738500.6049699436
0.09325618471128788 -0.49122630631216624 0.0  738500.6049712059
0.14183109273161312 -0.4794621373315692 0.0  738500.6049724458
0.18898887135649053 -0.46290734116386606 0.0  738500.6049737175
0.23425833565018855 -0.44172732786007657 0.0  738500.6049749757
0.27718716808958077 -0.4161337211119504 0.0  738500.6049762408
0.31734643797131734 -0.3863822437779936 0.0  738500.6049775082
0.35433488714563 -0.35277016278519596 0.0  738500.6049787871
0.3877829392551251 -0.3156333189361604 0.0  738500.6049800665
0.4173563924195799 -0.2753427712988188 0.0  738500.6049813078
0.4427597584706597 -0.2323010897068783 0.0  738500.6049825819
0.46373921537201795 -0.186938332415118 0.0  738500.6049838383
0.480085143325183 -0.13970774909946293 0.0  738500.6049850958
0.49163421922129236 -0.09108125213604751 0.0  738500.6049863488
0.49827104851160875 -0.0415447014087482 0.0  738500.6049876288
0.5 0.0 0.0  738500.6049888887
0.4975020826390129 0.04991670832341408 0.0  738500.6049901443
0.4900332889206208 0.09933466539753061 0.0  738500.604991411
0.477668244562803 0.1477601033306698 0.0  738500.604992687
0.46053049700144255 0.19470917115432526 0.0  738500.6049939479
0.4387912809451864 0.2397127693021015 0.0  738500.6049952277
0.4126678074548391 0.28232123669751774 0.0  738500.60499648
0.3824210936422442 0.32210884361884556 0.0  738500.6049977399
0.3483533546735827 0.3586780454497614 0.0  738500.6049989942
0.3108049841353322 0.3916634548137417 0.0  738500.6050002385
0.2701511529340699 0.42073549240394825 0.0  738500.6050014896
0.22679806071278866 0.4456036800307177 0.0  738500.6050027462
0.1811788772383367 0.4660195429836132 0.0  738500.6050040117
0.13374941431229367 0.4817790927085965 0.0  738500.6050052635
0.08498357145012041 0.4927248649942301 0.0  738500.6050065306
0.03536860083385145 0.4987474933020272 0.0  738500.6050077901
-0.014599761150644408 0.49978680152075255 0.0  738500.6050090526
-0.06442224714776243 0.4958324052262343 0.0  738500.6050103056
-0.11360104734654355 0.4869238154390976 0.0  738500.6050115862
-0.1616447834317518 0.47315004384370724 0.0  738500.6050128549
-0.2080734182735712 0.45464871341284085 0.0  738500.6050141262
-0.2524230522999288 0.43160468332443686 0.0  738500.6050153942
-0.2942505586276729 0.40424820190979505 0.0  738500.6050166722
-0.3331380106399122 0.37285260608836 0.0  738500.6050179411
-0.3686968577706229 0.3377315902755753 0.0  738500.6050191859
-0.40057180777346685 0.2992360720519782 0.0  738500.6050204572
-0.42844437668447366 0.2577506859107321 0.0  738500.6050217076
-0.4520360710085306 0.2136899401169149 0.0  738500.6050229731
-0.47111117033432914 0.16749407507795233 0.0  738500.6050242302
-0.48547908257479533 0.11962466460699099 0.0  738500.6050254971
-0.4949962483002227 0.0705600040299336 0.0  738500.6050267558
-0.49956757513663974 0.020790331216645246 0.0  738500.6050280245
-0.49914738789737656 -0.029187071713790043 0.0  738500.6050292824
-0.49373988495443244 -0.07887284707162433 0.0  738500.6050305454
-0.48339909628973043 -0.12777055101341583 0.0  738500.6050318045
-0.46822834364539817 -0.17539161384480992 0.0  738500.6050330609
-0.4483792081670735 -0.22126022164742623 0.0  738500.6050343232
-0.424050015855204 -0.2649180704542467 0.0  738500.6050356051
-0.39548385595720825 -0.3059289454713596 0.0  738500.6050368622
-0.36296615210006994 -0.34388307959198705 0.0  738500.6050381082
-0.32682181043180597 -0.3784012476539641 0.0  738500.605039381
-0.28741197326663426 -0.4091385555322054 0.0  738500.6050406421
-0.2451304106703497 -0.4357878862067941 0.0  738500.6050419114
-0.20039958603998773 -0.45808296837472745 0.0  738500.6050431563
-0.15366643498920968 -0.47580103694475806 0.0  738500.6050444097
-0.10539789971538985 -0.4887650588325485 0.0  738500.6050456504
-0.05607626346752699 -0.49684550181673226 0.0  738500.605046923
-0.00619433173144528 -0.4999616287820504 0.0  738500.6050481836
0.043749491719723636 -0.4980823044179203 0.0  738500.6050494403
0.09325618471128788 -0.49122630631216624 0.0  738500.6050506787
0.14183109273161312 -0.4794621373315692 0.0  738500.6050519473
0.18898887135649053 -0.46290734116386606 0.0  738500.605053202
0.23425833565018855 -0.44172732786007657 0.0  738500.6050544544
0.27718716808958077 -0.4161337211119504 0.0  738500.6050557237
0.31734643797131734 -0.3863822437779936 0.0  738500.6050569846
0.35433488714563 -0.35277016278519596 0.0  738500.6050582542
0.3877829392551251 -0.3156333189361604 0.0  738500.6050595028
0.4173563924195799 -0.2753427712988188 0.0  738500.605060759
0.4427597584706597 -0.2323010897068783 0.0  738500.6050620188
0.46373921537201795 -0.186938332415118 0.0  738500.6050632801
0.480085143325183 -0.13970774909946293 0.0  738500.6050645356
0.49163421922129236 -0.09108125213604751 0.0  738500.6050657926
0.49827104851160875 -0.0415447014087482 0.0  738500.6050670509
