0 0 0  738532.5118640712
0.0 0.0 0.0  738532.5120023751
0.0 0.0 0.14137114618120267  738532.5120030746
0.0 0.0 0.5654531914622453  738532.5120038058
0.0 0.0 1.2719636236675234  738532.5120045268
0.0 0.0 2.2598041658379815  738532.5120052331
0.0 0.0 3.526121923735129  738532.5120059595
0.0 0.0 5.065003341382016  738532.5120066949
0.0 0.0 6.865818105210387  738532.5120074112
0.0 0.0 8.911247447311045  738532.5120081346
0.0 0.0 11.175057526294552  738532.512008849
0.0 0.0 13.619714992186399  738532.5120095728
0.0 0.0 16.193988972832038  738532.5120103032
0.0 0.0 18.830740838721013  738532.5120110104
0.0 0.0 21.44516773638358  738532.512011755
0.0 0.0 23.933833186157134  738532.512012472
0.0 0.0 26.174880212183915  738532.5120132059
0.0 0.0 28.029868273698366  738532.5120139311
0.0 0.0 29.347689868596603  738532.512014638
0.0 0.0 29.97098804034374  738532.5120153646
0.0 0.0 29.745392064600047  738532.5120160782
0.0 0.0 28.531695488854602  738532.5120167969
0.0 0.0 26.22080243576232  738532.5120175151
0.0 0.0 22.750857458661635  738532.5120182359
0.0 0.0 18.125459097434625  738532.5120189423
0.0 0.0 12.431267429798481  738532.5120196666
0.0 0.0 5.852709660483793  738532.5120203979
0.0 0.0 -1.3190435495360078  738532.5120211241
0.0 0.0 -8.685990258554444  738532.5120218399
0.0 0.0 -15.75523889883893  738532.5120225716
0.0 0.0 -21.965591213242813  738532.5120233021
0.0 0.0 -26.730195725651082  738532.512024028
0.0 0.0 -29.49478063463527  738532.5120247522
0.0 0.0 -29.80833931560024  738532.5120254782
0.0 0.0 -27.39997096851571  738532.5120262014
0.0 0.0 -22.252253182162082  738532.5120269133
0.0 0.0 -14.65863724490852  738532.512027635
0.0 0.0 -5.250691769258096  738532.5120283526
0.0 0.0 5.018549704499218  738532.512029104
0.0 0.0 14.94555316018489  738532.5120297876
0.0 0.0 23.205253986477846  738532.5120305197
0.0 0.0 28.531695488854652  738532.5120312622
0.0 0.0 29.931592643894707  738532.5120319894
0.0 0.0 26.89923110355703  738532.5120326976
0.0 0.0 19.590724582633733  738532.5120334119
0.0 0.0 8.911247447311029  738532.5120341384
0.0 0.0 -3.526121923735085  738532.5120348701
0.0 0.0 -15.594520278621223  738532.5120355685
0.0 0.0 -24.996326449782806  738532.5120362827
0.0 0.0 -29.713842770899518  738532.5120370131
0.0 0.0 -28.487692606640874  738532.5120377275
0.0 0.0 -21.213203435596643  738532.512038443
0.0 0.0 -9.135954948349749  738532.5120391785
0.0 0.0 5.2506917692578385  738532.5120398983
0.0 0.0 18.646741081459684  738532.5120406011
0.0 0.0 27.68018219610323  738532.5120413252
0.0 0.0 29.792053708647863  738532.5120420455
0.0 0.0 24.047009546126674  738532.5120427726
0.0 0.0 11.610985408108215  738532.5120434782
0.0 0.0 -4.320323476566805  738532.5120442063
0.0 0.0 -19.23143570774367  738532.5120449215
0.0 0.0 -28.531695488854307  738532.5120456524
0.0 0.0 -29.02201462583781  738532.5120463519
0.0 0.0 -20.120567296102415  738532.5120470775
0.0 0.0 -4.366950803372993  738532.5120477853
0.0 0.0 13.113472999526824  738532.5120484894
0.0 0.0 26.174880212183286  738532.5120492129
0.0 0.0 29.82902371191011  738532.5120499355
0.0 0.0 22.283831029756396  738532.5120506517
0.0 0.0 5.9912994154337476  738532.5120513642
0.0 0.0 -12.90115335799637  738532.5120520837
0.0 0.0 -26.730195725650237  738532.5120528206
0.0 0.0 -29.441800012203753  738532.5120535527
0.0 0.0 -19.41167884708487  738532.5120542651
0.0 0.0 -0.6125679928461628  738532.5120549811
0.0 0.0 18.683633414641534  738532.5120557109
0.0 0.0 29.423558412096487  738532.5120564423
0.0 0.0 26.10551264008697  738532.5120571515
0.0 0.0 9.851163821093143  738532.51205786
0.0 0.0 -11.567519768319315  738532.5120585826
0.0 0.0 -27.204703083885217  738532.5120593006
0.0 0.0 -28.53169548885544  738532.5120600187
0.0 0.0 -14.328565271848243  738532.5120607403
0.0 0.0 8.007059679608178  738532.5120614634
0.0 0.0 25.98861253341992  738532.5120621765
0.0 0.0 28.96144916499912  738532.5120629072
0.0 0.0 14.658637244911596  738532.5120636454
0.0 0.0 -8.731085004844735  738532.5120643555
0.0 0.0 -26.87833343645703  738532.5120650748
0.0 0.0 -28.029868273699776  738532.5120658049
0.0 0.0 -10.912170391293735  738532.5120665306
0.0 0.0 13.619714992182827  738532.512067264
0.0 0.0 29.092329774620886  738532.5120679714
0.0 0.0 24.490177521518028  738532.5120686912
0.0 0.0 2.4946820833480836  738532.5120694212
0.0 0.0 -21.47809449065163  738532.5120701367
0.0 0.0 -29.792053708648346  738532.512070848
0.0 0.0 -15.755238898843114  738532.5120715684
0.0 0.0 10.471882776594335  738532.512072292
0.0 0.0 28.70136154676337  738532.5120730088
0.0 0.0 24.18714447405344  738532.512073726
0.0 0.0 5.490761034526397e-12  738532.5120744412
0.0 0.0 -24.35333622369681  738532.5120751762
0.0 0.0 -28.35189225539609  738532.5120758917
0.0 0.0 -8.052464191046395  738532.5120766122
0.0 0.0 19.41167884707838  738532.5120773319
0.0 0.0 29.79205370864853  738532.5120780645
0.0 0.0 13.282746931172833  738532.5120787822
0.0 0.0 -15.554244180652969  738532.5120795014
0.0 0.0 -29.997631326114398  738532.5120802077
0.0 0.0 -15.955261759675963  738532.5120809199
0.0 0.0 13.619714992179958  738532.5120816444
0.0 0.0 29.94934617932464  738532.5120823571
0.0 0.0 16.391830402034458  738532.5120830829
0.0 0.0 -13.91279960099463  738532.5120838088
0.0 0.0 -29.99467057142412  738532.5120845409
0.0 0.0 -14.658637244915807  738532.5120852714
0.0 0.0 16.391830402021036  738532.5120859946
0.0 0.0 29.834010842055356  738532.512086701
0.0 0.0 10.516029605746  738532.5120874097
0.0 0.0 -20.639240286606846  738532.5120881406
0.0 0.0 -28.531695488857398  738532.5120888632
0.0 0.0 -3.6196988661544625  738532.512089585
0.0 0.0 25.628322950973885  738532.5120903301
0.0 0.0 24.625508149827954  738532.5120910282
0.0 0.0 -5.991299415422465  738532.512091735
0.0 0.0 -29.423558412094895  738532.512092451
0.0 0.0 -16.549376118861762  738532.5120931668
0.0 0.0 17.134303264584275  738532.5120938898
0.0 0.0 29.14895198744275  738532.5120945998
0.0 0.0 3.619698866155849  738532.5120953305
0.0 0.0 -26.730195725645803  738532.5120960518
0.0 0.0 -21.772040795290046  738532.5120967862
0.0 0.0 12.431267429787818  738532.512097496
0.0 0.0 29.83401084205574  738532.5120982111
0.0 0.0 6.175878263108048  738532.5120989352
0.0 0.0 -26.17488021217778  738532.5120996574
0.0 0.0 -21.609270746645993  738532.5121003769
0.0 0.0 13.912799600990162  738532.5121011105
0.0 0.0 29.357427129766908  738532.5121018271
0.0 0.0 1.74260248794514  738532.5121025434
0.0 0.0 -28.531695488850456  738532.5121032812
0.0 0.0 -15.955261759681598  738532.5121040121
0.0 0.0 20.944962569793987  738532.5121047331
0.0 0.0 25.65278713841511  738532.5121054688
0.0 0.0 -9.628308294202983  738532.5121061835
0.0 0.0 -29.792053708649554  738532.5121069051
0.0 0.0 -2.44771834705967  738532.5121076383
0.0 0.0 28.899097225549568  738532.5121083388
0.0 0.0 13.113472999541813  738532.51210905
0.0 0.0 -24.35333622369092  738532.5121097711
0.0 0.0 -21.21320343560776  738532.5121104849
0.0 0.0 17.747733438131636  738532.5121112032
0.0 0.0 26.46873679305659  738532.5121119244
0.0 0.0 -10.471882776583575  738532.5121126482
0.0 0.0 -29.192955329467697  738532.5121133532
0.0 0.0 3.5261219237179238  738532.512114077
0.0 0.0 29.997631326114703  738532.5121148023
0.0 0.0 2.4946820833615537  738532.5121155259
0.0 0.0 -29.569337854466813  738532.5121162267
0.0 0.0 -7.3236840650660975  738532.5121169455
0.0 0.0 28.53169548884877  738532.5121176725
0.0 0.0 10.912170391307031  738532.512118385
0.0 0.0 -27.380747622097616  738532.5121191023
0.0 0.0 -13.324983740289454  738532.5121198113
0.0 0.0 26.468736793040357  738532.5121205249
0.0 0.0 14.658637244922664  738532.5121212453
0.0 0.0 -26.01212103492664  738532.512121959
0.0 0.0 -14.986394449235908  738532.5121226915
0.0 0.0 26.105512640078526  738532.5121234041
0.0 0.0 14.328565271858743  738532.5121241189
0.0 0.0 -26.7301957256449  738532.5121248486
0.0 0.0 -12.645320483004367  738532.5121255807
0.0 0.0 27.752316205028954  738532.5121263062
0.0 0.0 9.851163821102933  738532.512127001
0.0 0.0 -28.9117103486971  738532.5121277301
0.0 0.0 -5.852709660494865  738532.5121284594
0.0 0.0 29.808339315599135  738532.5121291808
0.0 0.0 0.6125679928537652  738532.5121298864
0.0 0.0 -29.89997784102163  738532.5121306134
0.0 0.0 5.760244095637202  738532.5121313337
0.0 0.0 28.531695488856933  738532.5121320706
0.0 0.0 -12.9011533579919  738532.5121327797
0.0 0.0 -25.022353008398632  738532.5121334923
0.0 0.0 20.085588730160524  738532.5121342142
0.0 0.0 18.830740838724573  738532.5121349304
0.0 0.0 -26.17488021218232  738532.5121356595
0.0 0.0 -9.806640889651192  738532.5121363851
0.0 0.0 29.680460587411876  738532.512137112
0.0 0.0 -1.5073295453912017  738532.512137836
0.0 0.0 -29.02201462583799  738532.5121385575
0.0 0.0 13.619714992186298  738532.512139268
0.0 0.0 23.025027266409147  738532.5121400012
0.0 0.0 -24.047009546127114  738532.5121407161
0.0 0.0 -11.610985408105636  738532.5121414413
0.0 0.0 29.687283558079898  738532.5121421654
0.0 0.0 -3.5261219237386987  738532.5121428809
0.0 0.0 -27.75231620503209  738532.5121436124
0.0 0.0 18.64674108146445  738532.5121443275
0.0 0.0 17.17296376783295  738532.5121450514
0.0 0.0 -28.57506478001132  738532.5121457546
0.0 0.0 7.879750763818619e-12  738532.5121464807
0.0 0.0 28.487692606638014  738532.5121472087
0.0 0.0 -18.08788625067844  738532.5121479348
0.0 0.0 -16.58866070590407  738532.5121486468
0.0 0.0 29.14895198744265  738532.5121493705
0.0 0.0 -3.5261219237477794  738532.5121500922
0.0 0.0 -26.556939339967517  738532.5121508155
0.0 0.0 22.720112462921676  738532.5121515247
0.0 0.0 9.628308294202105  738532.5121522561
0.0 0.0 -29.931592643893733  738532.5121529772
0.0 0.0 13.619714992201072  738532.5121536993
0.0 0.0 19.013579027172387  738532.5121544173
0.0 0.0 -28.96144916500305  738532.5121551364
0.0 0.0 5.0185497045175  738532.5121558567
0.0 0.0 24.59856327975195  738532.5121565546
0.0 0.0 -26.174880212194473  738532.5121572821
0.0 0.0 -1.5073295453713218  738532.5121580029
0.0 0.0 27.399970968506242  738532.5121587253
0.0 0.0 -23.4717243173125  738532.5121594394
0.0 0.0 -5.482509946592579  738532.5121601726
0.0 0.0 28.531695488846687  738532.5121609058
0.0 0.0 -21.96559121326169  738532.5121616157
0.0 0.0 -6.911682800270491  738532.5121623214
0.0 0.0 28.71504088849293  738532.5121630471
0.0 0.0 -22.125393520765506  738532.5121637648
0.0 0.0 -5.8527096604525335  738532.5121644955
0.0 0.0 28.096496602434318  738532.5121652039
0.0 0.0 -23.905391285401627  738532.512165935
0.0 0.0 -2.259804165803905  738532.5121666573
0.0 0.0 26.220802435745362  738532.5121673757
0.0 0.0 -26.730195725667876  738532.5121681112
0.0 0.0 3.9002116511180067  738532.5121688282
0.0 0.0 22.125393520718966  738532.5121695626
0.0 0.0 -29.34768986860476  738532.5121702671
0.0 0.0 12.25947224212732  738532.5121709885
0.0 0.0 14.65863724487277  738532.512171712
0.0 0.0 -29.71384277089357  738532.5121724309
0.0 0.0 21.445167736413985  738532.5121731359
0.0 0.0 3.1983346282129768  738532.5121738699
0.0 0.0 -25.253806072482014  738532.5121745843
0.0 0.0 28.531695488869264  738532.5121752922
0.0 0.0 -11.175057526339268  738532.512176017
0.0 0.0 -13.954532342279176  738532.5121767243
0.0 0.0 29.20377615558418  738532.512177448
0.0 0.0 -24.490177521545633  738532.5121781474
0.0 0.0 3.526121923788218  738532.512178869
0.0 0.0 19.55501175898504  738532.5121795785
0.0 0.0 -29.973023013034933  738532.512180306
0.0 0.0 21.609270746677037  738532.5121810309
0.0 0.0 -0.1413711462388052  738532.5121817512
0.0 0.0 -21.21320343555456  738532.5121824767
0.0 0.0 29.99966690146759  738532.5121831937
0.0 0.0 -21.609270746681094  738532.5121839017
0.0 0.0 1.2719636237314889  738532.5121846388
0.0 0.0 19.555011758977457  738532.5121880677
0.0 0.0 -29.79205370864019  738532.5121888141
0.0 0.0 24.490177521554788  738532.5121895331
0.0 0.0 -6.8658181052778575  738532.5121902619
0.0 0.0 -13.954532342261478  738532.5121909789
0.0 0.0 27.84094267948793  738532.5121916735
0.0 0.0 -28.53169548887725  738532.5121923961
0.0 0.0 16.193988972895312  738532.5121931246
0.0 0.0 3.198334628183158  738532.5121938356
0.0 0.0 -20.97867442800144  738532.5121945475
0.0 0.0 29.713842770888867  738532.5121952745
0.0 0.0 -26.17488021222295  738532.5121960054
0.0 0.0 12.259472242165371  738532.5121967433
0.0 0.0 6.221985163570542  738532.5121974453
0.0 0.0 -22.125393520688583  738532.5121981684
0.0 0.0 29.745392064588977  738532.5121988942
0.0 0.0 -26.73019572569018  738532.5121996127
0.0 0.0 14.576334231451328  738532.5122003411
0.0 0.0 2.2598041657507806  738532.5122010605
0.0 0.0 -18.12545909736346  738532.5122017899
0.0 0.0 28.096496602413293  738532.51220251
0.0 0.0 -29.423558412114915  738532.5122032322
0.0 0.0 22.12539352080939  738532.5122039404
0.0 0.0 -8.685990258646049  738532.5122046706
0.0 0.0 -6.911682800202397  738532.512205378
0.0 0.0 20.433130025762694  738532.5122060931
0.0 0.0 -28.53169548882378  738532.512206805
0.0 0.0 29.49478063465372  738532.5122075211
0.0 0.0 -23.471724317361243  738532.512208224
0.0 0.0 12.21644755756873  738532.5122089412
0.0 0.0 1.5073295452864581  738532.5122096715
0.0 0.0 -14.658637244815331  738532.5122104046
0.0 0.0 24.59856327970045  738532.5122111307
0.0 0.0 -29.577257460122716  738532.5122118605
0.0 0.0 28.961449165027595  738532.5122125788
0.0 0.0 -23.205253986550648  738532.5122132825
0.0 0.0 13.619714992289383  738532.5122140016
0.0 0.0 -2.024786853084101  738532.5122147315
0.0 0.0 -9.628308294105116  738532.5122154582
0.0 0.0 19.590724582541338  738532.5122161724
0.0 0.0 -26.556939339916365  738532.512216906
0.0 0.0 29.792053708633425  738532.5122176348
0.0 0.0 -29.148951987470042  738532.5122183654
0.0 0.0 24.996326449852706  738532.5122190813
0.0 0.0 -18.087886250771422  738532.5122198227
0.0 0.0 9.404858848058902  738532.5122205394
0.0 0.0 -1.3027940856299177e-10  738532.5122212537
0.0 0.0 -9.13595494822301  738532.5122219743
0.0 0.0 17.17296376772709  738532.5122227055
0.0 0.0 -23.5010435308093  738532.5122234334
0.0 0.0 27.752316204981167  738532.5122241552
0.0 0.0 -29.792053708631563  738532.5122248598
0.0 0.0 29.687283558100056  738532.5122255876
0.0 0.0 -27.661977837019254  738532.5122263129
0.0 0.0 24.047009546213268  738532.5122270307
0.0 0.0 -19.231435707858786  738532.5122277493
0.0 0.0 13.619714992317624  738532.51222848
0.0 0.0 -7.597543488515251  738532.5122292076
0.0 0.0 1.5073295455442504  738532.5122299114
0.0 0.0 4.36695080321966  738532.5122306342
0.0 0.0 -9.806640889500839  738532.51223135
0.0 0.0 14.658637244772363  738532.5122320683
0.0 0.0 -18.83074083859683  738532.5122327764
0.0 0.0 22.28383102964886  738532.5122335051
0.0 0.0 -25.022353008304883  738532.5122342326
0.0 0.0 27.084317270877392  738532.5122349451
0.0 0.0 -28.531695488803667  738532.5122356659
0.0 0.0 29.441800012171054  738532.5122364066
0.0 0.0 -29.89997784100716  738532.5122371198
0.0 0.0 29.993745355562933  738532.5122378323
0.0 0.0 -29.808339315619907  738532.5122385488
0.0 0.0 29.423558412130706  738532.5122392863
0.0 0.0 -28.91171034874756  738532.5122400158
0.0 0.0 28.336453048561566  738532.5122407153
0.0 0.0 -27.75231620510299  738532.5122414422
0.0 0.0 27.2047030839645  738532.5122421592
0.0 0.0 -26.730195725734898  738532.5122428724
0.0 0.0 26.357014574020454  738532.5122435704
0.0 0.0 -26.10551264017824  738532.512244303
0.0 0.0 25.988612533517177  738532.512245036
0.0 0.0 -26.012121035030802  738532.5122457523
0.0 0.0 26.174880212277987  738532.5122464689
0.0 0.0 -26.46873679314132  738532.5122472022
0.0 0.0 26.87833343654572  738532.5122479226
0.0 0.0 -27.380747622186792  738532.5122486355
0.0 0.0 27.945027059488787  738532.5122493526
0.0 0.0 -28.531695488918007  738532.5122500749
0.0 0.0 29.092329774672308  738532.512250804
0.0 0.0 -29.569337854504695  738532.5122515153
0.0 0.0 29.896096088019405  738532.5122522414
0.0 0.0 -29.997631326111815  738532.5122529541
0.0 0.0 29.792053708622824  738532.5122536741
0.0 0.0 -29.1929553294137  738532.5122543114
0.0 0.0 28.11298047359918  738532.5122549324
0.0 0.0 -26.468736792945922  738532.512255645
