0 0 0  738512.6255351981
0.9 0.0 -15.53987754721021  738512.6256175914
0.9 0.0 -13.59241760910378  738512.6256179521
0.9 0.0 -11.583225527136488  738512.6256183031
0.9 0.0 -9.572559487593832  738512.6256186598
0.9 0.0 -15.066437264052826  738512.6256190207
0.9 0.0 -11.538965869139346  738512.6256193817
0.9 0.0 -7.351200081867492  738512.6256197437
0.9 0.0 -6.110992191206054  738512.6256200896
0.9 0.0 1.3905330319075895  738512.6256204437
0.9 0.0 6.701120564511489  738512.6256207941
0.9 0.0 23.451022883048015  738512.6256211603
0.9 0.0 32.31083402497918  738512.6256215246
0.9 0.0 40.5952343778118  738512.6256218846
0.9 0.0 15.400010794691475  738512.6256222433
0.9 0.0 19.888668856574984  738512.6256226015
0.9 0.0 23.50148431737629  738512.6256229536
0.9 0.0 25.816653797287213  738512.6256233371
0.9 0.0 45.0797762709265  738512.6256236744
0.9 0.0 51.621935886608895  738512.6256240444
0.9 0.0 56.11141359499953  738512.6256244044
0.9 0.0 55.46364980391197  738512.6256247654
0.9 0.0 57.322874739335084  738512.6256251228
0.9 0.0 56.532498796765644  738512.6256254914
0.9 0.0 78.41630400811819  738512.6256258265
0.9 0.0 78.17397517039373  738512.6256261881
0.9 0.0 77.7985980329885  738512.6256265417
0.9 0.0 29.22368898191176  738512.6256269083
0.9 0.0 26.725141057083665  738512.6256272764
0.9 0.0 24.916729144629088  738512.6256276459
0.9 0.0 57.38636084226015  738512.6256280128
0.9 0.0 58.97762445778875  738512.6256283626
0.9 0.0 60.91491950558222  738512.6256287227
0.9 0.0 62.767920313292414  738512.6256290879
0.9 0.0 30.697094579089548  738512.625629445
0.9 0.0 30.10330279573163  738512.6256297978
0.9 0.0 29.68381440630171  738512.6256301636
0.9 0.0 28.82329568836247  738512.6256305168
0.9 0.0 31.585391735445278  738512.6256308651
0.9 0.0 32.84484452033554  738512.6256312154
0.9 0.0 20.989266539152172  738512.625631582
0.9 0.0 22.079397516382198  738512.6256319475
0.9 0.0 24.435414614460967  738512.6256323148
0.9 0.0 -5.462766835316816  738512.6256326715
0.9 0.0 -5.092890340718215  738512.6256330331
0.9 0.0 -3.4659792568623  738512.6256333936
0.9 0.0 -4.9073875569934335  738512.6256337463
0.9 0.0 22.39143253814351  738512.625634097
0.9 0.0 26.048469566028373  738512.6256344557
0.9 0.0 30.135470833365186  738512.6256348239
0.9 0.0 -35.78621693272283  738512.6256351746
0.9 0.0 -35.726975716859435  738512.6256355462
0.9 0.0 -38.94789069280811  738512.6256359197
0.9 0.0 -10.180629478464427  738512.6256362724
0.9 0.0 -4.021087662614729  738512.6256366326
0.9 0.0 -1.247765234154341  738512.6256369917
0.9 0.0 -52.6127815758572  738512.6256373631
0.9 0.0 -58.15710202733761  738512.625637712
0.9 0.0 -57.28988468035762  738512.6256380749
0.9 0.0 -83.25861714494843  738512.6256384314
0.9 0.0 -88.93812201663602  738512.6256387924
0.9 0.0 -90  738512.6256391498
0.9 0.0 -88.30286507580303  738512.6256395137
0.9 0.0 -90  738512.6256398679
0.9 0.0 -90  738512.6256402286
0.9 0.0 -90  738512.625640607
0.9 0.0 -90  738512.6256409438
0.9 0.0 -90  738512.625641313
0.9 0.0 -90  738512.6256416636
0.9 0.0 -90  738512.6256420024
0.9 0.0 -90  738512.6256423509
0.9 0.0 -90  738512.6256427097
0.9 0.0 -90  738512.625643073
0.9 0.0 -90  738512.6256434405
0.9 0.0 -90  738512.6256438023
0.9 0.0 -85.63470164329084  738512.6256441777
0.9 0.0 -90  738512.6256445162
0.9 0.0 -87.02213359224761  738512.6256448796
0.9 0.0 -34.9865374867161  738512.6256452459
0.9 0.0 -70.30158459393466  738512.6256455984
0.9 0.0 -6.840443196237881  738512.625645957
0.9 0.0 65.04515645772396  738512.6256463194
0.9 0.0 90  738512.625646687
0.9 0.0 90  738512.6256470454
0.9 0.0 90  738512.6256473965
0.9 0.0 90  738512.6256477475
0.9 0.0 90  738512.6256481094
0.9 0.0 -38.959636677935194  738512.6256484684
0.9 0.0 90  738512.6256488333
0.9 0.0 90  738512.6256491857
0.9 0.0 90  738512.6256495554
0.9 0.0 90  738512.6256499031
0.9 0.0 90  738512.6256502628
0.9 0.0 90  738512.6256506244
0.9 0.0 90  738512.6256509898
0.9 0.0 90  738512.6256513374
0.9 0.0 90  738512.6256516866
0.9 0.0 90  738512.6256520444
0.9 0.0 90  738512.6256524028
0.9 0.0 90  738512.625652759
0.9 0.0 90  738512.6256531196
0.9 0.0 90  738512.6256534898
0.9 0.0 90  738512.6256538589
0.9 0.0 90  738512.6256542278
0.9 0.0 90  738512.6256545959
0.9 0.0 90  738512.6256549698
0.9 0.0 90  738512.6256553049
0.9 0.0 90  738512.6256556746
0.9 0.0 90  738512.6256560361
0.9 0.0 90  738512.6256564029
0.9 0.0 90  738512.6256567797
0.9 0.0 90  738512.6256571376
0.9 0.0 90  738512.625657509
0.9 0.0 90  738512.6256578722
0.9 0.0 90  738512.6256582247
0.9 0.0 90  738512.6256585879
0.9 0.0 90  738512.6256589543
0.9 0.0 90  738512.6256593144
0.9 0.0 90  738512.625659673
0.9 0.0 90  738512.6256600226
0.9 0.0 90  738512.6256603852
0.9 0.0 90  738512.625660737
0.9 0.0 90  738512.6256611028
0.9 0.0 90  738512.625661465
0.9 0.0 90  738512.6256618133
0.9 0.0 90  738512.62566217
0.9 0.0 90  738512.625662539
0.9 0.0 90  738512.6256628975
0.9 0.0 90  738512.6256632501
0.9 0.0 90  738512.6256636081
0.9 0.0 90  738512.625663966
0.9 0.0 90  738512.6256643267
0.9 0.0 90  738512.6256646798
0.9 0.0 90  738512.6256650432
0.9 0.0 90  738512.6256654155
0.9 0.0 90  738512.6256657845
0.9 0.0 90  738512.6256661307
0.9 0.0 90  738512.625666498
0.9 0.0 90  738512.6256668599
0.9 0.0 90  738512.6256672157
0.9 0.0 90  738512.6256675815
0.9 0.0 90  738512.625667948
0.9 0.0 90  738512.6256683196
0.9 0.0 90  738512.6256686574
0.9 0.0 90  738512.6256690118
0.9 0.0 90  738512.6256693817
0.9 0.0 90  738512.6256697486
0.9 0.0 90  738512.6256701094
0.9 0.0 90  738512.6256704753
0.9 0.0 90  738512.6256708335
0.9 0.0 90  738512.6256711838
0.9 0.0 90  738512.6256715363
0.9 0.0 90  738512.6256719033
0.9 0.0 90  738512.6256722527
0.9 0.0 90  738512.6256726114
0.9 0.0 90  738512.6256729704
0.9 0.0 90  738512.6256733285
0.9 0.0 90  738512.625673684
0.9 0.0 90  738512.6256740378
0.9 0.0 90  738512.6256743979
0.9 0.0 90  738512.6256747659
0.9 0.0 41.617079407327175  738512.6256751231
0.9 0.0 90  738512.6256754932
0.9 0.0 90  738512.6256758558
0.9 0.0 90  738512.6256762119
0.9 0.0 -90  738512.6256765762
0.9 0.0 -90  738512.6256769289
0.9 0.0 -90  738512.6256772849
0.9 0.0 -90  738512.6256776571
0.9 0.0 90  738512.625678006
0.9 0.0 90  738512.6256783576
0.9 0.0 90  738512.6256787324
0.9 0.0 -90  738512.6256790941
0.9 0.0 -90  738512.6256794339
0.9 0.0 14.471237949546877  738512.6256797897
