0 0 0  738533.6210727579
0.5 0.0 -8.268693552017117  738533.6211643195
0.5 0.0 -7.999649607277471  738533.6211645029
0.5 0.0 -7.483615943073303  738533.6211646663
0.5 0.0 -7.221209168698978  738533.621164842
0.5 0.0 -6.700590548057471  738533.6211650186
0.5 0.0 -6.444689292606691  738533.621165205
0.5 0.0 -9.958678363135817  738533.6211653835
0.5 0.0 -9.751869757518005  738533.6211655661
0.5 0.0 -9.398601591079311  738533.6211657423
0.5 0.0 -9.068836646054814  738533.6211659152
0.5 0.0 -8.905758968127243  738533.6211660914
0.5 0.0 -8.552985664468942  738533.6211662727
0.5 0.0 -8.406737803035387  738533.6211664771
0.5 0.0 -9.241450792279561  738533.6211666269
0.5 0.0 -8.992366784799652  738533.6211668062
0.5 0.0 -8.442229691038891  738533.6211669832
0.5 0.0 -8.14946532961238  738533.6211671663
0.5 0.0 -7.568006909879121  738533.6211673443
0.5 0.0 -7.286180382492102  738533.6211675309
0.5 0.0 -9.907262836092507  738533.6211676972
0.5 0.0 -9.701362004254635  738533.6211678721
0.5 0.0 -9.310055259179666  738533.621168051
0.5 0.0 -8.936039603411594  738533.6211682302
0.5 0.0 -8.74652381990802  738533.6211684059
0.5 0.0 -8.330237968491543  738533.6211685865
0.5 0.0 -8.099813911358401  738533.6211687841
0.5 0.0 -8.877917319475378  738533.621168953
0.5 0.0 -8.615633771149207  738533.62116913
0.5 0.0 -8.050160731221903  738533.6211693044
0.5 0.0 -7.762083060986175  738533.621169478
0.5 0.0 -7.1847680951111  738533.6211696594
0.5 0.0 -6.625789516513324  738533.621169856
0.5 0.0 -11.821587322257084  738533.6211700175
0.5 0.0 -11.668723458420168  738533.6211701907
0.5 0.0 -11.278600395211967  738533.6211703754
0.5 0.0 -10.903935095883408  738533.6211705601
0.5 0.0 -10.712691044361582  738533.6211707448
0.5 0.0 -10.291045821797832  738533.6211709295
0.5 0.0 -10.06123504313253  738533.6211712296
0.5 0.0 -10.243466684170091  738533.621171485
0.5 0.0 -9.92854560377668  738533.6211716636
0.5 0.0 -9.287832716823223  738533.6211718431
0.5 0.0 -8.97352549933326  738533.6211720221
0.5 0.0 -8.37195137026282  738533.6211722071
0.5 0.0 -11.048488558034908  738533.6211723797
0.5 0.0 -10.551570724666327  738533.6211725615
0.5 0.0 -10.084399947505315  738533.6211727369
0.5 0.0 -9.857108235099322  738533.6211729125
0.5 0.0 -9.383016287104372  738533.6211730922
0.5 0.0 -9.125529998575747  738533.621173286
0.5 0.0 -10.043690308526969  738533.6211734586
0.5 0.0 -9.75978916035842  738533.6211736435
0.5 0.0 -9.156452146452036  738533.6211738272
0.5 0.0 -8.521971745387033  738533.6211740116
0.5 0.0 -8.20109634496168  738533.6211741843
0.5 0.0 -7.563921038908524  738533.6211743689
0.5 0.0 -7.248207314876463  738533.6211745682
0.5 0.0 -12.354063316059186  738533.6211747231
0.5 0.0 -12.109911866613428  738533.6211749146
0.5 0.0 -11.63468286016755  738533.6211750879
0.5 0.0 -11.40079158751402  738533.6211752669
0.5 0.0 -10.907443464471152  738533.6211754468
0.5 0.0 -10.61072067332708  738533.6211756321
0.5 0.0 -14.37641957192018  738533.6211757989
0.5 0.0 -13.754729853003406  738533.6211759826
0.5 0.0 -13.4149397486469  738533.6211761654
0.5 0.0 -12.68848643421539  738533.62117635
0.5 0.0 -12.307238945504526  738533.6211765344
0.5 0.0 -11.517568980525429  738533.6211767094
0.5 0.0 -11.149652314939777  738533.6211768944
0.5 0.0 -11.893583317965815  738533.6211770693
0.5 0.0 -11.070644066560174  738533.6211772528
0.5 0.0 -10.646666536088482  738533.621177424
0.5 0.0 -9.77475148843395  738533.6211776024
0.5 0.0 -9.324229424648596  738533.621177789
0.5 0.0 -8.395290349630306  738533.6211779846
0.5 0.0 -11.814953696658087  738533.6211781489
0.5 0.0 -10.884964061935715  738533.6211783233
0.5 0.0 -10.441254731161163  738533.621178508
0.5 0.0 -9.55249485901779  738533.6211786836
0.5 0.0 -9.108744596681005  738533.6211788654
0.5 0.0 -8.207790599605936  738533.6211790394
0.5 0.0 -7.276858364781126  738533.6211793296
0.5 0.0 -9.790821531088648  738533.6211795798
0.5 0.0 -9.332406705059313  738533.6211797566
0.5 0.0 -8.405548170208307  738533.6211799422
0.5 0.0 -7.940312205492147  738533.6211801203
0.5 0.0 -7.0114552544661  738533.6211803061
0.5 0.0 -10.430893103606577  738533.6211804717
0.5 0.0 -9.594720743509551  738533.6211806547
0.5 0.0 -8.751170259286823  738533.6211808326
0.5 0.0 -8.328683126570185  738533.6211810078
0.5 0.0 -7.435363926314966  738533.6211811905
0.5 0.0 -6.998910800469132  738533.6211813843
0.5 0.0 -8.51022452072097  738533.6211815494
0.5 0.0 -8.075979737927259  738533.621181735
0.5 0.0 -7.1959306573792245  738533.6211819103
0.5 0.0 -6.754415150267809  738533.6211820933
0.5 0.0 -5.877935892386479  738533.6211822784
0.5 0.0 -5.018282377614713  738533.6211824629
0.5 0.0 -4.599667714724942  738533.6211826382
0.5 0.0 -11.313612764763342  738533.6211828111
0.5 0.0 -10.99348452915045  738533.6211829849
0.5 0.0 -10.361146757113131  738533.6211831613
0.5 0.0 -10.03796083539355  738533.6211833379
0.5 0.0 -9.338204443707934  738533.6211835119
0.5 0.0 -8.945112718650762  738533.6211837034
0.5 0.0 -14.032915176977001  738533.6211838711
0.5 0.0 -13.618329063844635  738533.6211840496
0.5 0.0 -12.711531209985889  738533.6211842262
0.5 0.0 -12.220378425643778  738533.6211844097
0.5 0.0 -11.183190997206559  738533.6211845878
0.5 0.0 -10.088973291812106  738533.6211847662
0.5 0.0 -9.524529959880578  738533.6211849417
0.5 0.0 -12.072536002852463  738533.6211851176
0.5 0.0 -11.524972501087845  738533.6211853041
0.5 0.0 -10.407087923462194  738533.621185483
0.5 0.0 -9.832992086884866  738533.6211856568
0.5 0.0 -8.649809413247059  738533.62118584
0.5 0.0 -8.03895553784252  738533.6211860401
0.5 0.0 -11.09323793003567  738533.6211861998
0.5 0.0 -10.477107320952259  738533.6211863743
0.5 0.0 -9.238069430886842  738533.6211865582
0.5 0.0 -8.045167122656895  738533.6211867412
0.5 0.0 -7.439850423367727  738533.6211869196
0.5 0.0 -6.212643470570697  738533.6211871002
0.5 0.0 -5.591322596460131  738533.6211873104
0.5 0.0 -13.284226770143345  738533.6211874537
0.5 0.0 -12.747586178160121  738533.6211876376
0.5 0.0 -11.65962818994687  738533.6211878208
0.5 0.0 -10.525700064672906  738533.6211880055
0.5 0.0 -9.923958144086736  738533.6211881845
0.5 0.0 -8.63357216282208  738533.6211883678
0.5 0.0 -12.52831527075387  738533.621188541
0.5 0.0 -11.176333325426409  738533.6211887235
0.5 0.0 -10.460995886586662  738533.6211888946
0.5 0.0 -8.969283794972693  738533.6211890695
0.5 0.0 -8.207713811704997  738533.6211892549
0.5 0.0 -6.658528974382997  738533.6211894382
0.5 0.0 -5.103744141040603  738533.6211898065
0.5 0.0 -8.418992755134129  738533.6211899864
0.5 0.0 -7.711652291095122  738533.621190172
0.5 0.0 -6.2960630696570306  738533.6211903474
0.5 0.0 -5.5814391288173235  738533.6211905329
0.5 0.0 -4.134374717033317  738533.6211907138
0.5 0.0 -13.576057323783774  738533.621190899
0.5 0.0 -12.948069403169077  738533.6211910618
0.5 0.0 -11.650686877828873  738533.6211912391
0.5 0.0 -10.9837746254038  738533.62119142
0.5 0.0 -9.592059507875355  738533.621191595
0.5 0.0 -8.856722645507503  738533.6211917704
0.5 0.0 -7.2669173548861545  738533.6211920639
0.5 0.0 -8.57023961087944  738533.6211923227
0.5 0.0 -6.792002949457769  738533.6211925123
0.5 0.0 -5.893029427841126  738533.6211926864
0.5 0.0 -4.100440258329694  738533.6211928722
0.5 0.0 -3.2176815298434356  738533.6211930485
0.5 0.0 -10.090173331631853  738533.6211932327
0.5 0.0 -9.349280444162169  738533.6211934088
0.5 0.0 -7.898673958321466  738533.6211935802
0.5 0.0 -7.177809371895116  738533.6211937526
0.5 0.0 -5.696961919238907  738533.6211939326
0.5 0.0 -4.919098179100338  738533.6211941235
0.5 0.0 -10.041697027931427  738533.6211942887
0.5 0.0 -9.212928355538939  738533.621194462
0.5 0.0 -7.443026531223424  738533.6211946369
0.5 0.0 -6.506560944577712  738533.6211948132
0.5 0.0 -4.571137794620535  738533.6211949985
0.5 0.0 -2.5864064978018693  738533.6211951805
0.5 0.0 -1.5928694159989585  738533.6211953745
0.5 0.0 -10.006707392303479  738533.6211955369
0.5 0.0 -9.16139857349927  738533.6211957233
0.5 0.0 -7.483288025285856  738533.6211958971
0.5 0.0 -6.640535814034624  738533.6211960822
0.5 0.0 -4.912421232105287  738533.6211962631
0.5 0.0 -4.011259956702473  738533.6211964465
0.5 0.0 -10.934592672330604  738533.6211966214
0.5 0.0 -9.119283334307417  738533.6211968011
0.5 0.0 -8.165996862260322  738533.6211969728
0.5 0.0 -6.201286923660671  738533.6211971471
0.5 0.0 -5.190044523199939  738533.6211973322
0.5 0.0 -3.0362993924091173  738533.6211975174
0.5 0.0 -2.005974680627037  738533.6211977212
0.5 0.0 -10.672823283108848  738533.6211978777
0.5 0.0 -8.88084313767498  738533.6211980586
0.5 0.0 -7.968497500066861  738533.6211982399
0.5 0.0 -6.08657307507649  738533.6211984153
0.5 0.0 -5.106975440894022  738533.6211985904
0.5 0.0 -3.0395156787950355  738533.621198772
0.5 0.0 -15.66712338277294  738533.6211989457
0.5 0.0 -13.812080541771877  738533.6211991201
0.5 0.0 -12.854429537846624  738533.6211993069
0.5 0.0 -10.878687914975073  738533.6211994895
0.5 0.0 -9.851308591048198  738533.6211996629
0.5 0.0 -7.689173395027547  738533.6211998347
0.5 0.0 -6.553117456202913  738533.6212000562
0.5 0.0 -13.381856844081097  738533.6212001969
0.5 0.0 -11.149445410816845  738533.6212003826
0.5 0.0 -9.992344537746401  738533.6212005668
0.5 0.0 -7.644235385346757  738533.6212007469
0.5 0.0 -6.43329016441091  738533.621200922
0.5 0.0 -3.918858592966327  738533.6212011173
0.5 0.0 -21.56419434597471  738533.6212012843
0.5 0.0 -19.614561734510247  738533.6212014611
0.5 0.0 -18.609206039554667  738533.6212016359
0.5 0.0 -16.507105958789147  738533.6212018157
0.5 0.0 -14.154841938313519  738533.621202001
0.5 0.0 -12.858343494610049  738533.6212021855
0.5 0.0 -9.927591838332432  738533.6212025434
0.5 0.0 -18.14726894183476  738533.6212027386
0.5 0.0 -16.54578107062974  738533.6212029037
0.5 0.0 -13.219489519116697  738533.6212030661
0.5 0.0 -11.524689759590256  738533.6212032475
0.5 0.0 -7.928420094954818  738533.6212034415
0.5 0.0 -20.742806334972595  738533.6212036171
0.5 0.0 -19.2713070002456  738533.6212038031
0.5 0.0 -16.153217092493364  738533.6212039815
0.5 0.0 -14.479653900774892  738533.6212041621
0.5 0.0 -10.832876658215238  738533.6212043425
0.5 0.0 -8.84710004479559  738533.621204512
0.5 0.0 -4.52243644943344  738533.6212047957
0.5 0.0 -15.533144128892115  738533.6212050498
0.5 0.0 -13.391746541944329  738533.6212052233
0.5 0.0 -9.023690868215125  738533.621205403
0.5 0.0 -4.567748335241118  738533.6212055834
0.5 0.0 -2.2862340517510233  738533.6212057732
0.5 0.0 -9.498543024054687  738533.6212059365
0.5 0.0 -7.32579183142769  738533.621206119
0.5 0.0 -2.8459332135210205  738533.621206305
0.5 0.0 -0.5185733234841642  738533.6212064883
0.5 0.0 4.310442398258241  738533.621206669
0.5 0.0 9.334152031222729  738533.6212068542
0.5 0.0 -11.634605416939012  738533.6212070236
0.5 0.0 -7.359143868490184  738533.6212072037
0.5 0.0 -5.201217046888172  738533.6212073884
0.5 0.0 -0.7611855001389195  738533.6212075718
0.5 0.0 1.5688020604276718  738533.6212077511
0.5 0.0 6.59538108095249  738533.6212079247
0.5 0.0 9.338852194096175  738533.6212081191
0.5 0.0 -13.345469849790566  738533.6212082828
0.5 0.0 -10.861549099613951  738533.6212084603
0.5 0.0 -5.567974733503759  738533.6212086431
0.5 0.0 0.3470090280930458  738533.6212088189
0.5 0.0 2.907983955387424  738533.621209001
0.5 0.0 9.17275193365778  738533.6212091858
0.5 0.0 -16.128007519017668  738533.6212093586
0.5 0.0 -11.173543570973681  738533.6212095375
0.5 0.0 -8.754814226950757  738533.6212097093
0.5 0.0 -2.9859090255557836  738533.6212098852
0.5 0.0 0.7154580072729628  738533.621210065
0.5 0.0 8.055880306393288  738533.6212102413
0.5 0.0 12.166422133952707  738533.6212104143
0.5 0.0 -7.770820223689826  738533.6212105916
0.5 0.0 -4.208142254454948  738533.6212107693
0.5 0.0 3.1736097023275334  738533.6212109554
0.5 0.0 11.154096346721904  738533.6212111419
0.5 0.0 15.372692134836718  738533.6212113232
0.5 0.0 24.103742956622316  738533.6212115043
0.5 0.0 -25.28560510763006  738533.6212116905
0.5 0.0 -19.827376930087013  738533.6212118746
0.5 0.0 -13.750568300626064  738533.6212120601
0.5 0.0 -10.533919253858041  738533.6212122457
0.5 0.0 -2.4080523081330236  738533.6212124177
0.5 0.0 2.5476773885573074  738533.6212125897
0.5 0.0 14.516251760592704  738533.6212127773
0.5 0.0 -28.218275458785904  738533.6212129507
0.5 0.0 -18.612675456591642  738533.6212131204
0.5 0.0 -13.108888496529259  738533.621213299
0.5 0.0 -1.3867287703350748  738533.6212134751
0.5 0.0 5.075507919629797  738533.6212136584
0.5 0.0 19.883176597016757  738533.6212138368
0.5 0.0 -49.3033069654346  738533.6212140219
0.5 0.0 -46.001875767227936  738533.621214198
0.5 0.0 -38.76018384033133  738533.6212143742
0.5 0.0 -38.46980276431586  738533.6212145501
0.5 0.0 -29.6531006094788  738533.6212147364
0.5 0.0 -24.17625578469332  738533.621214917
0.5 0.0 -10.016427543611929  738533.6212152034
0.5 0.0 -120  738533.6212154828
0.5 0.0 -120  738533.6212156605
0.5 0.0 -120  738533.621215833
