0 0 0  738531.7256096185
0.6 0.0 -23.366319260687714  738531.7257121936
0.6 0.0 -21.54667245358328  738531.725712368
0.6 0.0 -24.06915622067682  738531.7257125552
0.6 0.0 -22.561910535706616  738531.7257127401
0.6 0.0 -21.23235658988257  738531.7257129127
0.6 0.0 -17.064950136118632  738531.7257130787
0.6 0.0 -21.989163316322237  738531.72571326
0.6 0.0 -20.156673071474255  738531.7257134406
0.6 0.0 -18.992721455208486  738531.7257136202
0.6 0.0 -18.748412836463785  738531.7257138133
0.6 0.0 -20.074879075941677  738531.7257139892
0.6 0.0 -19.650562253859448  738531.7257141634
0.6 0.0 -19.353220689962622  738531.7257143328
0.6 0.0 -18.605466558643116  738531.725714529
0.6 0.0 -18.40470026589805  738531.7257147072
0.6 0.0 -19.30216610859008  738531.725714882
0.6 0.0 -19.58998561394747  738531.7257150762
0.6 0.0 -20.31952178525335  738531.7257152597
0.6 0.0 -18.748576879225816  738531.7257154387
0.6 0.0 -22.063400730510665  738531.7257156121
0.6 0.0 -22.816148050751043  738531.7257157983
0.6 0.0 -21.93135414867683  738531.7257159827
0.6 0.0 -18.84918387280941  738531.7257161795
0.6 0.0 -24.21259283090912  738531.725716345
0.6 0.0 -26.9113194433597  738531.7257165415
0.6 0.0 -27.130948022944636  738531.7257167007
0.6 0.0 -27.071607036750564  738531.7257168819
0.6 0.0 -26.386084437135814  738531.725717058
0.6 0.0 -27.588931158777164  738531.7257172305
0.6 0.0 -25.111501112199484  738531.725717416
0.6 0.0 -25.602869447988983  738531.7257175895
0.6 0.0 -23.27256333598482  738531.7257177839
0.6 0.0 -22.96515610693184  738531.7257179547
0.6 0.0 -20.921286565516844  738531.7257181493
0.6 0.0 -21.42680512009554  738531.725718312
0.6 0.0 -20.933150371226578  738531.7257185095
0.6 0.0 -24.87189848408837  738531.7257186862
0.6 0.0 -27.261938656056657  738531.7257188642
0.6 0.0 -24.71231014763364  738531.7257190393
0.6 0.0 -22.918049526253366  738531.7257192363
0.6 0.0 -23.659746703034386  738531.7257194102
0.6 0.0 -24.57758898242357  738531.7257195825
0.6 0.0 -23.102055543607875  738531.7257197639
0.6 0.0 -25.525090818435437  738531.7257199462
0.6 0.0 -20.629084089994965  738531.7257201128
0.6 0.0 -23.211547869137203  738531.7257203008
0.6 0.0 -23.894133587433014  738531.7257204704
0.6 0.0 -22.62524241929295  738531.7257206542
0.6 0.0 -21.827366078095398  738531.7257208407
0.6 0.0 -20.36551489698701  738531.7257210164
0.6 0.0 -21.76867126515594  738531.7257211907
0.6 0.0 -18.128405324669636  738531.725721365
0.6 0.0 -16.705368543478972  738531.725721538
0.6 0.0 -18.79765571051314  738531.725721731
0.6 0.0 -20.595333713076005  738531.7257218972
0.6 0.0 -17.019801848456027  738531.725722084
0.6 0.0 -26.678045292321947  738531.7257222432
0.6 0.0 -25.023259997986386  738531.7257224367
0.6 0.0 -26.232235305536978  738531.725722618
0.6 0.0 -24.71459620213227  738531.7257228039
0.6 0.0 -26.948403625317756  738531.7257229686
0.6 0.0 -24.540136608345335  738531.7257231583
0.6 0.0 -24.537306578743703  738531.7257233425
0.6 0.0 -19.47303864868834  738531.7257235262
0.6 0.0 -21.586291323018933  738531.7257236906
0.6 0.0 -18.445935161469254  738531.7257238767
0.6 0.0 -21.883531359229327  738531.7257240481
0.6 0.0 -16.958620939719943  738531.7257242352
0.6 0.0 -23.191906494911272  738531.7257244182
0.6 0.0 -22.195910371240647  738531.7257245858
0.6 0.0 -24.467190652353846  738531.7257247783
0.6 0.0 -20.3703775805684  738531.725724956
0.6 0.0 -24.153207437620406  738531.7257251305
0.6 0.0 -22.666331549210792  738531.7257253139
0.6 0.0 -25.151750712290916  738531.7257255117
0.6 0.0 -24.546470590316588  738531.7257256891
0.6 0.0 -22.60703969254829  738531.7257258741
0.6 0.0 -22.22278140953434  738531.7257260598
0.6 0.0 -20.426920388416697  738531.725726242
0.6 0.0 -22.886459631815015  738531.7257264204
0.6 0.0 -19.595035685823632  738531.7257265922
0.6 0.0 -26.651388255903587  738531.7257267681
0.6 0.0 -20.797594598465434  738531.7257269418
0.6 0.0 -23.297477512172986  738531.7257271267
0.6 0.0 -25.0488011134994  738531.7257272898
0.6 0.0 -21.328160327426115  738531.7257274609
0.6 0.0 -23.589521052670857  738531.7257276364
0.6 0.0 -23.211114735326916  738531.7257278231
0.6 0.0 -22.50798778559912  738531.7257279942
0.6 0.0 -22.20221638432638  738531.725728189
0.6 0.0 -22.88005430888153  738531.7257283594
0.6 0.0 -22.40459542642028  738531.7257285559
0.6 0.0 -20.693084326275052  738531.7257287257
0.6 0.0 -20.050986077067282  738531.7257289351
0.6 0.0 -23.185984808057533  738531.7257290945
0.6 0.0 -24.443950970698175  738531.7257292904
0.6 0.0 -23.531369958254697  738531.7257294558
0.6 0.0 -24.123186424934662  738531.725729643
0.6 0.0 -22.956631818238417  738531.7257298126
0.6 0.0 -19.68492179351791  738531.7257300024
0.6 0.0 -22.784802350892097  738531.7257301717
0.6 0.0 -24.739208228180406  738531.7257303586
0.6 0.0 -20.820412111070834  738531.7257305332
0.6 0.0 -27.451292387298402  738531.725730724
0.6 0.0 -20.572399020450824  738531.7257308913
0.6 0.0 -21.72821117975655  738531.7257310696
0.6 0.0 -20.97195250533206  738531.7257312591
0.6 0.0 -19.806041559947047  738531.7257314345
0.6 0.0 -18.505182127077724  738531.7257316229
0.6 0.0 -25.099800144181202  738531.7257317996
0.6 0.0 -21.733118106925264  738531.7257319671
0.6 0.0 -21.7402286229606  738531.7257321558
0.6 0.0 -19.95842716487962  738531.7257323373
0.6 0.0 -24.066761852825035  738531.7257324995
0.6 0.0 -20.89808678372683  738531.7257326846
0.6 0.0 -23.36241620430714  738531.7257328685
0.6 0.0 -20.847346724648204  738531.725733042
0.6 0.0 -20.47718817116156  738531.7257332163
0.6 0.0 -19.425017813354835  738531.7257334031
0.6 0.0 -24.12141462155087  738531.7257335859
0.6 0.0 -24.13316850691041  738531.7257337688
0.6 0.0 -23.63435230901962  738531.7257339347
0.6 0.0 -19.553927883037982  738531.72573411
0.6 0.0 -22.749585317846222  738531.7257342986
0.6 0.0 -19.032410752790387  738531.7257344851
0.6 0.0 -20.649430257565314  738531.7257346727
0.6 0.0 -19.4757046092265  738531.7257348349
0.6 0.0 -17.02125614922622  738531.7257350318
0.6 0.0 -20.10428518168055  738531.7257352149
0.6 0.0 -15.763692662417478  738531.7257353821
0.6 0.0 -19.19380594018168  738531.7257355643
0.6 0.0 -16.819123695095136  738531.7257357262
0.6 0.0 -14.922408764613866  738531.7257359133
0.6 0.0 -21.030524989429576  738531.7257360963
0.6 0.0 -16.729772207012278  738531.7257362612
0.6 0.0 -18.7311923810301  738531.7257364414
0.6 0.0 -14.047085532389252  738531.7257366317
0.6 0.0 -15.140901782416334  738531.7257367987
0.6 0.0 -16.548066727810248  738531.7257369935
0.6 0.0 -15.705352023864714  738531.7257371648
0.6 0.0 -16.382856826109954  738531.7257373472
0.6 0.0 -16.736052139831635  738531.7257375901
0.6 0.0 -13.270196171479494  738531.7257379056
0.6 0.0 -16.827030081703565  738531.7257380869
0.6 0.0 -13.421475005403796  738531.7257382626
0.6 0.0 -16.86282974335126  738531.7257384235
0.6 0.0 -15.058997598170047  738531.7257386214
0.6 0.0 -15.005438963483563  738531.7257387952
0.6 0.0 -15.116982679443801  738531.7257389672
0.6 0.0 -12.219045266177979  738531.7257391635
0.6 0.0 -13.086720266658808  738531.7257393501
0.6 0.0 -13.817837216629917  738531.7257395352
0.6 0.0 -12.680730592982961  738531.7257397164
0.6 0.0 -10.52183710014614  738531.7257398908
0.6 0.0 -18.708308522502925  738531.725740076
0.6 0.0 -11.335919271200416  738531.7257402731
0.6 0.0 -9.436661090990246  738531.7257404508
0.6 0.0 -10.697909419376899  738531.725740615
0.6 0.0 -10.90211468644719  738531.7257408021
0.6 0.0 -15.211824451236666  738531.7257409743
0.6 0.0 -11.13185139742497  738531.7257411481
0.6 0.0 -8.34353555082916  738531.7257413245
0.6 0.0 -9.846269045123863  738531.7257415015
0.6 0.0 -9.236330623058018  738531.72574168
0.6 0.0 -11.28807595807049  738531.7257418503
0.6 0.0 -11.285897450390552  738531.7257420267
0.6 0.0 -10.669756580475022  738531.7257422118
0.6 0.0 -5.645326376947258  738531.7257423826
0.6 0.0 -9.497865983935181  738531.7257425821
0.6 0.0 -3.111714593716835  738531.7257427729
0.6 0.0 -14.228344571850489  738531.7257429366
0.6 0.0 -9.637495849992293  738531.7257431208
0.6 0.0 -10.985278511481308  738531.7257432919
0.6 0.0 -5.77191156354592  738531.7257434777
0.6 0.0 -8.320339668576374  738531.7257436572
0.6 0.0 -0.34482239998196784  738531.7257438299
0.6 0.0 -11.536742312979026  738531.7257440167
0.6 0.0 -9.54662815649548  738531.7257441891
0.6 0.0 -10.427629763319915  738531.7257443748
0.6 0.0 -5.399919224475919  738531.7257445436
0.6 0.0 -9.439173779800436  738531.7257447327
0.6 0.0 -4.555785767274419  738531.7257449003
0.6 0.0 -5.903208038629277  738531.7257450979
0.6 0.0 -10.560499613774882  738531.725745266
0.6 0.0 -11.058259763297903  738531.7257454464
0.6 0.0 -10.462250453720081  738531.7257456275
0.6 0.0 -8.452111365113483  738531.7257458207
0.6 0.0 -3.1591065084069867  738531.7257460039
0.6 0.0 -7.70718950231498  738531.7257461677
0.6 0.0 -6.185396126528571  738531.7257463647
0.6 0.0 -6.504549532835958  738531.7257465266
0.6 0.0 -8.652876488510458  738531.7257467066
0.6 0.0 -7.755087746771231  738531.7257468898
0.6 0.0 -5.823838417826727  738531.7257470685
0.6 0.0 -4.909972919252883  738531.7257472427
0.6 0.0 -8.83213548962064  738531.7257474363
0.6 0.0 -7.564013037570183  738531.7257476102
0.6 0.0 -11.653573091043615  738531.7257478002
0.6 0.0 -4.47345992059917  738531.7257479823
0.6 0.0 -5.423664451545508  738531.725748143
0.6 0.0 -7.0093942516929655  738531.7257483304
0.6 0.0 -4.1113382594522205  738531.7257485129
0.6 0.0 -2.5809808048232132  738531.7257486907
0.6 0.0 -3.401097893979799  738531.7257488496
0.6 0.0 -7.393670645321135  738531.725749039
0.6 0.0 -5.6291575792519986  738531.7257492108
0.6 0.0 -10.55537907532086  738531.7257493855
0.6 0.0 -8.989321108886019  738531.7257495626
0.6 0.0 -1.6244510827592868  738531.7257497512
0.6 0.0 -12.699148328827782  738531.7257499372
0.6 0.0 -7.386111677887857  738531.7257501142
0.6 0.0 -5.86658118943773  738531.7257502862
0.6 0.0 -7.809130077096085  738531.7257504725
0.6 0.0 -2.311179954993976  738531.7257506463
0.6 0.0 -7.652682376539704  738531.7257508347
0.6 0.0 -8.127813509873084  738531.7257510058
0.6 0.0 -11.908936255074345  738531.7257511778
0.6 0.0 -12.21472884146739  738531.7257513531
0.6 0.0 -2.0543713501948515  738531.7257515506
0.6 0.0 -6.103014304192623  738531.7257517223
0.6 0.0 -6.627197574996663  738531.7257518971
0.6 0.0 -8.270176985580727  738531.7257520783
0.6 0.0 -9.302402462163016  738531.7257522538
0.6 0.0 -7.376247558785229  738531.7257524363
0.6 0.0 -11.28099441684218  738531.7257526199
0.6 0.0 -11.480299207548075  738531.7257527892
0.6 0.0 -4.004552181113594  738531.7257529867
0.6 0.0 -8.93782369748654  738531.7257531704
0.6 0.0 -10.94636136048665  738531.725753356
0.6 0.0 -9.378431417479701  738531.7257535319
0.6 0.0 -10.62208326388438  738531.7257537075
0.6 0.0 -7.881636177841333  738531.7257538933
0.6 0.0 -6.800778752272569  738531.7257540756
0.6 0.0 -3.1809847578614177  738531.7257542505
0.6 0.0 -4.258379246476393  738531.7257544294
0.6 0.0 -10.147924452064162  738531.7257546035
0.6 0.0 -8.376404254910918  738531.7257547752
0.6 0.0 -4.642112542614325  738531.7257549597
0.6 0.0 -3.248487261471563  738531.7257551508
0.6 0.0 -1.288577181969662  738531.725755319
0.6 0.0 -0.3242454882233592  738531.7257555076
0.6 0.0 -9.183767353245317  738531.7257556797
0.6 0.0 -10.992816252208508  738531.7257558751
0.6 0.0 -11.325252555596272  738531.7257560515
0.6 0.0 -6.531979609920997  738531.7257562301
0.6 0.0 -0.2299890688279237  738531.7257564237
0.6 0.0 -3.913393624134596  738531.7257565906
0.6 0.0 -9.151524398593272  738531.7257567757
0.6 0.0 -3.6055796417104644  738531.7257569426
0.6 0.0 -10.661018607276793  738531.7257571172
0.6 0.0 -6.312616260559287  738531.7257573045
0.6 0.0 -5.028172477454761  738531.7257574903
0.6 0.0 -7.975932788499755  738531.7257576684
0.6 0.0 -5.928377209305508  738531.7257578458
0.6 0.0 -12.034033506827946  738531.7257580314
0.6 0.0 -12.517142277570487  738531.7257582113
0.6 0.0 -8.370266856325395  738531.7257583954
0.6 0.0 -10.199846231780606  738531.7257585726
0.6 0.0 -8.468698459433613  738531.7257587488
0.6 0.0 -7.601756368944152  738531.7257589208
0.6 0.0 -3.518685124344287  738531.7257591182
0.6 0.0 -7.201977699344623  738531.7257593067
0.6 0.0 -7.620903480832061  738531.725759479
0.6 0.0 -14.67995290383975  738531.7257596548
0.6 0.0 -7.777154793204573  738531.7257598231
0.6 0.0 -3.7616550356055303  738531.7257600086
0.6 0.0 0.4191409800170939  738531.7257601847
0.6 0.0 -16.680596976240647  738531.7257603712
0.6 0.0 -13.323580093503027  738531.7257605474
0.6 0.0 -15.30810114718967  738531.7257607332
0.6 0.0 -16.836734045879247  738531.7257609087
0.6 0.0 -12.661217067034688  738531.7257610931
0.6 0.0 1.8053369535939259  738531.7257612655
0.6 0.0 -12.872929032130225  738531.7257614484
0.6 0.0 -14.692133853726302  738531.7257616279
0.6 0.0 -9.35942681494828  738531.7257618129
0.6 0.0 -7.136860471974421  738531.7257619867
0.6 0.0 -2.503009283500938  738531.7257621619
0.6 0.0 -4.32411944935874  738531.7257623542
0.6 0.0 -6.9150921430216155  738531.7257625243
0.6 0.0 -12.34416042565527  738531.7257626835
0.6 0.0 -18.78683176747746  738531.7257628697
0.6 0.0 -13.59110171420446  738531.7257630537
0.6 0.0 -6.453591721966788  738531.7257632407
0.6 0.0 -20.46079711404501  738531.7257634131
0.6 0.0 -14.661375455819021  738531.7257635985
0.6 0.0 -19.348776534364855  738531.7257637827
0.6 0.0 -14.066002305848711  738531.7257639576
0.6 0.0 -8.786456711631187  738531.7257641441
0.6 0.0 -9.768197797183728  738531.7257643268
0.6 0.0 -6.713525813691506  738531.725764503
0.6 0.0 -15.920381536216524  738531.7257646847
0.6 0.0 -8.360336243553382  738531.7257648816
0.6 0.0 -8.127034369560668  738531.7257650561
0.6 0.0 1.7585195620559648  738531.7257652225
0.6 0.0 -9.524323693009883  738531.7257654114
0.6 0.0 -6.83253393364979  738531.7257655981
0.6 0.0 -19.341180330284608  738531.7257657746
0.6 0.0 -8.594831870539426  738531.7257659486
0.6 0.0 -19.995528438346845  738531.725766127
0.6 0.0 -10.044560184296557  738531.7257663027
0.6 0.0 -4.922205996323192  738531.7257664882
0.6 0.0 -6.5278745485611225  738531.7257666611
0.6 0.0 -9.811418018796376  738531.7257668403
0.6 0.0 -8.3635796122304  738531.725767012
0.6 0.0 -6.185422819712424  738531.7257672002
0.6 0.0 -12.61670720666142  738531.7257673687
0.6 0.0 -12.06996174058324  738531.7257675531
0.6 0.0 -20.015517857481925  738531.7257677474
0.6 0.0 -8.672156971966926  738531.7257679099
0.6 0.0 -6.458369366050713  738531.7257680951
0.6 0.0 -16.455062533144012  738531.7257682804
0.6 0.0 -23.403550703276444  738531.7257684589
0.6 0.0 -25.54145882615823  738531.7257686306
0.6 0.0 -12.619895266275842  738531.7257688144
0.6 0.0 -17.68007224062471  738531.7257689991
0.6 0.0 3.447915484114102  738531.7257691893
0.6 0.0 -22.257070576475346  738531.7257693722
0.6 0.0 -29.89665743916561  738531.7257695572
0.6 0.0 -10.376616251487626  738531.7257697418
0.6 0.0 -18.50720615969825  738531.7257699152
0.6 0.0 -3.8062092079905616  738531.7257700997
0.6 0.0 -3.6910364815388896  738531.7257702958
0.6 0.0 -10.174184187090074  738531.7257704806
0.6 0.0 -7.218716124147185  738531.7257706652
0.6 0.0 -17.95644148283987  738531.7257708153
0.6 0.0 -10.428113324114928  738531.7257710116
0.6 0.0 -21.601496185539897  738531.7257711849
0.6 0.0 -11.70680296663915  738531.725771381
0.6 0.0 5.3919850688136295  738531.7257715656
0.6 0.0 -5.947259032982869  738531.7257717503
0.6 0.0 -17.189061398451148  738531.725771935
0.6 0.0 -21.29377111668444  738531.7257721197
0.6 0.0 -18.391454962266092  738531.7257723043
0.6 0.0 -22.318922894045496  738531.7257724664
0.6 0.0 -0.5573094619806537  738531.7257726622
0.6 0.0 10.898299566547413  738531.7257728353
0.6 0.0 -13.585852588324645  738531.7257730203
0.6 0.0 -21.61880517765347  738531.7257731932
0.6 0.0 -18.118461087540457  738531.7257733548
0.6 0.0 -15.450531666274424  738531.725773551
0.6 0.0 3.2679468070703463  738531.7257737126
0.6 0.0 -4.18365352643152  738531.7257738974
0.6 0.0 -0.4854136209140576  738531.725774082
0.6 0.0 -15.778761551394751  738531.7257742682
0.6 0.0 -20.430265901930476  738531.7257744386
0.6 0.0 -15.960637448096618  738531.7257746261
0.6 0.0 -14.197999550332522  738531.7257747891
0.6 0.0 -11.904968837656043  738531.7257749806
0.6 0.0 -1.281547060032846  738531.7257751657
0.6 0.0 -25.500127024821676  738531.7257753421
0.6 0.0 -30.131766742360146  738531.7257755265
0.6 0.0 -30.95475618319644  738531.7257756884
0.6 0.0 -2.7376171192905185  738531.7257758785
0.6 0.0 3.7874261997140173  738531.7257760402
0.6 0.0 5.776876459036223  738531.7257762316
0.6 0.0 8.706544040407815  738531.7257764128
0.6 0.0 -25.90080092064825  738531.725776584
0.6 0.0 -29.992846697015025  738531.7257767639
0.6 0.0 -4.388794176652072  738531.7257769391
0.6 0.0 -20.618704299707648  738531.7257771359
0.6 0.0 -19.65336156298173  738531.72577731
0.6 0.0 -15.42762015052082  738531.7257774874
0.6 0.0 -21.80037567732258  738531.7257776629
0.6 0.0 -32.7236138455252  738531.7257778454
0.6 0.0 -39.43902781594911  738531.725778028
0.6 0.0 -54.75204176149887  738531.7257782042
0.6 0.0 -20.809467700139493  738531.725778388
0.6 0.0 0.8301063976455326  738531.725778562
0.6 0.0 -11.209674543854327  738531.725778759
0.6 0.0 -41.41769262325316  738531.7257789188
0.6 0.0 -46.11798058062553  738531.7257790902
0.6 0.0 -33.62242374191415  738531.7257792753
0.6 0.0 -57.10457003867417  738531.7257794635
0.6 0.0 -30.14176053161279  738531.725779626
0.6 0.0 -47.81157995016674  738531.7257798193
0.6 0.0 -34.46435324901114  738531.7257800046
0.6 0.0 -41.1534011530354  738531.7257801826
0.6 0.0 -30.63920082344277  738531.7257803628
0.6 0.0 -70.66497321795524  738531.7257805332
0.6 0.0 -43.29605666896053  738531.7257807271
0.6 0.0 -31.153434367043815  738531.7257808998
0.6 0.0 -35.25828913413062  738531.725781097
0.6 0.0 -90  738531.7257812725
0.6 0.0 -75.8529735187155  738531.7257814452
0.6 0.0 -67.3997828393271  738531.7257816189
0.6 0.0 -49.91611488668214  738531.7257817929
0.6 0.0 -90  738531.7257819776
0.6 0.0 -90  738531.7257821544
0.6 0.0 -90  738531.7257823354
0.6 0.0 -90  738531.7257825194
0.6 0.0 -90  738531.7257826964
0.6 0.0 -90  738531.7257828608
0.6 0.0 -90  738531.7257830471
0.6 0.0 -90  738531.7257832225
0.6 0.0 -90  738531.7257834108
0.6 0.0 -90  738531.7257835839
0.6 0.0 -90  738531.7257837775
0.6 0.0 -90  738531.7257839632
0.6 0.0 -90  738531.72578413
0.6 0.0 -90  738531.7257843161
0.6 0.0 -90  738531.7257844899
0.6 0.0 -90  738531.7257846748
