0 0 0  738532.6847379494
0.5 0.0 -24.570310380274968  738532.6848364389
0.5 0.0 -23.504219189860862  738532.6848366044
0.5 0.0 -20.64379837588546  738532.6848367963
0.5 0.0 -19.947819943756755  738532.6848369634
0.5 0.0 -18.948421933484042  738532.6848371585
0.5 0.0 -21.339732531267337  738532.6848373318
0.5 0.0 -20.42721463215801  738532.6848375113
0.5 0.0 -21.542195426987252  738532.6848376972
0.5 0.0 -20.53184725491479  738532.6848378705
0.5 0.0 -19.813302631137287  738532.684838048
0.5 0.0 -18.726279798796362  738532.6848382289
0.5 0.0 -15.828035146134598  738532.6848384164
0.5 0.0 -18.57203974011073  738532.6848385986
0.5 0.0 -15.634199991810156  738532.6848387786
0.5 0.0 -16.842869443025688  738532.6848389574
0.5 0.0 -13.934237956217057  738532.6848391432
0.5 0.0 -15.173319861976521  738532.6848393169
0.5 0.0 -14.148063971460735  738532.68483949
0.5 0.0 -11.760880828990084  738532.6848396867
0.5 0.0 -15.69765032870995  738532.6848398612
0.5 0.0 -16.65601386268817  738532.6848400582
0.5 0.0 -16.105266255837904  738532.6848402281
0.5 0.0 -15.199369085414496  738532.6848403942
0.5 0.0 -12.957357400401433  738532.6848405894
0.5 0.0 -13.999502636498546  738532.6848407637
0.5 0.0 -15.291529282305483  738532.6848409482
0.5 0.0 -12.516840125972692  738532.6848411323
0.5 0.0 -13.443439510149823  738532.6848413083
0.5 0.0 -11.186005295717294  738532.6848414757
0.5 0.0 -12.129373221876945  738532.6848416693
0.5 0.0 -11.764431367982379  738532.684841851
0.5 0.0 -13.04883779887251  738532.6848420212
0.5 0.0 -14.589564242591102  738532.6848421965
0.5 0.0 -12.102653776860606  738532.6848423895
0.5 0.0 -13.738696919155243  738532.684842572
0.5 0.0 -11.241293642750193  738532.6848427412
0.5 0.0 -12.728875348139328  738532.6848429224
0.5 0.0 -15.377081953587211  738532.6848430918
0.5 0.0 -12.708088354317336  738532.6848432878
0.5 0.0 -12.45045455000217  738532.684843455
0.5 0.0 -11.73989098628505  738532.6848436336
0.5 0.0 -11.468194832539394  738532.6848438309
0.5 0.0 -12.84063630250532  738532.684844004
0.5 0.0 -10.662610827982716  738532.6848441956
0.5 0.0 -13.954400764952352  738532.6848443595
0.5 0.0 -13.240629537145049  738532.6848445373
0.5 0.0 -13.021714805458455  738532.684844724
0.5 0.0 -12.419162752623258  738532.6848449075
0.5 0.0 -12.252993379611155  738532.6848450925
0.5 0.0 -13.595734965598544  738532.6848452694
0.5 0.0 -14.934053116512706  738532.6848454514
0.5 0.0 -16.198654539528338  738532.6848456257
0.5 0.0 -13.926981728341005  738532.6848457964
0.5 0.0 -15.14644383413145  738532.6848459701
0.5 0.0 -12.41069252629782  738532.6848461636
0.5 0.0 -12.119285400656857  738532.6848463274
0.5 0.0 -13.303748509325654  738532.6848465179
0.5 0.0 -14.693412347171307  738532.6848466913
0.5 0.0 -16.03747923603562  738532.6848468822
0.5 0.0 -13.6439713372066  738532.6848470621
0.5 0.0 -12.826166012133829  738532.6848472301
0.5 0.0 -12.497594794107936  738532.684847422
0.5 0.0 -11.871938935558525  738532.6848475978
0.5 0.0 -17.207285203124858  738532.6848477762
0.5 0.0 -16.406071487368724  738532.6848479398
0.5 0.0 -15.635944971116572  738532.6848481216
0.5 0.0 -13.185945921383505  738532.68484831
0.5 0.0 -12.346510391364669  738532.6848484791
0.5 0.0 -12.002889631719203  738532.6848486725
0.5 0.0 -15.070143954483834  738532.6848488383
0.5 0.0 -16.647775403854386  738532.6848490202
0.5 0.0 -13.650154031082975  738532.6848492044
0.5 0.0 -13.305216814637708  738532.6848493795
0.5 0.0 -12.40404659274705  738532.6848495605
0.5 0.0 -14.575438170353907  738532.6848497484
0.5 0.0 -11.083991468492979  738532.6848499263
0.5 0.0 -14.747170990321116  738532.68485011
0.5 0.0 -16.51872261550196  738532.6848502763
0.5 0.0 -13.453101642198455  738532.684850477
0.5 0.0 -13.291076261677505  738532.6848506493
0.5 0.0 -14.530370326088518  738532.6848508352
0.5 0.0 -13.966558989235072  738532.6848510182
0.5 0.0 -17.931135871450465  738532.6848511806
0.5 0.0 -17.37693331466148  738532.6848513683
0.5 0.0 -16.302574695124928  738532.6848515432
0.5 0.0 -15.247688111372808  738532.6848517187
0.5 0.0 -14.694551084929488  738532.6848518825
0.5 0.0 -13.759140786127567  738532.6848520767
0.5 0.0 -11.10935567385288  738532.684852263
0.5 0.0 -14.940038513175985  738532.6848524448
0.5 0.0 -16.926096801422176  738532.6848526285
0.5 0.0 -13.920871100060127  738532.6848528038
0.5 0.0 -13.239914107919766  738532.6848529889
0.5 0.0 -12.829279611500692  738532.6848531658
0.5 0.0 -11.897684614287526  738532.684853351
0.5 0.0 -20.086199976863195  738532.6848535186
0.5 0.0 -16.772779544763715  738532.6848536975
0.5 0.0 -18.45395363792949  738532.6848538695
0.5 0.0 -15.104742815872633  738532.6848540452
0.5 0.0 -16.850431983946436  738532.684854236
0.5 0.0 -15.685125114714388  738532.6848544001
0.5 0.0 -14.549420998891526  738532.6848545963
0.5 0.0 -17.338477228247836  738532.684854781
0.5 0.0 -18.624874882606964  738532.6848549626
0.5 0.0 -15.708086361354768  738532.6848551264
0.5 0.0 -16.854648605266707  738532.6848553069
0.5 0.0 -16.39812575331707  738532.6848554924
0.5 0.0 -12.888258458790874  738532.6848556872
0.5 0.0 -19.331295336359425  738532.6848558726
0.5 0.0 -18.845907513017355  738532.6848560376
0.5 0.0 -15.376317729126418  738532.684856233
0.5 0.0 -15.12573276913181  738532.6848563951
0.5 0.0 -13.734068274746974  738532.684856568
0.5 0.0 -15.574267342132892  738532.6848567493
0.5 0.0 -11.593369480648956  738532.6848569417
0.5 0.0 -17.48676422738428  738532.6848571105
0.5 0.0 -18.254589935910293  738532.6848572965
0.5 0.0 -17.406172493472635  738532.6848574857
0.5 0.0 -15.746069107026868  738532.6848576701
0.5 0.0 -11.571415146528997  738532.6848578475
0.5 0.0 -10.77349279936147  738532.684858032
0.5 0.0 -15.291105186126355  738532.6848582119
0.5 0.0 -14.42360070198386  738532.6848583868
0.5 0.0 -15.517196963305539  738532.6848585835
0.5 0.0 -14.641942108112731  738532.684858762
0.5 0.0 -12.792921666288109  738532.684858949
0.5 0.0 -8.12159730859143  738532.6848591216
0.5 0.0 -16.067786243874078  738532.6848592946
0.5 0.0 -11.412052665170272  738532.6848594756
0.5 0.0 -10.63858869163179  738532.6848596556
0.5 0.0 -11.153521497620263  738532.6848598277
0.5 0.0 -7.72599336676145  738532.6848600052
0.5 0.0 -8.456588333204417  738532.684860184
0.5 0.0 -5.143113790545698  738532.6848603714
0.5 0.0 -7.780793335499006  738532.684860536
0.5 0.0 -9.482187727166439  738532.6848607096
0.5 0.0 -5.216496902235394  738532.684860885
0.5 0.0 -6.3211815394299204  738532.684861081
0.5 0.0 -5.589865197478125  738532.6848612524
0.5 0.0 -3.8535885486794186  738532.684861447
0.5 0.0 -9.097084456017695  738532.6848616211
0.5 0.0 -10.15116373778572  738532.6848618009
0.5 0.0 -6.714197162488049  738532.684861975
0.5 0.0 -7.77864058367406  738532.6848621528
0.5 0.0 -7.199830427261688  738532.684862349
0.5 0.0 -5.9472828891050895  738532.6848625221
0.5 0.0 -4.796022914884308  738532.6848627093
0.5 0.0 -6.048937705421248  738532.6848628937
0.5 0.0 -4.698018929690096  738532.6848630706
0.5 0.0 -1.221449112111383  738532.6848632355
0.5 0.0 -2.6937123702373618  738532.6848634251
0.5 0.0 0.8001455961013264  738532.6848635932
0.5 0.0 1.959789647845802  738532.6848637799
0.5 0.0 -9.253034636854874  738532.6848639522
0.5 0.0 -8.064768096048269  738532.6848641477
0.5 0.0 -3.9507220194655077  738532.6848643307
0.5 0.0 -3.7380250899112206  738532.6848644889
0.5 0.0 -2.3471861828540463  738532.6848646719
0.5 0.0 -1.9978138219442392  738532.6848648491
0.5 0.0 -0.6955180946525528  738532.6848650322
0.5 0.0 -10.684435396642854  738532.6848652012
0.5 0.0 -9.481357963963545  738532.684865393
0.5 0.0 -5.989741221955873  738532.6848655617
0.5 0.0 -4.810899649117902  738532.6848657412
0.5 0.0 -6.701381858539354  738532.6848659392
0.5 0.0 -6.12209234679909  738532.684866116
0.5 0.0 -5.410884391133974  738532.6848662966
0.5 0.0 -5.162044441804726  738532.6848664613
0.5 0.0 -6.975119333139859  738532.6848666578
0.5 0.0 -6.548095437781511  738532.6848668434
0.5 0.0 -5.314998849150273  738532.684867017
0.5 0.0 -4.57772598605772  738532.6848671894
0.5 0.0 -11.53847119161043  738532.6848673605
0.5 0.0 -10.194365546994566  738532.6848675525
0.5 0.0 -9.615578789488087  738532.6848677339
0.5 0.0 -5.12453616272744  738532.6848679185
0.5 0.0 -7.9625350090719165  738532.6848681038
0.5 0.0 -6.612903115436978  738532.6848682804
0.5 0.0 -2.8177361466043522  738532.6848684626
0.5 0.0 -12.460112775766033  738532.6848686327
0.5 0.0 -7.89326897824212  738532.6848688273
0.5 0.0 -7.419735278535445  738532.684868993
0.5 0.0 -6.12716790394923  738532.6848691768
0.5 0.0 -5.705814188294778  738532.6848693708
0.5 0.0 -7.72175052649564  738532.6848695528
0.5 0.0 -13.569539693606977  738532.6848697173
0.5 0.0 -12.132313022280018  738532.6848698991
0.5 0.0 -11.398566899465106  738532.6848700603
0.5 0.0 -10.133692210159424  738532.6848702489
0.5 0.0 -9.53805921874285  738532.6848704215
0.5 0.0 -11.318174393221804  738532.6848706134
0.5 0.0 -10.688276412941473  738532.6848707941
0.5 0.0 -13.957631197724812  738532.6848709696
0.5 0.0 -8.828868369382263  738532.6848711491
0.5 0.0 -11.656516136798064  738532.6848713241
0.5 0.0 -9.96355499594697  738532.6848715027
0.5 0.0 -5.555727435111751  738532.6848716844
0.5 0.0 -7.589027920954676  738532.6848718694
0.5 0.0 -15.048347110856172  738532.6848720375
0.5 0.0 -13.341344227929424  738532.6848722164
0.5 0.0 -16.135141151271583  738532.6848723989
0.5 0.0 -10.985332481440613  738532.6848725837
0.5 0.0 -10.250374014993948  738532.684872746
0.5 0.0 -8.477023564305087  738532.6848729308
0.5 0.0 -10.459395228891912  738532.6848731099
0.5 0.0 -10.869176617136318  738532.684873284
0.5 0.0 -12.88749582795369  738532.684873478
0.5 0.0 -8.242603153597484  738532.6848736544
0.5 0.0 -10.072003403566168  738532.6848738302
0.5 0.0 -9.305373441455174  738532.6848740021
0.5 0.0 -3.2648266263365295  738532.6848741896
0.5 0.0 -13.997417940231822  738532.6848743595
0.5 0.0 -16.003894732404508  738532.68487455
0.5 0.0 -14.220358552750712  738532.6848747341
0.5 0.0 -13.478777291555971  738532.6848749187
0.5 0.0 -11.583226354703632  738532.6848750978
0.5 0.0 -10.612730726723823  738532.6848752726
0.5 0.0 -4.723037051622834  738532.684875451
0.5 0.0 -18.566181898745445  738532.6848756226
0.5 0.0 -12.78223512487244  738532.6848757997
0.5 0.0 -10.733553109116663  738532.6848759952
0.5 0.0 -13.886135526804114  738532.6848761768
0.5 0.0 -11.940610111141321  738532.6848763633
0.5 0.0 -7.284007204487062  738532.6848765401
0.5 0.0 -11.256686250031104  738532.6848767258
0.5 0.0 -14.506851653304297  738532.684876905
0.5 0.0 -8.049086729523466  738532.6848770775
0.5 0.0 -6.1825612174205204  738532.6848772748
0.5 0.0 -9.818254581211317  738532.6848774519
0.5 0.0 -7.541045041094949  738532.6848776384
0.5 0.0 -13.363760897304115  738532.6848777913
0.5 0.0 -15.320773111707378  738532.684877975
0.5 0.0 -10.16259445330401  738532.6848781523
0.5 0.0 -12.485852403221376  738532.684878326
0.5 0.0 -7.253115039754262  738532.6848785118
0.5 0.0 -5.3058889241929  738532.6848787088
0.5 0.0 -4.600216331121905  738532.6848788894
0.5 0.0 -18.247164131256138  738532.684879055
0.5 0.0 -16.169101103151668  738532.6848792487
0.5 0.0 -10.817686335972523  738532.6848794125
0.5 0.0 -8.522432055251567  738532.6848796074
0.5 0.0 -7.74394478622614  738532.6848797826
0.5 0.0 -10.408199483319375  738532.6848799798
0.5 0.0 -4.848105050247084  738532.6848801406
0.5 0.0 -14.01707303167349  738532.684880324
0.5 0.0 -11.84206362603011  738532.6848805114
0.5 0.0 -10.843519381802201  738532.6848806705
0.5 0.0 -12.779205201551324  738532.6848808448
0.5 0.0 -7.0298561006791065  738532.6848810295
0.5 0.0 -10.765371220306587  738532.6848812257
0.5 0.0 -21.698712283791323  738532.6848814082
0.5 0.0 -19.322209944528307  738532.6848815877
0.5 0.0 -12.213878041562761  738532.6848817789
0.5 0.0 -11.463736686099487  738532.684881945
0.5 0.0 -13.54246350520616  738532.6848821385
0.5 0.0 -7.528731067464477  738532.6848823202
0.5 0.0 -18.438339198513876  738532.6848824896
0.5 0.0 -12.228929551640878  738532.6848826756
0.5 0.0 -9.561684403228059  738532.6848828566
0.5 0.0 -8.91597774746853  738532.684883037
0.5 0.0 -7.173689828933503  738532.6848832229
0.5 0.0 -10.236416470212504  738532.6848834255
0.5 0.0 -16.454395312247986  738532.6848835887
0.5 0.0 -18.42613942659435  738532.6848837854
0.5 0.0 -17.061175003037654  738532.6848839378
0.5 0.0 -14.276295308105539  738532.6848841329
0.5 0.0 -8.087009399019752  738532.6848843184
0.5 0.0 -5.766130925250725  738532.6848844915
0.5 0.0 -2.4094240998984717  738532.6848846836
0.5 0.0 -21.783495155079365  738532.6848848549
0.5 0.0 -19.04311738931505  738532.6848850418
0.5 0.0 -12.537167813656977  738532.6848852178
0.5 0.0 -16.66529797276929  738532.6848853837
0.5 0.0 -8.589333878108057  738532.6848855836
0.5 0.0 -12.335959808948493  738532.684885795
0.5 0.0 -28.069596941630614  738532.6848861052
0.5 0.0 -26.48108425047323  738532.684886265
0.5 0.0 -23.648433976579053  738532.6848864574
0.5 0.0 -22.050384007878044  738532.6848866189
0.5 0.0 -14.083907697795446  738532.6848868055
0.5 0.0 -16.491493910469014  738532.6848869954
0.5 0.0 -20.041610900774046  738532.6848871642
0.5 0.0 -16.407718478545576  738532.6848873288
0.5 0.0 -22.83784652825779  738532.6848875262
0.5 0.0 -19.866189824086575  738532.6848877127
0.5 0.0 -18.350478202824558  738532.6848878807
0.5 0.0 -8.246255750357598  738532.6848880776
0.5 0.0 -27.345560468267795  738532.6848882525
0.5 0.0 -26.07550119039987  738532.6848884369
0.5 0.0 -16.005217297466984  738532.6848886043
0.5 0.0 -14.575282027764437  738532.6848887864
0.5 0.0 -10.703584560065313  738532.6848889581
0.5 0.0 -16.204273104664157  738532.6848891432
0.5 0.0 -5.437802573507527  738532.6848893224
0.5 0.0 -25.701437091912183  738532.6848894873
0.5 0.0 -27.649556151709774  738532.6848896804
0.5 0.0 -20.943746743761135  738532.6848898444
0.5 0.0 -17.16761140973322  738532.6848900393
0.5 0.0 -16.04158457958144  738532.6848902096
0.5 0.0 -18.844423826296858  738532.6848904
0.5 0.0 -31.84473426351238  738532.6848905797
0.5 0.0 -31.113770570765066  738532.684890754
0.5 0.0 -27.852195233572075  738532.6848909416
0.5 0.0 -32.87796482367999  738532.6848911103
0.5 0.0 -23.059261786035652  738532.6848912981
0.5 0.0 -27.876946548187714  738532.6848914588
0.5 0.0 -17.15103366681647  738532.6848916429
0.5 0.0 -33.218017118569115  738532.684891823
0.5 0.0 -29.00740511907218  738532.6848920158
0.5 0.0 -24.929263002222857  738532.6848921763
0.5 0.0 -23.110493399410405  738532.6848923599
0.5 0.0 -25.641441675395676  738532.6848925392
0.5 0.0 -16.92731220069316  738532.6848927255
0.5 0.0 -43.83546344522476  738532.6848929152
0.5 0.0 -35.988583551197166  738532.6848930886
0.5 0.0 -34.51947305440967  738532.6848932765
0.5 0.0 -30.59609159274151  738532.6848934508
0.5 0.0 -32.771832577644155  738532.6848936332
0.5 0.0 -28.25065520667725  738532.6848938253
0.5 0.0 -44.45301278567228  738532.6848940107
0.5 0.0 -39.43187573981263  738532.6848941835
0.5 0.0 -36.854398742045476  738532.6848943423
0.5 0.0 -24.580935999860394  738532.6848945369
0.5 0.0 -19.411383658542213  738532.6848947209
0.5 0.0 -16.78825291413231  738532.684894896
0.5 0.0 -11.032386810022357  738532.6848950805
0.5 0.0 -36.632939190773996  738532.6848952593
0.5 0.0 -38.58284290281491  738532.684895443
0.5 0.0 -29.525350200143393  738532.6848956159
0.5 0.0 -32.213517398618826  738532.6848958005
0.5 0.0 -22.69851965064362  738532.6848959676
0.5 0.0 -24.764613435183843  738532.6848961582
0.5 0.0 -14.505676305791512  738532.6848963245
0.5 0.0 -39.045930551280804  738532.6848965108
0.5 0.0 -34.7279303753959  738532.6848966859
0.5 0.0 -32.841267163688535  738532.6848968719
0.5 0.0 -27.62165006486597  738532.68489704
0.5 0.0 -25.81051791236574  738532.6848972227
0.5 0.0 -20.974522656965924  738532.6848974292
0.5 0.0 -52.17481598018733  738532.684897589
0.5 0.0 -53.912380524448125  738532.6848977766
0.5 0.0 -45.66899477531323  738532.6848979628
0.5 0.0 -41.6931995950244  738532.6848981438
0.5 0.0 -43.706388106353565  738532.6848983105
0.5 0.0 -41.45693819658017  738532.6848984946
0.5 0.0 -81.03847842684563  738532.6848986695
0.5 0.0 -73.5375954371764  738532.6848988456
0.5 0.0 -76.28985394128281  738532.6848990436
0.5 0.0 -67.97951722841236  738532.6848992174
0.5 0.0 -70.62115440935534  738532.6848994145
0.5 0.0 -61.29902353130864  738532.6848995736
0.5 0.0 -54.42782593774282  738532.6848997568
0.5 0.0 -76.47283793784005  738532.6848999287
0.5 0.0 -74.07384678016943  738532.6849001086
0.5 0.0 -68.23718938110139  738532.6849002895
0.5 0.0 -65.74347859283657  738532.6849004874
0.5 0.0 -60.040667153924126  738532.6849006627
0.5 0.0 -57.0961697066477  738532.6849008454
0.5 0.0 -82.48264458846566  738532.6849010208
0.5 0.0 -75.99811205788961  738532.6849012077
0.5 0.0 -72.27106818799184  738532.6849013771
0.5 0.0 -64.37156284765817  738532.6849015558
0.5 0.0 -61.50405026871073  738532.6849017428
0.5 0.0 -50.84113316431682  738532.6849019243
0.5 0.0 -90  738532.6849020983
0.5 0.0 -90  738532.6849022856
0.5 0.0 -90  738532.6849024547
0.5 0.0 -90  738532.6849026394
0.5 0.0 -83.86100074005087  738532.6849028346
0.5 0.0 -79.75949089899945  738532.6849030155
0.5 0.0 -74.06849148162604  738532.6849032077
0.5 0.0 -62.54974519793882  738532.6849033707
0.5 0.0 -90  738532.6849035467
0.5 0.0 -90  738532.6849037284
0.5 0.0 -83.7617575852074  738532.6849039226
0.5 0.0 -71.59132486244059  738532.6849040925
0.5 0.0 -64.40579999768066  738532.6849042876
0.5 0.0 -90  738532.6849044651
0.5 0.0 -90  738532.6849046571
0.5 0.0 -90  738532.6849048383
0.5 0.0 -85.39077169683046  738532.6849049993
0.5 0.0 -69.32613770422114  738532.6849051917
0.5 0.0 -58.75879219377871  738532.6849053603
0.5 0.0 -34.787827740275496  738532.6849055542
0.5 0.0 -79.88801465730326  738532.6849057181
0.5 0.0 -63.29929264777508  738532.684905897
0.5 0.0 -25.808480287993724  738532.6849060724
0.5 0.0 -3.541878412716134  738532.684906256
0.5 0.0 45.78827457279317  738532.6849064537
0.5 0.0 87.4228825326357  738532.68490663
0.5 0.0 40.87777932622402  738532.6849068045
0.5 0.0 73.40709387847615  738532.6849069685
0.5 0.0 90  738532.6849071485
0.5 0.0 90  738532.6849073273
0.5 0.0 90  738532.6849075112
0.5 0.0 90  738532.6849076934
