0 0 0  738546.6116850881
0.6 0.0 120  738546.6118395418
0.6 0.0 120  738546.6118399196
0.6 0.0 120  738546.6118402715
0.6 0.0 120  738546.61184064
0.6 0.0 120  738546.6118410066
0.6 0.0 120  738546.6118413571
0.6 0.0 120  738546.6118417272
0.6 0.0 120  738546.6118420891
0.6 0.0 120  738546.611842456
0.6 0.0 120  738546.6118428274
0.6 0.0 120  738546.6118431888
0.6 0.0 120  738546.611843542
0.6 0.0 120  738546.6118439031
0.6 0.0 120  738546.6118442639
0.6 0.0 120  738546.6118446356
0.6 0.0 120  738546.611845003
0.6 0.0 120  738546.6118453734
0.6 0.0 120  738546.6118457529
0.6 0.0 120  738546.611846093
0.6 0.0 120  738546.611846459
0.6 0.0 120  738546.6118468195
0.6 0.0 120  738546.6118471681
0.6 0.0 120  738546.6118475338
0.6 0.0 120  738546.6118478866
0.6 0.0 120  738546.6118482475
0.6 0.0 120  738546.6118486141
0.6 0.0 120  738546.6118489726
0.6 0.0 120  738546.6118493404
0.6 0.0 120  738546.611849705
0.6 0.0 120  738546.6118500674
0.6 0.0 120  738546.6118504311
0.6 0.0 120  738546.6118508034
0.6 0.0 120  738546.6118511611
0.6 0.0 120  738546.6118515312
0.6 0.0 120  738546.6118518957
0.6 0.0 120  738546.6118522655
0.6 0.0 120  738546.6118526385
0.6 0.0 120  738546.6118530049
0.6 0.0 120  738546.611853349
0.6 0.0 120  738546.6118537167
0.6 0.0 120  738546.6118540753
0.6 0.0 120  738546.6118544341
0.6 0.0 120  738546.6118547937
0.6 0.0 120  738546.6118551601
0.6 0.0 120  738546.6118555136
0.6 0.0 120  738546.611855874
0.6 0.0 120  738546.6118562312
0.6 0.0 120  738546.6118565914
0.6 0.0 120  738546.6118569539
0.6 0.0 120  738546.6118573193
0.6 0.0 120  738546.6118576882
0.6 0.0 120  738546.6118580414
0.6 0.0 120  738546.6118584113
0.6 0.0 120  738546.6118587743
0.6 0.0 120  738546.6118591154
0.6 0.0 120  738546.6118594701
0.6 0.0 120  738546.6118598334
0.6 0.0 120  738546.6118602018
0.6 0.0 120  738546.6118605686
0.6 0.0 120  738546.6118609186
0.6 0.0 120  738546.6118612775
0.6 0.0 120  738546.6118616372
0.6 0.0 120  738546.6118619861
0.6 0.0 120  738546.6118623536
0.6 0.0 120  738546.6118627236
0.6 0.0 120  738546.6118630959
0.6 0.0 120  738546.6118634403
0.6 0.0 120  738546.6118638022
0.6 0.0 120  738546.6118641909
0.6 0.0 120  738546.6118645137
0.6 0.0 120  738546.611864881
0.6 0.0 120  738546.6118652488
0.6 0.0 120  738546.611865614
0.6 0.0 120  738546.6118659852
0.6 0.0 120  738546.6118663579
0.6 0.0 120  738546.6118667152
0.6 0.0 120  738546.611867098
0.6 0.0 120  738546.6118674561
0.6 0.0 120  738546.6118678184
0.6 0.0 120  738546.611868174
0.6 0.0 120  738546.6118685366
0.6 0.0 120  738546.6118689071
0.6 0.0 120  738546.6118692514
0.6 0.0 120  738546.6118696118
0.6 0.0 120  738546.6118699942
0.6 0.0 120  738546.6118703497
0.6 0.0 120  738546.6118707127
0.6 0.0 120  738546.611871089
0.6 0.0 120  738546.6118714359
0.6 0.0 120  738546.6118717921
0.6 0.0 120  738546.6118721579
0.6 0.0 120  738546.6118725389
0.6 0.0 120  738546.6118728963
0.6 0.0 120  738546.6118732681
0.6 0.0 120  738546.6118736364
0.6 0.0 120  738546.6118739957
0.6 0.0 120  738546.6118743573
0.6 0.0 120  738546.6118747157
0.6 0.0 120  738546.6118750751
0.6 0.0 120  738546.6118754314
0.6 0.0 120  738546.6118758082
0.6 0.0 120  738546.6118761661
0.6 0.0 120  738546.6118765194
0.6 0.0 120  738546.6118768716
0.6 0.0 120  738546.6118772367
0.6 0.0 120  738546.6118775927
0.6 0.0 120  738546.6118779412
0.6 0.0 120  738546.6118783011
0.6 0.0 120  738546.6118786688
0.6 0.0 120  738546.6118790196
0.6 0.0 120  738546.6118793798
0.6 0.0 120  738546.6118797383
0.6 0.0 120  738546.6118801004
0.6 0.0 120  738546.6118804758
0.6 0.0 120  738546.611880813
0.6 0.0 120  738546.6118811663
0.6 0.0 120  738546.6118815396
0.6 0.0 120  738546.6118818999
0.6 0.0 120  738546.611882268
0.6 0.0 120  738546.6118826238
0.6 0.0 120  738546.6118829863
0.6 0.0 120  738546.6118833475
0.6 0.0 120  738546.6118837054
0.6 0.0 120  738546.6118841048
0.6 0.0 120  738546.6118844469
0.6 0.0 120  738546.6118848056
0.6 0.0 120  738546.6118851752
0.6 0.0 120  738546.6118855403
0.6 0.0 120  738546.6118859038
0.6 0.0 120  738546.611886264
0.6 0.0 120  738546.6118866192
0.6 0.0 120  738546.6118869755
0.6 0.0 120  738546.6118873496
0.6 0.0 120  738546.6118877073
0.6 0.0 120  738546.6118880602
0.6 0.0 120  738546.6118884331
0.6 0.0 120  738546.6118887814
0.6 0.0 120  738546.6118891455
0.6 0.0 120  738546.6118894977
0.6 0.0 120  738546.6118898662
0.6 0.0 120  738546.6118902299
0.6 0.0 120  738546.6118905933
0.6 0.0 120  738546.6118909523
0.6 0.0 120  738546.6118913156
0.6 0.0 120  738546.6118916776
0.6 0.0 120  738546.6118920303
0.6 0.0 120  738546.6118924047
0.6 0.0 120  738546.6118927547
0.6 0.0 120  738546.6118931165
0.6 0.0 120  738546.6118934703
0.6 0.0 120  738546.6118938341
0.6 0.0 120  738546.6118941947
0.6 0.0 120  738546.6118945664
0.6 0.0 120  738546.611894927
0.6 0.0 120  738546.6118952793
0.6 0.0 120  738546.6118956391
0.6 0.0 120  738546.6118959893
0.6 0.0 120  738546.6118963447
0.6 0.0 120  738546.6118967114
0.6 0.0 120  738546.6118970615
0.6 0.0 120  738546.611897433
0.6 0.0 120  738546.6118978063
0.6 0.0 120  738546.6118981588
0.6 0.0 120  738546.611898522
0.6 0.0 120  738546.6118989027
0.6 0.0 120  738546.6118992617
0.6 0.0 120  738546.6118996234
0.6 0.0 120  738546.6118999852
0.6 0.0 120  738546.6119003401
0.6 0.0 120  738546.6119007088
0.6 0.0 120  738546.611901078
0.6 0.0 120  738546.6119014411
0.6 0.0 120  738546.6119017965
0.6 0.0 120  738546.6119021629
0.6 0.0 120  738546.6119025232
0.6 0.0 120  738546.6119028868
0.6 0.0 120  738546.6119032347
0.6 0.0 120  738546.611903612
0.6 0.0 120  738546.6119039636
0.6 0.0 120  738546.6119043288
0.6 0.0 120  738546.6119046992
0.6 0.0 120  738546.6119050453
0.6 0.0 120  738546.6119054052
0.6 0.0 120  738546.6119057668
0.6 0.0 120  738546.6119061187
0.6 0.0 120  738546.6119064823
0.6 0.0 120  738546.6119068359
0.6 0.0 120  738546.6119071979
0.6 0.0 120  738546.6119075489
0.6 0.0 120  738546.6119079095
0.6 0.0 120  738546.6119082798
0.6 0.0 120  738546.6119086461
0.6 0.0 120  738546.611909009
0.6 0.0 120  738546.6119093847
0.6 0.0 120  738546.611909734
0.6 0.0 120  738546.6119100939
0.6 0.0 120  738546.6119104621
0.6 0.0 120  738546.6119108135
0.6 0.0 120  738546.611911182
0.6 0.0 120  738546.6119115533
0.6 0.0 120  738546.6119119239
0.6 0.0 120  738546.6119122825
0.6 0.0 120  738546.611912635
0.6 0.0 120  738546.6119129859
0.6 0.0 120  738546.6119133485
0.6 0.0 120  738546.6119137087
0.6 0.0 120  738546.6119140737
0.6 0.0 120  738546.6119144468
0.6 0.0 120  738546.6119148099
0.6 0.0 120  738546.6119151756
0.6 0.0 120  738546.6119155253
0.6 0.0 120  738546.6119158753
0.6 0.0 120  738546.611916243
0.6 0.0 120  738546.611916603
0.6 0.0 120  738546.6119169671
0.6 0.0 120  738546.6119173305
0.6 0.0 120  738546.6119176957
0.6 0.0 120  738546.6119180523
0.6 0.0 120  738546.6119184408
0.6 0.0 120  738546.6119187864
0.6 0.0 120  738546.6119191485
0.6 0.0 120  738546.6119195059
0.6 0.0 120  738546.61191986
0.6 0.0 120  738546.6119202338
0.6 0.0 120  738546.6119205978
0.6 0.0 120  738546.6119209693
0.6 0.0 120  738546.6119213031
0.6 0.0 120  738546.6119216696
0.6 0.0 120  738546.6119220456
0.6 0.0 120  738546.6119223944
0.6 0.0 120  738546.6119227514
0.6 0.0 120  738546.6119231049
0.6 0.0 120  738546.6119234744
0.6 0.0 120  738546.6119238347
0.6 0.0 120  738546.6119241829
0.6 0.0 120  738546.6119245443
0.6 0.0 120  738546.6119249004
0.6 0.0 120  738546.6119252598
0.6 0.0 120  738546.6119256285
0.6 0.0 120  738546.611925979
0.6 0.0 120  738546.6119263329
0.6 0.0 120  738546.6119267081
0.6 0.0 120  738546.6119270476
0.6 0.0 120  738546.6119274218
0.6 0.0 120  738546.611927766
0.6 0.0 120  738546.6119281285
0.6 0.0 120  738546.6119285068
0.6 0.0 120  738546.6119288659
0.6 0.0 120  738546.6119292388
0.6 0.0 120  738546.6119296007
0.6 0.0 120  738546.6119299643
0.6 0.0 120  738546.6119303275
0.6 0.0 120  738546.6119306815
0.6 0.0 120  738546.6119310427
0.6 0.0 120  738546.6119314064
0.6 0.0 120  738546.6119317618
0.6 0.0 120  738546.6119321169
0.6 0.0 120  738546.6119324914
0.6 0.0 120  738546.6119328488
0.6 0.0 120  738546.6119332502
0.6 0.0 120  738546.6119335993
0.6 0.0 120  738546.61193395
0.6 0.0 120  738546.6119343207
0.6 0.0 120  738546.6119346864
0.6 0.0 120  738546.6119350323
0.6 0.0 120  738546.6119354097
0.6 0.0 120  738546.6119357597
0.6 0.0 120  738546.6119361176
0.6 0.0 120  738546.6119364674
0.6 0.0 120  738546.611936837
0.6 0.0 nan  738546.6119371888
0.6 0.0 nan  738546.6119375498
0.6 0.0 nan  738546.6119379073
0.6 0.0 nan  738546.6119382805
0.6 0.0 nan  738546.6119386386
0.6 0.0 nan  738546.6119389855
0.6 0.0 nan  738546.6119393425
0.6 0.0 nan  738546.6119397087
0.6 0.0 nan  738546.61194007
0.6 0.0 nan  738546.6119404384
0.6 0.0 nan  738546.6119408201
0.6 0.0 nan  738546.6119411736
0.6 0.0 nan  738546.6119415221
0.6 0.0 nan  738546.61194191
0.6 0.0 nan  738546.611942253
0.6 0.0 nan  738546.6119426057
0.6 0.0 nan  738546.6119429762
0.6 0.0 nan  738546.6119433378
0.6 0.0 nan  738546.6119436752
0.6 0.0 nan  738546.6119440479
0.6 0.0 nan  738546.6119443986
0.6 0.0 nan  738546.611944751
0.6 0.0 nan  738546.6119451175
0.6 0.0 nan  738546.611945476
0.6 0.0 nan  738546.6119458462
0.6 0.0 nan  738546.6119461969
0.6 0.0 nan  738546.6119465624
0.6 0.0 nan  738546.6119469234
0.6 0.0 nan  738546.6119472734
0.6 0.0 nan  738546.6119476294
0.6 0.0 nan  738546.6119479893
0.6 0.0 nan  738546.6119483459
0.6 0.0 nan  738546.6119487185
0.6 0.0 nan  738546.6119490669
0.6 0.0 nan  738546.6119494197
0.6 0.0 nan  738546.6119497722
0.6 0.0 nan  738546.6119501318
0.6 0.0 nan  738546.6119504967
0.6 0.0 nan  738546.611950854
0.6 0.0 nan  738546.6119512209
0.6 0.0 nan  738546.6119515905
0.6 0.0 nan  738546.6119519491
0.6 0.0 nan  738546.6119523024
0.6 0.0 nan  738546.6119526627
0.6 0.0 nan  738546.6119530316
0.6 0.0 nan  738546.611953404
0.6 0.0 nan  738546.6119537425
0.6 0.0 nan  738546.6119541047
0.6 0.0 nan  738546.6119545109
0.6 0.0 nan  738546.611954831
0.6 0.0 nan  738546.611955203
0.6 0.0 nan  738546.6119555687
0.6 0.0 nan  738546.6119559137
0.6 0.0 nan  738546.6119562878
0.6 0.0 nan  738546.6119566429
0.6 0.0 nan  738546.6119570045
0.6 0.0 nan  738546.6119573677
0.6 0.0 nan  738546.6119577404
0.6 0.0 nan  738546.6119581052
0.6 0.0 nan  738546.6119584647
0.6 0.0 nan  738546.6119588447
0.6 0.0 nan  738546.6119591941
0.6 0.0 nan  738546.611959542
0.6 0.0 nan  738546.6119599036
0.6 0.0 nan  738546.6119602761
0.6 0.0 nan  738546.6119606287
0.6 0.0 nan  738546.6119609827
0.6 0.0 nan  738546.6119613625
0.6 0.0 nan  738546.6119617107
0.6 0.0 nan  738546.6119620822
0.6 0.0 nan  738546.6119624306
0.6 0.0 nan  738546.6119627979
0.6 0.0 nan  738546.6119631605
0.6 0.0 nan  738546.6119635311
0.6 0.0 nan  738546.6119638875
0.6 0.0 nan  738546.6119642594
0.6 0.0 nan  738546.6119646074
0.6 0.0 nan  738546.6119649814
0.6 0.0 nan  738546.6119653381
0.6 0.0 nan  738546.6119656746
0.6 0.0 nan  738546.6119660541
0.6 0.0 nan  738546.6119664132
0.6 0.0 nan  738546.6119667813
0.6 0.0 nan  738546.6119671498
0.6 0.0 nan  738546.6119675123
0.6 0.0 nan  738546.6119678755
0.6 0.0 nan  738546.6119682443
0.6 0.0 nan  738546.6119686043
0.6 0.0 nan  738546.6119689599
0.6 0.0 nan  738546.6119693214
0.6 0.0 nan  738546.6119696792
0.6 0.0 nan  738546.6119700351
0.6 0.0 nan  738546.6119703948
0.6 0.0 nan  738546.611970772
0.6 0.0 nan  738546.6119711254
0.6 0.0 nan  738546.6119714987
0.6 0.0 nan  738546.6119718559
0.6 0.0 nan  738546.6119722356
0.6 0.0 nan  738546.6119725619
0.6 0.0 nan  738546.611972914
0.6 0.0 nan  738546.6119732687
0.6 0.0 nan  738546.611973656
0.6 0.0 nan  738546.6119740029
0.6 0.0 nan  738546.6119743612
0.6 0.0 nan  738546.6119747382
0.6 0.0 nan  738546.611975088
0.6 0.0 nan  738546.611975451
0.6 0.0 nan  738546.6119758153
0.6 0.0 nan  738546.6119761738
0.6 0.0 nan  738546.6119765359
0.6 0.0 nan  738546.6119768885
0.6 0.0 nan  738546.611977245
0.6 0.0 nan  738546.611977616
0.6 0.0 nan  738546.6119779667
0.6 0.0 nan  738546.61197833
0.6 0.0 nan  738546.6119786834
0.6 0.0 nan  738546.6119790422
0.6 0.0 nan  738546.6119793998
0.6 0.0 nan  738546.6119797614
0.6 0.0 nan  738546.6119801083
0.6 0.0 nan  738546.6119804757
0.6 0.0 nan  738546.6119808266
0.6 0.0 nan  738546.611981194
0.6 0.0 nan  738546.6119815493
0.6 0.0 nan  738546.6119819132
0.6 0.0 nan  738546.6119822962
0.6 0.0 nan  738546.6119826405
0.6 0.0 nan  738546.6119830003
0.6 0.0 nan  738546.6119833622
0.6 0.0 nan  738546.6119837187
0.6 0.0 nan  738546.6119840834
0.6 0.0 nan  738546.6119844356
0.6 0.0 nan  738546.6119847924
0.6 0.0 nan  738546.6119851493
0.6 0.0 nan  738546.6119855316
0.6 0.0 nan  738546.6119858604
0.6 0.0 nan  738546.61198622
0.6 0.0 nan  738546.6119865763
0.6 0.0 nan  738546.6119869483
0.6 0.0 nan  738546.6119872935
0.6 0.0 nan  738546.6119876592
0.6 0.0 nan  738546.6119880284
0.6 0.0 nan  738546.611988385
0.6 0.0 nan  738546.6119887519
0.6 0.0 nan  738546.6119891235
0.6 0.0 nan  738546.611989464
0.6 0.0 nan  738546.6119898187
