0 0 0  738511.7391735306
1.5 0.0 0.0 1.5 0.0  738511.7392847991
1.5 0.0 0.0 1.5 0.0  738511.7392851593
1.5 0.0 0.0 1.5 0.0  738511.7392855199
1.5 0.0 0.0 1.5 0.0  738511.739285881
1.5 0.0 0.0 1.5 0.0  738511.7392862444
1.5 0.0 0.0 1.5 0.0  738511.7392866132
1.5 0.0 0.0 1.5 0.0  738511.7392869734
1.5 0.0 0.0 1.5 0.0  738511.7392873276
1.5 0.0 0.0 1.5 0.0  738511.7392876828
1.5 0.0 0.0 1.5 0.0  738511.7392880521
1.5 0.0 0.0 1.5 0.0  738511.7392884158
1.5 0.0 0.0 1.5 0.0  738511.7392887669
1.5 0.0 0.0 1.5 0.0  738511.7392891214
1.5 0.0 0.0 1.5 0.0  738511.7392894828
1.5 0.0 0.0 1.5 0.0  738511.7392898457
1.5 0.0 0.0 1.5 0.0  738511.7392901962
1.5 0.0 0.0 1.5 0.0  738511.7392905542
1.5 0.0 0.0 1.5 0.0  738511.7392909146
1.5 0.0 0.0 1.5 0.0  738511.7392912764
1.5 0.0 0.0 1.5 0.0  738511.7392916376
1.5 0.0 0.0 1.5 0.0  738511.7392919909
1.5 0.0 0.0 1.5 0.0  738511.7392923511
1.5 0.0 0.0 1.5 0.0  738511.739292719
1.5 0.0 0.0 1.5 0.0  738511.73929308
1.5 0.0 0.0 1.5 0.0  738511.7392934442
1.5 0.0 0.0 1.5 0.0  738511.7392938026
1.5 0.0 0.0 1.5 0.0  738511.7392941619
1.5 0.0 0.0 1.5 0.0  738511.7392945191
1.5 0.0 0.0 1.5 0.0  738511.7392948727
1.5 0.0 0.0 1.5 0.0  738511.7392952355
1.5 0.0 0.0 1.5 0.0  738511.7392955961
1.5 0.0 0.0 1.5 0.0  738511.7392959554
1.5 0.0 0.0 1.5 0.0  738511.7392963048
1.5 0.0 0.0 1.5 0.0  738511.7392966578
1.5 0.0 0.0 1.5 0.0  738511.7392970112
1.5 0.0 0.0 1.5 0.0  738511.7392973813
1.5 0.0 0.0 1.5 0.0  738511.7392977441
1.5 0.0 0.0 1.5 0.0  738511.7392981076
1.5 0.0 0.0 1.5 0.0  738511.7392984754
1.5 0.0 0.0 1.5 0.0  738511.7392988432
1.5 0.0 0.0 1.5 0.0  738511.7392992149
1.5 0.0 0.0 1.5 0.0  738511.7392995664
1.5 0.0 0.0 1.5 0.0  738511.739299937
1.5 0.0 0.0 1.5 0.0  738511.7393002866
1.5 0.0 0.0 1.5 0.0  738511.7393006504
1.5 0.0 0.0 1.5 0.0  738511.7393010164
1.5 0.0 0.0 1.5 0.0  738511.7393013781
1.5 0.0 0.0 1.5 0.0  738511.7393017372
1.5 0.0 0.0 1.5 0.0  738511.7393020948
1.5 0.0 0.0 1.5 0.0  738511.7393024515
1.5 0.0 0.0 1.5 0.0  738511.7393027982
1.5 0.0 0.0 1.5 0.0  738511.7393031524
1.5 0.0 0.0 1.5 0.0  738511.7393035084
1.5 0.0 0.0 1.5 0.0  738511.7393038684
1.5 0.0 0.0 1.5 0.0  738511.7393042246
1.5 0.0 0.0 1.5 0.0  738511.7393045876
1.5 0.0 0.0 1.5 0.0  738511.7393049288
1.5 0.0 0.0 1.5 0.0  738511.7393052911
1.5 0.0 0.0 1.5 0.0  738511.7393056458
1.5 0.0 0.0 1.5 0.0  738511.7393060143
1.5 0.0 0.0 1.5 0.0  738511.7393063767
1.5 0.0 0.0 1.5 0.0  738511.7393067454
