0 0 0  738503.5853724048
-0.79643840947126 0.5307069495524334 0.5133719325051361 0.0 0.0  738503.5854721826
0.0 0.0 0.0 -0.04170035570859909 -0.032721035182476044  738503.5854721826
0.012494792317669583 0.012494792317669583 0.0 -0.02699244563714466 -0.001940898932038259  738503.5854734618
0.02495835416170704 0.02495835416170704 0.0 0.0567733556435058 0.06330891985673825  738503.5854747203
0.03735953311839981 0.03735953311839981 0.0 0.14220568767625658 0.11749700443028335  738503.5854759844
0.049667332698765304 0.049667332698765304 0.0 0.14295937568915468 0.08726043124476508  738503.5854772466
0.061850989813630734 0.061850989813630734 0.0 0.08914104964340717 0.0479328408167138  738503.5854785042
0.0738800516653349 0.0738800516653349 0.0 0.044552820608673493 0.05226990966920406  738503.5854797646
0.08572445186386285 0.08572445186386285 0.0 0.04002309088726397 0.09060397926583555  738503.585481021
0.09735458557716263 0.09735458557716263 0.0 0.10674933771116044 0.1481215392133035  738503.5854822876
0.10874138352780756 0.10874138352780756 0.0 0.18401379788933628 0.16714097488685276  738503.5854835437
0.11985638465105075 0.11985638465105075 0.0 0.20306927910682715 0.14554547109631566  738503.5854848047
0.1306718072326648 0.1306718072326648 0.0 0.16081522524986025 0.10261500344152269  738503.5854860718
0.14116061834875887 0.14116061834875887 0.0 0.12034351345666539 0.11691543621397235  738503.5854873247
0.1512966014340099 0.1512966014340099 0.0 0.10751141754678412 0.15799056848802806  738503.5854885998
0.16105442180942278 0.16105442180942278 0.0 0.18241661160609685 0.2312635909350333  738503.5854898558
0.17040969000583353 0.17040969000583353 0.0 0.2388193893695963 0.2295852574158529  738503.585491123
0.1793390227248807 0.1793390227248807 0.0 0.25713067012837315 0.19080218119778325  738503.5854923711
0.18782010128507318 0.18782010128507318 0.0 0.2259646991970003 0.1614518009187177  738503.585493637
0.19583172740687085 0.19583172740687085 0.0 0.17720500413873103 0.18109350863321355  738503.5854949085
0.20335387619734344 0.20335387619734344 0.0 0.16879201297761076 0.23718346554637754  738503.5854961638
0.21036774620197413 0.21036774620197413 0.0 0.20712606519027943 0.2632986821946829  738503.5854974178
0.21685580639850424 0.21685580639850424 0.0 0.2655645256998405 0.25162892384545993  738503.5854986785
0.22280184001535885 0.22280184001535885 0.0 0.29249107481659875 0.21965774999276866  738503.5854999442
0.22819098506513028 0.22819098506513028 0.0 0.27553602405672845 0.2049852859101115  738503.5855012002
0.2330097714918066 0.2330097714918066 0.0 0.19748819070204277 0.20474588272827998  738503.5855024566
0.23724615483889655 0.23724615483889655 0.0 0.22449195204992445 0.28851420297339075  738503.5855037081
0.24088954635429824 0.24088954635429824 0.0 0.25136178151703764 0.3027070754463739  738503.5855049897
0.24393083945666477 0.24393083945666477 0.0 0.29416972489664406 0.27580657297007327  738503.585506255
0.24636243249711506 0.24636243249711506 0.0 0.2864149355041407 0.2203378448745178  738503.5855075142
0.24817824775939712 0.24817824775939712 0.0 0.303433650035968 0.24340850733169211  738503.5855087634
0.2493737466510136 0.2493737466510136 0.0 0.22000008371988916 0.24849065056085573  738503.5855100171
0.24994594104733925 0.24994594104733925 0.0 0.2406266380875679 0.2961754388756582  738503.5855112905
0.24989340076037628 0.24989340076037628 0.0 0.24868524808065856 0.28733867211920594  738503.5855125602
0.24921625711347972 0.24921625711347972 0.0 0.24903236047081778 0.2431698867354738  738503.5855138049
0.24791620261311714 0.24791620261311714 0.0 0.3303147323298491 0.24525791536033428  738503.5855150527
0.24599648671848423 0.24599648671848423 0.0 0.2511335692306925 0.21704139050100515  738503.5855163207
0.2434619077195488 0.2434619077195488 0.0 0.2432619349459335 0.26829455169286764  738503.5855175554
0.24031880074382497 0.24031880074382497 0.0 0.21147429095984843 0.27466765900910906  738503.5855188326
0.23657502192185362 0.23657502192185362 0.0 0.19809898650499264 0.24982090976724086  738503.585520084
0.2322399287509673 0.2322399287509673 0.0 0.28191655260081155 0.2446687846016516  738503.585521348
0.22732435670642043 0.22732435670642043 0.0 0.3209198218017416 0.24457230429571844  738503.5855225995
0.2218405921583438 0.2218405921583438 0.0 0.2549169399986792 0.22759283621982696  738503.5855238595
0.21580234166221843 0.21580234166221843 0.0 0.2007400541749999 0.23133689904566146  738503.5855251289
0.20922469769962443 0.20922469769962443 0.0 0.14145808766380574 0.20398272089731415  738503.5855263952
0.20212410095489752 0.20212410095489752 0.0 0.1539012432725575 0.19405872677500147  738503.5855276687
0.1945182992219803 0.1945182992219803 0.0 0.20681767427918857 0.19173529195783695  738503.5855289222
0.18642630304418 0.18642630304418 0.0 0.2739270677272875 0.20628136583450427  738503.5855301741
0.17786833819771108 0.17786833819771108 0.0 0.2449570556883871 0.1965048563036963  738503.5855314379
0.16886579513778766 0.16886579513778766 0.0 0.1810132169769303 0.18686039030895352  738503.5855327008
0.1594411755336259 0.1594411755336259 0.0 0.06657502546567406 0.1422371528644762  738503.5855339667
0.1496180360259891 0.1496180360259891 0.0 0.09164134954259406 0.14680230092142232  738503.5855352484
0.13942092934785416 0.13942092934785416 0.0 0.19627065021868806 0.1769081060519536  738503.5855365248
0.12887534295536604 0.12887534295536604 0.0 0.195017415682823 0.15943999283041843  738503.5855377776
0.11800763532247056 0.11800763532247056 0.0 0.15230010747364978 0.12066806517132983  738503.5855390345
0.10684497005845744 0.10684497005845744 0.0 0.07868799760154166 0.08404943864204942  738503.5855402845
0.09541524801308293 0.09541524801308293 0.0 0.03904793865788736 0.07863455047688453  738503.5855415352
0.08374703753897617 0.08374703753897617 0.0 0.02482478477376837 0.08049203945560857  738503.5855428023
0.0718695030856361 0.0718695030856361 0.0 0.09207315991287032 0.0950417555865988  738503.5855440575
0.059812332303495495 0.059812332303495495 0.0 0.11517023720824975 0.07709024863119615  738503.5855453239
0.04760566184025676 0.04760566184025676 0.0 0.09861656008676531 0.06180249551835166  738503.5855465984
0.0352800020149668 0.0352800020149668 0.0 0.025472755943004285 0.022108782614964243  738503.5855478396
0.022866160558109187 0.022866160558109187 0.0 -0.029434872892608835 0.006602378020353173  738503.5855491123
0.010395165608322623 0.010395165608322623 0.0 -0.04552262261312007 0.01636773685141802  738503.5855503986
-0.0021018118417872656 -0.0021018118417872656 0.0 0.0024094734700294998 0.019379832855371582  738503.5855516853
-0.014593535856895021 -0.014593535856895021 0.0 0.032593392190352344 0.006779550840717002  738503.585552957
-0.027048783632527093 -0.027048783632527093 0.0 0.020272891457060377 -0.022282493684307188  738503.5855542269
-0.039436423535812164 -0.039436423535812164 0.0 -0.0662461357924705 -0.0729793058792774  738503.5855554983
-0.051725492918349936 -0.051725492918349936 0.0 -0.10482973288921293 -0.07509550491363948  738503.5855567481
-0.06388527550670792 -0.06388527550670792 0.0 -0.10996853792912342 -0.06373504397829308  738503.585558035
-0.07588537817710733 -0.07588537817710733 0.0 -0.06911584805476856 -0.0372255487071588  738503.5855593196
-0.08769580692240496 -0.08769580692240496 0.0 -0.043133139017997174 -0.0623972709505096  738503.5855605936
-0.09928704182149005 -0.09928704182149005 0.0 -0.07062293847086096 -0.10713098391653644  738503.5855618679
-0.11063011082371312 -0.11063011082371312 0.0 -0.12305625711600457 -0.13315959039867278  738503.5855631474
-0.12169666216392494 -0.12169666216392494 0.0 -0.16056187452115966 -0.13182581775813068  738503.5855644237
-0.13245903522712335 -0.13245903522712335 0.0 -0.17970348538840503 -0.1259492571792356  738503.5855656875
-0.14289032968558593 -0.14289032968558593 0.0 -0.11905810838297454 -0.10405434746560042  738503.5855669338
-0.1529644727356798 -0.1529644727356798 0.0 -0.1236542909637226 -0.1526945456337283  738503.585568195
-0.16265628426629183 -0.16265628426629183 0.0 -0.14823606489813085 -0.18514656930205042  738503.5855694483
-0.17194153979599353 -0.17194153979599353 0.0 -0.18958517641186468 -0.19854093514650875  738503.5855707253
-0.18079703102162803 -0.18079703102162803 0.0 -0.20853519041640212 -0.16911469473915286  738503.5855719855
-0.18920062382698205 -0.18920062382698205 0.0 -0.20806743005276018 -0.15911570041895132  738503.5855732507
-0.19713131360654876 -0.19713131360654876 0.0 -0.18196684166679472 -0.17161532152361936  738503.5855745145
-0.2045692777661027 -0.2045692777661027 0.0 -0.16970066249917776 -0.20414731294327104  738503.585575782
-0.21149592526886163 -0.21149592526886163 0.0 -0.18902649836010332 -0.22667636615236547  738503.585577027
-0.21789394310339705 -0.21789394310339705 0.0 -0.25691376609056027 -0.24038466798103475  738503.5855782974
-0.22374733955714587 -0.22374733955714587 0.0 -0.21676030101485022 -0.1989010970451457  738503.5855795577
-0.22904148418736373 -0.22904148418736373 0.0 -0.2371687386240942 -0.20746129332530372  738503.5855808209
-0.23376314438961235 -0.23376314438961235 0.0 -0.23546709314152175 -0.232745932006572  738503.5855820865
-0.23790051847237903 -0.23790051847237903 0.0 -0.22708660482443488 -0.2537619815698051  738503.5855833545
-0.2414432651551597 -0.2414432651551597 0.0 -0.26407010093371724 -0.27453686099529756  738503.5855846143
-0.24438252941627425 -0.24438252941627425 0.0 -0.22065612466850126 -0.22369861447601203  738503.5855858813
-0.24671096462580913 -0.24671096462580913 0.0 -0.2314676813001107 -0.2200086244728171  738503.5855871245
-0.24842275090836613 -0.24842275090836613 0.0 -0.24299465433405099 -0.2367250309560169  738503.5855883833
-0.24951360968971986 -0.24951360968971986 0.0 -0.25340228971292056 -0.2585868961844554  738503.585589636
-0.2499808143910252 -0.2499808143910252 0.0 -0.25169524477650385 -0.2622952791059737  738503.5855908855
-0.2498231972438445 -0.2498231972438445 0.0 -0.23845216536171243 -0.24698021191095565  738503.5855921289
-0.24904115220896014 -0.24904115220896014 0.0 -0.22869109553082007 -0.23136721880721461  738503.5855933864
-0.2476366339916783 -0.2476366339916783 0.0 -0.23522779917613612 -0.23309303504151066  738503.5855946413
-0.24561315315608312 -0.24561315315608312 0.0 -0.23625635182150462 -0.24181497898167564  738503.585595907
-0.2429757673504552 -0.2429757673504552 0.0 -0.24610245902589972 -0.25286430254021297  738503.5855971548
-0.2397310686657846 -0.2397310686657846 0.0 -0.24891315947970155 -0.25155630745739044  738503.5855984292
-0.2358871671589766 -0.2358871671589766 0.0 -0.23486035526445587 -0.23680188104995398  738503.5855997055
-0.23145367058193303 -0.23145367058193303 0.0 -0.20735728446792795 -0.20735231566541817  738503.5856009736
-0.2264416603671761 -0.2264416603671761 0.0 -0.19452165333971416 -0.20183670348335084  738503.5856022234
-0.22086366393003828 -0.22086366393003828 0.0 -0.19668936983414426 -0.2103686612521703  738503.5856034781
-0.214733623356648 -0.214733623356648 0.0 -0.20151510912384135 -0.2149369610712345  738503.5856047267
-0.2080668605559752 -0.2080668605559752 0.0 -0.2034083201872678 -0.20579995173121773  738503.5856059975
-0.20088003896303883 -0.20088003896303883 0.0 -0.1964270387615345 -0.18620834235292538  738503.5856072654
-0.1931911218889968 -0.1931911218889968 0.0 -0.16267860605883921 -0.16156306992894653  738503.5856085264
-0.1850193276222236 -0.1850193276222236 0.0 -0.2096500812402739 -0.1954450807296763  738503.5856097684
-0.17638508139259798 -0.17638508139259798 0.0 -0.15898237940087284 -0.16926415500353548  738503.585611023
-0.16730996431906534 -0.16730996431906534 0.0 -0.12841874782243395 -0.15407259705662002  738503.5856122968
-0.1578166594680802 -0.1578166594680802 0.0 -0.1415320705526384 -0.1552147359515214  738503.5856135479
-0.14792889515775234 -0.14792889515775234 0.0 -0.11350882371699395 -0.11805647105303095  738503.5856148053
-0.1376713856494094 -0.1376713856494094 0.0 -0.1355659155916502 -0.13253541952903047  738503.5856160532
-0.12706976937481457 -0.12706976937481457 0.0 -0.11307948444741356 -0.11062356542391619  738503.5856173098
-0.11615054485343915 -0.11615054485343915 0.0 -0.1199988012938305 -0.11209212507520648  738503.5856185606
-0.10494100445996472 -0.10494100445996472 0.0 -0.0777233420707931 -0.08314505062238498  738503.5856198204
-0.093469166207559 -0.093469166207559 0.0 -0.04231463561107138 -0.06760818280018432  738503.5856210932
-0.08176370371743516 -0.08176370371743516 0.0 -0.07794047215311678 -0.08732577278263086  738503.5856223499
-0.06985387454973147 -0.06985387454973147 0.0 -0.06536102792713017 -0.07391897217253574  738503.5856236134
-0.057769447074847845 -0.057769447074847845 0.0 -0.047763674470816905 -0.05418541581409786  738503.5856248651
-0.045540626068023754 -0.045540626068023754 0.0 -0.02423810754042449 -0.03157918560371982  738503.5856261259
-0.033197977213129184 -0.033197977213129184 0.0 -0.022758496191232963 -0.02815061892280695  738503.5856273811
-0.0207723507043741 -0.0207723507043741 0.0 -0.012027790274624396 -0.021258516796979585  738503.585628638
-0.008294804136889204 -0.008294804136889204 0.0 0.03007378406139806 0.016982796429191493  738503.5856298878
