0 0 0  738500.4255588806
0.5 0.0 0.0  738500.425616595
0.4975020826390129 0.04991670832341408 0.0  738500.4256184087
0.4900332889206208 0.09933466539753061 0.0  738500.4256202348
0.477668244562803 0.1477601033306698 0.0  738500.4256220055
0.46053049700144255 0.19470917115432526 0.0  738500.4256237879
0.4387912809451864 0.2397127693021015 0.0  738500.425625621
0.4126678074548391 0.28232123669751774 0.0  738500.4256274276
0.3824210936422442 0.32210884361884556 0.0  738500.4256292009
0.3483533546735827 0.3586780454497614 0.0  738500.4256310062
0.3108049841353322 0.3916634548137417 0.0  738500.4256327859
0.2701511529340699 0.42073549240394825 0.0  738500.4256345737
0.22679806071278866 0.4456036800307177 0.0  738500.4256364037
0.1811788772383367 0.4660195429836132 0.0  738500.4256381935
0.13374941431229367 0.4817790927085965 0.0  738500.4256399862
0.08498357145012041 0.4927248649942301 0.0  738500.4256417791
0.03536860083385145 0.4987474933020272 0.0  738500.4256435848
-0.014599761150644408 0.49978680152075255 0.0  738500.4256453707
-0.06442224714776243 0.4958324052262343 0.0  738500.4256472111
-0.11360104734654355 0.4869238154390976 0.0  738500.4256490024
-0.1616447834317518 0.47315004384370724 0.0  738500.4256507956
-0.2080734182735712 0.45464871341284085 0.0  738500.4256526139
-0.2524230522999288 0.43160468332443686 0.0  738500.4256544168
-0.2942505586276729 0.40424820190979505 0.0  738500.4256562245
-0.3331380106399122 0.37285260608836 0.0  738500.4256580146
-0.3686968577706229 0.3377315902755753 0.0  738500.4256598036
-0.40057180777346685 0.2992360720519782 0.0  738500.4256616075
-0.42844437668447366 0.2577506859107321 0.0  738500.4256633915
-0.4520360710085306 0.2136899401169149 0.0  738500.4256651592
-0.47111117033432914 0.16749407507795233 0.0  738500.4256669764
-0.48547908257479533 0.11962466460699099 0.0  738500.4256687852
-0.4949962483002227 0.0705600040299336 0.0  738500.4256705773
-0.49956757513663974 0.020790331216645246 0.0  738500.4256723699
-0.49914738789737656 -0.029187071713790043 0.0  738500.4256741774
-0.49373988495443244 -0.07887284707162433 0.0  738500.4256759722
-0.48339909628973043 -0.12777055101341583 0.0  738500.4256777569
-0.46822834364539817 -0.17539161384480992 0.0  738500.4256795632
-0.4483792081670735 -0.22126022164742623 0.0  738500.4256813559
-0.424050015855204 -0.2649180704542467 0.0  738500.4256831481
-0.39548385595720825 -0.3059289454713596 0.0  738500.4256849888
-0.36296615210006994 -0.34388307959198705 0.0  738500.4256867849
-0.32682181043180597 -0.3784012476539641 0.0  738500.4256885729
-0.28741197326663426 -0.4091385555322054 0.0  738500.4256903649
-0.2451304106703497 -0.4357878862067941 0.0  738500.4256921404
-0.20039958603998773 -0.45808296837472745 0.0  738500.4256939403
-0.15366643498920968 -0.47580103694475806 0.0  738500.4256957573
-0.10539789971538985 -0.4887650588325485 0.0  738500.4256975529
-0.05607626346752699 -0.49684550181673226 0.0  738500.4256993338
-0.00619433173144528 -0.4999616287820504 0.0  738500.4257011593
0.043749491719723636 -0.4980823044179203 0.0  738500.4257029418
0.09325618471128788 -0.49122630631216624 0.0  738500.4257047435
0.14183109273161312 -0.4794621373315692 0.0  738500.4257065458
0.18898887135649053 -0.46290734116386606 0.0  738500.4257083351
0.23425833565018855 -0.44172732786007657 0.0  738500.4257101528
0.27718716808958077 -0.4161337211119504 0.0  738500.4257119535
0.31734643797131734 -0.3863822437779936 0.0  738500.4257137586
0.35433488714563 -0.35277016278519596 0.0  738500.4257155508
0.3877829392551251 -0.3156333189361604 0.0  738500.4257173698
0.4173563924195799 -0.2753427712988188 0.0  738500.4257191647
0.4427597584706597 -0.2323010897068783 0.0  738500.4257209245
0.46373921537201795 -0.186938332415118 0.0  738500.4257227372
0.480085143325183 -0.13970774909946293 0.0  738500.4257245106
0.49163421922129236 -0.09108125213604751 0.0  738500.4257263049
0.49827104851160875 -0.0415447014087482 0.0  738500.4257281014
0.5 0.0 0.0  738500.4257299055
0.4975020826390129 0.04991670832341408 0.0  738500.4257317081
0.4900332889206208 0.09933466539753061 0.0  738500.4257335062
0.477668244562803 0.1477601033306698 0.0  738500.425735311
0.46053049700144255 0.19470917115432526 0.0  738500.4257370933
0.4387912809451864 0.2397127693021015 0.0  738500.4257388776
0.4126678074548391 0.28232123669751774 0.0  738500.4257406659
0.3824210936422442 0.32210884361884556 0.0  738500.4257424761
0.3483533546735827 0.3586780454497614 0.0  738500.4257442753
0.3108049841353322 0.3916634548137417 0.0  738500.4257460743
0.2701511529340699 0.42073549240394825 0.0  738500.4257478641
0.22679806071278866 0.4456036800307177 0.0  738500.4257496698
0.1811788772383367 0.4660195429836132 0.0  738500.4257514519
0.13374941431229367 0.4817790927085965 0.0  738500.4257532458
0.08498357145012041 0.4927248649942301 0.0  738500.4257550576
0.03536860083385145 0.4987474933020272 0.0  738500.4257568527
-0.014599761150644408 0.49978680152075255 0.0  738500.4257586271
-0.06442224714776243 0.4958324052262343 0.0  738500.4257604021
-0.11360104734654355 0.4869238154390976 0.0  738500.425762175
-0.1616447834317518 0.47315004384370724 0.0  738500.4257639665
-0.2080734182735712 0.45464871341284085 0.0  738500.4257657644
-0.2524230522999288 0.43160468332443686 0.0  738500.4257675706
-0.2942505586276729 0.40424820190979505 0.0  738500.4257693861
-0.3331380106399122 0.37285260608836 0.0  738500.4257711675
-0.3686968577706229 0.3377315902755753 0.0  738500.4257729674
-0.40057180777346685 0.2992360720519782 0.0  738500.4257747511
-0.42844437668447366 0.2577506859107321 0.0  738500.4257765617
-0.4520360710085306 0.2136899401169149 0.0  738500.4257783777
-0.47111117033432914 0.16749407507795233 0.0  738500.4257801649
-0.48547908257479533 0.11962466460699099 0.0  738500.4257819463
-0.4949962483002227 0.0705600040299336 0.0  738500.425783719
-0.49956757513663974 0.020790331216645246 0.0  738500.425785497
-0.49914738789737656 -0.029187071713790043 0.0  738500.4257872899
-0.49373988495443244 -0.07887284707162433 0.0  738500.4257890714
-0.48339909628973043 -0.12777055101341583 0.0  738500.4257908791
-0.46822834364539817 -0.17539161384480992 0.0  738500.4257926829
-0.4483792081670735 -0.22126022164742623 0.0  738500.4257944877
-0.424050015855204 -0.2649180704542467 0.0  738500.4257962983
-0.39548385595720825 -0.3059289454713596 0.0  738500.425798079
-0.36296615210006994 -0.34388307959198705 0.0  738500.425799866
-0.32682181043180597 -0.3784012476539641 0.0  738500.4258016498
-0.28741197326663426 -0.4091385555322054 0.0  738500.425803443
-0.2451304106703497 -0.4357878862067941 0.0  738500.4258052274
-0.20039958603998773 -0.45808296837472745 0.0  738500.425807012
-0.15366643498920968 -0.47580103694475806 0.0  738500.4258088201
-0.10539789971538985 -0.4887650588325485 0.0  738500.4258106115
-0.05607626346752699 -0.49684550181673226 0.0  738500.4258123899
-0.00619433173144528 -0.4999616287820504 0.0  738500.4258142059
0.043749491719723636 -0.4980823044179203 0.0  738500.4258160235
0.09325618471128788 -0.49122630631216624 0.0  738500.4258178225
0.14183109273161312 -0.4794621373315692 0.0  738500.4258196031
0.18898887135649053 -0.46290734116386606 0.0  738500.4258213977
0.23425833565018855 -0.44172732786007657 0.0  738500.4258231872
0.27718716808958077 -0.4161337211119504 0.0  738500.425824995
0.31734643797131734 -0.3863822437779936 0.0  738500.4258267785
0.35433488714563 -0.35277016278519596 0.0  738500.4258285734
0.3877829392551251 -0.3156333189361604 0.0  738500.4258303539
0.4173563924195799 -0.2753427712988188 0.0  738500.4258321502
0.4427597584706597 -0.2323010897068783 0.0  738500.4258339499
0.46373921537201795 -0.186938332415118 0.0  738500.4258357377
0.480085143325183 -0.13970774909946293 0.0  738500.4258375274
0.49163421922129236 -0.09108125213604751 0.0  738500.4258393107
0.49827104851160875 -0.0415447014087482 0.0  738500.4258411067
