0 0 0  738545.6706998833
0.7 0.0 -79.7249812558748  738545.670859708
0.7 0.0 -80.6649475307066  738545.670859881
0.7 0.0 -81.61301922126037  738545.670860061
0.7 0.0 -82.04323258772706  738545.6708602482
0.7 0.0 -82.86665486783396  738545.6708604218
0.7 0.0 -83.23577102243067  738545.6708606082
0.7 0.0 -83.83369228794822  738545.6708607927
0.7 0.0 -84.08344017080104  738545.6708609563
0.7 0.0 -84.47610127397718  738545.6708611386
0.7 0.0 -84.61555080348244  738545.67086132
0.7 0.0 -84.77595780090567  738545.6708614981
0.7 0.0 -91.02919392225586  738545.6708616716
0.7 0.0 -91.07984872774007  738545.6708618428
0.7 0.0 -91.09695838689228  738545.6708620193
0.7 0.0 -91.05264604346836  738545.6708621928
0.7 0.0 -90.88077885229121  738545.6708623664
0.7 0.0 -90.74991581878592  738545.670862548
0.7 0.0 -67.64338937306721  738545.6708627171
0.7 0.0 -67.41560644294185  738545.6708628982
0.7 0.0 -66.90902170739037  738545.6708630696
0.7 0.0 -66.50478259005496  738545.670863255
0.7 0.0 -65.96608376055845  738545.6708634349
0.7 0.0 -65.72924282549303  738545.6708636116
0.7 0.0 -65.37014384373583  738545.6708637984
0.7 0.0 -84.3737621361803  738545.6708639723
0.7 0.0 -84.66912786066715  738545.6708641474
0.7 0.0 -84.94520176396517  738545.670864321
0.7 0.0 -85.68131886816519  738545.6708645083
0.7 0.0 -86.49950792857908  738545.6708646935
0.7 0.0 -86.87418398803915  738545.6708648747
0.7 0.0 -67.25865115813615  738545.670865061
0.7 0.0 -67.4798988037398  738545.6708652334
0.7 0.0 -67.55875428794936  738545.6708654138
0.7 0.0 -67.53164415432764  738545.6708655971
0.7 0.0 -66.96158355237785  738545.6708657829
0.7 0.0 -66.20234159169088  738545.6708659695
0.7 0.0 -65.80451105287044  738545.6708661589
0.7 0.0 -76.63932399087957  738545.6708663235
0.7 0.0 -76.82937651063851  738545.6708665101
0.7 0.0 -77.35064680108765  738545.6708666815
0.7 0.0 -77.64990104526606  738545.6708668681
0.7 0.0 -78.19677860925147  738545.6708670534
0.7 0.0 -78.46476467638928  738545.6708672508
0.7 0.0 -92.52326560398133  738545.6708674195
0.7 0.0 -92.80039921683985  738545.6708676039
0.7 0.0 -92.71413682110764  738545.6708677879
0.7 0.0 -92.05298169754727  738545.6708679687
0.7 0.0 -91.51278293304458  738545.670868142
0.7 0.0 -90.03219532746168  738545.6708683159
0.7 0.0 -89.11930448946887  738545.6708685016
0.7 0.0 -68.53518843620199  738545.6708686725
0.7 0.0 -65.69534609353624  738545.6708688549
0.7 0.0 -64.11792794462532  738545.6708690386
0.7 0.0 -60.694996493269095  738545.6708692153
0.7 0.0 -58.87856443735068  738545.6708693922
0.7 0.0 -55.113795302821096  738545.6708695821
0.7 0.0 -88.83266410302475  738545.6708697506
0.7 0.0 -87.06757746938514  738545.6708699344
0.7 0.0 -85.20053335974941  738545.6708701177
0.7 0.0 -84.15264738392644  738545.6708703163
0.7 0.0 -81.60969359423663  738545.6708704773
0.7 0.0 -80.03872516059226  738545.6708706366
0.7 0.0 -76.13728268393926  738545.6708708123
0.7 0.0 -68.79364819535097  738545.6708709921
0.7 0.0 -63.45963520337833  738545.6708711701
0.7 0.0 -60.34138928496976  738545.6708713458
0.7 0.0 -53.50614912161051  738545.6708715289
0.7 0.0 -50.08168627430633  738545.6708717039
0.7 0.0 -43.11721365925406  738545.6708718864
0.7 0.0 -59.0361106099177  738545.67087207
0.7 0.0 -53.07726140674589  738545.6708722471
0.7 0.0 -46.738663773347916  738545.6708724326
0.7 0.0 -43.319908050269404  738545.6708726145
0.7 0.0 -35.88042164194893  738545.6708728
0.7 0.0 -31.77847485377124  738545.6708729959
0.7 0.0 -35.97892736175977  738545.6708731567
0.7 0.0 -31.455778964482853  738545.670873336
0.7 0.0 -21.637776345232734  738545.6708735113
0.7 0.0 -16.425920936796928  738545.670873685
0.7 0.0 -5.734204201638495  738545.6708738701
0.7 0.0 5.272219076709877  738545.6708740564
0.7 0.0 10.815504422465732  738545.6708742508
0.7 0.0 -20.183160627281126  738545.6708744144
0.7 0.0 -15.151960683129134  738545.6708746006
0.7 0.0 -4.796776904644608  738545.6708747713
0.7 0.0 0.6653025590135903  738545.6708749578
0.7 0.0 12.302040031223138  738545.670875137
0.7 0.0 25.172078372700263  738545.6708753293
0.7 0.0 10.275389443425677  738545.6708755041
0.7 0.0 23.573047719930294  738545.6708756865
0.7 0.0 30.45349430687601  738545.6708758724
0.7 0.0 44.18813849334255  738545.6708760438
0.7 0.0 50.93495070366384  738545.6708762174
0.7 0.0 64.26567320536095  738545.6708764015
0.7 0.0 70.84462663168792  738545.6708765931
0.7 0.0 45.05376181708846  738545.6708767565
0.7 0.0 57.28771970358581  738545.6708769504
0.7 0.0 63.41104304924817  738545.670877117
0.7 0.0 76.1814335545484  738545.6708772924
0.7 0.0 82.21855198728905  738545.6708774706
0.7 0.0 94.31989569642886  738545.6708776653
0.7 0.0 75.79854735202004  738545.6708778403
0.7 0.0 89.48100237528067  738545.6708780254
0.7 0.0 96.31404566750705  738545.6708781993
0.7 0.0 109.94257474991726  738545.6708783733
0.7 0.0 116.71673106502242  738545.6708785589
0.7 0.0 120  738545.6708787296
0.7 0.0 120  738545.670878911
0.7 0.0 92.26950569223364  738545.6708790845
0.7 0.0 102.46697283028288  738545.6708792634
0.7 0.0 107.2752941531487  738545.6708794483
0.7 0.0 116.12616239771049  738545.6708796344
0.7 0.0 120  738545.6708798201
0.7 0.0 120  738545.6708800178
0.7 0.0 120  738545.6708801775
0.7 0.0 120  738545.6708803545
0.7 0.0 120  738545.6708805312
0.7 0.0 120  738545.6708807169
0.7 0.0 120  738545.6708808967
0.7 0.0 120  738545.6708811604
0.7 0.0 95.66018320427602  738545.6708814404
0.7 0.0 101.31550086520274  738545.6708816142
0.7 0.0 106.35037386239516  738545.6708817992
0.7 0.0 108.66266503320382  738545.6708819838
0.7 0.0 112.90988932042609  738545.6708821609
0.7 0.0 114.85957831230942  738545.6708823539
0.7 0.0 98.59286306017462  738545.6708825289
0.7 0.0 100.51524860838467  738545.6708827252
0.7 0.0 103.72514899788513  738545.6708828988
0.7 0.0 106.59831877858745  738545.6708830752
0.7 0.0 108.10631912151977  738545.6708832526
0.7 0.0 110.82253363062001  738545.6708834496
0.7 0.0 17.67585962695786  738545.6708836253
0.7 0.0 13.00240298310153  738545.670883803
0.7 0.0 10.190748037352584  738545.6708839824
0.7 0.0 4.178344206148208  738545.6708841563
0.7 0.0 0.7049139026764348  738545.6708843324
0.7 0.0 -3.1224583764790186  738545.6708845089
0.7 0.0 -7.356573696548461  738545.6708847244
0.7 0.0 -82.58616828116548  738545.6708848745
0.7 0.0 -100.33952501079236  738545.6708850493
0.7 0.0 -110.39045891860161  738545.6708852244
0.7 0.0 -120  738545.6708854039
0.7 0.0 -120  738545.6708855876
0.7 0.0 -120  738545.670885773
0.7 0.0 -120  738545.6708859481
0.7 0.0 -120  738545.670886125
0.7 0.0 -120  738545.6708863
0.7 0.0 -120  738545.6708864836
0.7 0.0 -120  738545.6708866592
0.7 0.0 -120  738545.6708868335
0.7 0.0 -120  738545.670887019
0.7 0.0 -120  738545.6708871902
0.7 0.0 -120  738545.6708873747
0.7 0.0 -120  738545.6708875563
0.7 0.0 -120  738545.6708877344
0.7 0.0 -120  738545.6708879097
0.7 0.0 -120  738545.6708880959
0.7 0.0 -120  738545.670888292
0.7 0.0 -120  738545.670888466
0.7 0.0 -120  738545.6708886509
0.7 0.0 -120  738545.6708888354
0.7 0.0 -18.94196190016791  738545.6708890194
0.7 0.0 75.05985922204835  738545.6708892169
0.7 0.0 120  738545.6708893975
0.7 0.0 120  738545.6708895701
0.7 0.0 120  738545.6708897376
0.7 0.0 120  738545.6708899223
0.7 0.0 120  738545.670890108
0.7 0.0 120  738545.670890291
0.7 0.0 120  738545.6708904777
0.7 0.0 120  738545.6708906508
0.7 0.0 120  738545.6708908236
0.7 0.0 120  738545.6708910025
0.7 0.0 120  738545.6708911832
0.7 0.0 120  738545.670891358
0.7 0.0 120  738545.6708915404
0.7 0.0 120  738545.6708917265
0.7 0.0 120  738545.6708919081
0.7 0.0 120  738545.6708920938
0.7 0.0 120  738545.670892257
0.7 0.0 -120  738545.6708924456
0.7 0.0 -120  738545.6708926193
0.7 0.0 -120  738545.6708928054
0.7 0.0 -120  738545.6708929883
0.7 0.0 -120  738545.6708931649
0.7 0.0 -120  738545.6708933406
0.7 0.0 -120  738545.670893527
0.7 0.0 -120  738545.6708937119
0.7 0.0 -120  738545.6708939045
0.7 0.0 -120  738545.6708940704
0.7 0.0 -120  738545.6708942475
0.7 0.0 -120  738545.6708944269
0.7 0.0 -120  738545.6708946122
0.7 0.0 -120  738545.6708947967
0.7 0.0 -120  738545.6708949804
0.7 0.0 -120  738545.6708951425
0.7 0.0 -120  738545.6708953212
0.7 0.0 -120  738545.6708954918
0.7 0.0 -120  738545.6708956743
0.7 0.0 -120  738545.6708958604
0.7 0.0 -120  738545.6708960432
0.7 0.0 -120  738545.6708962389
0.7 0.0 -120  738545.6708964135
0.7 0.0 -120  738545.6708966024
0.7 0.0 -120  738545.6708967726
0.7 0.0 -120  738545.6708969562
0.7 0.0 -120  738545.6708971332
0.7 0.0 -120  738545.670897318
0.7 0.0 -120  738545.6708974934
0.7 0.0 -120  738545.6708976676
0.7 0.0 -120  738545.6708978406
0.7 0.0 -120  738545.6708980368
0.7 0.0 -120  738545.6708982008
0.7 0.0 -120  738545.6708983787
0.7 0.0 -120  738545.6708985759
0.7 0.0 -120  738545.6708987439
0.7 0.0 -120  738545.670898926
0.7 0.0 -120  738545.6708991027
0.7 0.0 -120  738545.6708992764
0.7 0.0 -120  738545.6708994615
0.7 0.0 -120  738545.6708996579
0.7 0.0 -120  738545.6708998256
0.7 0.0 -120  738545.6709000035
0.7 0.0 -120  738545.67090019
0.7 0.0 -120  738545.6709003529
0.7 0.0 -120  738545.6709005252
0.7 0.0 -120  738545.670900705
0.7 0.0 -120  738545.670900895
0.7 0.0 -120  738545.67090107
0.7 0.0 -120  738545.6709012552
0.7 0.0 -120  738545.670901433
0.7 0.0 120  738545.6709016169
0.7 0.0 120  738545.6709017948
0.7 0.0 120  738545.6709019825
0.7 0.0 120  738545.6709021464
0.7 0.0 120  738545.6709023293
0.7 0.0 120  738545.6709025044
0.7 0.0 120  738545.6709026822
0.7 0.0 120  738545.6709028679
0.7 0.0 120  738545.6709030418
0.7 0.0 120  738545.6709032294
0.7 0.0 120  738545.6709033933
0.7 0.0 120  738545.6709035701
0.7 0.0 120  738545.6709037509
0.7 0.0 120  738545.6709039249
0.7 0.0 120  738545.6709041105
0.7 0.0 120  738545.6709042984
0.7 0.0 120  738545.6709044726
0.7 0.0 120  738545.6709046549
0.7 0.0 -120  738545.6709048627
0.7 0.0 -120  738545.6709050358
0.7 0.0 -120  738545.6709052086
0.7 0.0 -120  738545.6709053961
0.7 0.0 -120  738545.670905559
0.7 0.0 -120  738545.6709057301
0.7 0.0 -120  738545.6709059296
0.7 0.0 -115.50585807377716  738545.6709061034
0.7 0.0 -88.15517389456772  738545.6709062699
0.7 0.0 -50.415272776645715  738545.6709064523
0.7 0.0 -38.98083034502826  738545.6709066348
0.7 0.0 -120  738545.6709068045
0.7 0.0 -120  738545.6709069847
0.7 0.0 -120  738545.6709071647
0.7 0.0 -120  738545.6709073436
0.7 0.0 -120  738545.6709075284
0.7 0.0 -120  738545.670907723
0.7 0.0 -120  738545.6709078947
0.7 0.0 -120  738545.6709080765
0.7 0.0 -120  738545.6709082593
0.7 0.0 -120  738545.6709084383
0.7 0.0 -120  738545.6709086079
0.7 0.0 -120  738545.6709087897
0.7 0.0 -120  738545.6709089875
0.7 0.0 -120  738545.6709091567
0.7 0.0 -120  738545.6709093319
0.7 0.0 -120  738545.6709095087
0.7 0.0 -120  738545.670909684
0.7 0.0 -120  738545.6709098613
0.7 0.0 -120  738545.6709100489
0.7 0.0 -120  738545.6709102138
0.7 0.0 -120  738545.670910392
0.7 0.0 -120  738545.6709105677
0.7 0.0 -120  738545.6709107446
0.7 0.0 -120  738545.6709109184
0.7 0.0 -120  738545.6709110992
0.7 0.0 -120  738545.670911287
0.7 0.0 -120  738545.6709114497
0.7 0.0 120  738545.6709116253
0.7 0.0 120  738545.6709118047
0.7 0.0 120  738545.670911985
0.7 0.0 120  738545.6709121696
0.7 0.0 120  738545.6709123664
0.7 0.0 120  738545.6709125396
0.7 0.0 120  738545.6709127242
0.7 0.0 120  738545.6709128992
0.7 0.0 120  738545.6709130724
0.7 0.0 120  738545.6709132481
0.7 0.0 120  738545.6709134339
0.7 0.0 120  738545.6709136217
0.7 0.0 120  738545.670913791
0.7 0.0 120  738545.6709139609
0.7 0.0 120  738545.6709141303
0.7 0.0 120  738545.6709143134
0.7 0.0 120  738545.6709144949
0.7 0.0 120  738545.6709146856
0.7 0.0 120  738545.6709148582
0.7 0.0 120  738545.6709150339
0.7 0.0 -120  738545.6709152133
0.7 0.0 -120  738545.6709153965
0.7 0.0 -120  738545.670915583
0.7 0.0 -120  738545.6709157682
0.7 0.0 -120  738545.6709159641
0.7 0.0 -120  738545.6709161344
0.7 0.0 -120  738545.6709163188
0.7 0.0 -82.87501070606442  738545.6709164956
0.7 0.0 -61.47125532835202  738545.6709166665
0.7 0.0 -30.96119943417074  738545.6709168403
0.7 0.0 -20.447077271345982  738545.6709170308
0.7 0.0 -120  738545.670917198
0.7 0.0 -120  738545.6709173833
0.7 0.0 -120  738545.6709175596
0.7 0.0 -120  738545.6709177502
0.7 0.0 -120  738545.6709179216
0.7 0.0 -120  738545.6709181136
0.7 0.0 -120  738545.6709182839
0.7 0.0 -120  738545.670918464
0.7 0.0 -120  738545.6709186486
0.7 0.0 -120  738545.6709188131
0.7 0.0 -120  738545.6709189963
0.7 0.0 -120  738545.6709191818
0.7 0.0 -120  738545.6709193683
0.7 0.0 -120  738545.6709195368
0.7 0.0 -120  738545.6709197107
0.7 0.0 -120  738545.6709198965
0.7 0.0 -120  738545.6709200717
0.7 0.0 -120  738545.6709202473
0.7 0.0 -120  738545.6709204357
0.7 0.0 -120  738545.6709206053
0.7 0.0 -120  738545.6709207782
0.7 0.0 -120  738545.6709209649
0.7 0.0 -120  738545.6709211513
0.7 0.0 120  738545.6709213365
0.7 0.0 120  738545.6709215197
0.7 0.0 120  738545.6709217067
0.7 0.0 120  738545.6709218776
0.7 0.0 120  738545.670922049
0.7 0.0 120  738545.6709222345
0.7 0.0 120  738545.6709224139
0.7 0.0 120  738545.6709225861
0.7 0.0 120  738545.6709227796
0.7 0.0 120  738545.6709229514
0.7 0.0 120  738545.6709231301
0.7 0.0 120  738545.6709233067
0.7 0.0 120  738545.6709234834
0.7 0.0 120  738545.6709236632
0.7 0.0 120  738545.6709238384
0.7 0.0 120  738545.670924034
0.7 0.0 120  738545.6709242042
0.7 0.0 120  738545.6709243893
0.7 0.0 120  738545.6709245676
0.7 0.0 120  738545.670924737
0.7 0.0 120  738545.6709249093
0.7 0.0 -120  738545.670925104
0.7 0.0 -120  738545.6709253113
0.7 0.0 -120  738545.6709254633
0.7 0.0 -120  738545.6709256488
0.7 0.0 -120  738545.6709258143
0.7 0.0 -120  738545.6709259899
0.7 0.0 -120  738545.6709261728
0.7 0.0 -120  738545.6709263603
0.7 0.0 -107.0763959816253  738545.6709265317
0.7 0.0 -83.756630204176  738545.6709267162
0.7 0.0 -66.45897562192404  738545.6709269019
0.7 0.0 -59.75973562517995  738545.6709270782
0.7 0.0 -49.659328561274634  738545.6709272545
0.7 0.0 -46.291121277763196  738545.6709274278
0.7 0.0 -100.23664251894353  738545.6709276107
0.7 0.0 -99.73430252238482  738545.6709277837
0.7 0.0 -101.89080978020543  738545.6709279577
0.7 0.0 -104.7761071968186  738545.6709281302
0.7 0.0 -114.44839550935947  738545.6709283096
0.7 0.0 -120  738545.6709284938
0.7 0.0 -120  738545.6709286735
0.7 0.0 -120  738545.670928847
0.7 0.0 -120  738545.6709290401
0.7 0.0 -120  738545.6709292092
0.7 0.0 -120  738545.6709293865
0.7 0.0 -120  738545.6709295632
0.7 0.0 -120  738545.6709297507
0.7 0.0 -120  738545.6709299181
0.7 0.0 -120  738545.6709300949
0.7 0.0 -120  738545.6709302776
0.7 0.0 -120  738545.6709304522
0.7 0.0 -120  738545.6709306266
0.7 0.0 -120  738545.6709308039
0.7 0.0 120  738545.6709310004
0.7 0.0 120  738545.6709311652
0.7 0.0 120  738545.6709313444
0.7 0.0 120  738545.6709315206
0.7 0.0 120  738545.6709316978
0.7 0.0 120  738545.6709318788
0.7 0.0 120  738545.6709320681
0.7 0.0 120  738545.6709322368
0.7 0.0 120  738545.6709324231
0.7 0.0 120  738545.670932604
0.7 0.0 120  738545.6709327835
0.7 0.0 120  738545.6709329565
0.7 0.0 120  738545.6709331396
0.7 0.0 120  738545.6709333363
0.7 0.0 120  738545.6709335061
0.7 0.0 120  738545.6709336954
0.7 0.0 120  738545.6709338598
0.7 0.0 120  738545.6709340422
0.7 0.0 120  738545.6709342187
0.7 0.0 120  738545.6709344038
0.7 0.0 -120  738545.670934577
0.7 0.0 -120  738545.6709347625
0.7 0.0 -120  738545.670934944
0.7 0.0 -120  738545.6709351205
0.7 0.0 -120  738545.670935303
0.7 0.0 -120  738545.6709354877
0.7 0.0 -120  738545.6709356527
0.7 0.0 -120  738545.6709358332
0.7 0.0 -120  738545.6709360179
0.7 0.0 -117.40754018663836  738545.6709362033
0.7 0.0 -109.76376463637004  738545.6709363804
0.7 0.0 -108.22733245507133  738545.6709365653
0.7 0.0 -108.70236208290079  738545.6709367617
0.7 0.0 -120  738545.6709369365
0.7 0.0 -120  738545.6709371337
0.7 0.0 -120  738545.6709373072
0.7 0.0 -120  738545.6709374924
0.7 0.0 -120  738545.6709376879
0.7 0.0 -120  738545.6709378676
0.7 0.0 -120  738545.670938036
0.7 0.0 -120  738545.6709382135
0.7 0.0 -120  738545.6709384057
0.7 0.0 -120  738545.6709385706
0.7 0.0 -120  738545.6709387535
0.7 0.0 -120  738545.6709389546
0.7 0.0 -120  738545.6709391278
0.7 0.0 -120  738545.6709393009
0.7 0.0 -120  738545.6709394788
0.7 0.0 120  738545.6709396471
0.7 0.0 120  738545.6709398224
0.7 0.0 120  738545.6709399984
0.7 0.0 120  738545.67094019
0.7 0.0 120  738545.6709403619
0.7 0.0 120  738545.670940546
0.7 0.0 120  738545.6709407229
0.7 0.0 120  738545.6709409036
0.7 0.0 120  738545.670941076
0.7 0.0 120  738545.6709412637
0.7 0.0 120  738545.6709414284
0.7 0.0 120  738545.670941614
0.7 0.0 120  738545.6709417985
0.7 0.0 120  738545.6709419842
0.7 0.0 120  738545.6709421695
0.7 0.0 120  738545.6709423497
0.7 0.0 120  738545.6709425388
0.7 0.0 120  738545.6709427135
0.7 0.0 120  738545.6709429198
0.7 0.0 -120  738545.6709430928
0.7 0.0 -120  738545.6709432584
0.7 0.0 -120  738545.6709434435
0.7 0.0 -120  738545.6709436302
0.7 0.0 -120  738545.6709437934
0.7 0.0 -120  738545.6709439721
0.7 0.0 -120  738545.6709441472
0.7 0.0 -120  738545.6709443224
0.7 0.0 -120  738545.6709444979
0.7 0.0 -118.24695048328864  738545.6709446794
0.7 0.0 -108.31754782229052  738545.6709448667
0.7 0.0 -89.2844848651897  738545.6709450391
0.7 0.0 -87.9706356295941  738545.6709452362
0.7 0.0 -87.78401229079186  738545.6709454082
0.7 0.0 -89.26038763976402  738545.6709455835
0.7 0.0 -96.06747553102072  738545.6709457693
0.7 0.0 -101.2066978747098  738545.6709459607
0.7 0.0 -120  738545.6709461362
0.7 0.0 -120  738545.6709463112
0.7 0.0 -120  738545.6709464845
0.7 0.0 -120  738545.6709466688
0.7 0.0 -120  738545.670946855
0.7 0.0 -120  738545.6709470287
0.7 0.0 -120  738545.670947215
0.7 0.0 -120  738545.6709473867
0.7 0.0 -120  738545.6709475669
0.7 0.0 -120  738545.6709477459
0.7 0.0 120  738545.6709479237
0.7 0.0 120  738545.6709481071
0.7 0.0 120  738545.6709483033
0.7 0.0 120  738545.6709484765
0.7 0.0 120  738545.6709486742
0.7 0.0 120  738545.6709488482
0.7 0.0 120  738545.6709490209
0.7 0.0 120  738545.6709491949
0.7 0.0 120  738545.6709493904
0.7 0.0 120  738545.6709495643
0.7 0.0 120  738545.6709497428
0.7 0.0 120  738545.6709499226
0.7 0.0 120  738545.670950103
0.7 0.0 120  738545.6709502788
0.7 0.0 120  738545.6709504608
0.7 0.0 120  738545.6709506465
0.7 0.0 120  738545.6709508109
0.7 0.0 120  738545.670950994
0.7 0.0 120  738545.6709511713
0.7 0.0 -120  738545.6709513464
0.7 0.0 -120  738545.6709515327
0.7 0.0 -120  738545.670951714
0.7 0.0 -120  738545.6709518898
0.7 0.0 -120  738545.670952069
0.7 0.0 -120  738545.6709522445
0.7 0.0 -120  738545.6709524308
0.7 0.0 -112.49736866929224  738545.670952606
0.7 0.0 -103.71268453885394  738545.6709527825
0.7 0.0 -91.83076516270468  738545.6709529794
0.7 0.0 -101.4938485307217  738545.6709531471
0.7 0.0 -99.97816991512049  738545.6709533274
0.7 0.0 -99.61387911196104  738545.6709535042
0.7 0.0 -101.02652422702286  738545.6709536844
0.7 0.0 -107.05171946255767  738545.6709538709
0.7 0.0 -116.72285762646682  738545.6709540562
0.7 0.0 -120  738545.6709542397
0.7 0.0 -120  738545.6709544205
0.7 0.0 -120  738545.6709545964
0.7 0.0 -120  738545.6709547709
0.7 0.0 -120  738545.6709549617
0.7 0.0 -120  738545.6709551439
0.7 0.0 -120  738545.6709553057
0.7 0.0 -120  738545.6709554885
0.7 0.0 -120  738545.6709556616
0.7 0.0 -120  738545.670955845
0.7 0.0 120  738545.6709560251
0.7 0.0 120  738545.6709562058
0.7 0.0 120  738545.6709563897
0.7 0.0 120  738545.6709565534
0.7 0.0 120  738545.6709567456
0.7 0.0 120  738545.6709569311
0.7 0.0 120  738545.6709570995
0.7 0.0 120  738545.6709572715
0.7 0.0 120  738545.6709574482
0.7 0.0 120  738545.6709576362
0.7 0.0 120  738545.6709578002
0.7 0.0 120  738545.6709579779
0.7 0.0 120  738545.6709581581
0.7 0.0 120  738545.6709583387
0.7 0.0 120  738545.670958512
0.7 0.0 120  738545.6709586987
0.7 0.0 120  738545.6709588713
0.7 0.0 -120  738545.6709590477
0.7 0.0 -120  738545.6709592297
0.7 0.0 -120  738545.6709594084
0.7 0.0 -120  738545.6709595799
0.7 0.0 -120  738545.6709597735
0.7 0.0 -120  738545.670959935
0.7 0.0 -120  738545.670960111
0.7 0.0 -111.13641431537914  738545.6709602884
0.7 0.0 -95.67833363395211  738545.6709604631
0.7 0.0 -86.4757509023047  738545.6709606488
0.7 0.0 -84.25434700248364  738545.6709608351
0.7 0.0 -83.71656936268344  738545.6709610234
0.7 0.0 -120  738545.6709611969
0.7 0.0 -120  738545.6709613767
0.7 0.0 -120  738545.6709615598
0.7 0.0 -120  738545.6709617351
0.7 0.0 -120  738545.6709619066
0.7 0.0 -120  738545.6709621045
0.7 0.0 -120  738545.6709622707
0.7 0.0 -120  738545.6709624493
0.7 0.0 -120  738545.670962619
0.7 0.0 -120  738545.6709627912
0.7 0.0 -120  738545.6709629674
0.7 0.0 -120  738545.670963146
0.7 0.0 -120  738545.6709633375
0.7 0.0 120  738545.6709634993
0.7 0.0 120  738545.6709636855
0.7 0.0 120  738545.6709638608
0.7 0.0 120  738545.6709640464
0.7 0.0 120  738545.6709642226
