0 0 0  738545.6835728664
0.4 0.0 -48.798406375592855  738545.6839117386
0.4 0.0 -48.9628481815321  738545.6839119134
0.4 0.0 -49.259786188191605  738545.6839120885
0.4 0.0 -49.37469114243093  738545.6839122718
0.4 0.0 -49.5164552393417  738545.6839124574
0.4 0.0 -49.88123763148671  738545.6839126223
0.4 0.0 120  738545.6839127992
0.4 0.0 120  738545.6839129796
0.4 0.0 120  738545.6839131517
0.4 0.0 120  738545.683913326
0.4 0.0 -100.21553603159538  738545.6839135059
0.4 0.0 -120  738545.683913701
0.4 0.0 -120  738545.6839138697
0.4 0.0 4.439425240235613  738545.6839140562
0.4 0.0 0.6352026900811475  738545.6839142325
0.4 0.0 -30.266468357890933  738545.6839144179
0.4 0.0 -59.62579479662565  738545.683914594
0.4 0.0 -71.249164980606  738545.6839147798
0.4 0.0 -69.8261102215666  738545.6839149442
0.4 0.0 43.19881396077767  738545.6839151279
0.4 0.0 40.696788283220435  738545.6839153054
0.4 0.0 13.47057638652483  738545.6839154836
0.4 0.0 -15.002027355853572  738545.6839156641
0.4 0.0 -30.7775152649233  738545.6839158367
0.4 0.0 -34.150987711615656  738545.6839160111
0.4 0.0 -48.178056477119554  738545.68391619
0.4 0.0 -44.311876631018464  738545.6839163754
0.4 0.0 52.355527536952216  738545.6839165596
0.4 0.0 50.776178928426006  738545.6839167412
0.4 0.0 20.673765058009945  738545.683916925
0.4 0.0 -15.511964878576588  738545.6839171143
0.4 0.0 -41.835345819893064  738545.6839172802
0.4 0.0 -48.74562400790713  738545.6839174726
0.4 0.0 56.00224245612791  738545.6839176461
0.4 0.0 48.34140081046226  738545.6839178278
0.4 0.0 16.283137939639538  738545.6839180031
0.4 0.0 -17.184376172135114  738545.6839182103
0.4 0.0 -47.061320877364025  738545.6839183718
0.4 0.0 -52.047396730573894  738545.6839185439
0.4 0.0 -50.57335620798145  738545.6839187198
0.4 0.0 65.20775990127052  738545.6839188987
0.4 0.0 59.31831076967654  738545.6839190747
0.4 0.0 24.70718145584324  738545.6839192511
0.4 0.0 -15.001107405070266  738545.6839194444
0.4 0.0 -39.20644432837836  738545.6839196157
0.4 0.0 -46.16983358515043  738545.6839197926
0.4 0.0 50.84857968608253  738545.683919977
0.4 0.0 47.48577633092978  738545.683920158
0.4 0.0 18.747243431482197  738545.6839203387
0.4 0.0 -11.672133547168922  738545.683920514
0.4 0.0 -37.68313245216271  738545.6839206978
0.4 0.0 -41.84947775768266  738545.6839208743
0.4 0.0 -40.012010533537286  738545.6839210502
0.4 0.0 37.69762851477841  738545.68392123
0.4 0.0 48.608147276390895  738545.6839214105
0.4 0.0 29.94771546161877  738545.6839215901
0.4 0.0 -4.633482283425118  738545.6839217803
0.4 0.0 -33.81171508002376  738545.6839219399
0.4 0.0 -40.68642515775086  738545.6839221161
0.4 0.0 42.0752146830759  738545.6839223014
0.4 0.0 41.79860067565617  738545.6839224884
0.4 0.0 18.332950230802837  738545.6839226643
0.4 0.0 -8.15517675042631  738545.6839228612
0.4 0.0 -27.520368426660887  738545.6839230265
0.4 0.0 26.77769241140027  738545.6839232082
0.4 0.0 36.634856155842726  738545.6839233836
0.4 0.0 21.791696382337722  738545.6839235628
0.4 0.0 -4.08915987759606  738545.683923766
0.4 0.0 -19.869602696892  738545.683923916
0.4 0.0 -23.19990099195785  738545.6839241016
0.4 0.0 -43.459269232137615  738545.6839242764
0.4 0.0 -39.132123038350294  738545.6839244942
0.4 0.0 23.981075694792807  738545.6839246593
0.4 0.0 42.56873366131898  738545.6839248152
0.4 0.0 27.671577846885317  738545.6839249941
0.4 0.0 -6.743056152277173  738545.6839251867
0.4 0.0 -29.17477326211221  738545.6839253578
0.4 0.0 12.601210540778597  738545.6839255297
0.4 0.0 28.847007686570993  738545.6839257143
0.4 0.0 16.956957111995166  738545.6839258949
0.4 0.0 -8.326076228802465  738545.6839260716
0.4 0.0 -23.956138112614646  738545.6839262778
0.4 0.0 -45.14581363194944  738545.6839264262
0.4 0.0 -42.902093975978794  738545.6839266064
0.4 0.0 12.308682893714037  738545.6839267847
0.4 0.0 33.75999218808956  738545.6839269634
0.4 0.0 24.23851819088634  738545.6839271394
0.4 0.0 -7.893151223077919  738545.6839273255
0.4 0.0 -28.71363128196489  738545.6839275192
0.4 0.0 -43.79507504090938  738545.6839276874
0.4 0.0 -42.27373756532915  738545.6839278736
0.4 0.0 4.068145941199233  738545.68392805
0.4 0.0 26.577514234613506  738545.6839282349
0.4 0.0 22.209688645674852  738545.6839284117
0.4 0.0 -3.6203679091371552  738545.6839286067
0.4 0.0 -30.66036984973612  738545.6839287773
0.4 0.0 -35.75082496775043  738545.6839289557
0.4 0.0 -34.20651493602647  738545.6839291475
0.4 0.0 7.2732227895503625  738545.6839293097
0.4 0.0 28.867879060070834  738545.6839294825
0.4 0.0 24.871739063053433  738545.683929666
0.4 0.0 -0.3770500032460368  738545.6839298594
0.4 0.0 -35.882597980930086  738545.6839300263
0.4 0.0 3.2643546962783154  738545.6839302108
0.4 0.0 24.486598619242358  738545.6839303947
0.4 0.0 16.39618031298205  738545.6839305782
0.4 0.0 -11.266647734935866  738545.6839307641
0.4 0.0 -27.523988400047987  738545.6839309613
0.4 0.0 -37.575311351574754  738545.6839311358
0.4 0.0 6.110430147881363  738545.6839313159
0.4 0.0 27.43929445353441  738545.6839315022
0.4 0.0 22.21130200823251  738545.6839316904
0.4 0.0 -0.8375788455120516  738545.6839318557
0.4 0.0 -16.632101672455473  738545.6839320306
0.4 0.0 -19.45926113670028  738545.6839322138
0.4 0.0 -35.980057430978356  738545.6839323796
0.4 0.0 -30.215929788312543  738545.6839325575
0.4 0.0 -42.044467434471834  738545.6839327347
0.4 0.0 10.859490176257989  738545.6839329143
0.4 0.0 29.095697118275705  738545.6839331004
0.4 0.0 6.384622594526213  738545.6839332816
0.4 0.0 -13.786780573279795  738545.6839334463
0.4 0.0 -32.44290939711964  738545.6839336287
0.4 0.0 -12.005397294057598  738545.6839338009
0.4 0.0 19.540377200313205  738545.6839339853
0.4 0.0 25.070834108548862  738545.6839341709
0.4 0.0 3.8235433670439165  738545.6839343568
0.4 0.0 -9.694876204187443  738545.6839345498
0.4 0.0 -25.268957937946173  738545.6839347241
0.4 0.0 -21.095621506144898  738545.6839348939
0.4 0.0 -88.38934119137357  738545.683935078
0.4 0.0 -11.16723383940257  738545.6839352582
0.4 0.0 32.16286215397437  738545.6839354441
0.4 0.0 17.664851263196006  738545.6839356342
0.4 0.0 -17.395928968486704  738545.683935801
0.4 0.0 -24.068120530222572  738545.6839359759
0.4 0.0 -33.748172626225994  738545.6839361558
0.4 0.0 10.576285222823891  738545.6839363385
0.4 0.0 27.9043174589986  738545.6839365248
0.4 0.0 12.862076520340173  738545.6839367219
0.4 0.0 -15.143775946728988  738545.6839368949
0.4 0.0 -17.73646707007915  738545.6839370807
0.4 0.0 -38.08752316233453  738545.6839372765
0.4 0.0 7.819834093217318  738545.6839374569
0.4 0.0 29.752742602036754  738545.6839376196
0.4 0.0 16.55840140456873  738545.6839378162
0.4 0.0 6.556072364726396  738545.6839380125
0.4 0.0 -11.762054592037142  738545.6839381536
0.4 0.0 -7.053757637881587  738545.6839383318
0.4 0.0 -0.3594177101048213  738545.6839385112
0.4 0.0 23.30307419951978  738545.6839386976
0.4 0.0 31.576777487650766  738545.6839388725
0.4 0.0 23.43264298260995  738545.6839390458
0.4 0.0 16.00254892202554  738545.683939231
0.4 0.0 1.077372378627483  738545.6839394172
0.4 0.0 -6.317608655577669  738545.683939595
0.4 0.0 21.76289072952152  738545.6839397815
0.4 0.0 35.521184232012274  738545.683939963
0.4 0.0 27.592989026891974  738545.6839401324
0.4 0.0 22.981126054747445  738545.6839403135
0.4 0.0 2.218585802584367  738545.6839404843
0.4 0.0 6.76895520495409  738545.6839406703
0.4 0.0 -57.25600836914855  738545.6839408468
0.4 0.0 0.2333109944426923  738545.6839410261
0.4 0.0 38.72293205881785  738545.6839412117
0.4 0.0 35.36247412482434  738545.6839413989
0.4 0.0 11.778612940058823  738545.6839415706
0.4 0.0 9.23927320869246  738545.6839417452
0.4 0.0 -10.481611467588207  738545.683941921
0.4 0.0 22.82648773457635  738545.6839420963
0.4 0.0 42.27332510485406  738545.6839422935
0.4 0.0 36.88952799150879  738545.6839424695
0.4 0.0 33.45034729799855  738545.6839426534
0.4 0.0 33.15730325073535  738545.6839428137
0.4 0.0 20.861352216950014  738545.6839429833
0.4 0.0 -80.72574807530793  738545.6839431679
0.4 0.0 -14.302635256271726  738545.6839433536
0.4 0.0 37.96160075980562  738545.6839435293
0.4 0.0 45.18092035034732  738545.6839437257
0.4 0.0 19.851140348325195  738545.683943889
0.4 0.0 18.517372513250525  738545.6839440754
0.4 0.0 -55.84764289563267  738545.6839442645
0.4 0.0 -6.991925479663354  738545.683944449
0.4 0.0 32.266176248234366  738545.6839446174
0.4 0.0 41.00095596582189  738545.6839448073
0.4 0.0 32.67467223767513  738545.6839449751
0.4 0.0 36.22068355925692  738545.6839451534
0.4 0.0 39.321966275899165  738545.6839453289
0.4 0.0 -41.55051746631589  738545.6839455096
0.4 0.0 4.3259256829850985  738545.6839456849
0.4 0.0 46.290620323126056  738545.6839458606
0.4 0.0 61.08317106075302  738545.6839460571
0.4 0.0 42.15497015780932  738545.6839462293
0.4 0.0 -64.19237594122268  738545.6839464044
0.4 0.0 -10.850651697520302  738545.6839465834
0.4 0.0 37.80779056809164  738545.6839467683
0.4 0.0 55.15789361248748  738545.6839469529
0.4 0.0 63.58016662805586  738545.6839471343
0.4 0.0 42.695554568052096  738545.683947315
0.4 0.0 47.55171894270716  738545.6839474934
0.4 0.0 -77.05066609327898  738545.6839476685
0.4 0.0 -23.63825831034867  738545.6839478482
0.4 0.0 30.82764596745501  738545.6839480252
0.4 0.0 54.28397258843501  738545.6839482032
0.4 0.0 65.49016242430095  738545.6839483945
0.4 0.0 50.37964197663576  738545.6839485619
0.4 0.0 56.10597710660991  738545.6839487425
0.4 0.0 -32.69774087194959  738545.6839489267
0.4 0.0 -0.6930508560480073  738545.6839491022
0.4 0.0 38.47709618165873  738545.6839492851
0.4 0.0 61.61357031181806  738545.683949461
0.4 0.0 55.501398328162665  738545.6839496305
0.4 0.0 61.653715380403455  738545.6839498054
0.4 0.0 -38.95748916547125  738545.6839500072
0.4 0.0 -6.512737651072897  738545.6839501689
0.4 0.0 35.72018889957993  738545.6839503415
0.4 0.0 60.83313448546397  738545.6839505238
0.4 0.0 75.83833402678361  738545.6839507128
0.4 0.0 64.58347010513896  738545.6839508731
0.4 0.0 -35.56490318130551  738545.6839510457
0.4 0.0 -4.669275061193061  738545.6839512233
0.4 0.0 36.525630928854675  738545.6839514037
0.4 0.0 61.69349586331413  738545.6839515801
0.4 0.0 75.9531252228136  738545.6839517737
0.4 0.0 60.1770334359143  738545.6839519445
0.4 0.0 62.852317874251725  738545.6839521207
0.4 0.0 62.94249907020727  738545.683952296
0.4 0.0 -40.74191413250108  738545.6839524729
0.4 0.0 -12.777722027130633  738545.6839526482
0.4 0.0 27.469761607673192  738545.6839528346
0.4 0.0 55.89009315999599  738545.6839530524
0.4 0.0 49.7049677389846  738545.6839532085
0.4 0.0 -11.21572199173978  738545.6839533945
0.4 0.0 1.2361776638148043  738545.6839535572
0.4 0.0 25.412086945062782  738545.6839537284
0.4 0.0 46.034191657330034  738545.6839539136
0.4 0.0 56.83400685952493  738545.6839541022
0.4 0.0 44.4817085974272  738545.6839542724
0.4 0.0 -0.11784703228407667  738545.6839544665
0.4 0.0 5.933868336787297  738545.6839546355
0.4 0.0 20.89578458456621  738545.6839548141
0.4 0.0 35.26331345292099  738545.6839549975
0.4 0.0 43.30817729478395  738545.6839551777
0.4 0.0 47.34636388808745  738545.683955372
0.4 0.0 47.98729619712301  738545.6839555295
0.4 0.0 23.85756227967856  738545.6839557369
0.4 0.0 4.6332190295767965  738545.6839558905
0.4 0.0 -0.8640420843560191  738545.683956065
0.4 0.0 3.8229309560868  738545.6839562401
0.4 0.0 14.952674328637855  738545.6839564268
0.4 0.0 0.19476569800158247  738545.6839565879
0.4 0.0 1.1584588410736003  738545.6839567631
0.4 0.0 4.4462444091591165  738545.6839569368
0.4 0.0 -5.858986838159117  738545.6839571196
0.4 0.0 -11.404650217306862  738545.6839573033
0.4 0.0 -8.974439797661365  738545.6839574878
0.4 0.0 -7.090303353730478  738545.6839576763
0.4 0.0 -6.425402437843468  738545.6839578494
0.4 0.0 -33.16891410051068  738545.6839580296
0.4 0.0 -18.297698640270003  738545.683958215
0.4 0.0 -25.89018504309736  738545.6839584004
0.4 0.0 -34.029335953776965  738545.683958581
0.4 0.0 -37.19023555607806  738545.6839587762
0.4 0.0 -69.54220542963105  738545.6839589443
0.4 0.0 -72.28309813340404  738545.6839591238
0.4 0.0 11.407093794257941  738545.6839592973
0.4 0.0 -18.583183576608697  738545.6839594789
0.4 0.0 -53.34277416494441  738545.6839596555
0.4 0.0 -73.61593262942135  738545.6839598289
0.4 0.0 -91.05181775336827  738545.6839600102
0.4 0.0 -96.88213100525482  738545.6839601912
0.4 0.0 -98.09390746701925  738545.6839603774
0.4 0.0 43.89713400066358  738545.6839605551
0.4 0.0 -3.983554400671726  738545.6839607462
0.4 0.0 -58.192159123813184  738545.6839609192
0.4 0.0 -88.07541136763633  738545.6839611118
0.4 0.0 -113.91864902357867  738545.6839612757
0.4 0.0 51.375437979244914  738545.6839614608
0.4 0.0 -0.9343777386135356  738545.6839616317
0.4 0.0 -64.5416401045514  738545.6839618055
0.4 0.0 -101.53085961135956  738545.6839619904
0.4 0.0 -119.32458349284808  738545.6839621809
0.4 0.0 -120  738545.6839623547
0.4 0.0 -120  738545.6839625317
0.4 0.0 -120  738545.6839627145
0.4 0.0 84.51973691863783  738545.6839628856
0.4 0.0 24.361696576207407  738545.6839630721
0.4 0.0 -57.889444947369675  738545.6839632452
0.4 0.0 -116.05722295742176  738545.6839634181
0.4 0.0 -120  738545.6839635988
0.4 0.0 50.485939946163086  738545.6839637848
0.4 0.0 -0.012049158077355505  738545.6839639685
0.4 0.0 -71.93294250680464  738545.6839641677
0.4 0.0 -120  738545.683964326
0.4 0.0 -120  738545.6839644988
0.4 0.0 -120  738545.6839646656
0.4 0.0 -120  738545.6839648426
0.4 0.0 -120  738545.6839650262
0.4 0.0 67.99844582879435  738545.6839652037
0.4 0.0 21.51439877921945  738545.6839653744
0.4 0.0 -48.595729094184804  738545.6839655599
0.4 0.0 -102.79483316639414  738545.6839657512
0.4 0.0 -120  738545.6839659167
0.4 0.0 24.1133752754078  738545.6839661031
0.4 0.0 -13.427920582792204  738545.6839662882
0.4 0.0 -67.83629162229384  738545.6839664646
0.4 0.0 -103.34584972110616  738545.6839666365
0.4 0.0 -119.35507321350549  738545.683966828
0.4 0.0 -120  738545.6839669871
0.4 0.0 -120  738545.6839671583
0.4 0.0 -120  738545.6839673393
0.4 0.0 40.82000845449926  738545.6839675222
0.4 0.0 4.601646041809458  738545.6839677084
0.4 0.0 -38.47379411949498  738545.6839678859
0.4 0.0 -60.5921274011928  738545.6839680759
0.4 0.0 -99.51600837517641  738545.6839682409
0.4 0.0 7.349734589773103  738545.6839684172
0.4 0.0 -12.230252570481584  738545.6839686021
0.4 0.0 -34.671168079198125  738545.6839687745
0.4 0.0 -38.148965071100044  738545.6839689551
0.4 0.0 -36.24941623233596  738545.6839691511
0.4 0.0 -44.626227126299334  738545.6839693224
0.4 0.0 11.313254326326437  738545.6839695049
0.4 0.0 -5.9459775644677  738545.6839696784
0.4 0.0 -7.905870610549179  738545.6839698586
0.4 0.0 19.48711276076704  738545.6839700425
0.4 0.0 56.42676168172758  738545.6839702246
0.4 0.0 77.41279313699503  738545.6839704161
0.4 0.0 53.026767905338396  738545.6839705899
0.4 0.0 68.06745269010928  738545.683970765
0.4 0.0 43.727034186581356  738545.683970941
0.4 0.0 3.0068863284429304  738545.6839711268
0.4 0.0 26.811115903608474  738545.6839713111
0.4 0.0 99.48467102166867  738545.6839714976
0.4 0.0 120  738545.6839716817
0.4 0.0 38.4335445283223  738545.6839718716
0.4 0.0 -0.9078371590217018  738545.6839720539
0.4 0.0 52.1227056032905  738545.6839722309
0.4 0.0 120  738545.6839724036
0.4 0.0 120  738545.6839725922
0.4 0.0 120  738545.6839727695
0.4 0.0 120  738545.6839729559
0.4 0.0 120  738545.683973141
0.4 0.0 13.462863668618569  738545.6839733182
0.4 0.0 7.060269549572924  738545.6839734981
0.4 0.0 120  738545.6839736725
0.4 0.0 120  738545.6839738676
0.4 0.0 120  738545.6839740365
0.4 0.0 8.484241499381648  738545.6839742169
0.4 0.0 9.416496450297396  738545.6839744012
0.4 0.0 120  738545.6839745861
0.4 0.0 120  738545.6839747695
0.4 0.0 120  738545.683974958
0.4 0.0 120  738545.6839751236
0.4 0.0 120  738545.6839753053
0.4 0.0 55.540078539743654  738545.6839754796
0.4 0.0 -0.2899789054830545  738545.6839756615
0.4 0.0 120  738545.6839758487
0.4 0.0 120  738545.683976022
0.4 0.0 120  738545.6839762073
0.4 0.0 120  738545.6839763806
0.4 0.0 120  738545.6839765774
0.4 0.0 120  738545.6839767505
0.4 0.0 120  738545.6839769362
0.4 0.0 52.54547459712327  738545.6839771207
0.4 0.0 120  738545.6839773158
