0 0 0  738531.7319593148
0.7 0.0 -22.466972319818733  738531.7320601889
0.7 0.0 -22.037755347343033  738531.7320603628
0.7 0.0 -21.605864952092276  738531.7320605426
0.7 0.0 -21.105488529382384  738531.7320607378
0.7 0.0 -20.84513748739612  738531.7320609268
0.7 0.0 -20.42209209948148  738531.7320611225
0.7 0.0 -21.232978740191548  738531.7320612706
0.7 0.0 -21.920455701015673  738531.7320614464
0.7 0.0 -21.7019255119046  738531.7320616728
0.7 0.0 -21.343726651746092  738531.7320618245
0.7 0.0 -19.819530546299642  738531.7320619985
0.7 0.0 -19.696866163993853  738531.7320621669
0.7 0.0 -19.45825154410022  738531.7320623562
0.7 0.0 -20.631041369494415  738531.7320625209
0.7 0.0 -20.71936360129102  738531.7320627185
0.7 0.0 -21.983870172338257  738531.7320629017
0.7 0.0 -20.58250211558728  738531.7320630784
0.7 0.0 -20.385754661896765  738531.7320632513
0.7 0.0 -20.23615033812208  738531.7320634361
0.7 0.0 -25.099128848513043  738531.7320636003
0.7 0.0 -23.704763634347152  738531.7320637832
0.7 0.0 -24.873184755393847  738531.732063955
0.7 0.0 -23.456810127722843  738531.732064134
0.7 0.0 -23.297900559649456  738531.7320643152
0.7 0.0 -24.50540282865541  738531.7320645037
0.7 0.0 -23.014833906044295  738531.7320646768
0.7 0.0 -20.98995395580254  738531.7320648426
0.7 0.0 -22.256174401749817  738531.7320650407
0.7 0.0 -20.498309211327584  738531.732065218
0.7 0.0 -21.668419994546106  738531.7320653818
0.7 0.0 -19.86722823509509  738531.7320655679
0.7 0.0 -19.84312655306699  738531.7320657647
0.7 0.0 -24.719325185172572  738531.7320659399
0.7 0.0 -26.006470004203496  738531.732066099
0.7 0.0 -25.817061713635248  738531.7320662752
0.7 0.0 -24.34167762622378  738531.7320664608
0.7 0.0 -24.242009743953027  738531.7320666428
0.7 0.0 -25.563317006428512  738531.7320668277
0.7 0.0 -23.985749335084673  738531.7320670193
0.7 0.0 -24.603145723786632  738531.7320671977
0.7 0.0 -22.964522012584325  738531.7320673723
0.7 0.0 -23.759052760065  738531.7320675338
0.7 0.0 -22.059600241167953  738531.7320677197
0.7 0.0 -22.958124470808816  738531.7320679044
0.7 0.0 -21.263110660988545  738531.7320680819
0.7 0.0 -24.834011602347662  738531.732068257
0.7 0.0 -24.459285985283568  738531.7320684339
0.7 0.0 -22.878340365784336  738531.7320686007
0.7 0.0 -22.548804977561048  738531.7320687878
0.7 0.0 -23.92529997764753  738531.7320689729
0.7 0.0 -23.57782824143817  738531.7320691529
0.7 0.0 -23.391924132338044  738531.7320693329
0.7 0.0 -23.098411500387797  738531.7320695039
0.7 0.0 -21.42628231944246  738531.7320696898
0.7 0.0 -22.329483559167087  738531.7320698665
0.7 0.0 -20.326967619942344  738531.7320700578
0.7 0.0 -20.102625584024974  738531.7320702208
0.7 0.0 -21.108646265318956  738531.7320704244
0.7 0.0 -27.286094676464607  738531.7320706005
0.7 0.0 -27.046188323462772  738531.7320707861
0.7 0.0 -25.546944085869775  738531.732070959
0.7 0.0 -25.23427028140385  738531.7320711446
0.7 0.0 -26.427259154219694  738531.7320713209
0.7 0.0 -26.191210264179237  738531.7320715082
0.7 0.0 -22.420011244560005  738531.7320716912
0.7 0.0 -22.121090183598543  738531.732071871
0.7 0.0 -21.45493830733655  738531.7320720355
0.7 0.0 -20.972100639470607  738531.7320722194
0.7 0.0 -21.82647812350772  738531.7320724102
0.7 0.0 -21.53305715355589  738531.7320725828
0.7 0.0 -19.384649311937753  738531.7320727657
0.7 0.0 -20.489451064491895  738531.7320729342
0.7 0.0 -23.919398901141403  738531.7320731174
0.7 0.0 -23.55653551619607  738531.7320733014
0.7 0.0 -23.461441914820405  738531.7320734834
0.7 0.0 -24.615397242703782  738531.7320736578
0.7 0.0 -22.86979785837053  738531.7320738531
0.7 0.0 -27.90799538428808  738531.7320740168
0.7 0.0 -27.543613867605504  738531.7320742059
0.7 0.0 -25.21419420604365  738531.732074391
0.7 0.0 -26.002284144649437  738531.7320745751
0.7 0.0 -25.572182330182372  738531.7320747548
0.7 0.0 -23.092827613111968  738531.7320749304
0.7 0.0 -24.270051477455045  738531.7320751062
0.7 0.0 -21.254780273433056  738531.7320752867
0.7 0.0 -22.33981321510215  738531.7320754672
0.7 0.0 -20.01608595619166  738531.7320756379
0.7 0.0 -19.53161974099288  738531.7320758111
0.7 0.0 -20.22633385898724  738531.7320759961
0.7 0.0 -17.652305959997033  738531.732076186
0.7 0.0 -26.3970153317186  738531.7320763681
0.7 0.0 -25.532649167956894  738531.7320765449
0.7 0.0 -23.520282814904075  738531.7320767412
0.7 0.0 -22.784025598636966  738531.7320769047
0.7 0.0 -22.252372932278792  738531.7320770867
0.7 0.0 -23.00497944496953  738531.7320772633
0.7 0.0 -20.882309399049536  738531.7320774563
0.7 0.0 -19.983546122220947  738531.7320776181
0.7 0.0 -20.820493161751276  738531.7320778139
0.7 0.0 -18.63280936133663  738531.7320780003
0.7 0.0 -17.454207473350706  738531.7320781709
0.7 0.0 -18.452149159048407  738531.7320783495
0.7 0.0 -15.500133080394612  738531.7320785297
0.7 0.0 -19.14655556310937  738531.7320787044
0.7 0.0 -19.621067323869497  738531.7320788886
0.7 0.0 -17.455839199738676  738531.7320790591
0.7 0.0 -16.47568970151754  738531.732079248
0.7 0.0 -17.721265548504455  738531.7320794245
0.7 0.0 -16.789595251192207  738531.7320796108
0.7 0.0 -18.61238750464068  738531.7320797828
0.7 0.0 -16.419987320788824  738531.7320799755
0.7 0.0 -15.383229029549708  738531.7320801442
0.7 0.0 -14.735549816931922  738531.7320803239
0.7 0.0 -15.210555245642022  738531.7320805077
0.7 0.0 -12.893276648439787  738531.7320806733
0.7 0.0 -13.41004196722922  738531.7320808552
0.7 0.0 -15.86618304325031  738531.7320810325
0.7 0.0 -15.41707694076316  738531.7320812069
0.7 0.0 -16.524156961074482  738531.7320814037
0.7 0.0 -16.12239428059445  738531.7320815863
0.7 0.0 -13.11685510213355  738531.7320817622
0.7 0.0 -12.734736462189044  738531.7320819423
0.7 0.0 -15.111312399608536  738531.7320821261
0.7 0.0 -16.305810125856382  738531.7320822962
0.7 0.0 -15.087366236800321  738531.7320824768
0.7 0.0 -13.862921697058994  738531.7320826601
0.7 0.0 -13.2546312928654  738531.7320828567
0.7 0.0 -12.017468654480854  738531.7320830206
0.7 0.0 -9.55101952297836  738531.7320832071
0.7 0.0 -13.16426559641131  738531.7320833763
0.7 0.0 -12.632271036104827  738531.7320835558
0.7 0.0 -13.623217699337305  738531.7320837298
0.7 0.0 -13.163721536307596  738531.7320839192
0.7 0.0 -10.039637775274615  738531.7320840916
0.7 0.0 -11.069514439312156  738531.7320842841
0.7 0.0 -13.31384860501179  738531.7320844667
0.7 0.0 -12.11915155105932  738531.7320846426
0.7 0.0 -11.688810859897508  738531.7320848064
0.7 0.0 -12.456414928617587  738531.7320849991
0.7 0.0 -11.9601483485277  738531.7320851724
0.7 0.0 -8.403370855241453  738531.7320853422
0.7 0.0 -7.745116027796721  738531.7320855373
0.7 0.0 -11.67175422066174  738531.7320857206
0.7 0.0 -10.585283697002009  738531.7320859057
0.7 0.0 -12.253182950688755  738531.7320860755
0.7 0.0 -8.991338922247445  738531.7320862651
0.7 0.0 -8.45604032856364  738531.7320864293
0.7 0.0 -9.443736777664345  738531.732086627
0.7 0.0 -11.084059402329185  738531.7320867917
0.7 0.0 -9.974614542648517  738531.7320869805
0.7 0.0 -11.693578644181976  738531.7320871652
0.7 0.0 -10.386378568413612  738531.7320873288
0.7 0.0 -6.640164022578465  738531.7320875102
0.7 0.0 -6.1056470264385  738531.7320876886
0.7 0.0 -7.320073591686757  738531.732087886
0.7 0.0 -12.68141406428645  738531.7320880693
0.7 0.0 -9.17339734429202  738531.7320882427
0.7 0.0 -8.49998720347196  738531.7320884402
0.7 0.0 -7.35478903586765  738531.7320886259
0.7 0.0 -6.01580011079418  738531.732088809
0.7 0.0 -5.707717042801193  738531.7320889845
0.7 0.0 -11.421277651396249  738531.7320891632
0.7 0.0 -10.784338131566056  738531.7320893363
0.7 0.0 -11.940697161670663  738531.732089527
0.7 0.0 -11.426854503767045  738531.7320896948
0.7 0.0 -7.985757413354151  738531.7320898896
0.7 0.0 -9.130583925517618  738531.7320900706
0.7 0.0 -12.340921423601745  738531.7320902495
0.7 0.0 -10.87864462407512  738531.7320904109
0.7 0.0 -10.265021315291767  738531.7320905938
0.7 0.0 -8.766346563116757  738531.7320907842
0.7 0.0 -8.075921564895115  738531.7320909653
0.7 0.0 -3.74139768022705  738531.7320911344
0.7 0.0 -3.0843623849687387  738531.7320913203
0.7 0.0 -12.966385245048322  738531.7320915068
0.7 0.0 -9.926101152344648  738531.7320916792
0.7 0.0 -8.465984895469454  738531.7320918408
0.7 0.0 -9.683271705589682  738531.7320920385
0.7 0.0 -9.156817560752934  738531.7320922104
0.7 0.0 -7.756866119868084  738531.7320923943
0.7 0.0 -10.808437993765919  738531.7320925775
0.7 0.0 -6.612869831278824  738531.732092741
0.7 0.0 -5.9888652491388195  738531.7320929312
0.7 0.0 -7.551529453697646  738531.7320931125
0.7 0.0 -6.84048791406416  738531.7320932864
0.7 0.0 -2.1286981381958148  738531.7320934639
0.7 0.0 -0.520012376865345  738531.7320936497
0.7 0.0 -12.980286134788932  738531.7320938279
0.7 0.0 -8.750149039401785  738531.7320939961
0.7 0.0 -8.10597533603805  738531.7320941851
0.7 0.0 -9.269725036444589  738531.7320943632
0.7 0.0 -8.691196537746368  738531.7320945439
0.7 0.0 -4.501033229475519  738531.7320947167
0.7 0.0 -8.244938465762486  738531.7320948918
0.7 0.0 -10.090501620825416  738531.7320950764
0.7 0.0 -6.45873579059802  738531.7320952507
0.7 0.0 -4.915378967176203  738531.7320954261
0.7 0.0 -4.30054183535038  738531.7320955982
0.7 0.0 -2.933121875027987  738531.7320957707
0.7 0.0 -0.6965221515115356  738531.7320959659
0.7 0.0 -12.78673942875742  738531.7320961318
0.7 0.0 -11.02831023323499  738531.7320963227
0.7 0.0 -10.388910747260862  738531.7320964973
0.7 0.0 -8.65052123739812  738531.7320966868
0.7 0.0 -4.758778981369782  738531.7320968697
0.7 0.0 -6.378457997280485  738531.7320970404
0.7 0.0 -13.353827345635066  738531.7320972098
0.7 0.0 -12.07590227199672  738531.7320973824
0.7 0.0 -7.428179531138039  738531.7320975794
0.7 0.0 -10.264389000988743  738531.7320977465
0.7 0.0 -8.787879338897215  738531.7320979395
0.7 0.0 -4.681296242626541  738531.7320981128
0.7 0.0 -2.7030347576956255  738531.7320982954
0.7 0.0 -11.55035506904024  738531.732098472
0.7 0.0 -12.906984973196638  738531.7320986551
0.7 0.0 -8.786610062647144  738531.7320988302
0.7 0.0 -6.869176367288332  738531.7320990072
0.7 0.0 -9.664558078151268  738531.7320991738
0.7 0.0 -4.33598153411716  738531.7320993623
0.7 0.0 -7.319468582353233  738531.7320995433
0.7 0.0 -15.14291343329758  738531.7320997162
0.7 0.0 -9.988435020714748  738531.7320998969
0.7 0.0 -9.53636036096354  738531.7321000706
0.7 0.0 -7.664225783489983  738531.732100262
0.7 0.0 -10.679741310656034  738531.7321004379
0.7 0.0 -4.8603484443172595  738531.732100617
0.7 0.0 -17.93128399840635  738531.7321007842
0.7 0.0 -16.211755895778804  738531.7321009813
0.7 0.0 -10.505550860251104  738531.7321011678
0.7 0.0 -13.83840420042694  738531.7321013529
0.7 0.0 -11.9519956048589  738531.7321015238
0.7 0.0 -7.158129703154472  738531.7321017223
0.7 0.0 -18.691058429041465  738531.7321018896
0.7 0.0 -17.981260996373425  738531.7321020674
0.7 0.0 -16.091816843739164  738531.7321022325
0.7 0.0 -15.308419335190523  738531.7321024163
0.7 0.0 -12.947407393208287  738531.73210258
0.7 0.0 -12.335612161615797  738531.7321027679
0.7 0.0 -19.38143547749746  738531.7321029385
0.7 0.0 -21.266814488269745  738531.7321031357
0.7 0.0 -20.57775347040707  738531.732103319
0.7 0.0 -14.178377628700266  738531.7321035046
0.7 0.0 -17.71967703789772  738531.732103675
0.7 0.0 -10.899578973793249  738531.7321038574
0.7 0.0 -9.99191901893612  738531.7321040531
0.7 0.0 -21.0604773493937  738531.7321042266
0.7 0.0 -18.567207943506208  738531.7321044195
0.7 0.0 -22.099788701568475  738531.7321045994
0.7 0.0 -15.262187088408277  738531.7321047656
0.7 0.0 -18.865034297925142  738531.7321049568
0.7 0.0 -11.58010171370309  738531.732105129
0.7 0.0 -23.808832027683064  738531.7321052991
0.7 0.0 -21.243393260776127  738531.7321054641
0.7 0.0 -20.083185046038416  738531.7321056572
0.7 0.0 -17.30350374288828  738531.732105839
0.7 0.0 -21.87279373153012  738531.7321060189
0.7 0.0 -18.906889384987434  738531.7321061883
0.7 0.0 -15.754133790622722  738531.7321063877
0.7 0.0 -28.21781017760837  738531.7321065516
0.7 0.0 -20.639955897779142  738531.7321067369
0.7 0.0 -24.05801453346336  738531.732106933
0.7 0.0 -20.817595609923025  738531.7321071103
0.7 0.0 -12.619221432302082  738531.7321072794
0.7 0.0 -16.486564927504947  738531.7321074731
0.7 0.0 -25.44532172762105  738531.7321076534
0.7 0.0 -30.125892303867083  738531.7321078291
0.7 0.0 -27.322674520430994  738531.7321079924
0.7 0.0 -26.50431411453153  738531.7321081868
0.7 0.0 -23.442756381897727  738531.7321083714
0.7 0.0 -15.5027495301449  738531.7321085567
0.7 0.0 -31.920578169148197  738531.7321087299
0.7 0.0 -27.96645848381267  738531.7321089156
0.7 0.0 -21.02968850485321  738531.732109089
0.7 0.0 -16.750081056101344  738531.7321092769
0.7 0.0 -20.4462915520291  738531.7321094536
0.7 0.0 -16.285449720682315  738531.7321096219
0.7 0.0 -14.582061995847885  738531.7321098191
0.7 0.0 -28.026831102693645  738531.7321099892
0.7 0.0 -34.26337646959378  738531.7321101616
0.7 0.0 -31.31725848767417  738531.7321103407
0.7 0.0 -22.93633583484836  738531.7321105103
0.7 0.0 -18.29531057465595  738531.7321106939
0.7 0.0 -12.608193175531467  738531.73211089
0.7 0.0 -39.027873929274584  738531.7321110634
0.7 0.0 -28.339141100450618  738531.7321112371
0.7 0.0 -26.434558124933446  738531.7321114343
0.7 0.0 -26.953009772658973  738531.7321116106
0.7 0.0 -18.164865370817804  738531.7321117838
0.7 0.0 -12.952640282843285  738531.7321119707
0.7 0.0 -13.886829170466548  738531.7321121534
0.7 0.0 -48.33688145129121  738531.7321123171
0.7 0.0 -45.631995055527646  738531.732112512
0.7 0.0 -37.34572071465942  738531.7321126839
0.7 0.0 -42.48341593285454  738531.7321128785
0.7 0.0 -33.18206802079762  738531.7321130454
0.7 0.0 -27.71663129983122  738531.7321132271
0.7 0.0 -60.58289522957659  738531.732113402
0.7 0.0 -56.27887451613789  738531.732113579
0.7 0.0 -66.07162924588626  738531.7321137659
0.7 0.0 -61.76107371904318  738531.7321139429
0.7 0.0 -56.71630727375368  738531.7321141184
0.7 0.0 -43.225930630877684  738531.7321142972
0.7 0.0 -36.34006883089133  738531.7321144807
0.7 0.0 -86.87202770003846  738531.7321146625
0.7 0.0 -76.9669628757601  738531.7321148295
0.7 0.0 -78.26530084889244  738531.7321150134
0.7 0.0 -76.43111003603133  738531.7321151883
0.7 0.0 -86.62766305480787  738531.7321153819
0.7 0.0 -76.44503694473605  738531.7321155544
0.7 0.0 -90  738531.7321157396
0.7 0.0 -90  738531.7321159095
0.7 0.0 -90  738531.7321160815
0.7 0.0 -90  738531.7321162543
0.7 0.0 -90  738531.7321164515
0.7 0.0 -90  738531.7321166215
0.7 0.0 -90  738531.7321168112
0.7 0.0 -90  738531.73211699
0.7 0.0 -90  738531.7321171634
0.7 0.0 -90  738531.7321173539
