0 0 0  738532.493117334
0.0 0.0 0.0  738532.4932528198
0.0 0.0 0.0018849555909136251  738532.4932529954
0.0 0.0 0.007539822289239436  738532.4932531762
0.0 0.0 0.01696459942524187  738532.4932533517
0.0 0.0 0.0301592843943939  738532.4932535252
0.0 0.0 0.04712387042492638  738532.4932537054
0.0 0.0 0.06785834345240056  738532.4932538815
0.0 0.0 0.09236267810131127  738532.493254059
0.0 0.0 0.12063683277373517  738532.4932542371
0.0 0.0 0.15268074384505015  738532.493254423
0.0 0.0 0.18849431896676852  738532.4932546039
0.0 0.0 0.22807742947654794  738532.4932547756
0.0 0.0 0.27142990191547367  738532.4932549607
0.0 0.0 0.3185515086527413  738532.493255145
0.0 0.0 0.3694419576179138  738532.4932553258
0.0 0.0 0.424100881140982  738532.4932555023
0.0 0.0 0.48252782390051957  738532.4932556886
0.0 0.0 0.5447222299803012  738532.4932558628
0.0 0.0 0.6106834290348397  738532.4932560477
0.0 0.0 0.6804106215643945  738532.4932562332
0.0 0.0 0.7539028633001247  738532.4932563937
0.0 0.0 0.8311590487001816  738532.4932565792
0.0 0.0 0.9121778935576841  738532.493256764
0.0 0.0 0.9969579167216787  738532.4932569494
0.0 0.0 1.085497420932364  738532.4932571282
0.0 0.0 1.1777944727720588  738532.4932573093
0.0 0.0 1.273846881733602  738532.4932574955
0.0 0.0 1.373652178408108  738532.493257671
0.0 0.0 1.4772075917942682  738532.4932578531
0.0 0.0 1.584510025731647  738532.4932580398
0.0 0.0 1.695556034460737  738532.4932582256
0.0 0.0 1.8103417973128555  738532.493258421
0.0 0.0 1.928863092533306  738532.4932585919
0.0 0.0 2.0511152702416107  738532.4932587682
0.0 0.0 2.17709322453301  738532.4932589426
0.0 0.0 2.3067913647258576  738532.493259114
0.0 0.0 2.4402035857599746  738532.4932592986
0.0 0.0 2.577323237751539  738532.4932594842
0.0 0.0 2.7181430947105536  738532.4932596695
0.0 0.0 2.8626553224275155  738532.493259854
0.0 0.0 3.01085144553645  738532.4932600355
0.0 0.0 3.1627223137620937  738532.4932602114
0.0 0.0 3.318258067359631  738532.4932603845
0.0 0.0 3.477448101756054  738532.4932605692
0.0 0.0 3.6402810314029375  738532.4932607544
0.0 0.0 3.806744652851117  738532.4932609359
0.0 0.0 3.9768259070585645  738532.4932611195
0.0 0.0 4.150510840943532  738532.4932612958
0.0 0.0 4.327784568195882  738532.4932614807
0.0 0.0 4.508631229360424  738532.4932616535
0.0 0.0 4.69303395120693  738532.4932618267
0.0 0.0 4.880974805402535  738532.4932620152
0.0 0.0 5.07243476650314  738532.493262192
0.0 0.0 5.2673936692815175  738532.4932623685
0.0 0.0 5.4658301654108605  738532.4932625501
0.0 0.0 5.667721679523639  738532.4932627364
0.0 0.0 5.873044364666754  738532.4932629203
0.0 0.0 6.081773057175166  738532.4932631011
0.0 0.0 6.293881230987461  738532.4932632872
0.0 0.0 6.50934095142796  738532.4932634737
0.0 0.0 6.7281228284814425  738532.4932636594
0.0 0.0 6.9501959695877495  738532.4932638445
0.0 0.0 7.175527931985047  738532.4932640309
0.0 0.0 7.4040846746318785  738532.4932642166
0.0 0.0 7.635830509739633  738532.4932643863
0.0 0.0 7.870728053948589  738532.4932645614
0.0 0.0 8.108738179182195  738532.4932647478
0.0 0.0 8.349819963215879  738532.4932649238
0.0 0.0 8.593930639998312  738532.4932651053
0.0 0.0 8.841025549764671  738532.4932652866
0.0 0.0 9.09105808898323  738532.493265462
0.0 0.0 9.34397966017826  738532.4932656422
0.0 0.0 9.599739621674113  738532.4932658279
0.0 0.0 9.858285237307086  738532.4932660141
0.0 0.0 10.11956162615356  738532.4932662
0.0 0.0 10.383511712324802  738532.4932663834
0.0 0.0 10.650076174880729  738532.4932665656
0.0 0.0 10.919193397916887  738532.4932667466
0.0 0.0 11.19079942088089  738532.493266929
0.0 0.0 11.464827889176554  738532.4932671023
0.0 0.0 11.741210005116086  738532.4932672734
0.0 0.0 12.019874479282592  738532.4932674563
0.0 0.0 12.300747482367468  738532.4932676328
0.0 0.0 12.583752597549184  738532.4932678054
0.0 0.0 12.868810773482183  738532.4932679908
0.0 0.0 13.155840277966787  738532.4932681748
0.0 0.0 13.444756652373089  738532.4932683574
0.0 0.0 13.735472666894095  738532.4932685402
0.0 0.0 14.027898276705507  738532.4932687202
0.0 0.0 14.321940579111734  738532.4932689164
0.0 0.0 14.617503771759988  738532.4932690801
0.0 0.0 14.914489112006432  738532.4932692586
0.0 0.0 15.212794877520665  738532.4932694338
0.0 0.0 15.51231632821692  738532.4932696089
0.0 0.0 15.81294566960263  738532.493269784
0.0 0.0 16.114572017637148  738532.4932699623
0.0 0.0 16.417081365195568  738532.4932701385
0.0 0.0 16.720356550234808  738532.4932703174
0.0 0.0 17.0242772257611  738532.4932704977
0.0 0.0 17.328719831700287  738532.4932706761
0.0 0.0 17.633557568774215  738532.4932708511
0.0 0.0 17.938660374488695  738532.4932710301
0.0 0.0 18.243894901340322  738532.4932712216
0.0 0.0 18.54912449735147  738532.4932713959
0.0 0.0 18.854209189044624  738532.4932715712
0.0 0.0 19.159005666969016  738532.4932717526
0.0 0.0 19.463367273894267  738532.4932719289
0.0 0.0 19.767143995787432  738532.4932721049
0.0 0.0 20.070182455691427  738532.4932722842
0.0 0.0 20.37232591062432  738532.4932724612
0.0 0.0 20.67341425162048  738532.4932726335
0.0 0.0 20.973284007035666  738532.4932728187
0.0 0.0 21.27176834923975  738532.493272992
0.0 0.0 21.56869710482137  738532.4932731751
0.0 0.0 21.863896768430386  738532.4932733511
0.0 0.0 22.157190520384294  738532.4932735346
0.0 0.0 22.44839824816592  738532.4932737208
0.0 0.0 22.73733657194016  738532.4932739054
0.0 0.0 23.02381887421785  738532.4932740865
0.0 0.0 23.30765533379538  738532.4932742662
0.0 0.0 23.588652964098593  738532.4932744463
0.0 0.0 23.86661565605953  738532.4932746387
0.0 0.0 24.14134422565441  738532.4932748113
0.0 0.0 24.41263646623065  738532.493274994
0.0 0.0 24.680287205750318  738532.4932751639
0.0 0.0 24.94408836907638  738532.4932753387
0.0 0.0 25.203829045427206  738532.4932755167
0.0 0.0 25.459295561123504  738532.4932757006
0.0 0.0 25.7102715577502  738532.4932758776
0.0 0.0 25.95653807585432  738532.4932760615
0.0 0.0 26.197873644297623  738532.4932762453
0.0 0.0 26.434054375380725  738532.4932764246
0.0 0.0 26.664854065852694  738532.4932766095
0.0 0.0 26.89004430391756  738532.4932767845
0.0 0.0 27.10939458234581  738532.4932769682
0.0 0.0 27.322672417795697  738532.4932771481
0.0 0.0 27.529643476445518  738532.4932773343
0.0 0.0 27.730071706033854  738532.4932775085
0.0 0.0 27.92371947440058  738532.493277694
0.0 0.0 28.110347714616687  738532.4932778744
0.0 0.0 28.289716076785954  738532.4932780477
0.0 0.0 28.46158308659619  738532.4932782274
0.0 0.0 28.625706310692056  738532.4932784068
0.0 0.0 28.781842528935254  738532.4932785847
0.0 0.0 28.929747913611624  738532.4932787712
0.0 0.0 29.0691782156377  738532.4932789544
0.0 0.0 29.199888957812128  738532.493279134
0.0 0.0 29.32163563514968  738532.4932793169
0.0 0.0 29.43417392232769  738532.4932794957
0.0 0.0 29.537259888266163  738532.493279672
0.0 0.0 29.630650217854143  738532.4932798473
0.0 0.0 29.71410244082557  738532.4932800279
0.0 0.0 29.787375167778272  738532.4932802129
0.0 0.0 29.85022833331957  738532.493280397
0.0 0.0 29.902423446311584  738532.4932805739
0.0 0.0 29.943723847178244  738532.493280747
0.0 0.0 29.97389497222482  738532.4932809224
0.0 0.0 29.992704624908807  738532.4932811008
0.0 0.0 29.9999232539889  738532.4932812814
0.0 0.0 29.99532423846606  738532.4932814655
0.0 0.0 29.978684179217677  738532.4932816451
0.0 0.0 29.949783197212152  738532.4932818289
0.0 0.0 29.908405238177508  738532.4932820129
0.0 0.0 29.854338383583006  738532.4932821953
0.0 0.0 29.787375167778258  738532.4932823745
0.0 0.0 29.707312901118854  738532.4932825539
0.0 0.0 29.613953998892217  738532.4932827305
0.0 0.0 29.50710631584112  738532.4932829167
0.0 0.0 29.386583486066197  738532.4932831025
0.0 0.0 29.252205268071894  738532.4932832768
0.0 0.0 29.103797894703153  738532.4932834569
0.0 0.0 28.94119442770295  738532.4932836405
0.0 0.0 28.764235116602574  738532.493283814
0.0 0.0 28.572767761638858  738532.4932839895
0.0 0.0 28.366648080373945  738532.4932841752
0.0 0.0 28.145740077674493  738532.4932843612
0.0 0.0 27.909916418688354  738532.4932845397
0.0 0.0 27.659058804437535  738532.4932847188
0.0 0.0 27.393058349626756  738532.4932848957
0.0 0.0 27.111815962247558  738532.4932850762
0.0 0.0 26.815242724537875  738532.4932852625
0.0 0.0 26.503260274837217  738532.4932854474
0.0 0.0 26.175801189857726  738532.4932856314
0.0 0.0 25.832809366870933  738532.4932858148
0.0 0.0 25.474240405290452  738532.4932859874
0.0 0.0 25.10006198711004  738532.4932861698
0.0 0.0 24.71025425563705  738532.493286336
0.0 0.0 24.304810191940817  738532.493286521
0.0 0.0 23.88373598841556  738532.4932867053
0.0 0.0 23.447051418838097  738532.4932868785
0.0 0.0 22.994790204280424  738532.4932870634
0.0 0.0 22.527000374218456  738532.4932872478
0.0 0.0 22.043744622158748  738532.4932874325
0.0 0.0 21.545100655086575  738532.4932876057
0.0 0.0 21.03116153602031  738532.4932877903
0.0 0.0 20.5020360189391  738532.4932879751
0.0 0.0 19.957848875333646  738532.4932881597
0.0 0.0 19.39874121161266  738532.4932883332
0.0 0.0 18.82487077658195  738532.4932885179
0.0 0.0 18.236412258196818  738532.493288691
0.0 0.0 17.633557568774112  738532.4932888643
0.0 0.0 17.0165161178361  738532.4932890489
0.0 0.0 16.38551507174502  738532.4932892278
0.0 0.0 15.740799599274958  738532.4932894122
0.0 0.0 15.082633102256457  738532.493289598
0.0 0.0 14.411297430419033  738532.4932897736
0.0 0.0 13.727093079547352  738532.4932899496
0.0 0.0 13.03033937205949  738532.493290127
0.0 0.0 12.32137461910821  738532.4932903035
0.0 0.0 11.600556263301883  738532.4932904897
0.0 0.0 10.868261001136425  738532.4932906663
0.0 0.0 10.124884884228498  738532.493290845
0.0 0.0 9.370843398438337  738532.4932910315
0.0 0.0 8.606571519971665  738532.4932912071
0.0 0.0 7.832523747552484  738532.4932913807
0.0 0.0 7.049174109762784  738532.4932915601
0.0 0.0 6.257016146650675  738532.4932917453
0.0 0.0 5.456562864717363  738532.4932919262
0.0 0.0 4.64834666440209  738532.4932921082
0.0 0.0 3.8329192391968476  738532.4932922843
0.0 0.0 3.0108514455366877  738532.4932924602
0.0 0.0 2.1827331426270025  738532.4932926393
0.0 0.0 1.3491730013885797  738532.4932928161
0.0 0.0 0.5107982817213355  738532.4932929913
0.0 0.0 -0.33174542268909807  738532.4932931748
0.0 0.0 -1.1777944727717151  738532.49329335
0.0 0.0 -2.026667506399732  738532.4932935337
0.0 0.0 -2.877665795340574  738532.4932937169
0.0 0.0 -3.730073637484308  738532.4932939019
0.0 0.0 -4.583158784972967  738532.4932940755
0.0 0.0 -5.436172908813691  738532.4932942494
0.0 0.0 -6.288352100518737  738532.4932944289
0.0 0.0 -7.138917411269555  738532.4932946137
0.0 0.0 -7.987075429056647  738532.4932947984
0.0 0.0 -8.832018894196374  738532.493294983
0.0 0.0 -9.672927353573206  738532.4932951581
0.0 0.0 -10.50896785390119  738532.4932953436
0.0 0.0 -11.339295674238716  738532.4932955344
0.0 0.0 -12.163055097930858  738532.4932956983
0.0 0.0 -12.979380224088105  738532.493295881
0.0 0.0 -13.787395818644065  738532.4932960571
0.0 0.0 -14.586218204964414  738532.493296243
0.0 0.0 -15.374956193906833  738532.4932964238
0.0 0.0 -16.152712053155852  738532.4932966053
0.0 0.0 -16.91858251557808  738532.4932967791
0.0 0.0 -17.671659826262864  738532.4932969584
0.0 0.0 -18.411032827828706  738532.4932971351
0.0 0.0 -19.13578808349009  738532.4932973207
0.0 0.0 -19.845011037290035  738532.4932974958
0.0 0.0 -20.537787210812645  738532.493297671
0.0 0.0 -21.2132034355958  738532.4932978597
0.0 0.0 -21.870349120368495  738532.4932980256
0.0 0.0 -22.50831755213874  738532.4932982046
0.0 0.0 -23.126207230058093  738532.4932983874
0.0 0.0 -23.723123230886866  738532.4932985683
0.0 0.0 -24.298178604779366  738532.4932987518
0.0 0.0 -24.85049580000452  738532.493298929
0.0 0.0 -25.379208115108746  738532.4932991138
0.0 0.0 -25.88346117692116  738532.4932993002
0.0 0.0 -26.362414442690945  738532.4932994727
0.0 0.0 -26.815242724537402  738532.4932996457
0.0 0.0 -27.241137734281942  738532.49329983
0.0 0.0 -27.639309646620227  738532.4933000068
0.0 0.0 -28.008988678481636  738532.4933001887
0.0 0.0 -28.3494266823114  738532.4933003659
0.0 0.0 -28.65989875089981  738532.493300544
0.0 0.0 -28.93970483127302  738532.4933007231
0.0 0.0 -29.188171345049362  738532.4933008982
0.0 0.0 -29.404652812557625  738532.4933010819
0.0 0.0 -29.588533477905926  738532.49330128
0.0 0.0 -29.739228932085016  738532.4933014541
0.0 0.0 -29.856187731086482  738532.4933016298
0.0 0.0 -29.938893005915446  738532.4933018136
0.0 0.0 -29.986864061279398  738532.4933019917
0.0 0.0 -29.999657959639837  738532.4933021656
0.0 0.0 -29.97687108722175  738532.4933023403
0.0 0.0 -29.9181406984884  738532.4933025249
0.0 0.0 -29.82314643550535  738532.4933027022
0.0 0.0 -29.691611818538554  738532.4933028778
0.0 0.0 -29.523305704157583  738532.4933030613
0.0 0.0 -29.31804370704616  738532.4933032452
0.0 0.0 -29.075689581659418  738532.4933034306
0.0 0.0 -28.796156559810463  738532.4933036144
0.0 0.0 -28.479408640218406  738532.4933037999
0.0 0.0 -28.125461826006912  738532.4933039754
0.0 0.0 -27.734385306106244  738532.4933041524
0.0 0.0 -27.30630257648327  738532.4933043352
0.0 0.0 -26.841392497104327  738532.4933045205
0.0 0.0 -26.33989028052337  738532.493304705
0.0 0.0 -25.80208840798598  738532.4933048801
0.0 0.0 -25.228337468946126  738532.4933050543
0.0 0.0 -24.619046919908286  738532.4933052369
0.0 0.0 -23.974685758534953  738532.4933054203
0.0 0.0 -23.295783108995472  738532.4933055976
0.0 0.0 -22.582928714579797  738532.4933057781
0.0 0.0 -21.836773333659917  738532.4933059678
0.0 0.0 -21.058029035150753  738532.4933061393
0.0 0.0 -20.247469389705486  738532.4933063247
0.0 0.0 -19.405929552972324  738532.493306501
0.0 0.0 -18.53430623734738  738532.4933066831
0.0 0.0 -17.633557568776034  738532.4933068687
0.0 0.0 -16.704702825286716  738532.4933070539
0.0 0.0 -15.748822054085464  738532.493307231
0.0 0.0 -14.767055564196912  738532.4933074134
0.0 0.0 -13.76060329180805  738532.4933075829
0.0 0.0 -12.73072403565584  738532.4933077572
0.0 0.0 -11.678734559996169  738532.4933079341
0.0 0.0 -10.606008562903982  738532.4933081125
0.0 0.0 -9.513975507878701  738532.493308295
0.0 0.0 -8.404119316966566  738532.4933084658
0.0 0.0 -7.277976923864707  738532.4933086452
0.0 0.0 -6.1371366857355705  738532.4933088325
0.0 0.0 -4.983236652738638  738532.4933090097
0.0 0.0 -3.817962694579356  738532.4933091865
0.0 0.0 -2.643046483676851  738532.4933093622
0.0 0.0 -1.46026333487123  738532.4933095444
0.0 0.0 -0.27142990191825334  738532.4933097279
0.0 0.0 0.9215982686385549  738532.4933099108
0.0 0.0 2.116929325276712  738532.4933100921
0.0 0.0 3.3126378396799097  738532.4933102693
0.0 0.0 4.506767673619844  738532.4933104403
0.0 0.0 5.697334982473664  738532.4933106169
0.0 0.0 6.882331352921196  738532.4933108015
0.0 0.0 8.059727071965437  738532.4933109778
0.0 0.0 9.227474524011635  738532.4933111612
0.0 0.0 10.383511712321887  738532.493311338
0.0 0.0 11.525765900742604  738532.4933115233
0.0 0.0 12.652157371171741  738532.4933117059
0.0 0.0 13.76060329180309  738532.4933118902
0.0 0.0 14.849021690748087  738532.4933120738
0.0 0.0 15.915335529199234  738532.4933122495
0.0 0.0 16.957476867859782  738532.493312435
0.0 0.0 17.97339111992654  738532.4933126206
0.0 0.0 18.961041383474992  738532.4933128066
0.0 0.0 19.918412845661777  738532.493312981
0.0 0.0 20.843517250727725  738532.4933131555
0.0 0.0 21.734397423360885  738532.4933133406
0.0 0.0 22.58913183855863  738532.4933135264
0.0 0.0 23.405839228717586  738532.4933137017
0.0 0.0 24.182683218279852  738532.4933138868
0.0 0.0 24.91787697587236  738532.4933140624
0.0 0.0 25.609687873500825  738532.4933142436
0.0 0.0 26.256442141995258  738532.4933144265
0.0 0.0 26.856529511557152  738532.4933146082
0.0 0.0 27.408407825929814  738532.4933147858
0.0 0.0 27.910607618401304  738532.4933149609
0.0 0.0 28.361736637561183  738532.4933151475
0.0 0.0 28.76048431046436  738532.4933153292
0.0 0.0 29.105626130612418  738532.4933155052
0.0 0.0 29.396027957946252  738532.4933156783
0.0 0.0 29.630650217853503  738532.4933158485
0.0 0.0 29.808551986034125  738532.4933160311
0.0 0.0 29.92889494593774  738532.4933162137
0.0 0.0 29.990947205388828  738532.4933163952
0.0 0.0 29.99408695895259  738532.4933165818
0.0 0.0 29.937805982566083  738532.4933167571
0.0 0.0 29.821712946968265  738532.4933169326
0.0 0.0 29.645536536509763  738532.4933171152
0.0 0.0 29.40912836001016  738532.4933172928
0.0 0.0 29.112465640458442  738532.49331748
0.0 0.0 28.75565367052254  738532.4933176462
0.0 0.0 28.338928021047263  738532.4933178214
0.0 0.0 27.862656489977685  738532.4933180002
0.0 0.0 27.32734077944859  738532.4933181866
0.0 0.0 26.733617889129523  738532.4933183609
0.0 0.0 26.082261214311433  738532.4933185366
0.0 0.0 25.374181337664922  738532.493318716
0.0 0.0 24.61042650409074  738532.4933188935
0.0 0.0 23.792182768624894  738532.4933190735
0.0 0.0 22.920773807946983  738532.493319253
0.0 0.0 21.99766038668011  738532.49331943
0.0 0.0 21.024439470352803  738532.4933196134
0.0 0.0 20.002842977630095  738532.4933197901
0.0 0.0 18.934736165200228  738532.4933199724
0.0 0.0 17.822115639531873  738532.4933201583
0.0 0.0 16.667106990592277  738532.4933203348
0.0 0.0 15.471962043535164  738532.4933205147
0.0 0.0 14.239055725332097  738532.4933206934
0.0 0.0 12.970882544326921  738532.4933208689
0.0 0.0 11.67005268174055  738532.4933210419
0.0 0.0 10.339287695240458  738532.4933212227
0.0 0.0 8.981415835812992  738532.4933214088
0.0 0.0 7.599366980335748  738532.493321595
0.0 0.0 6.196167183440135  738532.4933217757
0.0 0.0 4.77493285347495  738532.4933219511
0.0 0.0 3.3388645586315975  738532.4933221387
0.0 0.0 1.8912404705643278  738532.4933223136
0.0 0.0 0.43540945413459314  738532.4933224932
0.0 0.0 -1.025216186782076  738532.4933226729
0.0 0.0 -2.4871682961607395  738532.4933228509
0.0 0.0 -3.946930772762779  738532.4933230288
0.0 0.0 -5.400947783201348  738532.4933232148
0.0 0.0 -6.845632265851308  738532.4933233898
0.0 0.0 -8.277374708978641  738532.4933235702
0.0 0.0 -9.692552185132378  738532.493323744
0.0 0.0 -11.087537622518841  738532.4933239206
0.0 0.0 -12.45870929277786  738532.4933241053
0.0 0.0 -13.802460493294861  738532.4933242857
0.0 0.0 -15.11520940093074  738532.4933244844
0.0 0.0 -16.393409072828362  738532.493324647
0.0 0.0 -17.633557568769184  738532.4933248331
0.0 0.0 -18.832208168413416  738532.4933250195
0.0 0.0 -19.98597965566339  738532.4933252037
0.0 0.0 -21.091566641351353  738532.4933253825
0.0 0.0 -22.145749894476165  738532.4933255796
0.0 0.0 -23.14540665129576  738532.4933257453
0.0 0.0 -24.087520870745955  738532.4933259313
0.0 0.0 -24.969193403883956  738532.4933261044
0.0 0.0 -25.787652044376305  738532.4933262889
0.0 0.0 -26.54026142645102  738532.4933264602
0.0 0.0 -27.22453273623071  738532.4933266304
0.0 0.0 -27.838133201958158  738532.4933268129
0.0 0.0 -28.37889532832054  738532.4933269983
0.0 0.0 -28.84482583988417  738532.4933271841
0.0 0.0 -29.234114298566855  738532.4933273637
0.0 0.0 -29.545141360108147  738532.4933275487
0.0 0.0 -29.77648663465107  738532.4933277334
0.0 0.0 -29.92693611682664  738532.4933279185
0.0 0.0 -29.99548915113836  738532.4933281037
0.0 0.0 -29.98136489898065  738532.4933282803
0.0 0.0 -29.8840082742958  738532.4933284575
0.0 0.0 -29.703095315681267  738532.4933286352
0.0 0.0 -29.438537963703954  738532.4933288153
0.0 0.0 -29.090488213263267  738532.4933290071
0.0 0.0 -28.659341612070236  738532.4933291698
0.0 0.0 -28.14574007767709  738532.4933293394
0.0 0.0 -27.55057400699953  738532.4933295232
0.0 0.0 -26.87498365392376  738532.4933297086
0.0 0.0 -26.120359752377833  738532.4933298888
0.0 0.0 -25.288343364174857  738532.4933300741
0.0 0.0 -24.380824932997292  738532.4933302605
0.0 0.0 -23.39994252808683  738532.4933304458
0.0 0.0 -22.348079263529602  738532.4933306231
0.0 0.0 -21.227859881475375  738532.493330809
0.0 0.0 -20.042146490200242  738532.4933309943
0.0 0.0 -18.794033450606918  738532.4933311789
0.0 0.0 -17.48684140755035  738532.4933313613
0.0 0.0 -16.124110465272462  738532.493331546
0.0 0.0 -14.709592509219325  738532.4933317316
0.0 0.0 -13.247242679590126  738532.4933319031
0.0 0.0 -11.741210005123586  738532.4933320746
0.0 0.0 -10.195827208844921  738532.4933322506
0.0 0.0 -8.615599700781518  738532.4933324273
0.0 0.0 -7.005193775979101  738532.4933326219
0.0 0.0 -5.369424039515616  738532.4933327932
0.0 0.0 -3.713240083596728  738532.4933329795
0.0 0.0 -2.041712445215845  738532.4933331539
0.0 0.0 -0.36001787626276244  738532.4933333293
0.0 0.0 1.3265760386568708  738532.493333514
0.0 0.0 3.012726878066769  738532.4933336928
0.0 0.0 4.693033951198306  738532.4933338731
0.0 0.0 6.362055392111783  738532.4933340574
0.0 0.0 8.01432573198818  738532.4933342411
0.0 0.0 9.644373898121387  738532.4933344264
0.0 0.0 11.24674158515182  738532.493334599
0.0 0.0 12.816001941200255  738532.4933347709
0.0 0.0 14.346778508827924  738532.4933349527
0.0 0.0 15.833764358150445  738532.4933351314
0.0 0.0 17.27174134701055  738532.4933353078
0.0 0.0 18.655599440869068  738532.4933354836
0.0 0.0 19.98035602302064  738532.4933356672
0.0 0.0 21.241175123906412  738532.4933358536
0.0 0.0 22.433386496679322  738532.4933360337
0.0 0.0 23.55250446480564  738532.493336209
0.0 0.0 24.594246466368613  738532.4933363944
0.0 0.0 25.554551218884136  738532.4933365713
0.0 0.0 26.429596427869857  738532.4933367515
0.0 0.0 27.21581596212276  738532.4933369268
0.0 0.0 27.909916418684805  738532.4933371117
0.0 0.0 28.508893000806122  738532.4933372875
0.0 0.0 29.010044632870535  738532.4933374572
0.0 0.0 29.410988237231468  738532.4933376397
0.0 0.0 29.709672099225557  738532.4933378253
0.0 0.0 29.904388248292292  738532.4933380047
0.0 0.0 29.993783785136046  738532.4933381844
0.0 0.0 29.976871087222086  738532.4933383695
0.0 0.0 29.853036827605983  738532.4933385561
0.0 0.0 29.622049745152207  738532.4933387317
0.0 0.0 29.284067107604514  738532.4933389078
0.0 0.0 28.83963981272218  738532.4933390848
0.0 0.0 28.289716076789432  738532.4933392694
0.0 0.0 27.635643664231814  738532.4933394652
0.0 0.0 26.879170616827647  738532.4933396318
0.0 0.0 26.02244444607034  738532.4933398113
0.0 0.0 25.068009757612035  738532.493339981
0.0 0.0 24.01880428238193  738532.4933401617
0.0 0.0 22.878153294911307  738532.4933403451
0.0 0.0 21.649762405594352  738532.4933405237
0.0 0.0 20.337708720047562  738532.4933406995
0.0 0.0 18.946430365384057  738532.493340878
0.0 0.0 17.480714390066314  738532.4933410631
0.0 0.0 15.945683051018785  738532.4933412441
0.0 0.0 14.346778508845784  738532.4933414236
0.0 0.0 12.689745959278667  738532.4933416095
0.0 0.0 10.980615236346486  738532.4933418037
0.0 0.0 9.225680930187867  738532.4933419693
0.0 0.0 7.431481069873796  738532.4933421488
0.0 0.0 5.604774429055526  738532.4933423304
0.0 0.0 3.752516519651189  738532.4933425132
0.0 0.0 1.8818343461110203  738532.4933426917
0.0 0.0 1.1742324842028863e-11  738532.4933428641
0.0 0.0 -1.8855968182109906  738532.4933430491
0.0 0.0 -3.767477256704842  738532.4933432348
0.0 0.0 -5.638102648490854  738532.4933434102
0.0 0.0 -7.489904619883271  738532.4933435956
0.0 0.0 -9.315315858246876  738532.4933437702
0.0 0.0 -11.106801420551482  738532.4933439496
0.0 0.0 -12.856890458825976  738532.4933441341
0.0 0.0 -14.558208233663162  738532.4933443096
0.0 0.0 -16.20350828242855  738532.4933444844
0.0 0.0 -17.785704604821795  738532.4933446654
0.0 0.0 -19.297903724945833  738532.4933448405
0.0 0.0 -20.733436486111398  738532.4933450224
0.0 0.0 -22.085889432253225  738532.4933452078
0.0 0.0 -23.349135628107117  738532.4933453808
0.0 0.0 -24.517364769205944  738532.4933455589
0.0 0.0 -25.585112432337098  738532.4933457365
0.0 0.0 -26.54728831737484  738532.493345923
0.0 0.0 -27.399203332387696  738532.4933461047
0.0 0.0 -28.136595375633803  738532.4933462902
0.0 0.0 -28.755653670517553  738532.4933464676
0.0 0.0 -29.253041512791015  738532.4933466495
0.0 0.0 -29.625917293261935  738532.4933468354
0.0 0.0 -29.87195366400989  738532.4933470178
0.0 0.0 -29.98935472162076  738532.4933471999
0.0 0.0 -29.976871087222218  738532.4933473752
0.0 0.0 -29.833812770127963  738532.4933475609
0.0 0.0 -29.560059709670305  738532.493347736
0.0 0.0 -29.156069898297275  738532.4933479218
0.0 0.0 -28.622884998215948  738532.4933480961
0.0 0.0 -27.962133373751318  738532.4933482712
0.0 0.0 -27.176030472130652  738532.4933484544
0.0 0.0 -26.26737649656535  738532.49334863
0.0 0.0 -25.239551327244264  738532.4933488152
0.0 0.0 -24.096506658138697  738532.4933489925
0.0 0.0 -22.84275533029531  738532.4933491749
0.0 0.0 -21.48335785551551  738532.493349361
0.0 0.0 -20.02390613793096  738532.493349544
0.0 0.0 -18.470504414924417  738532.4933497179
0.0 0.0 -16.829747453058967  738532.4933499128
0.0 0.0 -15.10869604908525  738532.4933500771
0.0 0.0 -13.314849900653904  738532.4933502618
0.0 0.0 -11.456117925958091  738532.4933504425
0.0 0.0 -9.540786126141043  738532.4933506186
0.0 0.0 -7.577483098803216  738532.4933507908
0.0 0.0 -5.575143325291366  738532.4933509642
0.0 0.0 -3.5429683685408246  738532.4933511487
0.0 0.0 -1.4903861320046958  738532.4933513333
0.0 0.0 0.5729916564465486  738532.4933515181
0.0 0.0 2.6374135589208567  738532.4933517027
0.0 0.0 4.693033951191982  738532.4933518878
0.0 0.0 6.729959755063234  738532.4933520656
0.0 0.0 8.738298167932802  738532.4933522564
0.0 0.0 10.708205168048389  738532.493352421
0.0 0.0 12.62993456480512  738532.4933526063
0.0 0.0 14.493887355291221  738532.4933527817
0.0 0.0 16.29066114118563  738532.4933529663
0.0 0.0 18.01109935414064  738532.4933531479
0.0 0.0 19.6463400329957  738532.4933533234
0.0 0.0 21.187863892634923  738532.4933535005
0.0 0.0 22.627541422072746  738532.4933536708
0.0 0.0 23.957678748481843  738532.4933538461
0.0 0.0 25.17106200440983  738532.4933540219
0.0 0.0 26.260999937398413  738532.4933542028
0.0 0.0 27.22136450466306  738532.4933543883
0.0 0.0 28.046629200426196  738532.4933545843
0.0 0.0 28.731904869939747  738532.4933547574
0.0 0.0 29.272972772200486  738532.4933549342
0.0 0.0 29.6663146628377  738532.4933551139
0.0 0.0 29.90913967964257  738532.493355289
0.0 0.0 29.99940782568401  738532.4933554642
0.0 0.0 29.9358498588927  738532.4933556394
0.0 0.0 29.717983412356304  738532.4933558148
0.0 0.0 29.346125186305798  738532.4933559912
0.0 0.0 28.821399070831465  738532.4933561643
0.0 0.0 28.145740077680376  738532.493356335
0.0 0.0 27.32189397998005  738532.4933565212
0.0 0.0 26.353412580319755  738532.4933567006
0.0 0.0 25.24464455021216  738532.4933568906
0.0 0.0 24.00072180744302  738532.493357067
0.0 0.0 22.62754142209454  738532.4933572414
0.0 0.0 21.131743066969044  738532.4933574246
0.0 0.0 19.520682053625187  738532.4933576096
0.0 0.0 17.802398021128592  738532.4933577966
0.0 0.0 15.985579370774557  738532.4933579762
0.0 0.0 14.07952356631665  738532.4933581532
0.0 0.0 12.094093445472893  738532.4933583357
0.0 0.0 10.039669714533028  738532.4933585163
0.0 0.0 7.9270998235856975  738532.4933586986
0.0 0.0 5.767643445071299  738532.4933588764
0.0 0.0 3.572914802864098  738532.4933590532
0.0 0.0 1.3548221227467796  738532.4933592306
0.0 0.0 -0.8744955022189163  738532.4933594059
0.0 0.0 -3.1027335164562873  738532.4933595898
0.0 0.0 -5.317489241681883  738532.4933597635
0.0 0.0 -7.506330798044811  738532.4933599494
0.0 0.0 -9.656867235916103  738532.4933601272
0.0 0.0 -11.756819492494095  738532.4933603063
0.0 0.0 -13.794091774176984  738532.4933604898
0.0 0.0 -15.75684295452952  738532.4933606646
0.0 0.0 -17.63355756875891  738532.4933608412
0.0 0.0 -19.413115979025577  738532.4933610276
0.0 0.0 -21.084863280762367  738532.493361212
0.0 0.0 -22.638676518542276  738532.4933613944
0.0 0.0 -24.065029781015813  738532.4933615683
0.0 0.0 -25.355056748078596  738532.4933617413
0.0 0.0 -26.500610269800532  738532.4933619251
0.0 0.0 -27.49431856576732  738532.4933621114
0.0 0.0 -28.329637645379687  738532.493362296
0.0 0.0 -29.000899564324683  738532.4933624805
0.0 0.0 -29.503356149856323  738532.4933626695
0.0 0.0 -29.833217847668763  738532.4933628299
0.0 0.0 -29.987687365954695  738532.4933630163
0.0 0.0 -29.96498781764582  738532.4933631996
0.0 0.0 -29.764385089733995  738532.49336338
0.0 0.0 -29.386204198863076  738532.4933635632
0.0 0.0 -28.83183942492885  738532.4933637555
0.0 0.0 -28.103758049080813  738532.4933639287
0.0 0.0 -27.205497559113123  738532.4933641042
0.0 0.0 -26.141656223582018  738532.4933642754
0.0 0.0 -24.91787697588584  738532.4933644522
0.0 0.0 -23.54082459077326  738532.4933646363
0.0 0.0 -22.018156178075444  738532.4933648115
0.0 0.0 -20.358485061627825  738532.4933649969
0.0 0.0 -18.571338155110556  738532.4933651809
0.0 0.0 -16.667106990605497  738532.4933653612
0.0 0.0 -14.656992599765365  738532.4933655374
0.0 0.0 -12.552944491325585  738532.4933657162
0.0 0.0 -10.3675940119519  738532.4933658962
0.0 0.0 -8.114182419820807  738532.4933660887
0.0 0.0 -5.8064840415468115  738532.4933662545
0.0 0.0 -3.4587249228061556  738532.4933664406
0.0 0.0 -1.0854974209538062  738532.4933666253
0.0 0.0 1.2983287762307583  738532.4933668004
0.0 0.0 3.677698688074808  738532.4933669812
0.0 0.0 6.037466586466857  738532.4933671581
0.0 0.0 8.362492473081362  738532.4933673452
0.0 0.0 10.637739887653671  738532.4933675153
0.0 0.0 12.848374425512679  738532.4933677011
0.0 0.0 14.979862325223674  738532.4933678833
0.0 0.0 17.018068473784364  738532.4933680585
0.0 0.0 18.949353167543336  738532.4933682453
0.0 0.0 20.760666962040965  738532.4933684393
0.0 0.0 22.43964294347127  738532.4933686055
0.0 0.0 23.97468575852023  738532.4933687801
0.0 0.0 25.35505674807677  738532.4933689565
0.0 0.0 26.57095454376227  738532.4933691418
0.0 0.0 27.613590504441213  738532.4933693209
0.0 0.0 28.475258392831854  738532.4933694986
0.0 0.0 29.14939772000377  738532.4933696687
0.0 0.0 29.63065021785053  738532.4933698415
0.0 0.0 29.914908936450523  738532.4933700167
0.0 0.0 29.99935950443203  738532.4933702004
0.0 0.0 29.88251313585674  738532.4933703855
0.0 0.0 29.564231016512252  738532.493370572
0.0 0.0 29.04573975560609  738532.4933707659
0.0 0.0 28.32963764539384  738532.4933709403
0.0 0.0 27.41989153093112  738532.4933711159
0.0 0.0 26.321824154561767  738532.4933712952
0.0 0.0 25.042091904559086  738532.4933714744
0.0 0.0 23.588652964113415  738532.4933716588
0.0 0.0 21.970725925165944  738532.4933718344
0.0 0.0 20.198739000973255  738532.4933720186
0.0 0.0 18.284270041253258  738532.4933721948
0.0 0.0 16.23997762382959  738532.4933723647
0.0 0.0 14.079523566322587  738532.4933725407
0.0 0.0 11.81748727012193  738532.4933727254
0.0 0.0 9.469272376078404  738532.4933729048
0.0 0.0 7.051006276524982  738532.4933730947
0.0 0.0 4.579433090860615  738532.4933732728
0.0 0.0 2.0718007714569584  738532.4933734505
0.0 0.0 -0.4542569374428791  738532.4933736267
0.0 0.0 -2.9808429133772996  738532.4933738027
0.0 0.0 -5.489922620253712  738532.4933739877
0.0 0.0 -7.96345276017754  738532.4933741647
0.0 0.0 -10.383511712300967  738532.4933743493
0.0 0.0 -12.732430827889855  738532.4933745348
0.0 0.0 -14.992925626557064  738532.4933747125
0.0 0.0 -17.148225921056184  738532.493374889
0.0 0.0 -19.182203887428205  738532.49337506
0.0 0.0 -21.07949909394705  738532.4933752357
0.0 0.0 -22.82563950638611  738532.4933754199
0.0 0.0 -24.4071574987962  738532.4933756066
0.0 0.0 -25.81169991834668  738532.493375793
0.0 0.0 -27.02813127985574  738532.4933759782
0.0 0.0 -28.046629200422636  738532.4933761647
0.0 0.0 -28.85877122698417  738532.4933763403
0.0 0.0 -29.457612259496788  738532.493376524
0.0 0.0 -29.83775182960264  738532.4933766992
0.0 0.0 -29.995390558785864  738532.4933768822
0.0 0.0 -29.928375190838604  738532.4933770659
0.0 0.0 -29.63623167053415  738532.4933772509
0.0 0.0 -29.12018582328768  738532.4933774295
0.0 0.0 -28.383171278758557  738532.493377611
0.0 0.0 -27.42982437423544  738532.4933777842
0.0 0.0 -26.26646587061963  738532.4933779637
0.0 0.0 -24.901069414205725  738532.4933781492
0.0 0.0 -23.34321678052711  738532.4933783305
0.0 0.0 -21.604040041520232  738532.4933785108
0.0 0.0 -19.69615090337098  738532.4933786906
0.0 0.0 -17.633557568796643  738532.493378866
0.0 0.0 -15.431569583340206  738532.4933790519
0.0 0.0 -13.106691229630835  738532.4933792304
0.0 0.0 -10.676504135608432  738532.4933794155
0.0 0.0 -8.159539861531467  738532.4933796005
0.0 0.0 -5.575143325304471  738532.493379785
0.0 0.0 -2.943328015374655  738532.4933799696
0.0 0.0 -0.2846240243391095  738532.4933801547
0.0 0.0 2.380079986410516  738532.4933803343
0.0 0.0 5.029699710952988  738532.4933805135
0.0 0.0 7.643121770473859  738532.4933806873
0.0 0.0 10.199372638201222  738532.4933808657
0.0 0.0 12.677788580615324  738532.4933810472
0.0 0.0 15.058185245148984  738532.4933812334
0.0 0.0 17.321025502526567  738532.4933814182
0.0 0.0 19.44758414096263  738532.493381604
0.0 0.0 21.42010801000268  738532.4933817887
0.0 0.0 23.22197022411039  738532.4933819734
0.0 0.0 24.83781706035768  738532.4933821568
0.0 0.0 26.253706220833244  738532.4933823409
0.0 0.0 27.457235178615562  738532.4933825273
0.0 0.0 28.437658386246156  738532.4933827083
0.0 0.0 29.18599219732402  738532.4933828926
0.0 0.0 29.695106434806554  738532.4933830765
0.0 0.0 29.959801633371015  738532.4933832479
0.0 0.0 29.976871087222868  738532.4933834237
0.0 0.0 29.745146948363683  738532.4933836085
0.0 0.0 29.265529742791117  738532.4933837864
0.0 0.0 28.54100080253805  738532.4933839624
0.0 0.0 27.57661724891133  738532.4933841386
0.0 0.0 26.379489305731283  738532.4933843148
0.0 0.0 24.958739869668392  738532.4933844899
0.0 0.0 23.325446416753078  738532.4933846695
0.0 0.0 21.49256547851958  738532.4933848548
0.0 0.0 19.47484007675396  738532.4933850272
0.0 0.0 17.288690661071453  738532.4933852092
0.0 0.0 14.952090247189352  738532.4933853892
0.0 0.0 12.484424604370167  738532.4933855729
0.0 0.0 9.906338486670169  738532.4933857501
0.0 0.0 7.239569042947956  738532.4933859312
0.0 0.0 4.50676767365398  738532.4933861066
0.0 0.0 1.7313117268875362  738532.4933862839
0.0 0.0 -1.0628924592523594  738532.4933864633
0.0 0.0 -3.8516135576389003  738532.4933866411
0.0 0.0 -6.610504595054182  738532.4933868241
0.0 0.0 -9.315315858227706  738532.4933869998
0.0 0.0 -11.94210952112682  738532.4933871833
0.0 0.0 -14.467474104030817  738532.4933873683
0.0 0.0 -16.86873684352222  738532.49338755
0.0 0.0 -19.124172037933707  738532.4933877301
0.0 0.0 -21.213203435573355  738532.4933879116
0.0 0.0 -23.11659875353799  738532.4933880838
0.0 0.0 -24.8166544533552  738532.4933882575
0.0 0.0 -26.29736895608603  738532.4933884394
0.0 0.0 -27.544602553791748  738532.4933886159
0.0 0.0 -28.54622236608525  738532.4933887866
0.0 0.0 -29.29223079943309  738532.4933889701
0.0 0.0 -29.774876092271516  738532.4933891562
0.0 0.0 -29.988743670076612  738532.4933893485
0.0 0.0 -29.930827190281367  738532.493389513
0.0 0.0 -29.600578326241518  738532.4933896976
0.0 0.0 -28.999934521007724  738532.4933898824
0.0 0.0 -28.133324134025262  738532.4933900648
0.0 0.0 -27.00764860546414  738532.4933902513
0.0 0.0 -25.63224147197025  738532.4933904423
0.0 0.0 -24.018804282396026  738532.4933906078
0.0 0.0 -22.181319680585066  738532.493390792
0.0 0.0 -20.135942142544604  738532.4933909775
0.0 0.0 -17.900867075253245  738532.4933911582
0.0 0.0 -15.496179201810044  738532.4933913362
0.0 0.0 -12.943681370460268  738532.4933915097
0.0 0.0 -10.2667051310927  738532.4933916876
0.0 0.0 -7.48990461992864  738532.4933918697
0.0 0.0 -4.639035479200424  738532.4933920534
0.0 0.0 -1.7407207116098535  738532.4933922304
0.0 0.0 1.1777944727368228  738532.4933924169
0.0 0.0 4.088896618272598  738532.4933925985
0.0 0.0 6.96486447389163  738532.4933927715
0.0 0.0 9.778133508031534  738532.4933929469
0.0 0.0 12.501561985941608  738532.4933931334
0.0 0.0 15.108696049041736  738532.4933933172
0.0 0.0 17.57403120326766  738532.4933935009
0.0 0.0 19.87326761523678  738532.4933936866
0.0 0.0 21.983556632596397  738532.4933938725
0.0 0.0 23.883735988393664  738532.4933940448
0.0 0.0 25.55455121887008  738532.4933942192
0.0 0.0 26.97886091960453  738532.493394402
0.0 0.0 28.14182358599221  738532.493394585
0.0 0.0 29.03106392999859  738532.4933947604
0.0 0.0 29.636816735014115  738532.4933949456
0.0 0.0 29.95204650326717  738532.4933951319
0.0 0.0 29.972541364143698  738532.4933953172
0.0 0.0 29.696979945208266  738532.4933954928
0.0 0.0 29.126970158747188  738532.4933956725
0.0 0.0 28.267059123076326  738532.493395848
0.0 0.0 27.124713717269263  738532.4933960236
0.0 0.0 25.71027155776954  738532.4933962029
0.0 0.0 24.0368624827986  738532.4933963807
0.0 0.0 22.12030093263105  738532.4933965558
0.0 0.0 19.97894991768355  738532.4933967293
0.0 0.0 17.6335575688051  738532.4933969032
0.0 0.0 15.107067562007087  738532.4933970806
0.0 0.0 12.424404999936526  738532.4933972572
0.0 0.0 9.612239611444924  738532.4933974324
0.0 0.0 6.698728395532611  738532.4933976164
0.0 0.0 3.71324008362648  738532.4933977922
0.0 0.0 0.6860640216439592  738532.493397974
0.0 0.0 -2.351893722248585  738532.4933981566
0.0 0.0 -5.369424039469102  738532.4933983345
0.0 0.0 -8.335335117053825  738532.4933985105
0.0 0.0 -11.21877617209772  738532.4933986942
0.0 0.0 -13.989561240638645  738532.4933988784
0.0 0.0 -16.61848962266073  738532.4933990563
0.0 0.0 -19.077659565678186  738532.4933992403
0.0 0.0 -21.340771786179687  738532.4933994177
0.0 0.0 -23.38341948168695  738532.4933995872
0.0 0.0 -25.18336157645925  738532.4933997629
0.0 0.0 -26.720776070780335  738532.4933999494
0.0 0.0 -27.978490526665073  738532.4934001338
0.0 0.0 -28.942186920705844  738532.4934003103
0.0 0.0 -29.600578326229485  738532.4934004964
0.0 0.0 -29.945555150110124  738532.4934006818
0.0 0.0 -29.972298942279465  738532.4934008578
0.0 0.0 -29.6793621155946  738532.4934010428
0.0 0.0 -29.0687122573112  738532.4934012288
0.0 0.0 -28.145740077688725  738532.4934014074
0.0 0.0 -26.919230422629948  738532.4934015827
0.0 0.0 -25.401296171873245  738532.4934017687
0.0 0.0 -23.60727524800546  738532.4934019668
0.0 0.0 -21.555591370169036  738532.4934021349
0.0 0.0 -19.26757959532933  738532.4934023082
0.0 0.0 -16.767278094820995  738532.4934024907
0.0 0.0 -14.081188009972221  738532.4934026669
0.0 0.0 -11.238003613309829  738532.4934028425
0.0 0.0 -8.268315366610842  738532.4934030276
0.0 0.0 -5.204288809394411  738532.4934032082
0.0 0.0 -2.079322527052631  738532.4934033847
0.0 0.0 1.0723112674316757  738532.493403568
0.0 0.0 4.215839754192724  738532.4934037499
0.0 0.0 7.316372133822787  738532.4934039345
0.0 0.0 10.339287695195427  738532.4934041182
0.0 0.0 13.250625031472879  738532.4934043043
0.0 0.0 16.01746803240936  738532.4934044898
0.0 0.0 18.608324249878343  738532.4934046649
0.0 0.0 20.993491252117455  738532.4934048433
0.0 0.0 23.145406651272346  738532.4934050163
0.0 0.0 25.03897760868039  738532.4934051919
0.0 0.0 26.6518857925659  738532.4934053763
0.0 0.0 27.96486398249466  738532.4934055625
0.0 0.0 28.96194078247485  738532.4934057484
0.0 0.0 29.630650217847293  738532.4934059313
0.0 0.0 29.962203347343948  738532.4934061138
0.0 0.0 29.951619417598188  738532.4934062911
0.0 0.0 29.597814519119005  738532.4934064717
0.0 0.0 28.903646165938266  738532.4934066517
0.0 0.0 27.875912710977207  738532.4934068358
0.0 0.0 26.525307020408988  738532.4934070163
0.0 0.0 24.866324357296243  738532.4934071974
0.0 0.0 22.917124961623998  738532.4934073782
0.0 0.0 20.69935235434835  738532.4934075512
0.0 0.0 18.23790893087405  738532.4934077362
0.0 0.0 15.560690937993355  738532.4934079106
0.0 0.0 12.698285441264664  738532.4934080831
0.0 0.0 9.683632380603655  738532.4934082674
0.0 0.0 6.551655274207933  738532.493408445
0.0 0.0 3.3388645586715726  738532.4934086315
0.0 0.0 0.08293794045113527  738532.4934088119
0.0 0.0 -3.177717524762491  738532.4934089818
0.0 0.0 -6.404416617786625  738532.493409157
0.0 0.0 -9.558655164864968  738532.493409337
0.0 0.0 -12.602571852312199  738532.4934095207
0.0 0.0 -15.499407116643559  738532.4934096978
0.0 0.0 -18.21395353251434  738532.4934098831
0.0 0.0 -20.71299214054766  738532.4934100595
0.0 0.0 -22.965709245162238  738532.4934102325
0.0 0.0 -24.944088369050274  738532.4934104057
0.0 0.0 -26.623272275430864  738532.4934105903
0.0 0.0 -27.9818902601289  738532.4934107751
0.0 0.0 -29.002346270626568  738532.4934109609
0.0 0.0 -29.67106382531005  738532.4934111385
0.0 0.0 -29.978684179215882  738532.493411324
0.0 0.0 -29.920214707862552  738532.4934114993
0.0 0.0 -29.495125052682788  738532.493411683
0.0 0.0 -28.707389183890395  738532.4934118589
0.0 0.0 -27.565472182413842  738532.493412043
0.0 0.0 -26.08226121433294  738532.4934122281
0.0 0.0 -24.274940861094183  738532.493412416
0.0 0.0 -22.16481366828991  738532.4934125935
0.0 0.0 -19.77706747629035  738532.4934127709
0.0 0.0 -17.140491788658736  738532.493412941
0.0 0.0 -14.287146110081178  738532.4934131185
0.0 0.0 -11.251983835589854  738532.4934133049
0.0 0.0 -8.072435888349887  738532.493413498
0.0 0.0 -4.787958875661817  738532.4934136708
0.0 0.0 -1.439553053971318  738532.4934138563
0.0 0.0 1.9307441441207012  738532.4934140419
0.0 0.0 5.2803828716799455  738532.4934142263
0.0 0.0 8.56683744511144  738532.4934144046
0.0 0.0 11.74814801884491  738532.49341459
0.0 0.0 14.78346047496072  738532.4934147819
0.0 0.0 17.633557568733707  738532.4934149599
0.0 0.0 20.261374383075996  738532.4934151367
0.0 0.0 22.63249124732651  738532.4934153202
0.0 0.0 24.715597469133417  738532.4934154988
0.0 0.0 26.482919511500583  738532.4934156793
0.0 0.0 27.910607618384052  738532.4934158514
0.0 0.0 28.979075348315586  738532.4934160366
0.0 0.0 29.673287011962675  738532.4934162205
0.0 0.0 29.98298862075103  738532.4934164056
0.0 0.0 29.902878632955947  738532.4934165904
0.0 0.0 29.432715523309973  738532.4934167712
0.0 0.0 28.57735999343812  738532.4934169482
0.0 0.0 27.34675047376245  738532.4934171246
0.0 0.0 25.755811432554545  738532.4934173017
0.0 0.0 23.824294893583858  738532.4934174836
0.0 0.0 21.576556458806767  738532.4934176686
0.0 0.0 19.04126802491907  738532.4934178492
0.0 0.0 16.251070260272105  738532.4934180264
0.0 0.0 13.242168759518758  738532.4934182017
0.0 0.0 10.053878605393244  738532.4934183777
0.0 0.0 6.728122828532706  738532.4934185572
0.0 0.0 3.3088909558827444  738532.4934187343
0.0 0.0 -0.15833553458715113  738532.4934189131
0.0 0.0 -3.6271834903996374  738532.4934190905
0.0 0.0 -7.051006276449264  738532.4934192761
0.0 0.0 -10.38351171227484  738532.4934194515
0.0 0.0 -13.579391336566147  738532.4934196349
0.0 0.0 -16.594942443929938  738532.4934198209
0.0 0.0 -19.388674317337035  738532.4934199973
0.0 0.0 -21.921890175784977  738532.4934201755
0.0 0.0 -24.159236571301623  738532.4934203534
0.0 0.0 -26.06921230173263  738532.4934205506
0.0 0.0 -27.62462935330425  738532.4934207237
0.0 0.0 -28.803018945629738  738532.4934209014
0.0 0.0 -29.586976415853993  738532.4934210725
0.0 0.0 -29.964439440654978  738532.4934212457
0.0 0.0 -29.9288949459418  738532.49342143
0.0 0.0 -29.479510983986295  738532.4934216122
0.0 0.0 -28.621190854739023  738532.4934217986
0.0 0.0 -27.364547799376762  738532.4934219845
0.0 0.0 -25.725799685838  738532.4934221704
0.0 0.0 -23.726584223490885  738532.4934223539
0.0 0.0 -21.393696371770023  738532.4934225401
0.0 0.0 -18.758750729748837  738532.4934227245
0.0 0.0 -15.857772794108161  738532.4934228983
0.0 0.0 -12.730724035704487  738532.4934230833
0.0 0.0 -9.420966754053467  738532.4934232688
0.0 0.0 -5.974675609094426  738532.4934234542
0.0 0.0 -2.440203585816112  738532.4934236273
0.0 0.0 1.1325890940881291  738532.4934237981
0.0 0.0 4.693033951151094  738532.4934239814
0.0 0.0 8.190371428739862  738532.493424154
0.0 0.0 11.574476191425351  738532.4934243347
0.0 0.0 14.796580201794145  738532.49342452
0.0 0.0 17.80998312679809  738532.4934246994
0.0 0.0 20.57073966518237  738532.4934248783
0.0 0.0 23.038313580085465  738532.4934250552
0.0 0.0 25.17618856548022  738532.4934252328
0.0 0.0 26.95242656937859  738532.4934254185
0.0 0.0 28.340164836042224  738532.4934255946
0.0 0.0 29.3180437070335  738532.4934257738
0.0 0.0 29.870558127756386  738532.4934259559
0.0 0.0 29.98832683109686  738532.4934261331
0.0 0.0 29.668274299775607  738532.4934263189
0.0 0.0 28.913721829173177  738532.4934264979
0.0 0.0 27.734385306128008  738532.4934266682
0.0 0.0 26.146278668568414  738532.4934268474
0.0 0.0 24.171523396654752  738532.4934270278
0.0 0.0 21.838065788286322  738532.4934272063
0.0 0.0 19.17930516964907  738532.4934273905
0.0 0.0 16.233637563856348  738532.4934275697
0.0 0.0 13.04392066657069  738532.4934277458
0.0 0.0 9.65686723599026  738532.4934279318
0.0 0.0 6.122375175492135  738532.4934281164
0.0 0.0 2.49280365136324  738532.4934283003
0.0 0.0 -1.177794472711983  738532.4934284791
0.0 0.0 -4.834472804738824  738532.4934286578
0.0 0.0 -8.422212475388402  738532.4934288446
0.0 0.0 -11.886751875580412  738532.49342902
0.0 0.0 -15.175412590448238  738532.4934291908
0.0 0.0 -18.237908930789832  738532.4934293708
0.0 0.0 -21.027128545614985  738532.4934295532
0.0 0.0 -23.49987187517211  738532.4934297268
0.0 0.0 -25.61753867194769  738532.493429902
0.0 0.0 -27.34675047371594  738532.4934300785
0.0 0.0 -28.659898750881986  738532.4934302557
0.0 0.0 -29.535609460247173  738532.4934304404
0.0 0.0 -29.959115906225858  738532.4934306156
0.0 0.0 -29.92253312300722  738532.493430797
0.0 0.0 -29.42502842919096  738532.4934309756
0.0 0.0 -28.472884349728435  738532.4934311599
0.0 0.0 -27.0794517262146  738532.4934313393
0.0 0.0 -25.26499252161281  738532.4934315172
0.0 0.0 -23.056413543876204  738532.4934317026
0.0 0.0 -20.486894038161065  738532.4934318768
0.0 0.0 -17.59541180228556  738532.4934320532
0.0 0.0 -14.426174137480212  738532.4934322316
0.0 0.0 -11.027961529204592  738532.493432418
0.0 0.0 -7.453393434470365  738532.4934325942
0.0 0.0 -3.7581269074169903  738532.4934327801
0.0 0.0 -6.35959993849018e-11  738532.4934329628
0.0 0.0 3.76186709159735  738532.4934331405
0.0 0.0 7.467999324161836  738532.493433337
0.0 0.0 11.059508100362411  738532.49343351
0.0 0.0 14.479031702128843  738532.4934336862
0.0 0.0 17.671659826211336  738532.4934338676
0.0 0.0 20.585827245039596  738532.4934340531
0.0 0.0 23.17416191735349  738532.4934342284
0.0 0.0 25.394273416467627  738532.4934344114
0.0 0.0 27.209468324060428  738532.4934345833
0.0 0.0 28.589380245496738  738532.4934347617
0.0 0.0 29.510503326292383  738532.4934349468
0.0 0.0 29.956619572113386  738532.4934351199
0.0 0.0 29.9191118767836  738532.4934352961
0.0 0.0 29.397156420907873  738532.4934354718
0.0 0.0 28.397789991717502  738532.4934356568
0.0 0.0 26.935849763728577  738532.4934358409
0.0 0.0 25.03378513872754  738532.4934360221
0.0 0.0 22.7213433396358  738532.4934362045
0.0 0.0 20.035132551938062  738532.4934363812
0.0 0.0 17.018068473857568  738532.4934365661
0.0 0.0 13.718712137449865  738532.4934367513
0.0 0.0 10.19050876294475  738532.4934369266
0.0 0.0 6.490939174530921  738532.4934371114
0.0 0.0 2.6805969057730543  738532.4934372941
0.0 0.0 -1.1777944727047336  738532.4934374748
0.0 0.0 -5.020408088420423  738532.4934376543
0.0 0.0 -8.7833679138765  738532.4934378313
0.0 0.0 -12.40381300312359  738532.4934380089
0.0 0.0 -15.82095410674987  738532.4934381832
0.0 0.0 -18.977104857341008  738532.4934383609
0.0 0.0 -21.81866991985851  738532.4934385454
0.0 0.0 -24.297073004448904  738532.4934387305
0.0 0.0 -26.369608439359023  738532.4934389163
0.0 0.0 -28.00020109014058  738532.4934390918
0.0 0.0 -29.160060774444734  738532.4934392755
0.0 0.0 -29.828218940663223  738532.4934394595
0.0 0.0 -29.991937229955347  738532.4934396439
0.0 0.0 -29.646979596962066  738532.4934398199
0.0 0.0 -28.797741892736653  738532.4934399978
0.0 0.0 -27.457235178655633  738532.4934401835
0.0 0.0 -25.646921503755795  738532.4934403695
0.0 0.0 -23.3964033991545  738532.4934405485
0.0 0.0 -20.74297087923152  738532.493440735
0.0 0.0 -17.731012246398837  738532.4934409077
0.0 0.0 -14.411297430480728  738532.4934410781
0.0 0.0 -10.840144911455683  738532.4934412536
0.0 0.0 -7.078485433244854  738532.4934414288
0.0 0.0 -3.190837676054601  738532.4934416133
0.0 0.0 0.7557872220430475  738532.4934417931
0.0 0.0 4.693033951136973  738532.4934419693
0.0 0.0 8.552384628158315  738532.4934421482
0.0 0.0 12.266353387211812  738532.4934423242
0.0 0.0 15.769673160207452  738532.4934425151
0.0 0.0 19.000453725814367  738532.4934426885
0.0 0.0 21.901290351848527  738532.4934428743
0.0 0.0 24.42030297261171  738532.4934430559
0.0 0.0 26.51208682337298  738532.493443233
0.0 0.0 28.138556787662832  738532.4934434128
0.0 0.0 29.26966938115012  738532.4934435922
0.0 0.0 29.8840082742888  738532.4934437616
0.0 0.0 29.96922151417697  738532.4934439394
0.0 0.0 29.5223011082283  738532.4934441213
0.0 0.0 28.549698337280248  738532.4934443076
0.0 0.0 27.067271028231907  738532.4934444941
0.0 0.0 25.100061987150266  738532.4934446709
0.0 0.0 22.681910821073277  738532.4934448475
0.0 0.0 19.854904406616924  738532.4934450254
0.0 0.0 16.668674241044503  738532.4934452014
0.0 0.0 13.179551781806406  738532.4934453864
0.0 0.0 9.449595589729466  738532.493445566
0.0 0.0 5.54550658707817  738532.4934457432
0.0 0.0 1.5374499756876967  738532.4934459233
0.0 0.0 -2.5021957128684185  738532.493446104
0.0 0.0 -6.500140383642851  738532.4934462837
0.0 0.0 -10.38351171225422  738532.4934464637
0.0 0.0 -14.081188009869239  738532.4934466489
0.0 0.0 -17.52511022614534  738532.4934468337
0.0 0.0 -20.651548784958806  738532.4934470118
0.0 0.0 -23.40230148546044  738532.4934471952
0.0 0.0 -25.725799685770536  738532.49344738
0.0 0.0 -27.578101407194737  738532.4934475628
0.0 0.0 -28.92375183365518  738532.4934477455
0.0 0.0 -29.736493906525084  738532.4934479239
0.0 0.0 -29.99981429371545  738532.4934480938
0.0 0.0 -29.707312901129523  738532.4934482792
0.0 0.0 -28.86288724518677  738532.4934484594
0.0 0.0 -27.480726362028655  738532.4934486445
0.0 0.0 -25.5851124323839  738532.4934488197
0.0 0.0 -23.210031887205854  738532.4934489931
0.0 0.0 -20.398601361729373  738532.4934491721
0.0 0.0 -17.202317416685073  738532.4934493569
0.0 0.0 -13.680142377031947  738532.4934495339
0.0 0.0 -9.89744188369235  738532.4934497145
0.0 0.0 -5.9247927478856175  738532.4934499009
0.0 0.0 -1.8366823797856762  738532.4934500791
0.0 0.0 2.2898766226865948  738532.4934502601
0.0 0.0 6.376791242913305  738532.4934504379
0.0 0.0 10.346365255082585  738532.4934506132
0.0 0.0 14.122781016796555  738532.493450789
0.0 0.0 17.6335575687104  738532.493450973
0.0 0.0 20.810956883774463  738532.4934511583
0.0 0.0 23.593310770738036  738532.4934513428
0.0 0.0 25.92624213770316  738532.4934515274
0.0 0.0 27.763756046849295  738532.4934517137
0.0 0.0 29.069178215617992  738532.4934518829
0.0 0.0 29.815921307212346  738532.4934520598
0.0 0.0 29.988062459078886  738532.4934522383
0.0 0.0 29.58071896806989  738532.4934524209
0.0 0.0 28.60021282308547  738532.4934525962
0.0 0.0 27.06401878108081  738532.4934527713
0.0 0.0 25.000494845499546  738532.493452946
0.0 0.0 22.448398248219572  738532.4934531319
0.0 0.0 19.456194274754818  738532.4934533075
0.0 0.0 16.081169424264125  738532.4934534848
0.0 0.0 12.38836437757907  738532.4934536632
0.0 0.0 8.449345976723741  738532.4934538387
0.0 0.0 4.340840820554643  738532.493454036
0.0 0.0 0.1432560806459784  738532.4934542103
0.0 0.0 -4.060884326236356  738532.4934543853
0.0 0.0 -8.188558065440938  738532.4934545582
0.0 0.0 -12.157885633496944  738532.4934547428
0.0 0.0 -15.88976212678675  738532.4934549276
0.0 0.0 -19.309446939682417  738532.4934551122
0.0 0.0 -22.34807926346934  738532.4934553085
0.0 0.0 -24.94408836903024  738532.4934554816
0.0 0.0 -27.044469405542284  738532.4934556664
0.0 0.0 -28.605897808795778  738532.4934558528
0.0 0.0 -29.595658347830327  738532.4934560328
0.0 0.0 -29.99236829668282  738532.4934562092
0.0 0.0 -29.786478137104368  738532.493456394
0.0 0.0 -28.980537505521433  738532.49345658
0.0 0.0 -27.58921871164634  738532.4934567651
0.0 0.0 -25.639094987658268  738532.4934569511
0.0 0.0 -23.16817558051706  738532.4934571264
0.0 0.0 -20.225204776365572  738532.4934572998
0.0 0.0 -16.868736843619022  738532.4934574862
0.0 0.0 -13.166003598650985  738532.493457669
0.0 0.0 -9.19159573532781  738532.4934578507
0.0 0.0 -5.025983121585398  738532.4934580326
0.0 0.0 -0.7539028633856242  738532.4934582125
0.0 0.0 3.537353012462045  738532.4934583979
0.0 0.0 7.7597159712585135  738532.4934585803
0.0 0.0 11.826149436874733  738532.4934587606
0.0 0.0 15.652450236004153  738532.4934589324
0.0 0.0 19.159005666902495  738532.493459115
0.0 0.0 22.272469334555378  738532.4934592912
0.0 0.0 24.927320163530368  738532.4934594757
0.0 0.0 27.06727102816312  738532.4934596512
0.0 0.0 28.6464961960186  738532.4934598305
0.0 0.0 29.63065021784048  738532.4934600053
0.0 0.0 29.997654953327576  738532.493460191
0.0 0.0 29.73823602096338  738532.4934603753
0.0 0.0 28.856195012869645  738532.4934605524
0.0 0.0 27.36840922233771  738532.4934607287
0.0 0.0 25.304556283222592  738532.4934609073
0.0 0.0 22.70656690066165  738532.4934610934
0.0 0.0 19.62781464088126  738532.4934612772
0.0 0.0 16.132057421230627  738532.4934614626
0.0 0.0 12.292150777607038  738532.4934616379
0.0 0.0 8.188558065605177  738532.4934618229
0.0 0.0 3.907687360326208  738532.4934619986
0.0 0.0 -0.45991114774890357  738532.4934621828
0.0 0.0 -4.821450102004148  738532.4934623629
0.0 0.0 -9.083872506897269  738532.4934625401
0.0 0.0 -13.155840277885963  738532.4934627122
0.0 0.0 -16.949701341533352  738532.4934628967
0.0 0.0 -20.383392799306293  738532.4934630794
0.0 0.0 -23.3822385715505  738532.4934632547
0.0 0.0 -25.88060175179948  738532.4934634414
0.0 0.0 -27.82335460000597  738532.4934636211
0.0 0.0 -29.16713264072724  738532.4934637973
0.0 0.0 -29.8813436439682  738532.4934639741
0.0 0.0 -29.94890726967881  738532.4934641597
0.0 0.0 -29.366706752512965  738532.4934643457
0.0 0.0 -28.145740077706225  738532.4934645281
0.0 0.0 -26.31096452562076  738532.493464706
0.0 0.0 -23.90083510575625  738532.4934648849
0.0 0.0 -20.966544117883576  738532.4934650678
0.0 0.0 -17.570975721636998  738532.4934652412
0.0 0.0 -13.787395818726477  738532.4934654215
0.0 0.0 -9.697903608851894  738532.4934656061
0.0 0.0 -5.391676732026831  738532.4934657819
0.0 0.0 -0.9630468260022291  738532.4934659625
0.0 0.0 3.490553510542979  738532.4934661388
0.0 0.0 7.870728053858756  738532.4934663207
0.0 0.0 12.08029193378466  738532.4934665032
0.0 0.0 16.025436247603118  738532.4934666848
0.0 0.0 19.617834004649772  738532.4934668698
0.0 0.0 22.776639876654524  738532.4934670505
0.0 0.0 25.430338082502644  738532.4934672266
0.0 0.0 27.518395637895576  738532.4934674125
0.0 0.0 28.99268209993688  738532.4934675917
0.0 0.0 29.818621760481808  738532.4934677767
0.0 0.0 29.97604989438008  738532.4934679487
0.0 0.0 29.45975103364781  738532.493468119
0.0 0.0 28.27966418205815  738532.4934683054
0.0 0.0 26.46074725741375  738532.493468492
0.0 0.0 24.042500689395006  738532.4934686732
0.0 0.0 21.078157839271157  738532.4934688491
0.0 0.0 17.63355756885154  738532.4934690408
0.0 0.0 13.78572169374989  738532.4934692092
0.0 0.0 9.621167037309  738532.4934693956
0.0 0.0 5.233988190288792  738532.4934695804
0.0 0.0 0.7237527226623597  738532.4934697596
0.0 0.0 -3.806744652755122  738532.4934699447
0.0 0.0 -8.253818721604116  738532.4934701294
0.0 0.0 -12.515268338015296  738532.4934703152
0.0 0.0 -16.492734601337713  738532.4934704925
0.0 0.0 -20.093988108971196  738532.4934706647
0.0 0.0 -23.235091805900357  738532.4934708368
0.0 0.0 -25.84238825569861  738532.4934710233
0.0 0.0 -27.854263679140058  738532.4934712085
0.0 0.0 -29.222645780193243  738532.4934713943
0.0 0.0 -29.914198112293587  738532.4934715782
0.0 0.0 -29.911180411345814  738532.4934717532
0.0 0.0 -29.21195179290214  738532.4934719381
0.0 0.0 -27.83110181546349  738532.4934721219
0.0 0.0 -25.7992029684301  738532.4934723021
0.0 0.0 -23.162186956988407  738532.493472481
0.0 0.0 -19.980356023101507  738532.4934726685
0.0 0.0 -16.327049253331253  738532.4934728389
0.0 0.0 -12.286992172328205  738532.4934730242
0.0 0.0 -7.954365702838775  738532.4934732039
0.0 0.0 -3.4306375965186717  738532.4934733732
0.0 0.0 1.177794472672005  738532.4934735467
0.0 0.0 5.762093967028569  738532.4934737297
0.0 0.0 10.213552744517731  738532.4934739036
0.0 0.0 14.4261741373367  738532.4934740849
0.0 0.0 18.299210448927855  738532.4934742637
0.0 0.0 21.739593905541756  738532.4934744394
0.0 0.0 24.66420200063902  738532.4934746248
0.0 0.0 27.001901512737728  738532.4934748095
0.0 0.0 28.695320199303858  738532.4934749876
0.0 0.0 29.702301176268584  738532.493475173
0.0 0.0 29.997002157594046  738532.4934753586
0.0 0.0 29.570609894776208  738532.4934755417
0.0 0.0 28.43164913844583  738532.4934757281
0.0 0.0 26.60587503673521  738532.4934759124
0.0 0.0 24.135747863264694  738532.4934760923
0.0 0.0 21.079499094038916  738532.4934762729
0.0 0.0 17.50980788251547  738532.4934764584
0.0 0.0 13.512116669521971  738532.4934766414
0.0 0.0 9.182623768004555  738532.493476827
0.0 0.0 4.625999050947939  738532.4934770088
0.0 0.0 -0.04712387032134576  738532.4934771949
0.0 0.0 -4.722819553160262  738532.4934773807
0.0 0.0 -9.28664264173955  738532.4934775628
0.0 0.0 -13.626432592796865  738532.4934777444
0.0 0.0 -17.63508249498904  738532.4934779209
0.0 0.0 -21.213203435522356  738532.4934780941
0.0 0.0 -24.27161773237649  738532.4934782785
0.0 0.0 -26.733617889079703  738532.4934784644
0.0 0.0 -28.53693327648345  738532.4934786416
0.0 0.0 -29.63535319628813  738532.4934788147
0.0 0.0 -29.99996298899127  738532.493478985
0.0 0.0 -29.619959033073993  738532.4934791707
0.0 0.0 -28.503018629153154  738532.4934793467
0.0 0.0 -26.67521163155088  738532.4934795229
0.0 0.0 -24.1804520176267  738532.4934796981
0.0 0.0 -21.07949909404127  738532.4934798774
0.0 0.0 -17.448529441925228  738532.4934800526
0.0 0.0 -13.377311711022264  738532.4934802371
0.0 0.0 -8.967026703218485  738532.4934804136
0.0 0.0 -4.327784568301902  738532.4934805977
0.0 0.0 0.42410088103386767  738532.4934807781
0.0 0.0 5.169013965487362  738532.4934809637
0.0 0.0 9.78704312763178  738532.4934811495
0.0 0.0 14.161015809082846  738532.4934813234
0.0 0.0 18.179485403866114  738532.493481495
0.0 0.0 21.739593905536612  738532.4934816675
0.0 0.0 24.749736249829223  738532.4934818471
0.0 0.0 27.131956658273957  738532.4934820324
0.0 0.0 28.824013426802633  738532.4934822167
0.0 0.0 29.7810564439562  738532.493482395
0.0 0.0 29.976871087225987  738532.4934825705
0.0 0.0 29.40465281257962  738532.4934827491
0.0 0.0 28.07728846383521  738532.4934829317
0.0 0.0 26.027132796721048  738532.4934831085
0.0 0.0 23.305281624874006  738532.4934832852
0.0 0.0 19.980356023109863  738532.4934834698
0.0 0.0 16.13682483059172  738532.4934836499
0.0 0.0 11.872904947291158  738532.4934838348
0.0 0.0 7.298090285148586  738532.4934840117
0.0 0.0 2.530370412522706  738532.4934841827
0.0 0.0 -2.30679136461542  738532.4934843591
0.0 0.0 -7.0876437559285135  738532.4934845415
0.0 0.0 -11.687415285504253  738532.4934847275
0.0 0.0 -15.985579370665482  738532.4934849084
0.0 0.0 -19.86903112803518  738532.4934850853
0.0 0.0 -23.23509180589091  738532.4934852719
0.0 0.0 -25.99426042405565  738532.4934854368
0.0 0.0 -28.072638047646763  738532.4934856172
0.0 0.0 -29.413958002977523  738532.4934858008
0.0 0.0 -29.981165081093124  738532.493485977
0.0 0.0 -29.757498133224235  738532.4934861523
0.0 0.0 -28.747043162645543  738532.4934863282
0.0 0.0 -26.97473773904492  738532.4934865067
0.0 0.0 -24.485821952571282  738532.4934866853
0.0 0.0 -21.344745810234016  738532.4934868554
0.0 0.0 -17.633557568866642  738532.4934870319
0.0 0.0 -13.449811604861168  738532.4934872144
0.0 0.0 -8.904047657001133  738532.4934873898
0.0 0.0 -4.116905278390441  738532.4934875709
0.0 0.0 0.7840522419895898  738532.4934877544
0.0 0.0 5.667721679410782  738532.4934879381
0.0 0.0 10.402962169681022  738532.4934881189
0.0 0.0 14.86212269170261  738532.4934882984
0.0 0.0 18.924499815403884  738532.4934884745
0.0 0.0 22.479631732442726  738532.4934886554
0.0 0.0 25.430338082490756  738532.4934888423
0.0 0.0 27.695421078811975  738532.4934890267
0.0 0.0 29.21195179285326  738532.493489203
0.0 0.0 29.937075981766288  738532.4934893824
0.0 0.0 29.849286276247106  738532.4934895525
0.0 0.0 28.949121573936623  738532.4934897325
0.0 0.0 27.259269742610144  738532.493489911
0.0 0.0 24.824065825337417  738532.4934900873
0.0 0.0 21.708394425820636  738532.4934902712
0.0 0.0 17.99602138822167  738532.4934904481
0.0 0.0 13.787395818749692  738532.4934906346
0.0 0.0 9.196978480376448  738532.4934908176
0.0 0.0 4.350166201113552  738532.4934910024
0.0 0.0 -0.6201062237052846  738532.4934911918
0.0 0.0 -5.576995434529779  738532.4934913571
0.0 0.0 -10.383511712213382  738532.4934915329
0.0 0.0 -14.906310827772584  738532.4934917141
0.0 0.0 -19.019410542968117  738532.4934919006
0.0 0.0 -22.607727831234847  738532.4934920858
0.0 0.0 -25.570336861912036  738532.4934922595
0.0 0.0 -27.82335459999496  738532.4934924322
0.0 0.0 -29.30237036460267  738532.4934926109
0.0 0.0 -29.964347630453098  738532.4934927868
0.0 0.0 -29.78894044401525  738532.4934929683
0.0 0.0 -28.779182691188534  738532.4934931475
0.0 0.0 -26.961525672400178  738532.4934933241
0.0 0.0 -24.38521754571653  738532.4934935077
0.0 0.0 -21.121036689039286  738532.4934936927
0.0 0.0 -17.2594093906726  738532.493493878
0.0 0.0 -12.907959981955816  738532.4934940634
0.0 0.0 -8.188558065637098  738532.4934942495
0.0 0.0 -3.2339423847017974  738532.4934944354
0.0 0.0 1.8159863263228104  738532.4934946335
0.0 0.0 6.818100853082169  738532.4934948006
0.0 0.0 11.630101219851666  738532.4934949782
0.0 0.0 16.114572017533302  738532.493495148
0.0 0.0 20.142927529682094  738532.4934953258
0.0 0.0 23.599130933326954  738532.4934955053
0.0 0.0 26.383079223944783  738532.4934956854
0.0 0.0 28.413554058169517  738532.4934958699
0.0 0.0 29.630650217834777  738532.4934960554
0.0 0.0 29.99760758047596  738532.4934962394
0.0 0.0 29.501988958830243  738532.493496415
0.0 0.0 28.156164497765815  738532.4934966002
0.0 0.0 25.997082984182633  738532.4934967861
0.0 0.0 23.085330880382493  738532.4934969678
0.0 0.0 19.50350055017435  738532.4934971444
0.0 0.0 15.353909411305992  738532.4934973298
0.0 0.0 10.7557310225994  738532.4934975159
0.0 0.0 5.8416168247755245  738532.4934976947
0.0 0.0 0.7539028634262593  738532.4934978646
0.0 0.0 -4.359491152051056  738532.4934980449
0.0 0.0 -9.349353072467645  738532.4934982198
0.0 0.0 -14.069535737355208  738532.4934983975
0.0 0.0 -18.381253400396673  738532.4934985833
0.0 0.0 -22.15719052029886  738532.4934987688
0.0 0.0 -25.2853005960151  738532.4934989488
0.0 0.0 -27.672180689706494  738532.493499134
0.0 0.0 -29.24591870944932  738532.4934993191
0.0 0.0 -29.958325121635323  738532.4934995037
0.0 0.0 -29.786478137109704  738532.4934996808
0.0 0.0 -28.733531084326287  738532.4934998567
0.0 0.0 -26.828752091149457  738532.4935000406
0.0 0.0 -24.12678872881465  738532.4935002213
0.0 0.0 -20.706173269350643  738532.49350041
0.0 0.0 -16.66710699069518  738532.4935005727
0.0 0.0 -12.128583848156524  738532.4935007569
0.0 0.0 -7.224934150361748  738532.4935009413
0.0 0.0 -2.1018870039261692  738532.4935011265
0.0 0.0 3.087734347693562  738532.4935013037
0.0 0.0 8.18855806539465  738532.4935014993
0.0 0.0 13.047315475195266  738532.4935016739
0.0 0.0 17.5174599186651  738532.493501856
0.0 0.0 21.463613242874953  738532.4935020406
0.0 0.0 24.765704369607388  738532.4935022253
0.0 0.0 27.322672417741316  738532.493502402
0.0 0.0 29.055618838556867  738532.4935025885
0.0 0.0 29.910308645969234  738532.4935027711
0.0 0.0 29.858939651971433  738532.4935029574
0.0 0.0 28.90112011784297  738532.4935031299
0.0 0.0 27.064018781103183  738532.49350331
0.0 0.0 24.401676122578813  738532.4935034962
0.0 0.0 20.993491252242688  738532.4935036759
0.0 0.0 16.941924142592715  738532.4935038721
0.0 0.0 12.369477344709694  738532.4935040453
0.0 0.0 7.4150440234300845  738532.493504223
0.0 0.0 2.2297294251788875  738532.4935044047
0.0 0.0 -3.027729909456661  738532.4935045897
0.0 0.0 -8.195811324455077  738532.493504771
0.0 0.0 -13.115168312480229  738532.4935049573
0.0 0.0 -17.63355756866543  738532.4935051334
0.0 0.0 -21.610578209566278  738532.4935053188
0.0 0.0 -24.92207493201025  738532.4935055018
0.0 0.0 -27.464065934790003  738532.4935056781
0.0 0.0 -29.156069898262395  738532.4935058565
0.0 0.0 -29.943723847169945  738532.4935060341
0.0 0.0 -29.80060481258558  738532.4935062197
0.0 0.0 -28.729192244189978  738532.4935063951
0.0 0.0 -26.76093438777129  738532.4935065705
0.0 0.0 -23.955409539025247  738532.4935067551
0.0 0.0 -20.39860136177224  738532.4935069338
0.0 0.0 -16.200335435160188  738532.4935071098
0.0 0.0 -11.490950986361216  738532.4935072877
0.0 0.0 -6.4173065142111305  738532.4935074673
0.0 0.0 -1.1382399095634947  738532.4935076465
0.0 0.0 4.180377996530569  738532.4935078295
0.0 0.0 9.370843398307748  738532.4935080061
0.0 0.0 14.268910504805474  738532.4935081863
0.0 0.0 18.719006684645244  738532.4935083736
0.0 0.0 22.57920577021275  738532.4935085481
0.0 0.0 25.72579968573832  738532.4935087186
0.0 0.0 28.057319878738785  738532.4935089041
0.0 0.0 29.49787620493027  738532.4935090905
0.0 0.0 29.999701484439733  738532.4935092742
0.0 0.0 29.544814306704172  738532.4935094498
0.0 0.0 28.14574007772288  738532.4935096353
0.0 0.0 25.84525993323179  738532.493509818
0.0 0.0 22.715188059377862  738532.4935099964
0.0 0.0 18.85420918915299  738532.4935101721
0.0 0.0 14.384838575762828  738532.4935103559
0.0 0.0 9.449595589792851  738532.4935105366
0.0 0.0 4.206508293366437  738532.493510723
0.0 0.0 -1.1759109679480577  738532.4935109037
0.0 0.0 -6.524060522964239  738532.4935110734
0.0 0.0 -11.664843001738022  738532.4935112452
0.0 0.0 -16.431277742139784  738532.493511422
0.0 0.0 -20.667949842771936  738532.4935116065
0.0 0.0 -24.23611739119801  738532.4935117917
0.0 0.0 -27.018307915792807  738532.4935119723
0.0 0.0 -28.922250244326452  738532.4935121554
0.0 0.0 -29.884008274282643  738532.4935123271
0.0 0.0 -29.87020806445657  738532.4935125101
0.0 0.0 -28.879278382021226  738532.4935126909
0.0 0.0 -26.941656485500175  738532.4935128752
0.0 0.0 -24.11894448553074  738532.4935130511
0.0 0.0 -20.502036019043768  738532.4935132372
0.0 0.0 -16.208267073867656  738532.4935134125
0.0 0.0 -11.377677479877423  738532.4935135965
0.0 0.0 -6.168499742071779  738532.4935137798
0.0 0.0 -0.7520185016550494  738532.4935139503
0.0 0.0 4.693033951063634  738532.4935141222
0.0 0.0 9.986363811127399  738532.4935142976
0.0 0.0 14.952090247036075  738532.4935144838
0.0 0.0 19.424610275070425  738532.4935146702
0.0 0.0 23.254157928040147  738532.4935148472
0.0 0.0 26.311870065966744  738532.4935150264
0.0 0.0 28.49418597375356  738532.4935152115
0.0 0.0 29.72642862594306  738532.4935153958
0.0 0.0 29.965441545309577  738532.493515581
0.0 0.0 29.201185727990563  738532.4935157654
0.0 0.0 27.457235178686883  738532.493515942
0.0 0.0 24.790146089258574  738532.4935161227
0.0 0.0 21.28771240087458  738532.4935163006
0.0 0.0 17.066158154917876  738532.4935164764
0.0 0.0 12.26635338741191  738532.4935166507
0.0 0.0 7.049174109906235  738532.4935168239
0.0 0.0 1.5901569714560972  738532.4935170058
0.0 0.0 -3.926375552065095  738532.4935171818
0.0 0.0 -9.313524057605932  738532.4935173673
0.0 0.0 -14.388146727952066  738532.4935175464
0.0 0.0 -18.977104857278047  738532.4935177295
0.0 0.0 -22.923205919650286  738532.4935179051
0.0 0.0 -26.090639144254954  738532.493518081
0.0 0.0 -28.36971409258265  738532.4935182583
0.0 0.0 -29.68073491241459  738532.4935184409
0.0 0.0 -29.9768710872276  738532.4935186165
0.0 0.0 -29.245918709511194  738532.4935188012
0.0 0.0 -27.51088349858412  738532.4935189863
0.0 0.0 -24.829356722464915  738532.4935191632
0.0 0.0 -21.29169652320195  738532.493519336
0.0 0.0 -17.01806847392724  738532.4935195099
0.0 0.0 -12.154439084138424  738532.4935196931
0.0 0.0 -6.867653019176906  738532.4935198793
0.0 0.0 -1.3397576928787336  738532.493520063
0.0 0.0 4.238233561113982  738532.493520248
0.0 0.0 9.672927353429554  738532.4935204315
0.0 0.0 14.775258748596777  738532.493520608
0.0 0.0 19.36708977387886  738532.4935207901
0.0 0.0 23.2874670791582  738532.4935209681
0.0 0.0 26.398317782024623  738532.4935211494
0.0 0.0 28.589380245469968  738532.4935213322
0.0 0.0 29.782191548380446  738532.4935215072
0.0 0.0 29.932984927010303  738532.4935216937
0.0 0.0 29.034387455384092  738532.493521869
0.0 0.0 27.115849454777443  738532.4935220383
0.0 0.0 24.242781172737683  738532.4935222077
0.0 0.0 20.514417628288275  738532.4935223873
0.0 0.0 16.06047759429944  738532.4935225722
0.0 0.0 11.036725882420757  738532.493522757
0.0 0.0 5.619587858782682  738532.4935229413
0.0 0.0 1.5524127939752676e-10  738532.4935231269
0.0 0.0 -5.623290994167973  738532.493523311
0.0 0.0 -11.05074658107585  738532.4935234974
0.0 0.0 -16.08912496411583  738532.4935236747
0.0 0.0 -20.55838797235913  738532.4935238516
0.0 0.0 -24.29817860468789  738532.4935240335
0.0 0.0 -27.173634809448906  738532.4935242151
0.0 0.0 -29.080326783297224  738532.493524391
0.0 0.0 -29.948134625799277  738532.4935245761
0.0 0.0 -29.74391960576111  738532.4935247628
0.0 0.0 -28.472884349758683  738532.4935249314
0.0 0.0 -26.178563502914287  738532.493525109
0.0 0.0 -22.941435217324877  738532.4935252941
0.0 0.0 -18.876193462272486  738532.4935254708
0.0 0.0 -14.127769838171114  738532.4935256498
0.0 0.0 -8.866239540574357  738532.4935258502
0.0 0.0 -3.28078766565248  738532.4935260067
0.0 0.0 2.427052382746742  738532.4935261846
0.0 0.0 8.050648391162525  738532.4935263706
0.0 0.0 13.385746958210692  738532.4935265501
0.0 0.0 18.237908930710965  738532.4935267355
0.0 0.0 22.42963156569751  738532.4935269245
0.0 0.0 25.806895436610006  738532.4935270943
0.0 0.0 28.24489287274727  738532.4935272741
0.0 0.0 29.652722576880688  738532.4935274456
0.0 0.0 29.976871087228005  738532.4935276195
0.0 0.0 29.203344705913022  738532.4935278012
0.0 0.0 27.35836390525603  738532.4935279797
0.0 0.0 24.50758432556252  738532.4935281636
0.0 0.0 20.753862415004406  738532.4935283456
0.0 0.0 16.233637563943194  738532.493528529
0.0 0.0 11.11205426339642  738532.4935287102
0.0 0.0 5.576995434806755  738532.4935288944
0.0 0.0 -0.1677601732015525  738532.4935290798
0.0 0.0 -5.910009359531224  738532.4935292624
0.0 0.0 -11.436952027923398  738532.4935294378
0.0 0.0 -16.54308679287675  738532.4935296243
0.0 0.0 -21.037881525882213  738532.4935298003
0.0 0.0 -24.752931632954777  738532.4935299848
0.0 0.0 -27.548335527643303  738532.4935301585
0.0 0.0 -29.31804370701095  738532.4935303334
0.0 0.0 -29.993974156853326  738532.4935305135
0.0 0.0 -29.548731249367368  738532.4935306981
0.0 0.0 -27.99681627392734  738532.4935308829
0.0 0.0 -25.394273416590448  738532.493531058
0.0 0.0 -21.836773333772104  738532.4935312337
0.0 0.0 -17.456195282341938  738532.4935314112
0.0 0.0 -12.41582585911761  738532.4935315893
0.0 0.0 -6.904345592327251  738532.4935317648
0.0 0.0 -1.1288218617550456  738532.4935319433
0.0 0.0 4.693033951041505  738532.4935321186
0.0 0.0 10.341057146303475  738532.4935322965
0.0 0.0 15.600960885981262  738532.4935324815
0.0 0.0 20.272492618794605  738532.4935326682
0.0 0.0 24.177104500443836  738532.4935328448
0.0 0.0 27.16484245351222  738532.4935330144
0.0 0.0 29.120185823240842  738532.4935331992
0.0 0.0 29.966607396131604  738532.4935333832
0.0 0.0 29.669670526706575  738532.4935335616
0.0 0.0 28.238534564870463  738532.4935337438
0.0 0.0 25.72579968589678  738532.4935339233
0.0 0.0 22.225685356326444  738532.4935341093
0.0 0.0 17.87060063007275  738532.4935342844
0.0 0.0 12.826226806561573  738532.4935344626
0.0 0.0 7.285291276304748  738532.4935346436
0.0 0.0 1.4602633350389893  738532.4935348228
0.0 0.0 -4.4247537113173365  738532.493535004
0.0 0.0 -10.14262647844401  738532.4935351871
0.0 0.0 -15.471962043384517  738532.4935353723
0.0 0.0 -20.205706471041445  738532.4935355441
0.0 0.0 -24.159236571231542  738532.4935357167
0.0 0.0 -27.177627044030256  738532.4935359008
0.0 0.0 -29.141804617232765  738532.4935360807
0.0 0.0 -29.9733417457228  738532.4935362682
0.0 0.0 -29.63769345426752  738532.4935364481
0.0 0.0 -28.145740077734512  738532.4935366258
0.0 0.0 -25.553563758596045  738532.4935368117
0.0 0.0 -21.96045511398717  738532.4935369953
0.0 0.0 -17.505215831209217  738532.4935371792
0.0 0.0 -12.360890375933899  738532.4935373559
0.0 0.0 -6.728122828651752  738532.4935375395
0.0 0.0 -0.827390578276591  738532.4935377145
0.0 0.0 5.1095870765089835  738532.493537893
0.0 0.0 10.848932367475893  738532.4935380683
0.0 0.0 16.163829315025772  738532.4935382376
0.0 0.0 20.843517250603803  738532.4935384116
0.0 0.0 24.701700041404298  738532.4935385883
0.0 0.0 27.584033685262455  738532.4935387681
0.0 0.0 29.37438876085218  738532.4935389489
0.0 0.0 29.999630423551544  738532.493539125
0.0 0.0 29.432715523334135  738532.4935393076
0.0 0.0 27.693971833746218  738532.4935394911
0.0 0.0 24.850495800104575  738532.4935396691
0.0 0.0 21.013679849617283  738532.4935398535
0.0 0.0 16.33495520319796  738532.49354004
0.0 0.0 10.999908289399691  738532.4935402256
0.0 0.0 5.220995360364781  738532.4935404025
0.0 0.0 -0.7708619844056517  738532.4935405807
0.0 0.0 -6.735470375251855  738532.4935407654
0.0 0.0 -12.432982914435549  738532.4935409365
0.0 0.0 -17.63355756862918  738532.4935411095
0.0 0.0 -22.12666644930282  738532.4935412953
0.0 0.0 -25.729677655890058  738532.4935414755
0.0 0.0 -28.29535770380625  738532.4935416615
0.0 0.0 -29.717983412329755  738532.4935418481
0.0 0.0 -29.93780598257712  738532.4935420315
0.0 0.0 -28.9436748033338  738532.4935422166
0.0 0.0 -26.773701762329885  738532.4935423934
0.0 0.0 -23.513925619137787  738532.4935425686
0.0 0.0 -19.295017159425313  738532.4935427504
0.0 0.0 -14.287146110188507  738532.4935429277
0.0 0.0 -8.693206861234223  738532.4935431128
0.0 0.0 -2.7406687517637973  738532.4935432983
0.0 0.0 3.3276248512213695  738532.4935434831
0.0 0.0 9.263338741179812  738532.4935436619
0.0 0.0 14.822808436468113  738532.4935438342
0.0 0.0 19.777067476129233  738532.4935440196
0.0 0.0 23.921326021065678  738532.4935442029
0.0 0.0 27.083506614044015  738532.4935443795
0.0 0.0 29.131478675792337  738532.4935445656
0.0 0.0 29.97868417921152  738532.4935447407
0.0 0.0 29.587911003539574  738532.4935449243
0.0 0.0 27.973045209689374  738532.4935451087
0.0 0.0 25.19871590829322  738532.4935452932
0.0 0.0 21.3778331700846  738532.4935454685
0.0 0.0 16.667106990719425  738532.4935456436
0.0 0.0 11.260720031151296  738532.4935458188
0.0 0.0 5.382405148681746  738532.4935459952
0.0 0.0 -0.7237527224095339  738532.4935461816
0.0 0.0 -6.803414955067107  738532.493546353
0.0 0.0 -12.602571852213805  738532.4935465223
0.0 0.0 -17.87816988863918  738532.4935467056
0.0 0.0 -22.408338574695577  738532.4935468907
0.0 0.0 -26.001785198028927  738532.4935470701
0.0 0.0 -28.505957221630073  738532.4935472452
0.0 0.0 -29.8136207706839  738532.4935474239
0.0 0.0 -29.867567554787676  738532.4935476005
0.0 0.0 -28.663239207820077  738532.4935477761
0.0 0.0 -26.24914427947467  738532.4935479588
0.0 0.0 -22.725035431507443  738532.4935481354
0.0 0.0 -18.237908930953285  738532.4935483168
0.0 0.0 -12.975981305987208  738532.4935485019
0.0 0.0 -7.16088508033872  738532.4935486882
0.0 0.0 -1.038403069506471  738532.4935488721
0.0 0.0 5.131874593408091  738532.4935490492
0.0 0.0 11.08753762239324  738532.4935492186
0.0 0.0 16.574522964629995  738532.4935494048
0.0 0.0 21.357987078482452  738532.4935495884
0.0 0.0 25.23241663016807  738532.4935497745
0.0 0.0 28.030540038883956  738532.4935499608
0.0 0.0 29.63065021783273  738532.4935501372
0.0 0.0 29.962013930736063  738532.4935503236
0.0 0.0 29.008122790694763  738532.493550499
0.0 0.0 26.80763179552397  738532.4935506835
0.0 0.0 23.452929622773336  738532.4935508696
0.0 0.0 19.086386534644983  738532.4935510503
0.0 0.0 13.894426313591673  738532.4935512283
0.0 0.0 8.099663804799158  738532.4935514097
0.0 0.0 1.951435207599739  738532.4935515892
0.0 0.0 -4.2848795725247575  738532.4935517645
0.0 0.0 -10.339287695115743  738532.4935519389
0.0 0.0 -15.948876205659527  738532.4935521248
0.0 0.0 -20.869260597215376  738532.4935523008
0.0 0.0 -24.88528946869776  738532.4935524809
0.0 0.0 -27.820534135301028  738532.4935526664
0.0 0.0 -29.545141360088063  738532.4935528426
0.0 0.0 -29.981695561552964  738532.4935530237
0.0 0.0 -29.108821119596723  738532.493553199
0.0 0.0 -26.962352225002746  738532.4935533794
0.0 0.0 -23.63400297712688  738532.4935535645
0.0 0.0 -19.26757959538876  738532.4935537409
0.0 0.0 -14.052884913336179  738532.4935539181
0.0 0.0 -8.217567993902255  738532.4935541013
0.0 0.0 -2.0172641594897005  738532.4935542828
0.0 0.0 4.275551212379157  738532.4935544581
0.0 0.0 10.383511712217809  738532.4935546349
0.0 0.0 16.036589091573628  738532.4935548166
0.0 0.0 20.984063523868034  738532.4935549824
0.0 0.0 25.00570311924825  738532.4935551672
0.0 0.0 27.921651826550825  738532.4935553437
0.0 0.0 29.600578326218248  738532.4935555196
0.0 0.0 29.965712362319362  738532.4935556954
0.0 0.0 28.99848609738178  738532.4935558755
0.0 0.0 26.739602611836055  738532.4935560485
0.0 0.0 23.287467079321775  738532.4935562349
0.0 0.0 18.794033450682043  738532.4935564193
0.0 0.0 13.458235463451624  738532.4935565945
0.0 0.0 7.517280250410342  738532.4935567745
0.0 0.0 1.23618077490363  738532.4935569596
0.0 0.0 -5.1040147430019935  738532.4935571327
0.0 0.0 -11.218776172041622  738532.4935573058
0.0 0.0 -16.83286813362701  738532.4935574905
0.0 0.0 -21.692776169818593  738532.4935576731
0.0 0.0 -25.578219993489604  738532.4935578596
0.0 0.0 -28.31222828895153  738532.4935580435
0.0 0.0 -29.76931050731493  738532.4935582206
0.0 0.0 -29.88134364398474  738532.4935583938
0.0 0.0 -28.640892570853477  738532.4935585791
0.0 0.0 -26.101796739055683  738532.4935587547
0.0 0.0 -22.376978915821034  738532.4935589401
0.0 0.0 -17.633557568847397  738532.493559124
0.0 0.0 -12.085467858667176  738532.4935593079
0.0 0.0 -5.9839112933337955  738532.4935594926
0.0 0.0 0.39394439610963145  738532.4935596678
0.0 0.0 6.757510461622996  738532.493559844
0.0 0.0 12.816001941130596  738532.4935600177
0.0 0.0 18.291741147714728  738532.4935602023
0.0 0.0 22.93293074663095  738532.4935603846
0.0 0.0 26.52530702034897  738532.4935605746
0.0 0.0 28.902130879338255  738532.4935607495
0.0 0.0 29.952046503264665  738532.4935609356
0.0 0.0 29.624432113799394  738532.4935611206
0.0 0.0 27.931980143473936  738532.493561305
0.0 0.0 24.95036994772082  738532.4935614911
0.0 0.0 20.815029519256928  738532.4935616745
0.0 0.0 15.715117307968837  738532.4935618574
0.0 0.0 9.88498499856787  738532.4935620433
0.0 0.0 3.5935008837069162  738532.4935622243
0.0 0.0 -2.868284334659805  738532.4935624099
0.0 0.0 -9.200566795343564  738532.4935625836
0.0 0.0 -15.108696049010923  738532.4935627617
0.0 0.0 -20.316914313153603  738532.493562947
0.0 0.0 -24.581286706214495  738532.493563133
0.0 0.0 -27.70121368582861  738532.4935633173
0.0 0.0 -29.52897859936861  738532.4935635028
0.0 0.0 -29.97687108722432  738532.4935636825
0.0 0.0 -29.021537200831343  738532.4935638614
0.0 0.0 -26.705334559490428  738532.4935640449
0.0 0.0 -23.134609853942987  738532.4935642307
0.0 0.0 -18.474960085410014  738532.4935644098
0.0 0.0 -12.943681370483889  738532.4935645877
0.0 0.0 -6.799743212048415  738532.4935647692
