0 0 0  738511.7273026744
1.0 0.0 0.0 1.0 0.0  738511.7273781727
1.0 0.0 0.0 1.0 0.0  738511.7273785422
1.0 0.0 0.0 1.0 0.0  738511.7273789257
1.0 0.0 0.0 1.0 0.0  738511.7273792773
1.0 0.0 0.0 1.0 0.0  738511.7273796237
1.0 0.0 0.0 1.0 0.0  738511.7273799905
1.0 0.0 0.0 1.0 0.0  738511.7273803652
1.0 0.0 0.0 1.0 0.0  738511.7273807098
1.0 0.0 0.0 1.0 0.0  738511.72738107
1.0 0.0 0.0 1.0 0.0  738511.7273814395
1.0 0.0 0.0 1.0 0.0  738511.7273817871
1.0 0.0 0.0 1.0 0.0  738511.7273821306
1.0 0.0 0.0 1.0 0.0  738511.7273825081
1.0 0.0 0.0 1.0 0.0  738511.727382868
1.0 0.0 0.0 1.0 0.0  738511.727383218
1.0 0.0 0.0 1.0 0.0  738511.7273835754
1.0 0.0 0.0 1.0 0.0  738511.7273839449
1.0 0.0 0.0 1.0 0.0  738511.7273843136
1.0 0.0 0.0 1.0 0.0  738511.7273846761
1.0 0.0 0.0 1.0 0.0  738511.7273850393
1.0 0.0 0.0 1.0 0.0  738511.7273854038
1.0 0.0 0.0 1.0 0.0  738511.727385765
1.0 0.0 0.0 1.0 0.0  738511.7273861321
1.0 0.0 0.0 1.0 0.0  738511.7273865032
1.0 0.0 0.0 1.0 0.0  738511.7273868647
1.0 0.0 0.0 1.0 0.0  738511.7273872375
1.0 0.0 0.0 1.0 0.0  738511.7273875711
1.0 0.0 0.0 1.0 0.0  738511.7273879534
1.0 0.0 0.0 1.0 0.0  738511.7273883084
1.0 0.0 0.0 1.0 0.0  738511.7273886603
1.0 0.0 0.0 1.0 0.0  738511.7273890184
1.0 0.0 0.0 1.0 0.0  738511.7273893767
1.0 0.0 0.0 1.0 0.0  738511.7273897276
1.0 0.0 0.0 1.0 0.0  738511.7273900841
1.0 0.0 0.0 1.0 0.0  738511.7273904374
1.0 0.0 0.0 1.0 0.0  738511.7273907989
1.0 0.0 0.0 1.0 0.0  738511.727391168
1.0 0.0 0.0 1.0 0.0  738511.727391523
1.0 0.0 0.0 1.0 0.0  738511.7273918823
1.0 0.0 0.0 1.0 0.0  738511.7273922527
1.0 0.0 0.0 1.0 0.0  738511.7273926059
1.0 0.0 0.0 1.0 0.0  738511.7273929566
1.0 0.0 0.0 1.0 0.0  738511.7273933211
1.0 0.0 0.0 1.0 0.0  738511.7273936874
1.0 0.0 0.0 1.0 0.0  738511.7273940556
1.0 0.0 0.0 1.0 0.0  738511.7273944197
1.0 0.0 0.0 1.0 0.0  738511.7273947776
1.0 0.0 0.0 1.0 0.0  738511.7273951275
1.0 0.0 0.0 1.0 0.0  738511.7273954905
1.0 0.0 0.0 1.0 0.0  738511.7273958428
1.0 0.0 0.0 1.0 0.0  738511.7273962061
1.0 0.0 0.0 1.0 0.0  738511.7273965748
1.0 0.0 0.0 1.0 0.0  738511.7273969215
1.0 0.0 0.0 1.0 0.0  738511.7273972881
1.0 0.0 0.0 1.0 0.0  738511.7273976584
1.0 0.0 0.0 1.0 0.0  738511.7273980294
1.0 0.0 0.0 1.0 0.0  738511.7273983702
1.0 0.0 0.0 1.0 0.0  738511.7273987276
1.0 0.0 0.0 1.0 0.0  738511.7273990761
1.0 0.0 0.0 1.0 0.0  738511.7273994335
1.0 0.0 0.0 1.0 0.0  738511.7273997922
1.0 0.0 0.0 1.0 0.0  738511.7274001504
1.0 0.0 0.0 1.0 0.0  738511.7274005165
