0 0 0  738511.7347998676
1.0 0.0 0.0 1.0 0.0  738511.7349008648
1.0 0.0 0.0 1.0 0.0  738511.7349012275
1.0 0.0 0.0 1.0 0.0  738511.7349015761
1.0 0.0 0.0 1.0 0.0  738511.7349019452
1.0 0.0 0.0 1.0 0.0  738511.7349023151
1.0 0.0 0.0 1.0 0.0  738511.7349026417
1.0 0.0 0.0 1.0 0.0  738511.7349029968
1.0 0.0 0.0 1.0 0.0  738511.7349034221
1.0 0.0 0.0 1.0 0.0  738511.7349037393
1.0 0.0 0.0 1.0 0.0  738511.7349041085
1.0 0.0 0.0 1.0 0.0  738511.7349044533
1.0 0.0 0.0 1.0 0.0  738511.7349048181
1.0 0.0 0.0 1.0 0.0  738511.7349051784
1.0 0.0 0.0 1.0 0.0  738511.7349055171
1.0 0.0 0.0 1.0 0.0  738511.7349058918
1.0 0.0 0.0 1.0 0.0  738511.7349062859
1.0 0.0 0.0 1.0 0.0  738511.7349066434
1.0 0.0 0.0 1.0 0.0  738511.7349069795
1.0 0.0 0.0 1.0 0.0  738511.7349073262
1.0 0.0 0.0 1.0 0.0  738511.7349076966
1.0 0.0 0.0 1.0 0.0  738511.7349080322
1.0 0.0 0.0 1.0 0.0  738511.7349083921
1.0 0.0 0.0 1.0 0.0  738511.7349087636
1.0 0.0 0.0 1.0 0.0  738511.7349091199
1.0 0.0 0.0 1.0 0.0  738511.7349094903
1.0 0.0 0.0 1.0 0.0  738511.7349098624
1.0 0.0 0.0 1.0 0.0  738511.7349102212
1.0 0.0 0.0 1.0 0.0  738511.7349105685
1.0 0.0 0.0 1.0 0.0  738511.7349109227
1.0 0.0 0.0 1.0 0.0  738511.7349112998
1.0 0.0 0.0 1.0 0.0  738511.7349116567
1.0 0.0 0.0 1.0 0.0  738511.7349120359
1.0 0.0 0.0 1.0 0.0  738511.7349124177
1.0 0.0 0.0 1.0 0.0  738511.7349127714
1.0 0.0 0.0 1.0 0.0  738511.7349131246
1.0 0.0 0.0 1.0 0.0  738511.7349134738
1.0 0.0 0.0 1.0 0.0  738511.7349138677
1.0 0.0 0.0 1.0 0.0  738511.7349142265
1.0 0.0 0.0 1.0 0.0  738511.7349145721
1.0 0.0 0.0 1.0 0.0  738511.7349149324
1.0 0.0 0.0 1.0 0.0  738511.7349153073
1.0 0.0 0.0 1.0 0.0  738511.734915683
1.0 0.0 0.0 1.0 0.0  738511.7349160159
1.0 0.0 0.0 1.0 0.0  738511.7349163757
1.0 0.0 0.0 1.0 0.0  738511.7349167246
1.0 0.0 0.0 1.0 0.0  738511.7349170952
1.0 0.0 0.0 1.0 0.0  738511.734917473
1.0 0.0 0.0 1.0 0.0  738511.7349178221
1.0 0.0 0.0 1.0 0.0  738511.7349181721
1.0 0.0 0.0 1.0 0.0  738511.7349185264
1.0 0.0 0.0 1.0 0.0  738511.734918911
1.0 0.0 0.0 1.0 0.0  738511.7349192462
1.0 0.0 0.0 1.0 0.0  738511.7349196067
1.0 0.0 0.0 1.0 0.0  738511.7349199574
1.0 0.0 0.0 1.0 0.0  738511.734920346
1.0 0.0 0.0 1.0 0.0  738511.7349207049
1.0 0.0 0.0 1.0 0.0  738511.734921063
1.0 0.0 0.0 1.0 0.0  738511.7349214323
1.0 0.0 0.0 1.0 0.0  738511.7349217943
1.0 0.0 0.0 1.0 0.0  738511.7349221652
