0 0 0  738500.5025310117
-1.090130978763798 0.8513793476976016 0.026802759877373867  738500.502577408
0.5 0.0 0.0  738500.5025890343
0.4975020826390129 0.04991670832341408 0.0  738500.5025903103
0.4900332889206208 0.09933466539753061 0.0  738500.5025915735
0.477668244562803 0.1477601033306698 0.0  738500.5025928303
0.46053049700144255 0.19470917115432526 0.0  738500.502594078
0.4387912809451864 0.2397127693021015 0.0  738500.5025953422
0.4126678074548391 0.28232123669751774 0.0  738500.5025965936
0.3824210936422442 0.32210884361884556 0.0  738500.5025978206
0.3483533546735827 0.3586780454497614 0.0  738500.5025991044
0.3108049841353322 0.3916634548137417 0.0  738500.502600357
0.2701511529340699 0.42073549240394825 0.0  738500.5026016252
0.22679806071278866 0.4456036800307177 0.0  738500.5026028805
0.1811788772383367 0.4660195429836132 0.0  738500.5026041392
0.13374941431229367 0.4817790927085965 0.0  738500.5026054011
0.08498357145012041 0.4927248649942301 0.0  738500.5026066892
0.03536860083385145 0.4987474933020272 0.0  738500.5026079551
-0.014599761150644408 0.49978680152075255 0.0  738500.5026092206
-0.06442224714776243 0.4958324052262343 0.0  738500.5026104845
-0.11360104734654355 0.4869238154390976 0.0  738500.5026117442
-0.1616447834317518 0.47315004384370724 0.0  738500.5026130149
-0.2080734182735712 0.45464871341284085 0.0  738500.5026142867
-0.2524230522999288 0.43160468332443686 0.0  738500.5026155284
-0.2942505586276729 0.40424820190979505 0.0  738500.5026167711
-0.3331380106399122 0.37285260608836 0.0  738500.5026180415
-0.3686968577706229 0.3377315902755753 0.0  738500.5026192957
-0.40057180777346685 0.2992360720519782 0.0  738500.5026205651
-0.42844437668447366 0.2577506859107321 0.0  738500.5026218154
-0.4520360710085306 0.2136899401169149 0.0  738500.5026230881
-0.47111117033432914 0.16749407507795233 0.0  738500.5026243372
-0.48547908257479533 0.11962466460699099 0.0  738500.5026256087
-0.4949962483002227 0.0705600040299336 0.0  738500.5026268791
-0.49956757513663974 0.020790331216645246 0.0  738500.5026281358
-0.49914738789737656 -0.029187071713790043 0.0  738500.502629397
-0.49373988495443244 -0.07887284707162433 0.0  738500.5026306573
-0.48339909628973043 -0.12777055101341583 0.0  738500.5026319297
-0.46822834364539817 -0.17539161384480992 0.0  738500.5026331743
-0.4483792081670735 -0.22126022164742623 0.0  738500.5026344431
-0.424050015855204 -0.2649180704542467 0.0  738500.5026357069
-0.39548385595720825 -0.3059289454713596 0.0  738500.5026369791
-0.36296615210006994 -0.34388307959198705 0.0  738500.5026382239
-0.32682181043180597 -0.3784012476539641 0.0  738500.5026394889
-0.28741197326663426 -0.4091385555322054 0.0  738500.5026407277
-0.2451304106703497 -0.4357878862067941 0.0  738500.502641999
-0.20039958603998773 -0.45808296837472745 0.0  738500.502643279
-0.15366643498920968 -0.47580103694475806 0.0  738500.5026445789
-0.10539789971538985 -0.4887650588325485 0.0  738500.5026458205
-0.05607626346752699 -0.49684550181673226 0.0  738500.5026470644
-0.00619433173144528 -0.4999616287820504 0.0  738500.5026483206
0.043749491719723636 -0.4980823044179203 0.0  738500.5026495811
0.09325618471128788 -0.49122630631216624 0.0  738500.502650845
0.14183109273161312 -0.4794621373315692 0.0  738500.5026520832
0.18898887135649053 -0.46290734116386606 0.0  738500.5026533386
0.23425833565018855 -0.44172732786007657 0.0  738500.50265459
0.27718716808958077 -0.4161337211119504 0.0  738500.502655854
0.31734643797131734 -0.3863822437779936 0.0  738500.5026571045
0.35433488714563 -0.35277016278519596 0.0  738500.5026583772
0.3877829392551251 -0.3156333189361604 0.0  738500.5026596285
0.4173563924195799 -0.2753427712988188 0.0  738500.5026609044
0.4427597584706597 -0.2323010897068783 0.0  738500.5026621739
0.46373921537201795 -0.186938332415118 0.0  738500.5026634572
0.480085143325183 -0.13970774909946293 0.0  738500.50266472
0.49163421922129236 -0.09108125213604751 0.0  738500.5026659485
0.49827104851160875 -0.0415447014087482 0.0  738500.5026671947
0.5 0.0 0.0  738500.5026684242
0.4975020826390129 0.04991670832341408 0.0  738500.5026696878
0.4900332889206208 0.09933466539753061 0.0  738500.5026709448
0.477668244562803 0.1477601033306698 0.0  738500.5026722242
0.46053049700144255 0.19470917115432526 0.0  738500.5026734706
0.4387912809451864 0.2397127693021015 0.0  738500.5026747211
0.4126678074548391 0.28232123669751774 0.0  738500.502675968
0.3824210936422442 0.32210884361884556 0.0  738500.5026772384
0.3483533546735827 0.3586780454497614 0.0  738500.502678495
0.3108049841353322 0.3916634548137417 0.0  738500.5026797744
0.2701511529340699 0.42073549240394825 0.0  738500.5026810415
0.22679806071278866 0.4456036800307177 0.0  738500.5026823103
0.1811788772383367 0.4660195429836132 0.0  738500.5026835639
0.13374941431229367 0.4817790927085965 0.0  738500.5026848229
0.08498357145012041 0.4927248649942301 0.0  738500.5026860895
0.03536860083385145 0.4987474933020272 0.0  738500.5026873443
-0.014599761150644408 0.49978680152075255 0.0  738500.5026886401
-0.06442224714776243 0.4958324052262343 0.0  738500.5026898584
-0.11360104734654355 0.4869238154390976 0.0  738500.5026911111
-0.1616447834317518 0.47315004384370724 0.0  738500.502692364
-0.2080734182735712 0.45464871341284085 0.0  738500.5026936188
-0.2524230522999288 0.43160468332443686 0.0  738500.5026948713
-0.2942505586276729 0.40424820190979505 0.0  738500.5026961333
-0.3331380106399122 0.37285260608836 0.0  738500.5026973704
-0.3686968577706229 0.3377315902755753 0.0  738500.5026986323
-0.40057180777346685 0.2992360720519782 0.0  738500.5026999188
-0.42844437668447366 0.2577506859107321 0.0  738500.5027011697
-0.4520360710085306 0.2136899401169149 0.0  738500.5027024271
-0.47111117033432914 0.16749407507795233 0.0  738500.502703694
-0.48547908257479533 0.11962466460699099 0.0  738500.5027049741
-0.4949962483002227 0.0705600040299336 0.0  738500.5027062389
-0.49956757513663974 0.020790331216645246 0.0  738500.5027075
-0.49914738789737656 -0.029187071713790043 0.0  738500.502708762
-0.49373988495443244 -0.07887284707162433 0.0  738500.5027100367
-0.48339909628973043 -0.12777055101341583 0.0  738500.5027112834
-0.46822834364539817 -0.17539161384480992 0.0  738500.502712554
-0.4483792081670735 -0.22126022164742623 0.0  738500.5027138175
-0.424050015855204 -0.2649180704542467 0.0  738500.5027150715
-0.39548385595720825 -0.3059289454713596 0.0  738500.5027163344
-0.36296615210006994 -0.34388307959198705 0.0  738500.5027175953
-0.32682181043180597 -0.3784012476539641 0.0  738500.5027188541
-0.28741197326663426 -0.4091385555322054 0.0  738500.5027201113
-0.2451304106703497 -0.4357878862067941 0.0  738500.5027213864
-0.20039958603998773 -0.45808296837472745 0.0  738500.5027226371
-0.15366643498920968 -0.47580103694475806 0.0  738500.5027239216
-0.10539789971538985 -0.4887650588325485 0.0  738500.5027251669
-0.05607626346752699 -0.49684550181673226 0.0  738500.5027264367
-0.00619433173144528 -0.4999616287820504 0.0  738500.5027276833
0.043749491719723636 -0.4980823044179203 0.0  738500.502728969
0.09325618471128788 -0.49122630631216624 0.0  738500.5027302532
0.14183109273161312 -0.4794621373315692 0.0  738500.5027315099
0.18898887135649053 -0.46290734116386606 0.0  738500.5027327419
0.23425833565018855 -0.44172732786007657 0.0  738500.5027340145
0.27718716808958077 -0.4161337211119504 0.0  738500.5027352615
0.31734643797131734 -0.3863822437779936 0.0  738500.5027365467
0.35433488714563 -0.35277016278519596 0.0  738500.5027378133
0.3877829392551251 -0.3156333189361604 0.0  738500.5027390969
0.4173563924195799 -0.2753427712988188 0.0  738500.5027403662
0.4427597584706597 -0.2323010897068783 0.0  738500.5027416172
0.46373921537201795 -0.186938332415118 0.0  738500.5027428743
0.480085143325183 -0.13970774909946293 0.0  738500.5027441259
0.49163421922129236 -0.09108125213604751 0.0  738500.5027453828
0.49827104851160875 -0.0415447014087482 0.0  738500.5027466486
