0 0 0  738559.4461513727
0.75 0.0 -120  738559.4462220408
0.75 0.0 -120  738559.4462224451
0.75 0.0 -120  738559.4462247614
0.75 0.0 -0.576381243337801  738559.4462258542
0.75 0.0 -0.03096375836723066  738559.4462280609
0.75 0.0 -0.010563774663413102  738559.4462303087
0.75 0.0 -0.020997907462609093  738559.446233378
0.75 0.0 0.011636111707858414  738559.4462348978
0.75 0.0 -0.08701087731412822  738559.4462369677
0.75 0.0 -0.0011062045432837066  738559.4462395115
0.75 0.0 -0.024930501474260486  738559.4462416581
0.75 0.0 -0.14705127331991383  738559.4462442632
0.75 0.0 0.2001375105886671  738559.4462457085
0.75 0.0 -1.5425812408501585  738559.4462465764
0.75 0.0 0.0813246440050627  738559.4462478489
0.75 0.0 -0.40666637514195275  738559.4462490779
0.75 0.0 -0.04300011081167428  738559.446250572
0.75 0.0 -0.22907340659609365  738559.4462512627
0.75 0.0 -0.5427016230255216  738559.4462538088
0.75 0.0 -0.01777879200561531  738559.446255896
0.75 0.0 -0.20368236195571549  738559.4462582604
0.75 0.0 -0.16691269715963036  738559.4462599593
0.75 0.0 -0.28531957290457766  738559.4462608383
0.75 0.0 -0.8798643274885639  738559.4462637207
0.75 0.0 -0.07889459734905767  738559.4462646367
0.75 0.0 -0.21604789593970056  738559.4462659193
0.75 0.0 -0.18295518589119195  738559.4462675233
0.75 0.0 -0.015931026929075685  738559.4462692052
0.75 0.0 0.12010333825441186  738559.4462707723
0.75 0.0 -0.3327832701566247  738559.4462733953
0.75 0.0 -2.5392897754354515  738559.4462759107
0.75 0.0 -0.9026263281635667  738559.4462780607
0.75 0.0 -0.10830215470508245  738559.4462797454
0.75 0.0 -0.7077401480550646  738559.4462814083
0.75 0.0 -1.6087526480841292  738559.4462836767
0.75 0.0 -0.6530922757336403  738559.4462852058
0.75 0.0 -39.51163255297361  738559.4462866875
0.75 0.0 0.1729934856073121  738559.4462882143
0.75 0.0 0.49942848801653894  738559.44628952
0.75 0.0 0.20053245996159572  738559.4462900693
0.75 0.0 4.283158802992418  738559.446292657
0.75 0.0 0.26041773183743094  738559.4462950961
0.75 0.0 0.8832908071787003  738559.4462970963
0.75 0.0 0.3611931466603693  738559.4463005766
0.75 0.0 9.332066392556726  738559.4463013903
0.75 0.0 -0.2008619186108788  738559.44630381
0.75 0.0 -0.21662704228287052  738559.4463055084
0.75 0.0 -0.2989347863502342  738559.4463072453
0.75 0.0 -0.5872958189745614  738559.4463084474
0.75 0.0 -0.15509329240216943  738559.4463108061
0.75 0.0 10.16833044258743  738559.4463132499
0.75 0.0 0.4018878854781631  738559.4463155118
0.75 0.0 -0.06179710136360328  738559.4463182355
0.75 0.0 0.6387791415742812  738559.4463196687
0.75 0.0 0.7680133322790021  738559.4463216492
0.75 0.0 0.6143131417060315  738559.4463245362
0.75 0.0 0.3128158527092926  738559.4463256381
0.75 0.0 0.0750275742782922  738559.4463277203
0.75 0.0 0.3737871902247546  738559.4463316582
0.75 0.0 0.9987656062575982  738559.446334384
0.75 0.0 0.2940065111560109  738559.4463361743
0.75 0.0 0.6123977238844241  738559.4463377802
0.75 0.0 0.9259316079651858  738559.4463389743
0.75 0.0 8.084790501239052  738559.4463401058
0.75 0.0 42.29455693211704  738559.446342091
0.75 0.0 5.1782368054660255  738559.446344629
0.75 0.0 17.931363533085054  738559.4463458366
0.75 0.0 21.79750848969418  738559.4463478709
0.75 0.0 43.653075527675334  738559.4463500063
0.75 0.0 6.757526589955913  738559.4463530653
0.75 0.0 20.068628895902073  738559.4463552837
