0 0 0  738541.5536767045
0.6 0.0 -37.19847507349187  738541.5538322137
0.6 0.0 -36.84261461152792  738541.553832383
0.6 0.0 -36.61279338894925  738541.553832566
0.6 0.0 -36.04929387639236  738541.5538327479
0.6 0.0 -35.71658670932513  738541.5538329222
0.6 0.0 -34.96648466448588  738541.553833105
0.6 0.0 -34.56525248672884  738541.5538332885
0.6 0.0 -36.52549685383389  738541.5538334638
0.6 0.0 -36.17451030571996  738541.5538336504
0.6 0.0 -35.448522307252624  738541.5538338126
0.6 0.0 -34.714950189867245  738541.5538339951
0.6 0.0 -34.32868146841414  738541.5538341732
0.6 0.0 -33.54430044316791  738541.5538343778
0.6 0.0 -35.817099966494304  738541.5538345367
0.6 0.0 -35.10755776964243  738541.5538347233
0.6 0.0 -34.736285641464214  738541.5538349067
0.6 0.0 -33.96279437941688  738541.5538350925
0.6 0.0 -33.14791179906641  738541.5538352755
0.6 0.0 -32.72522430118395  738541.5538355361
0.6 0.0 -33.48556686055508  738541.5538358232
0.6 0.0 -32.71633904239314  738541.5538360083
0.6 0.0 -32.31408976058972  738541.5538361919
0.6 0.0 -31.50091972955143  738541.5538363646
0.6 0.0 -30.649841119299193  738541.553836543
0.6 0.0 -30.21728760638445  738541.5538368655
0.6 0.0 -32.176047220971924  738541.5538370861
0.6 0.0 -31.424885274418386  738541.5538372612
0.6 0.0 -31.055945439606536  738541.5538374396
0.6 0.0 -30.29720476477515  738541.5538376195
0.6 0.0 -29.926641280419695  738541.5538378473
0.6 0.0 -35.63389625445258  738541.553837992
0.6 0.0 -35.025309260809195  738541.5538381729
0.6 0.0 -34.711708054960255  738541.5538383591
0.6 0.0 -34.04768924692056  738541.5538385451
0.6 0.0 -33.690310075394095  738541.5538387246
0.6 0.0 -32.89210286915362  738541.5538389006
0.6 0.0 -32.41809760408176  738541.5538390927
0.6 0.0 -26.54619376894477  738541.5538392578
0.6 0.0 -25.49949819144471  738541.5538394504
0.6 0.0 -24.92557139089993  738541.5538396122
0.6 0.0 -23.701075272251003  738541.55383979
0.6 0.0 -23.066880041855036  738541.5538399653
0.6 0.0 -21.818773902613902  738541.5538401612
0.6 0.0 -29.779006218295887  738541.5538403296
0.6 0.0 -29.01538822823532  738541.5538405101
0.6 0.0 -28.66511234196047  738541.5538406932
0.6 0.0 -27.99789533394327  738541.553840877
0.6 0.0 -27.332500363455363  738541.5538410632
0.6 0.0 -26.97139001934972  738541.5538413239
0.6 0.0 -32.49226176577535  738541.5538416147
0.6 0.0 -31.70283855933385  738541.5538417847
0.6 0.0 -31.24759632120073  738541.5538419648
0.6 0.0 -30.22384330718531  738541.5538421413
0.6 0.0 -29.049810457181543  738541.5538423242
0.6 0.0 -28.419844009005015  738541.5538426007
0.6 0.0 -26.94902943746151  738541.5538428631
0.6 0.0 -25.665441909923544  738541.5538430385
0.6 0.0 -25.000808712898838  738541.5538432174
0.6 0.0 -23.64369337425259  738541.5538434029
0.6 0.0 -22.949588320316906  738541.5538435826
0.6 0.0 -28.035486877554668  738541.5538437655
0.6 0.0 -26.890342164764956  738541.5538439446
0.6 0.0 -26.312035894030018  738541.5538441204
0.6 0.0 -25.12033710410742  738541.5538443058
0.6 0.0 -24.50885671968778  738541.5538444777
0.6 0.0 -23.197166923670153  738541.5538446496
0.6 0.0 -22.51775157018824  738541.553844909
0.6 0.0 -26.217023086561817  738541.553845193
0.6 0.0 -24.756495593666312  738541.5538453752
0.6 0.0 -23.98666854557268  738541.5538455548
0.6 0.0 -22.383999912704766  738541.5538457321
0.6 0.0 -20.673259085592214  738541.5538459443
0.6 0.0 -23.177547161827082  738541.5538460875
0.6 0.0 -21.663808116028747  738541.5538462732
0.6 0.0 -20.880405005236106  738541.5538464576
0.6 0.0 -19.285173329317985  738541.5538466371
0.6 0.0 -18.462497754720335  738541.553846815
0.6 0.0 -16.75211931308373  738541.5538470007
0.6 0.0 -14.939681844379374  738541.5538471836
0.6 0.0 -25.726589043751815  738541.553847347
0.6 0.0 -24.955808798876  738541.5538475269
0.6 0.0 -23.37188127448934  738541.5538477114
0.6 0.0 -21.694937749929903  738541.5538478969
0.6 0.0 -20.817407416249416  738541.5538480835
0.6 0.0 -18.878845557950456  738541.5538484099
0.6 0.0 -24.65474679119552  738541.5538486339
0.6 0.0 -23.754474608394755  738541.5538487874
0.6 0.0 -21.868803577481735  738541.5538489689
0.6 0.0 -19.857424073225232  738541.5538491445
0.6 0.0 -18.80893771073286  738541.5538494284
0.6 0.0 -23.64427716603558  738541.5538496868
0.6 0.0 -21.543132776796483  738541.5538498726
0.6 0.0 -20.430728961077307  738541.5538500343
0.6 0.0 -18.111203497208038  738541.5538502254
0.6 0.0 -16.899049785479605  738541.5538503934
0.6 0.0 -14.374997132776521  738541.5538506864
0.6 0.0 -20.127985146947484  738541.5538509323
0.6 0.0 -18.9111066462596  738541.5538511012
0.6 0.0 -16.434483314245306  738541.5538512872
0.6 0.0 -13.905401246664272  738541.5538514723
0.6 0.0 -12.594538205896262  738541.5538517362
0.6 0.0 -21.897412005739458  738541.5538520062
0.6 0.0 -19.49403551476633  738541.5538521814
0.6 0.0 -18.245605200636454  738541.5538523628
0.6 0.0 -15.647863446167953  738541.5538525421
0.6 0.0 -14.292372456807284  738541.5538527209
0.6 0.0 -11.487936428660705  738541.5538530172
0.6 0.0 -10.853693414217416  738541.553853253
0.6 0.0 -7.861921051077721  738541.5538534302
0.6 0.0 -6.3491132965317165  738541.5538536217
0.6 0.0 -3.146218831907378  738541.5538538004
0.6 0.0 -1.6301971612543156  738541.55385405
0.6 0.0 -13.539063967806987  738541.5538543506
0.6 0.0 -12.27532640234225  738541.5538545259
0.6 0.0 -9.731429454614789  738541.5538547104
0.6 0.0 -8.413194874282617  738541.5538548933
0.6 0.0 -5.642184504863453  738541.5538550743
0.6 0.0 -4.168781563886609  738541.5538553107
0.6 0.0 -6.792008492487932  738541.5538556216
0.6 0.0 -3.5533222304645595  738541.5538557892
0.6 0.0 -1.919797078266092  738541.5538559839
0.6 0.0 1.3418574135830017  738541.5538561591
0.6 0.0 4.509395498114252  738541.5538563582
0.6 0.0 6.035361429133965  738541.5538565415
0.6 0.0 -5.150169187222124  738541.5538567253
0.6 0.0 -3.845456042922829  738541.5538568768
0.6 0.0 -1.3215158936903761  738541.5538570541
0.6 0.0 -0.08047965804606706  738541.5538572313
0.6 0.0 2.4505859511077066  738541.553857416
0.6 0.0 5.138386208580724  738541.5538576101
0.6 0.0 -5.620297122220938  738541.5538577694
0.6 0.0 -2.9477153811608354  738541.5538579407
0.6 0.0 -1.5939496335106944  738541.553858116
0.6 0.0 1.0937573378877299  738541.5538583017
0.6 0.0 2.4186278403685035  738541.5538584857
0.6 0.0 5.003834455919275  738541.5538586779
0.6 0.0 -10.297855832040215  738541.5538588515
0.6 0.0 -7.959846826406212  738541.5538590299
0.6 0.0 -5.607939311532227  738541.5538592121
0.6 0.0 -4.304792282652207  738541.5538593873
0.6 0.0 -1.7719113888547826  738541.5538595653
0.6 0.0 -0.4338981280752444  738541.5538598407
0.6 0.0 -5.073373810627616  738541.5538601064
0.6 0.0 -1.9593008925251785  738541.5538602928
0.6 0.0 -0.3763895462646975  738541.5538604681
0.6 0.0 2.7625885248324127  738541.5538606483
0.6 0.0 5.78062712580717  738541.5538608264
0.6 0.0 7.28905242820953  738541.5538611136
0.6 0.0 -7.3775074300635115  738541.5538613906
0.6 0.0 -4.836954169083889  738541.5538615445
0.6 0.0 -3.5648521621411557  738541.5538617285
0.6 0.0 -0.9171880741479809  738541.5538619075
0.6 0.0 0.47044423852001227  738541.5538621446
0.6 0.0 -7.245423131695823  738541.5538624517
0.6 0.0 -5.663072927413066  738541.5538626292
0.6 0.0 -2.379849459479225  738541.5538628077
0.6 0.0 -0.7113081408639585  738541.5538629921
0.6 0.0 2.6208118922999613  738541.5538631768
0.6 0.0 4.380937820522183  738541.5538634281
0.6 0.0 -4.532127129845526  738541.5538637136
0.6 0.0 -3.064842533175015  738541.5538638954
0.6 0.0 -0.1432183489619515  738541.5538640715
0.6 0.0 1.336653564663216  738541.5538642518
0.6 0.0 4.3148353201167575  738541.5538644504
0.6 0.0 -11.540559650704072  738541.5538646095
0.6 0.0 -8.728158704678371  738541.5538647898
0.6 0.0 -7.142667528996653  738541.5538649755
0.6 0.0 -4.177872424500319  738541.5538651616
0.6 0.0 -1.1132090669079373  738541.5538653481
0.6 0.0 0.4713788057342006  738541.5538656833
0.6 0.0 -12.18222829711855  738541.5538658932
0.6 0.0 -9.067432379385867  738541.5538660856
0.6 0.0 -7.517833974203792  738541.5538662496
0.6 0.0 -4.270849229106419  738541.5538664361
0.6 0.0 -0.8598140782356217  738541.5538666119
0.6 0.0 0.9201320640842108  738541.5538669036
0.6 0.0 -9.788789595951448  738541.5538671425
0.6 0.0 -6.108821566120718  738541.5538673225
0.6 0.0 -4.305256422751008  738541.553867499
0.6 0.0 -0.7312596985043402  738541.5538676829
0.6 0.0 1.0933197084678645  738541.5538679364
0.6 0.0 -13.950690802246845  738541.5538682275
0.6 0.0 -12.416965947526856  738541.5538684028
0.6 0.0 -9.284900247088217  738541.5538685881
0.6 0.0 -7.687013763012626  738541.5538687613
0.6 0.0 -4.275705698936935  738541.5538689309
0.6 0.0 -2.4658335617876035  738541.5538691154
0.6 0.0 -0.5141252560020151  738541.5538693258
0.6 0.0 -18.267821120178105  738541.5538694866
0.6 0.0 -14.475875155416363  738541.5538696467
0.6 0.0 -12.666605185200057  738541.5538698278
0.6 0.0 -8.73330482421461  738541.5538700103
0.6 0.0 -4.755300834066956  738541.5538702663
0.6 0.0 -14.267323521486828  738541.5538705521
0.6 0.0 -12.405766255447015  738541.5538707322
0.6 0.0 -8.568827744174232  738541.5538709075
0.6 0.0 -6.60325884468123  738541.5538710856
0.6 0.0 -4.467281426696065  738541.5538712717
0.6 0.0 -2.397278471339179  738541.5538714452
0.6 0.0 -23.988472386300714  738541.5538718184
0.6 0.0 -22.09530298566061  738541.5538719931
0.6 0.0 -18.20610141511193  738541.5538721689
0.6 0.0 -16.175148788065282  738541.5538723508
0.6 0.0 -11.788142938721736  738541.5538725716
0.6 0.0 -9.489611335585211  738541.5538727195
0.6 0.0 -24.33653814025877  738541.5538728912
0.6 0.0 -22.015083043325443  738541.5538730721
0.6 0.0 -17.053399693823362  738541.5538732564
0.6 0.0 -11.723749311064877  738541.5538734327
0.6 0.0 -8.936851555214185  738541.5538736117
0.6 0.0 -3.3235864661968506  738541.5538738092
0.6 0.0 -22.47390345287222  738541.5538739795
0.6 0.0 -17.331671071759985  738541.5538741583
0.6 0.0 -14.716996189100147  738541.5538743323
0.6 0.0 -9.411089564757685  738541.5538745171
0.6 0.0 -3.8352818907895516  738541.5538747022
0.6 0.0 -0.8977258424540648  738541.5538750064
0.6 0.0 -16.24162017356454  738541.5538752337
0.6 0.0 -10.071935770157394  738541.5538754114
0.6 0.0 -9.709945274750881  738541.5538755959
0.6 0.0 -3.3980545252524075  738541.5538757768
0.6 0.0 -0.1519561213694304  738541.5538760335
0.6 0.0 -17.336922545192714  738541.5538763179
0.6 0.0 -14.382557675650897  738541.5538765003
0.6 0.0 -8.347728158499066  738541.5538766793
0.6 0.0 -5.233589501918011  738541.5538768532
0.6 0.0 1.1826882929804918  738541.5538770293
0.6 0.0 4.558262383978451  738541.5538773158
0.6 0.0 -15.472775130783322  738541.5538775821
0.6 0.0 -8.718836535839793  738541.5538777572
0.6 0.0 -1.7152533955425693  738541.5538779418
0.6 0.0 1.8431902974059653  738541.5538781177
0.6 0.0 9.0856578553563  738541.5538783486
0.6 0.0 -13.846730380727639  738541.5538786447
0.6 0.0 -10.470532211156584  738541.5538788207
0.6 0.0 -3.4319744585835217  738541.5538789976
0.6 0.0 0.2571010482245993  738541.5538791784
0.6 0.0 7.975187228768606  738541.5538793635
0.6 0.0 12.070668565843096  738541.5538796337
0.6 0.0 -13.442320276259638  738541.5538798914
0.6 0.0 -5.301221441741214  738541.5538800717
0.6 0.0 3.2528181437544177  738541.5538802505
0.6 0.0 7.6283930522129895  738541.5538804356
0.6 0.0 16.696846148631398  738541.5538806623
0.6 0.0 21.367301716505793  738541.5538807928
0.6 0.0 -5.400880903947299  738541.5538809837
0.6 0.0 -1.1287530644862405  738541.5538811575
0.6 0.0 7.695320098406966  738541.5538813345
0.6 0.0 16.70593188289362  738541.553881517
0.6 0.0 21.770600621836024  738541.553881695
0.6 0.0 31.142975696440352  738541.5538818784
0.6 0.0 35.856327372839395  738541.5538820595
0.6 0.0 -5.545675671441767  738541.5538822449
0.6 0.0 -1.3315020988813349  738541.5538824103
0.6 0.0 7.382152400056943  738541.5538825949
0.6 0.0 11.948807650040418  738541.5538827763
0.6 0.0 21.694932591085507  738541.5538829858
0.6 0.0 -12.02133615163489  738541.5538831481
0.6 0.0 -7.2300888422459035  738541.5538833257
0.6 0.0 3.048023982953218  738541.5538835085
0.6 0.0 8.491200929454548  738541.553883694
0.6 0.0 19.81519533164119  738541.55388388
0.6 0.0 25.700269933885544  738541.5538841436
0.6 0.0 -0.39382835841384184  738541.5538844091
0.6 0.0 4.69931750262689  738541.5538845957
0.6 0.0 15.011921337828031  738541.5538847826
0.6 0.0 20.27054561135279  738541.5538849595
0.6 0.0 31.123849186506284  738541.553885132
0.6 0.0 36.794479668504486  738541.5538854208
0.6 0.0 -33.271611018289256  738541.5538856849
0.6 0.0 -28.830977203520842  738541.5538858606
0.6 0.0 -19.46353015628324  738541.553886038
0.6 0.0 -14.503346447372767  738541.5538862149
0.6 0.0 -3.847729146371852  738541.5538864512
0.6 0.0 1.8988487687255444  738541.5538865739
0.6 0.0 -51.492943027577475  738541.5538867492
0.6 0.0 -47.60658745192342  738541.5538869341
0.6 0.0 -39.15294794238845  738541.5538871194
0.6 0.0 -29.106224226838496  738541.5538873001
0.6 0.0 -23.812051786602858  738541.5538874813
0.6 0.0 -11.854432017559198  738541.5538877322
0.6 0.0 -99.77092260579936  738541.5538880188
0.6 0.0 -96.69949630409398  738541.5538882045
0.6 0.0 -90.09738439475143  738541.5538883792
0.6 0.0 -86.4601409400443  738541.5538885562
0.6 0.0 -78.29658356414545  738541.5538887627
0.6 0.0 -120  738541.553888926
0.6 0.0 -120  738541.5538891015
0.6 0.0 -120  738541.5538892831
0.6 0.0 -120  738541.5538894862
0.6 0.0 -120  738541.5538896611
0.6 0.0 -120  738541.5538898316
0.6 0.0 -120  738541.553890012
0.6 0.0 -120  738541.5538901964
0.6 0.0 -120  738541.5538903747
0.6 0.0 -120  738541.5538905523
0.6 0.0 -120  738541.5538907275
0.6 0.0 -120  738541.553890913
0.6 0.0 -120  738541.5538912026
0.6 0.0 -120  738541.5538914703
0.6 0.0 -120  738541.5538916541
0.6 0.0 -120  738541.5538918383
0.6 0.0 -120  738541.5538920197
0.6 0.0 -120  738541.5538922407
0.6 0.0 -120  738541.5538923757
0.6 0.0 -120  738541.553892562
0.6 0.0 -120  738541.5538927416
0.6 0.0 -120  738541.5538929207
0.6 0.0 -120  738541.5538930988
0.6 0.0 -120  738541.553893275
0.6 0.0 -120  738541.5538935144
0.6 0.0 -120  738541.5538936425
0.6 0.0 120  738541.5538938249
0.6 0.0 120  738541.5538940054
0.6 0.0 120  738541.5538941806
0.6 0.0 120  738541.5538943602
0.6 0.0 120  738541.5538945582
0.6 0.0 -120  738541.5538947332
0.6 0.0 -120  738541.5538949119
0.6 0.0 -120  738541.5538950941
0.6 0.0 -120  738541.5538952731
0.6 0.0 -120  738541.5538954493
0.6 0.0 -120  738541.5538957763
0.6 0.0 -120  738541.5538959944
0.6 0.0 -120  738541.5538961524
0.6 0.0 -120  738541.5538963343
0.6 0.0 -120  738541.5538965202
0.6 0.0 -120  738541.5538967059
0.6 0.0 -120  738541.5538970497
0.6 0.0 -120  738541.5538972561
0.6 0.0 -120  738541.5538974225
0.6 0.0 -120  738541.553897602
0.6 0.0 -120  738541.5538977875
0.6 0.0 -120  738541.5538980238
0.6 0.0 -120  738541.5538983245
0.6 0.0 -120  738541.5538984995
0.6 0.0 -120  738541.5538986693
0.6 0.0 -120  738541.5538988527
0.6 0.0 -120  738541.5538990328
0.6 0.0 -120  738541.5538993127
0.6 0.0 -120  738541.5538995834
0.6 0.0 -120  738541.553899755
0.6 0.0 -120  738541.5538999296
0.6 0.0 -120  738541.5539001094
0.6 0.0 -120  738541.5539003398
0.6 0.0 -120  738541.5539004719
0.6 0.0 -120  738541.5539006536
0.6 0.0 -120  738541.5539008292
0.6 0.0 -120  738541.5539010059
0.6 0.0 -120  738541.5539011831
0.6 0.0 -120  738541.5539013547
0.6 0.0 -120  738541.553901621
0.6 0.0 -120  738541.5539019147
0.6 0.0 -120  738541.5539021117
0.6 0.0 -120  738541.5539022707
0.6 0.0 -120  738541.5539024471
0.6 0.0 -120  738541.5539026437
0.6 0.0 -120  738541.5539028152
0.6 0.0 -120  738541.5539030007
0.6 0.0 120  738541.5539031848
0.6 0.0 120  738541.5539033585
0.6 0.0 120  738541.5539035357
0.6 0.0 120  738541.5539038184
0.6 0.0 120  738541.5539040698
0.6 0.0 120  738541.5539042496
0.6 0.0 120  738541.5539044332
0.6 0.0 120  738541.553904615
0.6 0.0 120  738541.5539047973
0.6 0.0 120  738541.5539051503
0.6 0.0 120  738541.5539053581
0.6 0.0 120  738541.5539055171
0.6 0.0 120  738541.5539056933
0.6 0.0 120  738541.5539058776
0.6 0.0 -120  738541.5539061376
0.6 0.0 -120  738541.5539064239
0.6 0.0 -120  738541.5539066006
0.6 0.0 -120  738541.553906771
0.6 0.0 -120  738541.55390696
0.6 0.0 -120  738541.553907127
0.6 0.0 -120  738541.5539074034
0.6 0.0 -120  738541.5539076827
0.6 0.0 -120  738541.5539078588
0.6 0.0 -120  738541.5539080361
0.6 0.0 -120  738541.5539082201
0.6 0.0 -120  738541.5539084404
0.6 0.0 -120  738541.5539085777
0.6 0.0 -120  738541.5539087618
0.6 0.0 -120  738541.5539089458
0.6 0.0 -120  738541.5539091179
0.6 0.0 -120  738541.5539092898
0.6 0.0 -120  738541.5539094625
0.6 0.0 -120  738541.5539097228
0.6 0.0 -120  738541.553910003
0.6 0.0 -120  738541.5539101893
0.6 0.0 -120  738541.5539103755
0.6 0.0 -120  738541.5539105583
0.6 0.0 -120  738541.5539107563
0.6 0.0 -120  738541.5539109263
0.6 0.0 -120  738541.55391111
0.6 0.0 120  738541.553911295
0.6 0.0 120  738541.5539114814
0.6 0.0 120  738541.5539116672
0.6 0.0 120  738541.5539119213
0.6 0.0 120  738541.5539122014
0.6 0.0 120  738541.5539123883
0.6 0.0 120  738541.5539125734
0.6 0.0 120  738541.5539127552
0.6 0.0 120  738541.553912931
0.6 0.0 120  738541.5539132
0.6 0.0 120  738541.5539134829
0.6 0.0 120  738541.553913662
0.6 0.0 120  738541.5539138461
0.6 0.0 120  738541.5539140275
0.6 0.0 120  738541.5539142145
0.6 0.0 -120  738541.553914385
0.6 0.0 -120  738541.5539145701
0.6 0.0 -120  738541.553914743
0.6 0.0 -120  738541.5539149182
0.6 0.0 -120  738541.5539151
0.6 0.0 -120  738541.5539152891
0.6 0.0 -120  738541.5539155755
0.6 0.0 -120  738541.5539158372
0.6 0.0 -120  738541.553916008
0.6 0.0 -120  738541.5539161912
0.6 0.0 -120  738541.5539163774
0.6 0.0 -120  738541.553916673
0.6 0.0 -120  738541.5539169289
0.6 0.0 -120  738541.5539171149
0.6 0.0 -120  738541.5539172904
0.6 0.0 -120  738541.5539174643
0.6 0.0 -120  738541.5539177015
0.6 0.0 -120  738541.5539179915
0.6 0.0 -120  738541.5539181654
0.6 0.0 -120  738541.5539183422
0.6 0.0 -120  738541.5539185301
0.6 0.0 -120  738541.5539187038
0.6 0.0 -120  738541.5539190305
0.6 0.0 -120  738541.5539192588
0.6 0.0 -120  738541.5539194322
0.6 0.0 -120  738541.5539196079
0.6 0.0 -120  738541.553919787
0.6 0.0 -120  738541.5539200212
0.6 0.0 -120  738541.553920143
0.6 0.0 -120  738541.5539203151
0.6 0.0 -120  738541.5539204986
0.6 0.0 -120  738541.5539206754
0.6 0.0 120  738541.5539208591
0.6 0.0 120  738541.5539210478
0.6 0.0 120  738541.553921337
0.6 0.0 120  738541.5539215864
0.6 0.0 120  738541.5539217596
0.6 0.0 120  738541.5539219442
0.6 0.0 120  738541.5539221201
0.6 0.0 120  738541.5539223931
0.6 0.0 120  738541.5539226932
0.6 0.0 120  738541.5539228498
0.6 0.0 120  738541.5539230279
0.6 0.0 120  738541.5539232065
0.6 0.0 120  738541.553923389
0.6 0.0 120  738541.5539235759
0.6 0.0 120  738541.5539237397
0.6 0.0 120  738541.5539239184
0.6 0.0 120  738541.5539240985
0.6 0.0 120  738541.5539242721
0.6 0.0 -83.0957332040831  738541.5539244479
0.6 0.0 32.62178680012012  738541.5539246403
0.6 0.0 120  738541.5539248136
0.6 0.0 120  738541.5539249977
0.6 0.0 120  738541.5539251831
0.6 0.0 120  738541.5539253791
0.6 0.0 120  738541.5539255412
0.6 0.0 108.07795805095981  738541.5539258613
0.6 0.0 59.811313910480145  738541.5539260771
0.6 0.0 45.54558571081443  738541.55392626
0.6 0.0 23.13506449237437  738541.5539264436
0.6 0.0 2.644986620313859  738541.5539266252
0.6 0.0 -5.501262872144599  738541.5539268065
0.6 0.0 -22.132456440260793  738541.5539271479
0.6 0.0 -29.992897328245785  738541.553927345
0.6 0.0 -36.677426915087274  738541.5539275303
0.6 0.0 -49.216204796189466  738541.5539277082
0.6 0.0 -55.28426776649602  738541.5539278834
0.6 0.0 -67.14540474386128  738541.5539281861
0.6 0.0 -79.6442426201695  738541.5539284275
0.6 0.0 -90.26638447051148  738541.5539285996
0.6 0.0 -95.32636458958493  738541.5539287694
0.6 0.0 -104.74958876059905  738541.5539289541
0.6 0.0 -109.07539185950816  738541.5539291353
0.6 0.0 -116.81981826534523  738541.553929395
0.6 0.0 -117.27246482420651  738541.553929676
0.6 0.0 -120  738541.5539298533
0.6 0.0 -120  738541.5539300345
0.6 0.0 -120  738541.5539302203
0.6 0.0 -120  738541.5539304264
0.6 0.0 -115.95382394509902  738541.5539305812
0.6 0.0 -117.02070453086749  738541.5539307663
0.6 0.0 -117.55199283713368  738541.5539309398
0.6 0.0 -117.67063505679303  738541.5539311128
0.6 0.0 -117.71120570801115  738541.5539312899
0.6 0.0 -117.56665581137534  738541.5539314741
0.6 0.0 -117.44020591226885  738541.5539317118
0.6 0.0 -101.86292279013568  738541.55393184
0.6 0.0 -101.61601607569682  738541.5539320263
0.6 0.0 -101.1693616409228  738541.553932207
0.6 0.0 -101.04928643833894  738541.553932403
0.6 0.0 -101.12347800005843  738541.5539325695
0.6 0.0 -101.76512889447852  738541.5539327583
0.6 0.0 -87.21057828589977  738541.5539331089
0.6 0.0 -88.47921547417779  738541.553933293
0.6 0.0 -91.88246161919572  738541.5539334682
0.6 0.0 -94.04872407430233  738541.5539336407
0.6 0.0 -99.64454628868266  738541.5539339189
0.6 0.0 -100.92908580415241  738541.5539341856
0.6 0.0 -111.72399639381999  738541.5539343683
0.6 0.0 -118.12575610749346  738541.5539345472
0.6 0.0 -120  738541.5539347235
0.6 0.0 -120  738541.553934899
0.6 0.0 -120  738541.5539351889
0.6 0.0 -120  738541.5539354435
0.6 0.0 -120  738541.5539356291
0.6 0.0 -120  738541.5539358107
0.6 0.0 -120  738541.553935992
0.6 0.0 -120  738541.5539362156
0.6 0.0 -120  738541.5539365148
0.6 0.0 -120  738541.5539366934
0.6 0.0 -120  738541.5539368772
0.6 0.0 -120  738541.5539370627
0.6 0.0 -120  738541.5539372346
0.6 0.0 -120  738541.5539375003
0.6 0.0 -120  738541.5539377817
0.6 0.0 -120  738541.5539379669
0.6 0.0 -112.07051706415693  738541.553938149
0.6 0.0 1.1518006591633154  738541.5539383343
0.6 0.0 120  738541.5539385397
0.6 0.0 120  738541.5539386948
0.6 0.0 120  738541.5539388737
0.6 0.0 120  738541.5539390467
0.6 0.0 120  738541.5539392165
0.6 0.0 120  738541.5539393991
0.6 0.0 120  738541.5539395782
0.6 0.0 -120  738541.5539398137
0.6 0.0 -120  738541.5539399413
0.6 0.0 -120  738541.5539401172
0.6 0.0 -120  738541.5539403035
0.6 0.0 -120  738541.5539404869
0.6 0.0 -120  738541.5539406734
0.6 0.0 -120  738541.5539410231
0.6 0.0 -120  738541.5539412291
0.6 0.0 -120  738541.5539413985
0.6 0.0 -120  738541.5539415745
0.6 0.0 -120  738541.5539417507
0.6 0.0 -120  738541.5539420173
0.6 0.0 -120  738541.5539422798
0.6 0.0 -120  738541.5539424557
0.6 0.0 -120  738541.553942642
0.6 0.0 -120  738541.5539428232
0.6 0.0 -120  738541.5539430068
0.6 0.0 -120  738541.553943192
0.6 0.0 -120  738541.5539433687
0.6 0.0 -120  738541.5539435478
0.6 0.0 -120  738541.5539437308
0.6 0.0 -120  738541.553943915
0.6 0.0 -120  738541.5539441084
0.6 0.0 -120  738541.5539443288
0.6 0.0 -120  738541.5539444557
0.6 0.0 -120  738541.5539446305
0.6 0.0 -120  738541.5539448158
0.6 0.0 -120  738541.5539449996
0.6 0.0 -120  738541.5539451769
0.6 0.0 -120  738541.5539453631
0.6 0.0 -120  738541.5539456005
0.6 0.0 120  738541.5539458971
0.6 0.0 120  738541.5539460803
0.6 0.0 120  738541.553946262
0.6 0.0 120  738541.5539464415
0.6 0.0 120  738541.5539466321
0.6 0.0 120  738541.5539468068
0.6 0.0 120  738541.5539469843
0.6 0.0 120  738541.5539471639
0.6 0.0 120  738541.5539473377
0.6 0.0 120  738541.5539475173
0.6 0.0 120  738541.5539476976
0.6 0.0 120  738541.5539478913
0.6 0.0 120  738541.5539480658
0.6 0.0 120  738541.5539482782
0.6 0.0 120  738541.5539484385
0.6 0.0 120  738541.5539486251
0.6 0.0 120  738541.5539487952
0.6 0.0 120  738541.5539489931
0.6 0.0 120  738541.5539491832
0.6 0.0 120  738541.5539493625
0.6 0.0 120  738541.5539495174
0.6 0.0 120  738541.5539496995
0.6 0.0 120  738541.5539498727
0.6 0.0 120  738541.5539501027
0.6 0.0 120  738541.5539504077
0.6 0.0 120  738541.5539505886
0.6 0.0 120  738541.5539507814
0.6 0.0 120  738541.5539509486
0.6 0.0 58.228605784837626  738541.5539511243
0.6 0.0 -0.308933913688985  738541.5539513876
0.6 0.0 -93.6262354001046  738541.553951678
0.6 0.0 -101.76811713817457  738541.5539518576
0.6 0.0 -110.513435179856  738541.5539520541
0.6 0.0 -120  738541.5539522194
0.6 0.0 -120  738541.5539524192
0.6 0.0 -120  738541.5539525771
0.6 0.0 -104.4336413520887  738541.5539527509
0.6 0.0 -83.43279213107657  738541.5539529274
0.6 0.0 2.634473690443327  738541.5539531134
0.6 0.0 44.080568111726585  738541.5539532886
0.6 0.0 -7.3070124725191645  738541.553953466
0.6 0.0 -31.78359454224307  738541.5539536433
0.6 0.0 -38.63476968384594  738541.5539538264
0.6 0.0 -39.740272758531624  738541.5539540079
0.6 0.0 -41.436239812781245  738541.5539541871
0.6 0.0 -41.11049367645836  738541.5539543641
0.6 0.0 -39.96201492769485  738541.5539545463
0.6 0.0 -36.64972289488956  738541.553954744
0.6 0.0 27.810884286817636  738541.5539549034
0.6 0.0 24.02408681270408  738541.5539550785
0.6 0.0 21.25387810339201  738541.5539552557
0.6 0.0 12.876368744571034  738541.5539554283
0.6 0.0 6.946744726581227  738541.5539556046
0.6 0.0 -5.391571132907861  738541.5539557867
0.6 0.0 14.65979974224087  738541.5539560159
0.6 0.0 22.440008976487835  738541.5539563105
0.6 0.0 28.132783435189964  738541.5539564947
0.6 0.0 35.61416572531568  738541.5539566758
0.6 0.0 38.26438615734629  738541.5539568543
0.6 0.0 30.86200995946112  738541.5539570578
0.6 0.0 -3.6149465805628944  738541.553957213
0.6 0.0 -17.172575519721285  738541.553957386
0.6 0.0 8.211331752702247  738541.5539575602
0.6 0.0 26.314018961890845  738541.553957736
0.6 0.0 25.51595691460128  738541.5539579159
0.6 0.0 18.094917518641225  738541.5539580943
0.6 0.0 14.606637175549881  738541.553958334
0.6 0.0 -12.084098958195716  738541.5539586252
0.6 0.0 5.9368432233163055  738541.5539588095
0.6 0.0 -9.012088334665098  738541.5539589932
0.6 0.0 -10.678219483335072  738541.5539591673
0.6 0.0 -9.163689011835475  738541.5539593718
0.6 0.0 1.7835197539630698  738541.5539595272
0.6 0.0 -0.5886548593071392  738541.5539597106
0.6 0.0 -3.0028937185838345  738541.5539598912
0.6 0.0 0.6488480306835898  738541.5539600766
0.6 0.0 3.1877586505445596  738541.5539602659
0.6 0.0 3.623695141746192  738541.5539605395
0.6 0.0 1.3882371993167049  738541.5539607893
0.6 0.0 -0.9693881828966222  738541.5539609714
0.6 0.0 -0.9721160317980515  738541.5539611365
0.6 0.0 1.0507779167467297  738541.5539613138
0.6 0.0 2.5461591288922043  738541.5539614969
0.6 0.0 4.287258273508032  738541.5539616898
0.6 0.0 3.186326484869687  738541.5539618519
0.6 0.0 2.8040487864722157  738541.5539620483
0.6 0.0 1.6680200140301875  738541.5539622213
0.6 0.0 1.486591411371589  738541.5539623983
0.6 0.0 2.2802401838521287  738541.5539625838
0.6 0.0 3.140306838388639  738541.5539628473
0.6 0.0 2.209142667379094  738541.5539631603
0.6 0.0 2.0093831935048843  738541.553963327
0.6 0.0 1.62338885938596  738541.5539634875
0.6 0.0 1.1100737768067241  738541.5539636671
0.6 0.0 1.4660999408277247  738541.553963844
0.6 0.0 1.904949539569957  738541.553964179
0.6 0.0 1.251832527066499  738541.553964398
0.6 0.0 1.153976910330159  738541.553964562
0.6 0.0 1.0540610370916539  738541.5539647456
0.6 0.0 1.0742939919180226  738541.5539649297
0.6 0.0 1.455173118199006  738541.5539651489
0.6 0.0 0.07092951978439498  738541.5539652986
0.6 0.0 0.5287231675020684  738541.5539654742
0.6 0.0 0.6403943684821299  738541.5539656607
0.6 0.0 0.6958954183240457  738541.5539658435
0.6 0.0 0.6744458481304821  738541.5539660252
0.6 0.0 0.9365361091592946  738541.5539661946
0.6 0.0 1.1347769311433626  738541.5539664467
0.6 0.0 -7.907471680849648  738541.5539667362
0.6 0.0 3.3678403935279175  738541.5539669126
0.6 0.0 17.506902518342383  738541.5539670956
0.6 0.0 16.245834007669757  738541.5539672805
0.6 0.0 8.107121200981801  738541.5539676453
0.6 0.0 5.2920621080379  738541.5539678535
0.6 0.0 2.3974460446937162  738541.553968024
0.6 0.0 -1.2138657730454732  738541.5539681977
0.6 0.0 9.87455372470111  738541.5539683755
0.6 0.0 18.665444270350616  738541.5539686363
0.6 0.0 20.81367196728121  738541.5539689142
0.6 0.0 27.046366247224494  738541.553969095
0.6 0.0 17.263181902911953  738541.5539692749
0.6 0.0 14.35575987685806  738541.5539694682
0.6 0.0 1.6374887994491316  738541.5539696431
0.6 0.0 -8.870700995179812  738541.5539699071
0.6 0.0 -41.06842053494905  738541.553970184
0.6 0.0 -52.337322514955105  738541.5539703704
0.6 0.0 -55.24324857666488  738541.5539705533
0.6 0.0 -59.19691628228503  738541.5539707392
0.6 0.0 -73.3217576000632  738541.5539709459
0.6 0.0 34.15544172158644  738541.5539710902
0.6 0.0 18.086636799114654  738541.5539712757
0.6 0.0 13.70614535149933  738541.5539714603
0.6 0.0 4.335700280837285  738541.5539716341
0.6 0.0 -2.4581611788496183  738541.5539718037
0.6 0.0 -15.055352594809364  738541.5539719799
0.6 0.0 -20.964868178080973  738541.5539722301
0.6 0.0 59.586171315182796  738541.5539725213
0.6 0.0 51.325937414812664  738541.5539726968
0.6 0.0 29.147132162506736  738541.5539728734
0.6 0.0 19.050970478068706  738541.553973056
0.6 0.0 14.157706741038774  738541.5539732524
0.6 0.0 112.66780123101445  738541.5539734258
0.6 0.0 120  738541.5539736084
0.6 0.0 120  738541.5539737887
0.6 0.0 120  738541.5539739707
0.6 0.0 120  738541.5539741527
0.6 0.0 120  738541.5539744298
0.6 0.0 120  738541.553974688
0.6 0.0 -120  738541.5539748648
0.6 0.0 120  738541.5539750453
0.6 0.0 120  738541.5539752275
0.6 0.0 120  738541.5539754048
0.6 0.0 120  738541.5539756968
0.6 0.0 120  738541.5539759727
0.6 0.0 120  738541.5539761327
0.6 0.0 120  738541.553976306
0.6 0.0 120  738541.5539765045
0.6 0.0 120  738541.5539767363
0.6 0.0 114.82292813754115  738541.5539770172
0.6 0.0 100.56810724635615  738541.5539771966
0.6 0.0 94.25660018153253  738541.5539773717
0.6 0.0 82.70479845715512  738541.5539775508
0.6 0.0 73.58313592681083  738541.553977734
0.6 0.0 70.36801963810227  738541.5539780715
0.6 0.0 23.586082690281728  738541.5539783026
0.6 0.0 36.11353268965607  738541.553978476
0.6 0.0 45.88149501602442  738541.5539786512
0.6 0.0 45.16300713198393  738541.5539788308
0.6 0.0 42.60356997752459  738541.5539790435
0.6 0.0 6.269916260457868  738541.553979196
0.6 0.0 9.89056296396981  738541.5539793759
0.6 0.0 7.497763522605298  738541.553979551
0.6 0.0 7.894860641033521  738541.5539797215
0.6 0.0 8.262175205480482  738541.5539798932
0.6 0.0 9.570618761113346  738541.5539800718
0.6 0.0 10.982669963189315  738541.5539803279
0.6 0.0 -19.724130278267847  738541.5539806201
0.6 0.0 -12.793384513044884  738541.5539807971
0.6 0.0 2.3082929282311486  738541.553980985
0.6 0.0 9.09900011318724  738541.5539811548
0.6 0.0 14.79252132284655  738541.553981365
0.6 0.0 11.281718726350086  738541.5539815071
0.6 0.0 -13.208708528351636  738541.5539816908
0.6 0.0 -6.64095448259914  738541.5539818658
0.6 0.0 4.180904174868928  738541.5539820408
0.6 0.0 10.08642410850718  738541.5539822229
0.6 0.0 21.88550648600921  738541.5539824136
0.6 0.0 27.455321790299248  738541.5539826415
0.6 0.0 31.922787552713434  738541.553982766
0.6 0.0 25.36664456883002  738541.5539829417
0.6 0.0 30.501610426117203  738541.553983127
0.6 0.0 36.633015502028805  738541.5539833106
0.6 0.0 38.0411849753014  738541.5539834867
0.6 0.0 34.577612268995914  738541.5539837974
0.6 0.0 8.853162660571732  738541.5539840411
0.6 0.0 20.741014330942615  738541.5539842253
0.6 0.0 25.294021228903937  738541.553984406
0.6 0.0 31.214944235908032  738541.5539845849
0.6 0.0 33.56873128097931  738541.5539847695
0.6 0.0 32.05876285188098  738541.5539849447
0.6 0.0 2.922813805314281  738541.5539851206
0.6 0.0 14.30494550928101  738541.5539852903
0.6 0.0 54.07170925562315  738541.5539854759
0.6 0.0 58.59381810662105  738541.553985662
0.6 0.0 62.85277989174718  738541.5539858567
0.6 0.0 63.87662957278894  738541.553986114
0.6 0.0 83.73613191813659  738541.5539863928
0.6 0.0 86.93858409793205  738541.5539865841
0.6 0.0 101.30363312828607  738541.5539867603
0.6 0.0 107.50000632753455  738541.5539869437
0.6 0.0 100.11965522234576  738541.5539871528
0.6 0.0 98.31224181050028  738541.5539873063
0.6 0.0 72.86715234907257  738541.5539874887
0.6 0.0 120  738541.5539876731
0.6 0.0 120  738541.5539878461
0.6 0.0 120  738541.5539880322
0.6 0.0 120  738541.5539881975
0.6 0.0 -120  738541.5539883772
0.6 0.0 -120  738541.5539885618
0.6 0.0 -100.39523339284192  738541.5539887395
0.6 0.0 -81.92654597326455  738541.5539889211
0.6 0.0 -62.24047017910417  738541.553989104
0.6 0.0 -48.96974996924226  738541.5539892847
0.6 0.0 -35.9567175780042  738541.55398959
0.6 0.0 -57.870021072700375  738541.5539898305
0.6 0.0 -50.727395582378946  738541.553990016
0.6 0.0 -43.67538294166871  738541.553990199
0.6 0.0 -28.726412009624337  738541.5539903871
0.6 0.0 -16.713346018248217  738541.5539905543
0.6 0.0 -54.36795919192617  738541.5539909081
0.6 0.0 -49.48749059607854  738541.5539910935
0.6 0.0 -40.24671912069988  738541.5539912743
0.6 0.0 -35.94038364009714  738541.5539914519
0.6 0.0 -28.209096040214327  738541.5539916275
0.6 0.0 -24.304392687603393  738541.5539918984
0.6 0.0 -14.995423102755664  738541.5539921708
0.6 0.0 -14.629160748748909  738541.5539923544
0.6 0.0 -11.543722338580107  738541.5539925268
0.6 0.0 -5.566118474400603  738541.5539927118
0.6 0.0 9.26828214877717  738541.5539929301
0.6 0.0 14.295170195088556  738541.5539930811
0.6 0.0 -21.296021529083745  738541.5539932528
0.6 0.0 -19.23200269916922  738541.55399343
0.6 0.0 -11.257396404721938  738541.5539936095
0.6 0.0 -2.979078949162204  738541.5539938
0.6 0.0 11.188758604455847  738541.553993972
0.6 0.0 19.048518101644962  738541.5539942135
0.6 0.0 -12.067617033706913  738541.5539945047
0.6 0.0 -4.734157407899096  738541.5539946988
0.6 0.0 9.753682536011706  738541.5539948659
0.6 0.0 15.770154898781971  738541.5539950443
0.6 0.0 24.750941129780273  738541.5539952561
0.6 0.0 28.24154978442148  738541.5539954065
0.6 0.0 -12.660923776443411  738541.55399559
0.6 0.0 0.5864690791946822  738541.5539957674
0.6 0.0 7.996750660689001  738541.5539959412
0.6 0.0 19.717970328799417  738541.5539961143
0.6 0.0 24.071662802730184  738541.5539962917
0.6 0.0 31.239309880832426  738541.5539964816
0.6 0.0 -3.359564605658826  738541.5539966469
0.6 0.0 7.041659230011607  738541.553996829
0.6 0.0 11.658480554541509  738541.5539970072
0.6 0.0 18.73219633869143  738541.5539971853
0.6 0.0 22.081690756713606  738541.5539973604
0.6 0.0 30.413018367044927  738541.5539975684
0.6 0.0 -7.768888151437619  738541.5539977215
0.6 0.0 -3.063877605220086  738541.5539979044
0.6 0.0 6.863249324135362  738541.5539980774
0.6 0.0 12.098262987649143  738541.553998253
0.6 0.0 21.931323806977677  738541.5539984303
0.6 0.0 26.69670248564491  738541.5539986023
0.6 0.0 35.84562532594556  738541.5539987765
0.6 0.0 39.97921174026179  738541.5539989625
0.6 0.0 -2.3630151537455437  738541.5539991437
0.6 0.0 2.5102620144408236  738541.5539993201
0.6 0.0 11.481792762062806  738541.5539995028
0.6 0.0 15.828928560722382  738541.5539996891
0.6 0.0 24.267675562450233  738541.5539998838
0.6 0.0 -13.627835053016785  738541.5540000582
0.6 0.0 -7.905083968766458  738541.5540002374
0.6 0.0 4.711203051046026  738541.5540004292
0.6 0.0 11.163888892358473  738541.5540006168
0.6 0.0 22.824033125348958  738541.5540008005
0.6 0.0 31.275303583217642  738541.5540010424
0.6 0.0 -18.004145544600245  738541.5540013276
0.6 0.0 -14.934694012068823  738541.5540015022
0.6 0.0 -8.584234999613146  738541.5540016753
0.6 0.0 -4.924833270147267  738541.5540018575
0.6 0.0 3.2611269001245393  738541.5540020382
0.6 0.0 7.763516112543682  738541.5540023153
0.6 0.0 -6.0203931055447075  738541.5540026053
0.6 0.0 -1.0551122951171914  738541.5540027688
0.6 0.0 9.033185499278979  738541.5540029501
0.6 0.0 13.001948187385217  738541.5540031162
0.6 0.0 19.049944759941333  738541.5540033639
0.6 0.0 -23.003817151146464  738541.5540036595
0.6 0.0 -20.948678385360648  738541.5540038421
0.6 0.0 -15.130438722651595  738541.5540040142
0.6 0.0 -11.352055955455167  738541.5540041915
0.6 0.0 -2.2405159904851173  738541.5540043713
0.6 0.0 8.001844487303716  738541.5540046204
0.6 0.0 -11.286752499229127  738541.5540049076
0.6 0.0 -6.450242117492723  738541.5540050836
0.6 0.0 3.763732140368995  738541.5540052594
0.6 0.0 8.739699079624137  738541.5540054402
0.6 0.0 17.99859172236021  738541.554005668
0.6 0.0 22.11993716269502  738541.5540058011
0.6 0.0 -21.194585045203876  738541.5540059868
0.6 0.0 -14.598518552298057  738541.554006171
0.6 0.0 -10.775488087411537  738541.5540063531
0.6 0.0 -2.3334094240809513  738541.5540065296
0.6 0.0 2.3532540703939997  738541.5540067038
0.6 0.0 11.478532872491758  738541.5540069442
0.6 0.0 -23.895222860930172  738541.5540072315
0.6 0.0 -21.22914875611008  738541.554007411
0.6 0.0 -15.11141000961526  738541.5540075898
0.6 0.0 -11.570491000619871  738541.5540077685
0.6 0.0 -4.052975735333876  738541.5540079576
0.6 0.0 -35.692980630595734  738541.5540081258
0.6 0.0 -35.508138067591396  738541.5540083019
0.6 0.0 -33.77113880682347  738541.5540084793
0.6 0.0 -32.06673844028063  738541.5540086556
0.6 0.0 -26.92695273278916  738541.554008842
0.6 0.0 -23.55600303235661  738541.5540090281
0.6 0.0 -15.79538807523051  738541.554009225
0.6 0.0 -39.289280566147504  738541.5540093789
0.6 0.0 -37.71283751017129  738541.5540095551
0.6 0.0 -36.286895170680864  738541.554009729
0.6 0.0 -30.79948742484855  738541.5540099049
0.6 0.0 -25.636315093022947  738541.5540100839
0.6 0.0 -13.463466218028763  738541.554010296
0.6 0.0 -39.653082373904155  738541.5540104457
0.6 0.0 -37.792974819780724  738541.554010625
0.6 0.0 -32.37276712898779  738541.5540108081
0.6 0.0 -29.046877729251385  738541.5540109837
0.6 0.0 -21.671128613336943  738541.5540111691
0.6 0.0 -17.462062814820708  738541.5540113543
0.6 0.0 -8.46302520043436  738541.5540115515
