0 0 0  738511.6238955281
1.0 0.0 0.0 1.0 0.0  738511.6240005051
1.0 0.0 0.0 1.0 0.0  738511.6240012462
1.0 0.0 0.0 1.0 0.0  738511.6240019616
1.0 0.0 0.0 1.0 0.0  738511.6240026959
1.0 0.0 0.0 1.0 0.0  738511.6240034037
1.0 0.0 0.0 1.0 0.0  738511.6240041394
1.0 0.0 0.0 1.0 0.0  738511.6240048589
1.0 0.0 0.0 1.0 0.0  738511.6240055786
1.0 0.0 0.0 1.0 0.0  738511.624006273
1.0 0.0 0.0 1.0 0.0  738511.6240069898
1.0 0.0 0.0 1.0 0.0  738511.6240077404
1.0 0.0 0.0 1.0 0.0  738511.6240084687
1.0 0.0 0.0 1.0 0.0  738511.6240091744
1.0 0.0 0.0 1.0 0.0  738511.6240099164
1.0 0.0 0.0 1.0 0.0  738511.6240106488
1.0 0.0 0.0 1.0 0.0  738511.6240113399
1.0 0.0 0.0 1.0 0.0  738511.6240120658
1.0 0.0 0.0 1.0 0.0  738511.6240127897
1.0 0.0 0.0 1.0 0.0  738511.6240135191
1.0 0.0 0.0 1.0 0.0  738511.6240142279
1.0 0.0 0.0 1.0 0.0  738511.624014951
1.0 0.0 0.0 1.0 0.0  738511.6240156627
1.0 0.0 0.0 1.0 0.0  738511.6240164106
1.0 0.0 0.0 1.0 0.0  738511.6240170904
1.0 0.0 0.0 1.0 0.0  738511.6240178302
1.0 0.0 0.0 1.0 0.0  738511.6240185477
1.0 0.0 0.0 1.0 0.0  738511.6240192485
1.0 0.0 0.0 1.0 0.0  738511.6240199695
1.0 0.0 0.0 1.0 0.0  738511.6240206802
1.0 0.0 0.0 1.0 0.0  738511.6240213932
1.0 0.0 0.0 1.0 0.0  738511.6240221193
1.0 0.0 0.0 1.0 0.0  738511.6240228448
1.0 0.0 0.0 1.0 0.0  738511.6240235799
1.0 0.0 0.0 1.0 0.0  738511.6240243108
1.0 0.0 0.0 1.0 0.0  738511.6240250376
1.0 0.0 0.0 1.0 0.0  738511.6240257618
1.0 0.0 0.0 1.0 0.0  738511.6240264617
1.0 0.0 0.0 1.0 0.0  738511.6240272092
1.0 0.0 0.0 1.0 0.0  738511.6240279231
1.0 0.0 0.0 1.0 0.0  738511.6240286303
