0 0 0  738568.4555008141
0.75 0.0 -120  738568.4555844325
0.75 0.0 -120  738568.4555849276
0.75 0.0 -120  738568.4555851705
0.75 0.0 -120  738568.4555854129
0.75 0.0 -56.889210702712624  738568.4555856579
0.75 0.0 -5.544945530687453  738568.4555858994
0.75 0.0 1.4360794264094707  738568.4555861459
0.75 0.0 5.423082460123064  738568.4555863959
0.75 0.0 7.19556135130702  738568.4555866333
0.75 0.0 -0.7787913232766169  738568.4555868746
0.75 0.0 4.018079224569844  738568.4555871182
0.75 0.0 12.012435406679929  738568.4555873594
0.75 0.0 11.159146020958023  738568.4555876052
0.75 0.0 11.769996333631845  738568.4555878453
0.75 0.0 -2.1906281095297087  738568.4555880906
0.75 0.0 6.243438274612977  738568.4555883373
0.75 0.0 10.082887478879073  738568.4555885742
0.75 0.0 11.523798819778754  738568.4555888168
0.75 0.0 12.257129606193777  738568.4555890621
0.75 0.0 8.086669020707639  738568.4555893047
0.75 0.0 9.34942731374844  738568.4555895481
0.75 0.0 14.564658442993018  738568.4555897934
0.75 0.0 16.067990464704714  738568.4555900341
0.75 0.0 5.9048849384917  738568.4555902795
0.75 0.0 12.993100698818433  738568.455590522
0.75 0.0 17.36850764069854  738568.4555907659
0.75 0.0 19.830470965122842  738568.4555910042
0.75 0.0 20.409410381196043  738568.4555912449
0.75 0.0 11.23938339321939  738568.455591496
0.75 0.0 18.83873786330996  738568.4555917375
0.75 0.0 21.90084316826431  738568.455591976
0.75 0.0 25.340197142685046  738568.4555922233
0.75 0.0 14.423095198024791  738568.4555924668
0.75 0.0 21.335433960945497  738568.4555927094
0.75 0.0 24.573280496989018  738568.4555929522
0.75 0.0 27.278917456628044  738568.4555931991
0.75 0.0 27.39083437641303  738568.455593441
0.75 0.0 28.921517562743873  738568.4555936818
0.75 0.0 9.99567657322116  738568.4555939273
0.75 0.0 33.425690643136505  738568.4555941669
0.75 0.0 31.903964768419225  738568.4555944117
0.75 0.0 31.558541168709688  738568.4555946529
0.75 0.0 16.14172185575095  738568.4555948959
0.75 0.0 24.222890864868845  738568.4555951399
0.75 0.0 27.9831848435386  738568.4555953823
0.75 0.0 29.54209583194671  738568.455595624
0.75 0.0 28.832411495806618  738568.455595867
0.75 0.0 4.647894128738694  738568.4555961037
0.75 0.0 18.451927720301775  738568.4555963525
0.75 0.0 24.437750978965283  738568.4555965887
0.75 0.0 44.46325743981732  738568.45559683
0.75 0.0 25.121391983988953  738568.4555970768
0.75 0.0 12.13821095177821  738568.4555973172
0.75 0.0 21.854195767342556  738568.4555975609
0.75 0.0 26.054975681927225  738568.4555978045
0.75 0.0 27.811520280030514  738568.4555980514
0.75 0.0 28.676251185924325  738568.4555982884
0.75 0.0 14.511020336153095  738568.4555985314
0.75 0.0 21.782863507973648  738568.4555987732
0.75 0.0 41.92770253573317  738568.4555990201
0.75 0.0 23.52846593894986  738568.4555992607
0.75 0.0 10.260293657919197  738568.4555995014
0.75 0.0 18.80530668378034  738568.4555997467
0.75 0.0 22.486673344999488  738568.4555999889
0.75 0.0 24.056050648236987  738568.4556002304
0.75 0.0 24.06713409246532  738568.4556004782
0.75 0.0 9.675937347793129  738568.4556007194
0.75 0.0 16.65049721221406  738568.4556009643
0.75 0.0 19.691900418435406  738568.4556012045
0.75 0.0 21.93239732481597  738568.4556014464
0.75 0.0 22.329929029532437  738568.4556016902
0.75 0.0 11.25586298906214  738568.4556019354
0.75 0.0 17.85077885302028  738568.4556021801
0.75 0.0 18.42183199455284  738568.4556024198
0.75 0.0 20.189803530886646  738568.4556026657
0.75 0.0 18.85692498363026  738568.455602908
0.75 0.0 -0.549591456690515  738568.4556031484
0.75 0.0 10.391239844913532  738568.4556033856
0.75 0.0 13.773638790084759  738568.455603624
0.75 0.0 14.910330086167319  738568.4556038666
0.75 0.0 2.641313072874979  738568.4556041097
0.75 0.0 8.314143567955265  738568.4556043531
0.75 0.0 6.652431320171563  738568.4556045975
0.75 0.0 9.107491698056712  738568.4556048396
0.75 0.0 9.68167741974252  738568.4556050821
0.75 0.0 -4.076456581804216  738568.455605327
0.75 0.0 3.547962079002221  738568.4556055682
0.75 0.0 6.896800693635676  738568.4556058112
0.75 0.0 7.827754413113219  738568.455606054
0.75 0.0 8.15200762929402  738568.4556062976
0.75 0.0 -13.093378818656227  738568.4556065404
0.75 0.0 -1.9447468149561573  738568.4556067833
0.75 0.0 2.2757386152316355  738568.4556070232
0.75 0.0 3.517758121515677  738568.4556072659
0.75 0.0 4.6975071043278875  738568.4556075113
0.75 0.0 -11.327435620546238  738568.4556077585
0.75 0.0 -2.190104483487446  738568.4556079992
0.75 0.0 1.8321708612156296  738568.4556082444
0.75 0.0 3.150879494729536  738568.4556084849
0.75 0.0 3.9690473944219287  738568.4556087273
0.75 0.0 -15.012256252326374  738568.4556089726
0.75 0.0 -9.061958556968447  738568.4556092148
0.75 0.0 -2.553211797384614  738568.4556094536
0.75 0.0 -0.4120051247088764  738568.4556096944
0.75 0.0 -14.36905544402634  738568.4556099429
0.75 0.0 -6.251946705469016  738568.4556101923
0.75 0.0 -3.1503144022028433  738568.4556104373
0.75 0.0 -1.8216856174501557  738568.4556106804
0.75 0.0 -0.7601116094713698  738568.4556109168
0.75 0.0 -31.286535806437413  738568.4556111651
0.75 0.0 -12.98141239771257  738568.4556114037
0.75 0.0 -6.249720743364176  738568.4556116447
0.75 0.0 -2.659001081286114  738568.4556118902
0.75 0.0 -1.8087405600161093  738568.4556121312
0.75 0.0 -21.178034740414148  738568.4556123768
0.75 0.0 -9.817117336194176  738568.4556126167
0.75 0.0 -5.268916470667375  738568.4556128571
0.75 0.0 -3.211017725378409  738568.4556131014
0.75 0.0 -1.720389275004264  738568.4556133406
0.75 0.0 -23.2567219734635  738568.4556135879
0.75 0.0 -13.527170939395493  738568.4556138241
0.75 0.0 -4.556521572352687  738568.4556140649
0.75 0.0 -0.9715453862518593  738568.4556143037
0.75 0.0 -13.504647505234859  738568.4556145465
0.75 0.0 -6.712140916759901  738568.4556147918
0.75 0.0 -2.789116351149172  738568.4556150357
0.75 0.0 -0.43595717626631053  738568.4556152801
0.75 0.0 2.0786817582273764  738568.4556155218
0.75 0.0 -22.25092027595311  738568.4556157658
0.75 0.0 -4.269823819677825  738568.4556160081
0.75 0.0 -2.710647553538053  738568.4556162552
0.75 0.0 2.4925385088443046  738568.4556164942
0.75 0.0 3.5268460895763174  738568.4556167406
0.75 0.0 -19.359350695344624  738568.4556169837
0.75 0.0 -3.4751864611827274  738568.4556172233
0.75 0.0 3.601352119423413  738568.455617465
0.75 0.0 6.440514320981465  738568.4556177098
0.75 0.0 10.07217275405849  738568.4556179525
0.75 0.0 -16.752998525709828  738568.4556181933
0.75 0.0 -1.8510600851592836  738568.4556184364
0.75 0.0 4.999936771317473  738568.4556186773
0.75 0.0 17.29854195197058  738568.4556189206
0.75 0.0 -13.00765698548541  738568.4556191578
0.75 0.0 2.5517986137772524  738568.4556194036
0.75 0.0 11.069000191378588  738568.4556196423
0.75 0.0 17.04945820735766  738568.4556198892
0.75 0.0 20.392622783319368  738568.4556201294
0.75 0.0 -14.282063794898612  738568.4556203719
0.75 0.0 4.491475460217853  738568.4556206138
0.75 0.0 13.616071132695913  738568.4556208594
0.75 0.0 18.86625371144096  738568.4556210997
0.75 0.0 24.0245948004336  738568.4556213438
0.75 0.0 -13.816384651248146  738568.4556215884
0.75 0.0 5.298527703433024  738568.4556218297
0.75 0.0 17.814086979697304  738568.4556220728
0.75 0.0 23.796704157674583  738568.45562231
0.75 0.0 26.598717836678762  738568.4556225487
0.75 0.0 -14.603796217737207  738568.4556227885
0.75 0.0 12.80029469740669  738568.4556230371
0.75 0.0 24.50150107790364  738568.4556232764
0.75 0.0 30.035071850476896  738568.4556235127
0.75 0.0 33.899718770736044  738568.4556237509
0.75 0.0 -10.557407936122232  738568.455623994
0.75 0.0 16.590690340536984  738568.4556242371
0.75 0.0 48.30666441292933  738568.4556244798
0.75 0.0 45.38944090559853  738568.4556247236
0.75 0.0 -5.788888425456064  738568.4556249682
0.75 0.0 15.313101790206485  738568.4556252091
0.75 0.0 25.822856267712496  738568.4556254519
0.75 0.0 32.77667113749931  738568.4556256952
0.75 0.0 39.594073162189666  738568.4556259393
0.75 0.0 -10.027814261804613  738568.4556261816
0.75 0.0 19.508201179975693  738568.4556264257
0.75 0.0 55.06174029527811  738568.4556266651
0.75 0.0 51.20373112028708  738568.4556269099
0.75 0.0 36.18524587252827  738568.4556271523
0.75 0.0 -35.29784505159706  738568.4556273941
0.75 0.0 8.31224118503174  738568.4556276399
0.75 0.0 27.269874220033778  738568.4556278894
0.75 0.0 35.11134200641023  738568.4556281321
0.75 0.0 40.22082160902419  738568.4556283748
0.75 0.0 -43.01535902849187  738568.4556286224
0.75 0.0 15.030273390218401  738568.4556288664
0.75 0.0 32.95668920027773  738568.455629107
0.75 0.0 37.57906623057822  738568.4556293496
0.75 0.0 -39.10922247524107  738568.455629597
0.75 0.0 -9.26031125495189  738568.4556298343
0.75 0.0 2.366007550917866  738568.4556300818
0.75 0.0 7.259565522253288  738568.4556303247
0.75 0.0 9.8948819769974  738568.4556305631
0.75 0.0 -120  738568.4556308008
0.75 0.0 -70.686876155541  738568.455631048
0.75 0.0 -55.0798989205935  738568.4556312839
0.75 0.0 -100.03017323406662  738568.4556315241
0.75 0.0 -96.70363626057984  738568.4556317654
0.75 0.0 -120  738568.4556320037
0.75 0.0 -120  738568.4556322464
0.75 0.0 -120  738568.4556324842
0.75 0.0 -120  738568.4556327332
0.75 0.0 -120  738568.4556329739
0.75 0.0 -120  738568.4556332108
