0 0 0  738505.4797948123
0.12789755636920583 -0.24840024122827417 0.30968908683825774 0.0 0.0  738505.4798825401
0.0 0.0 0.0 -0.010206207446753978 -0.01315357442945242  738505.4798825401
0.012494792317669583 0.012494792317669583 0.0 0.012434937766984788 0.0095375554518322  738505.4798838126
0.02495835416170704 0.02495835416170704 0.0 0.0399151396954151 0.04393861111556982  738505.4798850905
0.03735953311839981 0.03735953311839981 0.0 0.060269869024284495 0.07507997305940654  738505.4798863432
0.049667332698765304 0.049667332698765304 0.0 0.07554022948147548 0.09911140544665903  738505.4798875833
0.061850989813630734 0.061850989813630734 0.0 0.08205034402364733 0.11948433167989046  738505.4798888325
0.0738800516653349 0.0738800516653349 0.0 0.08956503014545569 0.11808631463414232  738505.479890085
0.08572445186386285 0.08572445186386285 0.0 0.09985792769090952 0.11358618979473467  738505.4798913709
0.09735458557716263 0.09735458557716263 0.0 0.11551102315732965 0.1221872014783075  738505.4798926243
0.10874138352780756 0.10874138352780756 0.0 0.11996588962043989 0.12639015818653934  738505.4798938885
0.11985638465105075 0.11985638465105075 0.0 0.12353018803945763 0.12698489627477683  738505.4798951392
0.1306718072326648 0.1306718072326648 0.0 0.14644454744993005 0.15928812444839235  738505.4798964116
0.14116061834875887 0.14116061834875887 0.0 0.160385964902769 0.17727193948396336  738505.4798976652
0.1512966014340099 0.1512966014340099 0.0 0.17445975517936343 0.19335924980930014  738505.4798989437
0.16105442180942278 0.16105442180942278 0.0 0.1759336872797045 0.1869168814959284  738505.4799002068
0.17040969000583353 0.17040969000583353 0.0 0.17357760829481766 0.18056935700427418  738505.4799014631
0.1793390227248807 0.1793390227248807 0.0 0.19994196513433424 0.21703662234356785  738505.4799027098
0.18782010128507318 0.18782010128507318 0.0 0.20883648510471794 0.2281840185405672  738505.4799039604
0.19583172740687085 0.19583172740687085 0.0 0.21689018002801697 0.23246868733861353  738505.4799052471
0.20335387619734344 0.20335387619734344 0.0 0.2198963069427104 0.2339624500751602  738505.4799064895
0.21036774620197413 0.21036774620197413 0.0 0.22320122865964706 0.23443262189193959  738505.4799077471
0.21685580639850424 0.21685580639850424 0.0 0.24279048729915673 0.260022739148365  738505.4799089936
0.22280184001535885 0.22280184001535885 0.0 0.21346328328428876 0.21431526185692773  738505.4799102737
0.22819098506513028 0.22819098506513028 0.0 0.23650749073468386 0.24812976368552025  738505.4799115134
0.2330097714918066 0.2330097714918066 0.0 0.26278929429821724 0.2750948240075924  738505.4799127599
0.23724615483889655 0.23724615483889655 0.0 0.2284230112631763 0.22491839348096998  738505.4799140159
0.24088954635429824 0.24088954635429824 0.0 0.26961074574337757 0.28031514004803587  738505.4799152593
0.24393083945666477 0.24393083945666477 0.0 0.23703471126936906 0.23764495642492622  738505.4799164997
0.24636243249711506 0.24636243249711506 0.0 0.24340374262882364 0.25136810473078713  738505.4799177585
0.24817824775939712 0.24817824775939712 0.0 0.26547216281733316 0.28795648445617217  738505.4799190175
0.2493737466510136 0.2493737466510136 0.0 0.26705121909968044 0.28211165515104913  738505.4799202696
0.24994594104733925 0.24994594104733925 0.0 0.26000274838010135 0.27214873329096756  738505.4799215142
0.24989340076037628 0.24989340076037628 0.0 0.25741559443493933 0.26990248996393645  738505.4799227722
0.24921625711347972 0.24921625711347972 0.0 0.2561442351172838 0.2572666825418932  738505.47992404
0.24791620261311714 0.24791620261311714 0.0 0.24905245947468593 0.25371085776567825  738505.4799252794
0.24599648671848423 0.24599648671848423 0.0 0.24737448858971237 0.24973820959533943  738505.4799265418
0.2434619077195488 0.2434619077195488 0.0 0.24061031181162557 0.25548683268820493  738505.4799277893
0.24031880074382497 0.24031880074382497 0.0 0.2613379913090581 0.27741449224234965  738505.479929052
0.23657502192185362 0.23657502192185362 0.0 0.21226804632419613 0.2200855604395477  738505.4799303046
0.2322399287509673 0.2322399287509673 0.0 0.2274193994650424 0.24092929941172464  738505.4799315603
0.22732435670642043 0.22732435670642043 0.0 0.22993089519094997 0.2541141461759405  738505.4799328183
0.2218405921583438 0.2218405921583438 0.0 0.22549580065931968 0.2239382156382132  738505.4799340715
0.21580234166221843 0.21580234166221843 0.0 0.2161424487193718 0.2602586000410125  738505.4799353135
0.20922469769962443 0.20922469769962443 0.0 0.20806177454770886 0.20775465021625783  738505.4799365867
0.20212410095489752 0.20212410095489752 0.0 0.1946780422863011 0.20620457238270307  738505.4799378455
0.1945182992219803 0.1945182992219803 0.0 0.16744751408098055 0.17866896355149692  738505.4799390968
0.18642630304418 0.18642630304418 0.0 0.20188948674388119 0.21398743739767856  738505.4799403641
0.17786833819771108 0.17786833819771108 0.0 0.1530027732346585 0.17016665989208812  738505.4799416184
0.16886579513778766 0.16886579513778766 0.0 0.14200468594225063 0.18460159540634313  738505.4799428829
0.1594411755336259 0.1594411755336259 0.0 0.16850445837239308 0.17265682413835015  738505.4799441469
0.1496180360259891 0.1496180360259891 0.0 0.1509892543218411 0.15037272666738044  738505.4799454135
0.13942092934785416 0.13942092934785416 0.0 0.13912182773366394 0.1548443864690886  738505.479946668
0.12887534295536604 0.12887534295536604 0.0 0.12051248949299052 0.13654267380669766  738505.4799479076
0.11800763532247056 0.11800763532247056 0.0 0.1003042861027921 0.12068146019629458  738505.4799491594
0.10684497005845744 0.10684497005845744 0.0 0.09107764452774908 0.10745156004241385  738505.4799504179
0.09541524801308293 0.09541524801308293 0.0 0.06871649673792168 0.0876407892237977  738505.4799516677
0.08374703753897617 0.08374703753897617 0.0 0.07306737213477907 0.08852633245605368  738505.4799529335
0.0718695030856361 0.0718695030856361 0.0 0.059395004125633935 0.07974692309860984  738505.4799541858
0.059812332303495495 0.059812332303495495 0.0 0.058017399846505315 0.06393429783219355  738505.4799554534
0.04760566184025676 0.04760566184025676 0.0 0.026887891535687852 0.0377833548506433  738505.479956706
0.0352800020149668 0.0352800020149668 0.0 0.0162822098604087 0.019197984997693693  738505.4799579752
0.022866160558109187 0.022866160558109187 0.0 -0.0016376148840228748 0.000849192860612677  738505.4799592377
0.010395165608322623 0.010395165608322623 0.0 -0.01820356236975073 -0.015484865603852267  738505.4799604763
-0.0021018118417872656 -0.0021018118417872656 0.0 -0.012774246816708964 -0.010067883470478389  738505.479961735
-0.014593535856895021 -0.014593535856895021 0.0 -0.03365930270059608 -0.017951359617694958  738505.479962998
-0.027048783632527093 -0.027048783632527093 0.0 -0.03286528928835939 -0.03246439485730787  738505.4799642682
-0.039436423535812164 -0.039436423535812164 0.0 -0.0506878397212784 -0.04574211563799434  738505.4799655136
-0.051725492918349936 -0.051725492918349936 0.0 -0.07378004313713112 -0.05956148191066113  738505.4799667863
-0.06388527550670792 -0.06388527550670792 0.0 -0.08081406245365333 -0.06948510976380684  738505.4799680458
-0.07588537817710733 -0.07588537817710733 0.0 -0.09689982332660718 -0.09880932863581371  738505.4799692924
-0.08769580692240496 -0.08769580692240496 0.0 -0.1132248508366061 -0.09110218227284947  738505.4799705362
-0.09928704182149005 -0.09928704182149005 0.0 -0.12050072397519901 -0.11518270780326986  738505.4799717817
-0.11063011082371312 -0.11063011082371312 0.0 -0.12874379686526857 -0.09941782240788613  738505.4799730402
-0.12169666216392494 -0.12169666216392494 0.0 -0.15244808309825858 -0.13578969241418792  738505.4799743087
-0.13245903522712335 -0.13245903522712335 0.0 -0.1696951165358423 -0.14536653103316516  738505.4799755691
-0.14289032968558593 -0.14289032968558593 0.0 -0.16403973837248614 -0.12406372135237304  738505.4799768173
-0.1529644727356798 -0.1529644727356798 0.0 -0.18580560529240603 -0.17857071750314368  738505.4799780793
-0.16265628426629183 -0.16265628426629183 0.0 -0.18445172281968983 -0.172573192702887  738505.479979332
-0.17194153979599353 -0.17194153979599353 0.0 -0.1725659533918479 -0.16311414271950475  738505.4799805937
-0.18079703102162803 -0.18079703102162803 0.0 -0.2114434826811875 -0.21195740599734236  738505.4799818611
-0.18920062382698205 -0.18920062382698205 0.0 -0.19441444406366595 -0.175251332912448  738505.4799831264
-0.19713131360654876 -0.19713131360654876 0.0 -0.23667373769637184 -0.22535136386642546  738505.4799843903
-0.2045692777661027 -0.2045692777661027 0.0 -0.22650664192903247 -0.20834585547994405  738505.4799856546
-0.21149592526886163 -0.21149592526886163 0.0 -0.22794981576826778 -0.2125837142891347  738505.4799868985
-0.21789394310339705 -0.21789394310339705 0.0 -0.23191502079448606 -0.221783861343551  738505.4799881638
-0.22374733955714587 -0.22374733955714587 0.0 -0.222920705783277 -0.2071579927415348  738505.4799894176
-0.22904148418736373 -0.22904148418736373 0.0 -0.22869194569542262 -0.2176917586531622  738505.479990684
-0.23376314438961235 -0.23376314438961235 0.0 -0.25886194423725095 -0.28011529341503555  738505.4799919542
-0.23790051847237903 -0.23790051847237903 0.0 -0.2344959172230517 -0.21803756176508582  738505.4799931939
-0.2414432651551597 -0.2414432651551597 0.0 -0.27675789023225067 -0.2582416011397109  738505.479994431
-0.24438252941627425 -0.24438252941627425 0.0 -0.27748284611066687 -0.26177786083736265  738505.479995673
-0.24671096462580913 -0.24671096462580913 0.0 -0.26848028560056986 -0.2527369431371163  738505.4799969359
-0.24842275090836613 -0.24842275090836613 0.0 -0.26109415037730654 -0.2381057621602839  738505.4799981737
-0.24951360968971986 -0.24951360968971986 0.0 -0.25476041179877573 -0.24467456039239444  738505.4799994245
-0.2499808143910252 -0.2499808143910252 0.0 -0.2532839239907286 -0.24601237403084497  738505.4800006949
-0.2498231972438445 -0.2498231972438445 0.0 -0.2743770069688554 -0.28104540609962747  738505.4800019722
-0.24904115220896014 -0.24904115220896014 0.0 -0.26373968845293655 -0.2560586873887302  738505.4800032303
-0.2476366339916783 -0.2476366339916783 0.0 -0.2561841134181773 -0.23567876791850673  738505.4800045042
-0.24561315315608312 -0.24561315315608312 0.0 -0.2638715367912751 -0.23526500736960032  738505.4800057579
-0.2429757673504552 -0.2429757673504552 0.0 -0.2590686833099943 -0.2357829727654856  738505.4800069897
-0.2397310686657846 -0.2397310686657846 0.0 -0.25324219110956137 -0.24065095733603242  738505.4800082765
-0.2358871671589766 -0.2358871671589766 0.0 -0.2483900277967594 -0.2286371237104245  738505.4800095375
-0.23145367058193303 -0.23145367058193303 0.0 -0.25028555292416166 -0.24919682447265817  738505.4800107906
-0.2264416603671761 -0.2264416603671761 0.0 -0.20545691553019763 -0.17934866516336834  738505.4800120393
-0.22086366393003828 -0.22086366393003828 0.0 -0.22874905161378528 -0.20634208873577847  738505.4800133115
-0.214733623356648 -0.214733623356648 0.0 -0.222261045788474 -0.21484305042232615  738505.4800145493
-0.2080668605559752 -0.2080668605559752 0.0 -0.21306202711952385 -0.19930810177200747  738505.4800157832
-0.20088003896303883 -0.20088003896303883 0.0 -0.20170886316366443 -0.1891827200378559  738505.4800170211
-0.1931911218889968 -0.1931911218889968 0.0 -0.20403242606305158 -0.19803052320647563  738505.4800182964
-0.1850193276222236 -0.1850193276222236 0.0 -0.19042213292585491 -0.16324586852703232  738505.480019549
-0.17638508139259798 -0.17638508139259798 0.0 -0.1787177286441347 -0.1517660152555939  738505.480020797
-0.16730996431906534 -0.16730996431906534 0.0 -0.16470444783964922 -0.14886212770143176  738505.480022056
-0.1578166594680802 -0.1578166594680802 0.0 -0.1537732564390019 -0.14427297524147353  738505.4800233104
-0.14792889515775234 -0.14792889515775234 0.0 -0.15637590410679822 -0.15386826118266167  738505.4800245798
-0.1376713856494094 -0.1376713856494094 0.0 -0.1205783322990567 -0.10257084060423871  738505.480025841
-0.12706976937481457 -0.12706976937481457 0.0 -0.11534703644403596 -0.1083215585793792  738505.4800271189
-0.11615054485343915 -0.11615054485343915 0.0 -0.11061448605004089 -0.09729934090660058  738505.4800283568
-0.10494100445996472 -0.10494100445996472 0.0 -0.09736550247305903 -0.09000929732105631  738505.480029622
-0.093469166207559 -0.093469166207559 0.0 -0.08933431442779309 -0.07618855128337362  738505.4800308567
-0.08176370371743516 -0.08176370371743516 0.0 -0.07114712095180759 -0.06493479081719072  738505.4800321185
-0.06985387454973147 -0.06985387454973147 0.0 -0.06632851189304416 -0.061245424062937204  738505.4800333704
-0.057769447074847845 -0.057769447074847845 0.0 -0.04878513208138906 -0.02441348037425166  738505.4800346239
-0.045540626068023754 -0.045540626068023754 0.0 -0.032774283113562515 -0.01325917039137664  738505.4800358682
-0.033197977213129184 -0.033197977213129184 0.0 -0.02263966894717031 -0.0022170703968699412  738505.4800371535
-0.0207723507043741 -0.0207723507043741 0.0 -0.007839069653246517 -0.0013265418523593434  738505.4800384376
-0.008294804136889204 -0.008294804136889204 0.0 0.0056416353115509525 0.008727097653474361  738505.480039678
