0 0 0  738511.5035811685
1.0 0.0 0.0 1.0 0.0  738511.5037072195
1.0 0.0 0.0 1.0 0.0  738511.5037075788
1.0 0.0 0.0 1.0 0.0  738511.5037079386
1.0 0.0 0.0 1.0 0.0  738511.5037084598
1.0 0.0 0.0 1.0 0.0  738511.5037088173
1.0 0.0 0.0 1.0 0.0  738511.5037091892
1.0 0.0 0.0 1.0 0.0  738511.5037095548
1.0 0.0 0.0 1.0 0.0  738511.5037099201
1.0 0.0 0.0 1.0 0.0  738511.5037102816
1.0 0.0 0.0 1.0 0.0  738511.5037106386
1.0 0.0 0.0 1.0 0.0  738511.5037111641
1.0 0.0 0.0 1.0 0.0  738511.5037115308
1.0 0.0 0.0 1.0 0.0  738511.5037119015
1.0 0.0 0.0 1.0 0.0  738511.5037122689
1.0 0.0 0.0 1.0 0.0  738511.5037126259
1.0 0.0 0.0 1.0 0.0  738511.5037129853
1.0 0.0 0.0 1.0 0.0  738511.5037133462
1.0 0.0 0.0 1.0 0.0  738511.5037138782
1.0 0.0 0.0 1.0 0.0  738511.5037142456
1.0 0.0 0.0 1.0 0.0  738511.503714599
1.0 0.0 0.0 1.0 0.0  738511.5037149672
1.0 0.0 0.0 1.0 0.0  738511.5037153205
1.0 0.0 0.0 1.0 0.0  738511.5037156792
1.0 0.0 0.0 1.0 0.0  738511.5037160335
1.0 0.0 0.0 1.0 0.0  738511.503716569
1.0 0.0 0.0 1.0 0.0  738511.5037169273
1.0 0.0 0.0 1.0 0.0  738511.5037172884
1.0 0.0 0.0 1.0 0.0  738511.5037176537
1.0 0.0 0.0 1.0 0.0  738511.5037180128
1.0 0.0 0.0 1.0 0.0  738511.5037185424
1.0 0.0 0.0 1.0 0.0  738511.503718901
1.0 0.0 0.0 1.0 0.0  738511.5037194289
1.0 0.0 0.0 1.0 0.0  738511.5037197855
1.0 0.0 0.0 1.0 0.0  738511.5037201538
1.0 0.0 0.0 1.0 0.0  738511.5037205243
1.0 0.0 0.0 1.0 0.0  738511.5037208763
1.0 0.0 0.0 1.0 0.0  738511.5037212386
1.0 0.0 0.0 1.0 0.0  738511.5037215996
1.0 0.0 0.0 1.0 0.0  738511.5037219581
1.0 0.0 0.0 1.0 0.0  738511.5037223275
1.0 0.0 0.0 1.0 0.0  738511.5037226939
1.0 0.0 0.0 1.0 0.0  738511.5037230506
1.0 0.0 0.0 1.0 0.0  738511.5037234094
1.0 0.0 0.0 1.0 0.0  738511.5037237682
1.0 0.0 0.0 1.0 0.0  738511.5037241251
1.0 0.0 0.0 1.0 0.0  738511.503724659
1.0 0.0 0.0 1.0 0.0  738511.5037250296
