0 0 0  738512.6122925621
0.8 0.0 -26.754048869348086  738512.6124192422
0.8 0.0 -12.89030566121967  738512.6124195979
0.8 0.0 -16.92296669581755  738512.6124199603
0.8 0.0 -21.101067468306756  738512.6124203168
0.8 0.0 -10.470647722830975  738512.612420671
0.8 0.0 -15.44286173998594  738512.6124210146
0.8 0.0 -20.5717586681722  738512.6124213822
0.8 0.0 1.7718206313949378  738512.6124217367
0.8 0.0 -3.6873729597118423  738512.6124220919
0.8 0.0 -9.115279717848784  738512.6124224514
0.8 0.0 -14.601538534416573  738512.6124228182
0.8 0.0 4.887421446552795  738512.6124231645
0.8 0.0 0.9025018098574865  738512.6124235156
0.8 0.0 -3.509574134182814  738512.612423881
0.8 0.0 5.193671981177464  738512.6124242174
0.8 0.0 -0.96637297451157  738512.6124245728
0.8 0.0 -7.0189918645587035  738512.6124249424
0.8 0.0 18.95723341351815  738512.6124253104
0.8 0.0 15.730776732320997  738512.6124256718
0.8 0.0 13.931280758207  738512.6124260204
0.8 0.0 56.6201278192565  738512.612426365
0.8 0.0 72.1883969823555  738512.6124267407
0.8 0.0 90  738512.6124271052
0.8 0.0 -90  738512.6124274747
0.8 0.0 -90  738512.6124278418
0.8 0.0 -90  738512.612428206
0.8 0.0 -72.93052808372494  738512.6124285727
0.8 0.0 -90  738512.6124289274
0.8 0.0 -90  738512.6124292854
0.8 0.0 -90  738512.6124296418
0.8 0.0 -90  738512.6124299985
0.8 0.0 -90  738512.6124303577
0.8 0.0 -90  738512.6124307141
0.8 0.0 -90  738512.6124310751
0.8 0.0 -90  738512.6124314358
0.8 0.0 90  738512.612431782
0.8 0.0 90  738512.6124321446
0.8 0.0 90  738512.6124325108
0.8 0.0 90  738512.6124328808
0.8 0.0 90  738512.6124332395
0.8 0.0 90  738512.6124336098
0.8 0.0 90  738512.6124339625
0.8 0.0 90  738512.6124343274
0.8 0.0 90  738512.6124346732
0.8 0.0 -90  738512.6124350395
0.8 0.0 -90  738512.6124354089
0.8 0.0 -90  738512.6124357579
0.8 0.0 -73.96446768022653  738512.6124361253
0.8 0.0 -63.11223687290872  738512.6124364907
0.8 0.0 -57.40698895983228  738512.6124368529
0.8 0.0 -54.1051930159545  738512.6124372139
0.8 0.0 -53.303594882733414  738512.6124375634
0.8 0.0 -72.93309666702204  738512.6124379286
0.8 0.0 -74.87160613927661  738512.6124382865
0.8 0.0 -78.03372407153265  738512.6124386427
0.8 0.0 -84.14744138267423  738512.6124390141
0.8 0.0 -90  738512.6124393683
0.8 0.0 -90  738512.6124397204
0.8 0.0 -90  738512.6124400795
0.8 0.0 -90  738512.6124404399
0.8 0.0 -90  738512.6124407937
0.8 0.0 -90  738512.612441155
0.8 0.0 90  738512.6124415023
0.8 0.0 90  738512.6124418627
0.8 0.0 90  738512.61244223
