0 0 0  738568.4565184483
0.75 0.0 -120  738568.4566025501
0.75 0.0 -120  738568.4566030354
0.75 0.0 -120  738568.4566032764
0.75 0.0 -120  738568.4566035172
0.75 0.0 -49.72087421345878  738568.4566037655
0.75 0.0 -4.143901774398955  738568.4566040082
0.75 0.0 0.7700202130150351  738568.4566042532
0.75 0.0 3.8157017455107667  738568.4566045022
0.75 0.0 3.61346270276882  738568.4566047466
0.75 0.0 -2.7172972448114403  738568.4566049894
0.75 0.0 6.6167831679167  738568.4566052388
0.75 0.0 8.400299790821332  738568.4566054798
0.75 0.0 9.264414372852682  738568.4566057217
0.75 0.0 -2.9087337455750477  738568.4566059678
0.75 0.0 4.115677731841987  738568.4566062039
0.75 0.0 7.561349193687467  738568.4566064475
0.75 0.0 9.381448640810051  738568.4566066856
0.75 0.0 11.960077937376296  738568.4566069236
0.75 0.0 -0.1366422614215148  738568.4566071616
0.75 0.0 7.559830848805839  738568.4566074015
0.75 0.0 11.626602284233554  738568.4566076477
0.75 0.0 13.213228136254495  738568.4566078922
0.75 0.0 15.332293076277416  738568.4566081344
0.75 0.0 4.625860502261009  738568.4566083706
0.75 0.0 12.85249760079451  738568.4566086172
0.75 0.0 17.37783956139821  738568.456608864
0.75 0.0 18.0068273227941  738568.4566091071
0.75 0.0 20.19661330639096  738568.4566093495
0.75 0.0 8.927854968751438  738568.4566095948
0.75 0.0 17.785709634969674  738568.4566098389
0.75 0.0 13.824415467152678  738568.4566100815
0.75 0.0 35.011233967745824  738568.4566103275
0.75 0.0 14.145361589053065  738568.4566105637
0.75 0.0 9.67551181681514  738568.4566108023
0.75 0.0 18.229486578543007  738568.4566110412
0.75 0.0 37.66957711328479  738568.4566112804
0.75 0.0 32.851536008395584  738568.4566115199
0.75 0.0 16.401397550357498  738568.4566117633
0.75 0.0 23.779148877821555  738568.4566120077
0.75 0.0 26.685564434023604  738568.4566122564
0.75 0.0 18.914067499556165  738568.4566125012
0.75 0.0 40.71081837397757  738568.456612747
0.75 0.0 18.71958935314082  738568.4566129836
0.75 0.0 25.713734451315258  738568.4566132207
0.75 0.0 27.363427371938727  738568.4566134631
0.75 0.0 30.524668921361776  738568.4566137128
0.75 0.0 29.86843881884424  738568.4566139563
0.75 0.0 12.488815984060198  738568.4566142014
0.75 0.0 23.962460908873854  738568.4566144384
0.75 0.0 26.76226605181105  738568.4566146827
0.75 0.0 29.41400483614431  738568.4566149238
0.75 0.0 20.28358215979279  738568.4566151665
0.75 0.0 24.385185745572983  738568.4566154042
0.75 0.0 29.66965459037737  738568.4566156518
0.75 0.0 29.82168941185929  738568.4566158998
0.75 0.0 29.47525405288812  738568.456616138
0.75 0.0 12.133924352097097  738568.4566163808
0.75 0.0 23.800377885679687  738568.4566166244
0.75 0.0 24.6921199594179  738568.456616861
0.75 0.0 26.272868470888863  738568.4566170974
0.75 0.0 26.96269171460416  738568.4566173417
0.75 0.0 9.874485038434596  738568.4566175846
0.75 0.0 18.183337575422332  738568.456617824
0.75 0.0 22.345131738397733  738568.456618072
0.75 0.0 23.998263910861297  738568.456618311
0.75 0.0 23.898482703660235  738568.4566185578
0.75 0.0 5.739742319455996  738568.4566187981
0.75 0.0 15.34872297040847  738568.4566190433
0.75 0.0 20.381457442836414  738568.4566192791
0.75 0.0 20.342616282139108  738568.4566195217
0.75 0.0 21.064817477132053  738568.4566197622
0.75 0.0 0.8094425869401519  738568.4566199998
0.75 0.0 10.481202468209684  738568.45662025
0.75 0.0 9.447158993867225  738568.4566204965
0.75 0.0 23.515057790772868  738568.4566207359
0.75 0.0 19.5890818316116  738568.4566209753
0.75 0.0 -2.7506174142467144  738568.4566212207
0.75 0.0 8.310493203117762  738568.4566214662
0.75 0.0 11.19469109736882  738568.4566217085
0.75 0.0 12.997637105305303  738568.4566219561
0.75 0.0 13.403112574035363  738568.456622202
0.75 0.0 -7.803503074423008  738568.4566224458
0.75 0.0 -1.7350212430609138  738568.456622694
0.75 0.0 9.395623889496747  738568.4566229407
0.75 0.0 10.663628676855499  738568.4566231825
0.75 0.0 -10.117954594273781  738568.456623431
0.75 0.0 0.08568599482183482  738568.4566236761
0.75 0.0 4.425626232044294  738568.4566239207
0.75 0.0 6.01411781887321  738568.4566241674
0.75 0.0 6.457925514121135  738568.45662441
0.75 0.0 -13.468231312141077  738568.456624654
0.75 0.0 -1.6308825340720325  738568.4566248936
0.75 0.0 1.4784922738045734  738568.4566251362
0.75 0.0 3.1084224615943863  738568.4566253737
0.75 0.0 4.4721148330202976  738568.4566256155
0.75 0.0 -15.593800670328756  738568.4566258629
0.75 0.0 -4.947800648545668  738568.4566261035
0.75 0.0 -0.555254934820529  738568.4566263468
0.75 0.0 0.8158705843886117  738568.4566265953
0.75 0.0 1.3821141436851467  738568.4566268438
0.75 0.0 -16.913832989774054  738568.4566270874
0.75 0.0 -7.527436741360725  738568.4566273318
0.75 0.0 -4.00165604126202  738568.4566275704
0.75 0.0 -2.234333645871259  738568.4566278172
0.75 0.0 -21.18521202883085  738568.4566280552
0.75 0.0 -10.757264187460393  738568.4566282987
0.75 0.0 -6.505948701465794  738568.4566285384
0.75 0.0 -4.573755208351693  738568.456628781
0.75 0.0 -2.7778760627543937  738568.456629025
0.75 0.0 -21.174569862484365  738568.4566292745
0.75 0.0 -10.320990946675483  738568.4566295175
0.75 0.0 -4.895689037296516  738568.4566297625
0.75 0.0 -3.0608073218712817  738568.456630013
0.75 0.0 -1.366534970137704  738568.4566302515
0.75 0.0 -27.740210802454488  738568.4566304899
0.75 0.0 -13.058914137036652  738568.4566307327
0.75 0.0 -6.34748605913985  738568.4566309701
0.75 0.0 -3.0536821803463354  738568.456631217
0.75 0.0 -1.3394841349871105  738568.4566314645
0.75 0.0 -23.202595202404783  738568.4566317033
0.75 0.0 -9.401269653408832  738568.4566319425
0.75 0.0 -4.204715034725612  738568.4566321856
0.75 0.0 -0.07772211383659192  738568.4566324322
0.75 0.0 -27.390455806019308  738568.4566326694
0.75 0.0 -9.917482929962123  738568.4566329089
0.75 0.0 -2.8015070945893608  738568.4566331488
0.75 0.0 0.8368888486512739  738568.4566333947
0.75 0.0 3.257066581102899  738568.4566336322
0.75 0.0 -22.65695658361365  738568.4566338792
0.75 0.0 -6.334705167341121  738568.4566341153
0.75 0.0 1.1846339423969767  738568.4566343632
0.75 0.0 8.649127501910842  738568.4566346116
0.75 0.0 6.709070919645449  738568.4566348532
0.75 0.0 -19.500669318147654  738568.4566350903
0.75 0.0 -0.9842107931119071  738568.4566353335
0.75 0.0 6.9139322318845835  738568.456635578
0.75 0.0 11.37286915783778  738568.4566358252
0.75 0.0 14.03145086992856  738568.4566360627
0.75 0.0 -23.22443331609118  738568.4566363107
0.75 0.0 0.630498850513515  738568.4566365567
0.75 0.0 12.17655418749143  738568.4566368045
0.75 0.0 17.874959570753482  738568.4566370493
0.75 0.0 -12.033536215374388  738568.4566372877
0.75 0.0 7.432437476874029  738568.4566375233
0.75 0.0 16.835856328717433  738568.4566377649
0.75 0.0 22.87521091600956  738568.4566380023
0.75 0.0 27.32692982502839  738568.4566382437
0.75 0.0 -9.830795084260048  738568.4566384811
0.75 0.0 13.954848859892797  738568.4566387325
0.75 0.0 23.486685096280414  738568.4566389685
0.75 0.0 29.565916512238886  738568.4566392174
0.75 0.0 58.3273111927171  738568.4566394595
0.75 0.0 -0.669206143807546  738568.456639704
0.75 0.0 19.735665908483618  738568.4566399459
0.75 0.0 35.03482266371601  738568.4566401931
0.75 0.0 38.77698868412818  738568.4566404433
0.75 0.0 41.41471747420475  738568.4566406906
0.75 0.0 -13.815567608905143  738568.4566409391
0.75 0.0 18.795241363972746  738568.4566411852
0.75 0.0 61.82241396276621  738568.4566414244
0.75 0.0 51.445986403065085  738568.4566416714
0.75 0.0 -1.3539261601672063  738568.4566419177
0.75 0.0 18.588269427024347  738568.4566421537
0.75 0.0 30.773451148553107  738568.4566423942
0.75 0.0 38.201493563006345  738568.4566426316
0.75 0.0 45.45681688181565  738568.4566428742
0.75 0.0 -19.170276597037567  738568.4566431126
0.75 0.0 17.031947207239078  738568.4566433516
0.75 0.0 31.327977631502154  738568.4566435935
0.75 0.0 39.68243584446762  738568.4566438344
0.75 0.0 41.108300726226915  738568.4566440831
0.75 0.0 -32.37308539664233  738568.456644325
0.75 0.0 3.9360734011261136  738568.4566445638
0.75 0.0 23.018088472979464  738568.4566448112
0.75 0.0 27.979496437661187  738568.4566450616
0.75 0.0 30.353265594646846  738568.4566453046
0.75 0.0 -57.068326515469195  738568.4566455473
0.75 0.0 -12.192170801523643  738568.4566457906
0.75 0.0 5.274513026221257  738568.4566460365
0.75 0.0 11.847954135337382  738568.4566462748
0.75 0.0 -113.16174560298423  738568.4566465197
0.75 0.0 -54.167490182294266  738568.456646761
0.75 0.0 -24.885270410980777  738568.4566469989
0.75 0.0 -26.35944250098309  738568.4566472421
0.75 0.0 -32.37278628220679  738568.456647486
0.75 0.0 -120  738568.4566477293
0.75 0.0 -106.68884828538773  738568.4566479668
0.75 0.0 -97.65580905257657  738568.4566482053
0.75 0.0 -108.57981482489016  738568.4566484524
0.75 0.0 -116.023251143003  738568.4566486924
0.75 0.0 -120  738568.4566489346
0.75 0.0 -120  738568.4566491776
0.75 0.0 -120  738568.4566494176
0.75 0.0 -120  738568.4566496664
0.75 0.0 -120  738568.456649915
0.75 0.0 -120  738568.4566501617
0.75 0.0 -120  738568.456650399
