0 0 0  738549.4178863604
0.6 0.0 -70.96607303951477  738549.4179819641
0.6 0.0 -73.33584236028145  738549.4179823193
0.6 0.0 -75.62231404069077  738549.4179826686
0.6 0.0 -77.39029858798227  738549.4179830356
0.6 0.0 -74.66733039155963  738549.4179833739
0.6 0.0 -74.03863745031133  738549.4179837317
0.6 0.0 -71.59692110818897  738549.4179841011
0.6 0.0 -65.57852846385208  738549.4179844578
0.6 0.0 -63.40181482203582  738549.4179848164
0.6 0.0 -61.5477211867613  738549.4179851634
0.6 0.0 -58.769139899673554  738549.4179855206
0.6 0.0 -57.00897234462215  738549.4179858699
0.6 0.0 -55.14232498288265  738549.4179862282
0.6 0.0 -50.90763378645303  738549.417986586
0.6 0.0 -49.12777203096939  738549.4179869539
0.6 0.0 -47.57112145460819  738549.4179873117
0.6 0.0 -46.183390210705426  738549.4179876772
0.6 0.0 -44.35944607284128  738549.4179880153
0.6 0.0 -42.9138630983919  738549.4179883898
0.6 0.0 -42.09820080255411  738549.4179887456
0.6 0.0 -39.35420808791536  738549.4179891002
0.6 0.0 -37.941819138289375  738549.4179894564
0.6 0.0 -36.474224903216346  738549.4179899421
0.6 0.0 -39.80746701112857  738549.4179903375
0.6 0.0 -38.08630568526366  738549.4179907042
0.6 0.0 -36.38698823354034  738549.4179910551
0.6 0.0 -25.127489842775187  738549.4179914015
0.6 0.0 -22.56454906500399  738549.4179917771
0.6 0.0 -19.996546863231025  738549.4179921331
0.6 0.0 -28.192372150628714  738549.4179925021
0.6 0.0 -26.63101006141325  738549.4179928352
0.6 0.0 -25.160210486821388  738549.4179931908
0.6 0.0 -25.78490384201692  738549.4179935568
0.6 0.0 -23.532565914809087  738549.4179939136
0.6 0.0 -20.774347807337794  738549.4179942615
0.6 0.0 -17.86210867474155  738549.4179946146
0.6 0.0 -18.164566861735768  738549.4179949732
0.6 0.0 -15.557804960025049  738549.4179953196
0.6 0.0 -13.741483680590743  738549.4179956773
0.6 0.0 -14.315532109699822  738549.4179960235
0.6 0.0 -10.952917813352123  738549.4179963813
0.6 0.0 -7.379977564764551  738549.4179967403
0.6 0.0 -10.631727931822784  738549.4179971033
0.6 0.0 -7.287426864919918  738549.4179974553
0.6 0.0 -3.953122870024333  738549.4179978133
0.6 0.0 -4.2136959697447836  738549.4179981595
0.6 0.0 -0.5946326143461712  738549.4179985089
0.6 0.0 3.1507230874083962  738549.4179988772
0.6 0.0 6.763304049894509  738549.4179992352
0.6 0.0 1.4936260642605252  738549.4179995835
0.6 0.0 5.518962112536695  738549.417999933
0.6 0.0 8.644600410376592  738549.4180003016
0.6 0.0 5.2913430950061064  738549.4180006713
0.6 0.0 7.869340046927189  738549.4180010062
0.6 0.0 12.972777752114029  738549.4180013655
0.6 0.0 9.524105258671943  738549.4180017328
0.6 0.0 12.670163528241984  738549.4180021036
0.6 0.0 15.595165863853218  738549.4180024735
0.6 0.0 19.0755283988035  738549.4180028266
0.6 0.0 14.403431574513231  738549.4180031845
0.6 0.0 18.686558005276453  738549.4180035507
0.6 0.0 22.68193385679294  738549.418003903
0.6 0.0 19.612330258218485  738549.4180042492
0.6 0.0 22.468804966912053  738549.4180046264
0.6 0.0 25.29824548518419  738549.4180049797
0.6 0.0 15.9630880404963  738549.4180053364
0.6 0.0 19.506849727460413  738549.4180056861
0.6 0.0 22.990198866929827  738549.4180061367
0.6 0.0 20.007900052687233  738549.4180064056
0.6 0.0 22.691928893433825  738549.4180067749
0.6 0.0 24.57876853682462  738549.4180071448
0.6 0.0 -20.50111480345033  738549.4180074884
0.6 0.0 -18.510976806450287  738549.4180078463
0.6 0.0 17.81700773972979  738549.4180082174
0.6 0.0 36.9153047536666  738549.4180085583
0.6 0.0 32.507456843980506  738549.4180089163
0.6 0.0 29.55028783276029  738549.4180092709
0.6 0.0 -15.261644513644017  738549.4180096271
0.6 0.0 -25.617618924468758  738549.4180099784
0.6 0.0 -2.8534781559753086  738549.4180103374
0.6 0.0 8.129646016929371  738549.4180106955
0.6 0.0 4.976779454901338  738549.4180110418
0.6 0.0 10.170261256605675  738549.4180114116
0.6 0.0 12.9905594819695  738549.418011748
0.6 0.0 1.5336695744327988  738549.4180121181
0.6 0.0 2.0913581241532113  738549.4180124761
0.6 0.0 2.7965388785463907  738549.4180128097
0.6 0.0 4.022875198966545  738549.4180131791
0.6 0.0 -11.716240106886989  738549.4180135428
0.6 0.0 -10.95823309813992  738549.4180139238
0.6 0.0 -8.91930940679587  738549.4180142937
0.6 0.0 -22.01644141235575  738549.4180146257
0.6 0.0 -21.861022752097423  738549.4180149834
0.6 0.0 -22.398014276224494  738549.4180153415
0.6 0.0 -25.789646185834858  738549.4180157147
0.6 0.0 -22.73787283427921  738549.418016065
0.6 0.0 -19.394833504141108  738549.4180164244
0.6 0.0 -60.0558198736992  738549.4180167823
0.6 0.0 -61.139071795316795  738549.4180171406
0.6 0.0 -62.96007189298157  738549.4180175106
0.6 0.0 -53.49524717608457  738549.4180178655
0.6 0.0 -48.27740699681108  738549.4180182352
0.6 0.0 -41.16059284148783  738549.418018601
0.6 0.0 -33.979473262649904  738549.418018948
0.6 0.0 -80.98269863428263  738549.4180193088
0.6 0.0 -83.29554656879668  738549.4180196668
0.6 0.0 -85.88936738703231  738549.4180200218
0.6 0.0 -89.17878721614268  738549.4180203568
0.6 0.0 -82.25287840490073  738549.4180207145
0.6 0.0 -77.16371446160808  738549.4180211829
0.6 0.0 -101.64195968888825  738549.4180214257
0.6 0.0 -95.38980813269794  738549.4180217724
0.6 0.0 -88.83089920981182  738549.4180221183
0.6 0.0 -120  738549.418022481
0.6 0.0 -108.64149118050504  738549.4180228253
0.6 0.0 -76.89907692128772  738549.4180231948
0.6 0.0 -39.092733989856605  738549.4180235557
0.6 0.0 -120  738549.4180239144
0.6 0.0 -91.1928379400678  738549.4180242727
0.6 0.0 -31.065306693396145  738549.4180246297
0.6 0.0 91.01153366918054  738549.4180249758
0.6 0.0 120  738549.418025323
0.6 0.0 120  738549.4180256922
0.6 0.0 120  738549.4180260282
