0 0 0  738533.4436126078
1.0 0.0 -120  738533.4437046691
1.0 0.0 120  738533.4437048536
1.0 0.0 120  738533.4437050279
1.0 0.0 -120  738533.44370521
1.0 0.0 -35.07482933001806  738533.4437053782
1.0 0.0 -120  738533.4437055757
1.0 0.0 111.65751448151558  738533.4437057507
1.0 0.0 -120  738533.4437059215
1.0 0.0 120  738533.4437061028
1.0 0.0 -120  738533.443706267
1.0 0.0 120  738533.4437064633
1.0 0.0 -120  738533.4437066365
1.0 0.0 86.3850735856029  738533.4437068184
1.0 0.0 60.365546705236625  738533.4437069879
1.0 0.0 -80.2392846299933  738533.4437071685
1.0 0.0 11.38042273627908  738533.44370736
1.0 0.0 -62.8436577103908  738533.443707519
1.0 0.0 -120  738533.4437077062
1.0 0.0 80.93134786342871  738533.4437078927
1.0 0.0 33.01725862259039  738533.4437080757
1.0 0.0 -120  738533.443708254
1.0 0.0 120  738533.4437084241
1.0 0.0 -120  738533.4437086006
1.0 0.0 120  738533.4437087748
1.0 0.0 -114.1004319567842  738533.4437089717
1.0 0.0 -61.99540552430565  738533.4437091526
1.0 0.0 -120  738533.4437093385
1.0 0.0 120  738533.4437095035
1.0 0.0 -120  738533.4437097011
1.0 0.0 -120  738533.4437098745
1.0 0.0 120  738533.4437100482
1.0 0.0 -117.9839200085413  738533.4437102345
1.0 0.0 -120  738533.4437103997
1.0 0.0 -58.50328990075929  738533.4437106065
1.0 0.0 120  738533.4437108146
1.0 0.0 -120  738533.4437111414
1.0 0.0 120  738533.4437113223
1.0 0.0 -90.14101187191325  738533.4437114941
1.0 0.0 -11.02439334786789  738533.4437116823
1.0 0.0 4.292076618385371  738533.4437118428
1.0 0.0 -70.50589328947812  738533.4437120272
1.0 0.0 5.214710985554399  738533.4437122183
1.0 0.0 120  738533.4437123904
1.0 0.0 -120  738533.4437125748
1.0 0.0 -120  738533.4437127374
1.0 0.0 -88.5528709969961  738533.4437129247
1.0 0.0 120  738533.4437130891
1.0 0.0 -120  738533.4437132856
1.0 0.0 114.41561895817338  738533.4437134719
1.0 0.0 120  738533.4437136485
1.0 0.0 -120  738533.4437138247
1.0 0.0 120  738533.4437139912
1.0 0.0 -120  738533.4437141826
1.0 0.0 -120  738533.4437143462
1.0 0.0 120  738533.4437145332
1.0 0.0 -120  738533.4437147182
1.0 0.0 -56.443439955594016  738533.4437148954
1.0 0.0 -120  738533.4437150685
1.0 0.0 -119.56126273359777  738533.4437152497
1.0 0.0 120  738533.4437154175
1.0 0.0 -120  738533.443715611
1.0 0.0 120  738533.4437157876
1.0 0.0 -66.90398832739749  738533.4437159714
1.0 0.0 -120  738533.4437161344
1.0 0.0 120  738533.4437163154
1.0 0.0 -120  738533.443716502
1.0 0.0 120  738533.4437166718
1.0 0.0 -120  738533.4437168643
1.0 0.0 -120  738533.4437170321
1.0 0.0 115.2800413203206  738533.4437172192
1.0 0.0 -111.28839202530924  738533.4437173782
1.0 0.0 -120  738533.4437175622
1.0 0.0 120  738533.4437177478
1.0 0.0 -120  738533.4437179223
1.0 0.0 12.656963323779234  738533.4437180917
1.0 0.0 -37.83561430185337  738533.4437182877
1.0 0.0 -120  738533.4437184738
1.0 0.0 -120  738533.4437186534
1.0 0.0 70.96477332849267  738533.4437188387
1.0 0.0 120  738533.4437190124
1.0 0.0 -120  738533.4437191898
1.0 0.0 3.197715096758178  738533.4437193668
1.0 0.0 -120  738533.4437195609
1.0 0.0 120  738533.4437197436
1.0 0.0 -120  738533.4437199071
1.0 0.0 120  738533.4437200933
1.0 0.0 -120  738533.4437202748
1.0 0.0 -24.53811251058647  738533.4437204591
1.0 0.0 -120  738533.4437206377
1.0 0.0 120  738533.4437208115
1.0 0.0 -120  738533.4437209811
1.0 0.0 120  738533.443721167
1.0 0.0 -120  738533.4437213307
1.0 0.0 -25.221327457429425  738533.443721521
1.0 0.0 31.177110584666195  738533.4437216994
1.0 0.0 -120  738533.4437218833
1.0 0.0 -120  738533.4437220641
1.0 0.0 120  738533.4437222297
1.0 0.0 120  738533.4437224147
1.0 0.0 -120  738533.4437225924
1.0 0.0 120  738533.4437227757
1.0 0.0 -120  738533.4437229474
1.0 0.0 -120  738533.4437231201
1.0 0.0 120  738533.4437232921
1.0 0.0 120  738533.4437234759
1.0 0.0 -120  738533.4437236487
1.0 0.0 120  738533.4437238398
1.0 0.0 -120  738533.443724005
1.0 0.0 120  738533.4437241994
1.0 0.0 -120  738533.443724363
1.0 0.0 -120  738533.4437245518
1.0 0.0 116.81544428986642  738533.4437247383
1.0 0.0 81.27137041500231  738533.4437249056
1.0 0.0 -52.88469237405219  738533.4437250812
1.0 0.0 120  738533.4437252785
1.0 0.0 -120  738533.443725446
1.0 0.0 -120  738533.4437256347
1.0 0.0 120  738533.4437258054
1.0 0.0 27.705282682118504  738533.4437259926
1.0 0.0 -120  738533.4437261694
1.0 0.0 120  738533.4437263546
1.0 0.0 -120  738533.4437265329
1.0 0.0 78.82190161632633  738533.4437267153
1.0 0.0 -120  738533.4437268745
1.0 0.0 120  738533.4437270582
1.0 0.0 -120  738533.443727244
1.0 0.0 120  738533.4437274201
1.0 0.0 -93.40173693224011  738533.4437276177
1.0 0.0 -120  738533.4437277823
1.0 0.0 120  738533.4437279783
1.0 0.0 120  738533.4437281522
1.0 0.0 -120  738533.4437283333
1.0 0.0 76.13188011803409  738533.4437285063
1.0 0.0 -120  738533.4437286953
1.0 0.0 110.45708829817258  738533.4437288673
1.0 0.0 120  738533.4437290373
1.0 0.0 -120  738533.4437292129
1.0 0.0 -120  738533.443729389
1.0 0.0 120  738533.4437295841
1.0 0.0 -120  738533.4437297577
1.0 0.0 120  738533.443729954
1.0 0.0 -120  738533.443730115
1.0 0.0 12.619168598354422  738533.4437302971
1.0 0.0 120  738533.4437304816
1.0 0.0 -120  738533.4437306604
1.0 0.0 120  738533.4437308453
1.0 0.0 -120  738533.4437310415
1.0 0.0 -4.932192475959136  738533.4437312133
1.0 0.0 120  738533.4437313887
1.0 0.0 -108.72289356232925  738533.4437315589
1.0 0.0 -120  738533.4437317441
1.0 0.0 120  738533.4437319158
1.0 0.0 -120  738533.4437321014
1.0 0.0 -96.12890298409886  738533.4437322986
1.0 0.0 -120  738533.4437324811
1.0 0.0 120  738533.4437326505
1.0 0.0 120  738533.4437328349
1.0 0.0 -120  738533.4437330288
1.0 0.0 120  738533.4437332025
1.0 0.0 -120  738533.4437333911
1.0 0.0 -21.641727708065677  738533.4437335617
1.0 0.0 17.865257370379325  738533.4437337453
1.0 0.0 -120  738533.4437339249
1.0 0.0 120  738533.4437340954
1.0 0.0 -106.12746741548548  738533.4437342667
1.0 0.0 120  738533.4437344628
1.0 0.0 -120  738533.4437346219
1.0 0.0 120  738533.4437347983
1.0 0.0 -120  738533.4437349903
1.0 0.0 -120  738533.4437351666
1.0 0.0 -120  738533.4437353527
1.0 0.0 -120  738533.4437355187
1.0 0.0 120  738533.4437357193
1.0 0.0 -120  738533.4437358753
1.0 0.0 120  738533.4437360639
1.0 0.0 -120  738533.4437362363
1.0 0.0 -120  738533.443736435
1.0 0.0 -120  738533.4437366062
1.0 0.0 120  738533.443736791
1.0 0.0 -120  738533.4437369513
1.0 0.0 120  738533.443737128
1.0 0.0 -120  738533.4437373256
1.0 0.0 -120  738533.4437375108
1.0 0.0 -120  738533.4437376919
1.0 0.0 -120  738533.4437378666
1.0 0.0 -119.46013965069203  738533.4437380593
1.0 0.0 120  738533.4437382305
1.0 0.0 -120  738533.443738425
1.0 0.0 -120  738533.4437386064
1.0 0.0 -120  738533.4437387926
1.0 0.0 120  738533.4437389631
1.0 0.0 -120  738533.4437391607
1.0 0.0 120  738533.4437393284
1.0 0.0 120  738533.4437395126
1.0 0.0 -120  738533.4437396704
1.0 0.0 120  738533.4437398626
1.0 0.0 -120  738533.4437400263
1.0 0.0 120  738533.4437402186
1.0 0.0 -120  738533.4437403975
1.0 0.0 101.2275563797393  738533.4437405727
1.0 0.0 -120  738533.4437407573
1.0 0.0 120  738533.4437409316
1.0 0.0 -120  738533.4437411282
1.0 0.0 120  738533.4437413113
1.0 0.0 -120  738533.4437414875
1.0 0.0 120  738533.4437416582
1.0 0.0 -120  738533.4437418549
1.0 0.0 120  738533.4437420231
1.0 0.0 -120  738533.4437422049
1.0 0.0 120  738533.4437423667
1.0 0.0 -120  738533.4437425637
1.0 0.0 120  738533.4437427379
1.0 0.0 -120  738533.4437429149
1.0 0.0 -120  738533.4437430971
