0 0 0  738511.6751675104
0.9 0.0 0.0 0.9 0.0  738511.6752713934
0.9 0.0 0.0 0.9 0.0  738511.6752717446
0.9 0.0 0.0 0.9 0.0  738511.6752721051
0.9 0.0 0.0 0.9 0.0  738511.6752724639
0.9 0.0 0.0 0.9 0.0  738511.6752728303
0.9 0.0 0.0 0.9 0.0  738511.6752731779
0.9 0.0 0.0 0.9 0.0  738511.6752735476
0.9 0.0 0.0 0.9 0.0  738511.6752739287
0.9 0.0 0.0 0.9 0.0  738511.6752742793
0.9 0.0 0.0 0.9 0.0  738511.6752746291
0.9 0.0 0.0 0.9 0.0  738511.6752749695
0.9 0.0 0.0 0.9 0.0  738511.6752753408
0.9 0.0 0.0 0.9 0.0  738511.6752756889
0.9 0.0 0.0 0.9 0.0  738511.6752760566
0.9 0.0 0.0 0.9 0.0  738511.6752764236
0.9 0.0 0.0 0.9 0.0  738511.6752767743
0.9 0.0 0.0 0.9 0.0  738511.6752771279
