0 0 0  738562.6098439108
0.75 0.0 -120  738562.6099384414
0.75 0.0 -120  738562.609938914
0.75 0.0 -120  738562.6099391883
0.75 0.0 -63.2426315289153  738562.60993944
0.75 0.0 61.575940739555186  738562.6099396874
0.75 0.0 6.248359313220552  738562.6099399305
0.75 0.0 -9.76893920016077  738562.6099401794
0.75 0.0 -23.265514453505215  738562.6099404223
0.75 0.0 -20.706618996049663  738562.6099406698
0.75 0.0 -29.56214448997588  738562.6099409214
0.75 0.0 -23.665996871480118  738562.609941163
0.75 0.0 -21.46409295346397  738562.6099414073
0.75 0.0 -41.854177801873576  738562.609941647
0.75 0.0 -35.16073030946431  738562.609941885
0.75 0.0 -31.569685538293818  738562.6099421234
0.75 0.0 -30.056246552001635  738562.6099423642
0.75 0.0 -30.35286415546764  738562.6099426019
0.75 0.0 -39.16941479337594  738562.6099428409
0.75 0.0 -40.18718684550622  738562.6099430833
0.75 0.0 -41.49044289950317  738562.6099433189
0.75 0.0 -41.68556362797167  738562.6099435546
0.75 0.0 -41.131404006001596  738562.6099438306
0.75 0.0 -65.10820674825122  738562.6099440738
0.75 0.0 -52.89883927780568  738562.6099443107
0.75 0.0 -47.43198220974485  738562.6099445538
0.75 0.0 -45.24651858865414  738562.6099448007
0.75 0.0 -60.61866988976694  738562.6099450431
0.75 0.0 -55.30077708884061  738562.6099452791
0.75 0.0 -53.29834312139302  738562.6099455181
0.75 0.0 -50.95703687053037  738562.6099457609
0.75 0.0 -56.42544440813418  738562.6099460047
0.75 0.0 -68.96501042286096  738562.609946253
0.75 0.0 -56.91162024994941  738562.6099464995
0.75 0.0 -51.505710107796524  738562.6099467423
0.75 0.0 -49.26825028124517  738562.6099469826
0.75 0.0 -48.152502680734806  738562.6099472188
0.75 0.0 -66.92757153925051  738562.6099474542
0.75 0.0 -55.56601986572598  738562.6099476928
0.75 0.0 -49.54331596495258  738562.6099479339
0.75 0.0 -59.53590092725007  738562.6099481799
0.75 0.0 -64.91047619012288  738562.6099484605
0.75 0.0 -79.83684255134291  738562.6099487036
0.75 0.0 -62.55284388850786  738562.6099489409
0.75 0.0 -52.60614846946782  738562.6099491882
0.75 0.0 -46.420616873946834  738562.6099494363
0.75 0.0 -48.771717293567455  738562.6099496721
0.75 0.0 -59.22900968588404  738562.6099499163
0.75 0.0 -37.64892529238878  738562.6099501671
0.75 0.0 -32.68694323142479  738562.6099504153
0.75 0.0 -28.437421001391122  738562.6099506624
0.75 0.0 -42.54980547711847  738562.6099509115
0.75 0.0 -26.398009946563505  738562.6099511535
0.75 0.0 -16.21393064634702  738562.6099513891
0.75 0.0 -23.32495742351837  738562.6099516358
0.75 0.0 -14.033478373469903  738562.6099519153
0.75 0.0 -20.90996555015969  738562.6099521604
0.75 0.0 -13.197562526875883  738562.6099523979
0.75 0.0 -6.44446657272716  738562.6099526386
0.75 0.0 1.379543474987909  738562.6099528751
0.75 0.0 1.0520525930215523  738562.6099531187
0.75 0.0 -5.27744045170356  738562.6099533606
0.75 0.0 6.856842430679628  738562.6099536092
0.75 0.0 17.623761438260196  738562.6099538471
0.75 0.0 64.3517875932129  738562.6099540895
0.75 0.0 16.901919266375383  738562.6099543319
0.75 0.0 23.66410781115169  738562.6099545729
0.75 0.0 30.400624607692507  738562.6099548126
0.75 0.0 34.12955369451151  738562.6099550555
0.75 0.0 39.11264883625677  738562.6099552937
0.75 0.0 19.25336337408967  738562.6099555364
0.75 0.0 31.314634075916096  738562.609955781
0.75 0.0 23.898298974778218  738562.6099560277
0.75 0.0 36.768269032120145  738562.6099562689
0.75 0.0 11.231638197141068  738562.6099565601
0.75 0.0 29.945661330062265  738562.6099568029
0.75 0.0 24.189141132049734  738562.6099570522
0.75 0.0 30.500760247243146  738562.6099572881
0.75 0.0 36.067782668302776  738562.6099575268
0.75 0.0 33.66173809024852  738562.6099577637
0.75 0.0 10.845701500472558  738562.6099580071
0.75 0.0 25.783373650851495  738562.6099582448
0.75 0.0 88.2731417839054  738562.6099584921
0.75 0.0 47.08693827882682  738562.6099587316
0.75 0.0 -26.60427738199734  738562.6099589748
0.75 0.0 -12.823511493833202  738562.6099592197
0.75 0.0 -6.481777279970585  738562.6099594571
0.75 0.0 -9.271109202875355  738562.6099597015
0.75 0.0 -11.079910963945679  738562.6099599447
0.75 0.0 -59.380666281469175  738562.6099601873
0.75 0.0 -36.43956433518715  738562.6099604231
0.75 0.0 -56.839940053021465  738562.6099606678
0.75 0.0 -59.38309583552125  738562.6099609099
0.75 0.0 -68.84392039856314  738562.6099611784
0.75 0.0 -52.91925031194115  738562.6099614236
0.75 0.0 -41.76425463021353  738562.6099616596
0.75 0.0 -33.709584184274604  738562.609961907
0.75 0.0 -22.700310071310746  738562.6099621477
0.75 0.0 -22.1590316072599  738562.6099623893
0.75 0.0 -34.97394520167656  738562.6099626262
0.75 0.0 -16.824620274811867  738562.6099628637
0.75 0.0 -11.468649030171523  738562.609963107
0.75 0.0 40.11697931547615  738562.6099633499
0.75 0.0 -66.53672840664154  738562.6099635866
0.75 0.0 -50.46322693961476  738562.6099638374
0.75 0.0 -40.81375962793715  738562.6099640809
0.75 0.0 -36.843163560597866  738562.6099643224
0.75 0.0 -34.5616459466814  738562.609964565
0.75 0.0 -74.94834693186324  738562.6099648008
0.75 0.0 -47.71534695280461  738562.6099650374
0.75 0.0 -34.229220404135674  738562.6099652802
0.75 0.0 -30.40163902097274  738562.609965529
0.75 0.0 -69.71559085608774  738562.6099658102
0.75 0.0 -60.361078199205544  738562.6099660533
0.75 0.0 -57.15954817425185  738562.6099662904
0.75 0.0 -54.50882596473948  738562.6099665287
0.75 0.0 -51.12472058327041  738562.609966766
0.75 0.0 -57.70378929997938  738562.6099670094
0.75 0.0 -73.10940523109062  738562.6099672456
0.75 0.0 -48.345418011944936  738562.6099674862
0.75 0.0 -30.729424789417912  738562.6099677249
0.75 0.0 -19.97245147088386  738562.6099679691
0.75 0.0 -11.557644606181649  738562.6099682157
0.75 0.0 -6.94215890282917  738562.6099684552
0.75 0.0 -7.528735275054045  738562.6099686979
0.75 0.0 -12.835025597799733  738562.6099689413
0.75 0.0 -21.38005996844066  738562.6099691826
0.75 0.0 -74.20206341607663  738562.6099694264
0.75 0.0 -60.90867007033796  738562.609969663
0.75 0.0 -57.647217573124124  738562.609969909
0.75 0.0 -57.155646059158684  738562.6099701482
0.75 0.0 -70.06172453856564  738562.609970441
0.75 0.0 -78.71673456612835  738562.6099706854
0.75 0.0 -59.073155474469495  738562.6099709264
0.75 0.0 -43.4622280314379  738562.6099711683
0.75 0.0 -31.585342298745385  738562.6099714079
0.75 0.0 -23.508951819361425  738562.6099716524
0.75 0.0 -16.060098467247286  738562.6099718981
0.75 0.0 -12.655276464657204  738562.6099721411
0.75 0.0 -9.088305217765516  738562.6099723835
0.75 0.0 -6.439530851221677  738562.6099726261
0.75 0.0 -4.449200848435917  738562.6099728672
0.75 0.0 -4.550072978117834  738562.609973113
0.75 0.0 -1.58859912026754  738562.6099733613
0.75 0.0 1.7429542198802634  738562.6099736072
0.75 0.0 7.543020818152094  738562.6099738487
0.75 0.0 -0.23094143180981425  738562.6099740964
0.75 0.0 6.110172466316894  738562.6099743359
0.75 0.0 19.815676192181414  738562.6099745804
0.75 0.0 10.143185940246257  738562.6099748231
0.75 0.0 13.988860173461875  738562.6099750819
0.75 0.0 14.226417743255942  738562.609975319
0.75 0.0 3.8154630075587814  738562.6099755606
0.75 0.0 -2.658981578717103  738562.6099757974
0.75 0.0 -5.963245600642979  738562.6099760403
0.75 0.0 -9.011223879377527  738562.6099762785
0.75 0.0 -5.35087930814931  738562.6099765145
0.75 0.0 -13.875167701582443  738562.6099767543
0.75 0.0 -21.52688827785022  738562.609976996
0.75 0.0 -32.94271362474818  738562.6099772406
0.75 0.0 -14.074794240540193  738562.6099774803
0.75 0.0 -25.088781590651994  738562.6099777278
0.75 0.0 -34.33238996060244  738562.6099779691
0.75 0.0 -38.65621359590901  738562.6099782117
0.75 0.0 -41.47907468858772  738562.6099784538
0.75 0.0 -21.26841804251106  738562.609978708
0.75 0.0 -32.29204387085765  738562.6099789508
0.75 0.0 -56.32908017176856  738562.6099792015
0.75 0.0 -50.07353903706467  738562.609979444
0.75 0.0 -40.16703393381076  738562.6099797094
0.75 0.0 -6.317782016723468  738562.6099799518
0.75 0.0 -21.04986795428182  738562.6099801941
0.75 0.0 -28.824682654263505  738562.6099804365
0.75 0.0 -31.17213887592643  738562.6099806789
0.75 0.0 -51.06695044882519  738562.6099809215
0.75 0.0 18.16984642176004  738562.6099811585
0.75 0.0 -61.96810069425316  738562.609981404
0.75 0.0 -50.0288483510105  738562.609981654
0.75 0.0 -51.66090629762535  738562.6099818908
0.75 0.0 -9.438304534721683  738562.6099821621
0.75 0.0 -29.08960049347885  738562.6099824049
0.75 0.0 -61.575048246890745  738562.6099826416
0.75 0.0 -80.56832377221244  738562.6099828782
0.75 0.0 -93.22809043168853  738562.6099831837
0.75 0.0 -79.62859482849866  738562.6099834283
0.75 0.0 -88.76005852245966  738562.6099836734
0.75 0.0 -105.35560954608707  738562.6099839098
0.75 0.0 -114.95722154589807  738562.609984147
0.75 0.0 -115.86327857768026  738562.6099843892
0.75 0.0 -120  738562.6099846317
0.75 0.0 -54.55502134294682  738562.6099848745
0.75 0.0 -120  738562.6099851169
0.75 0.0 -120  738562.6099853592
0.75 0.0 -75.1628377905158  738562.6099856017
0.75 0.0 -87.00515397857384  738562.6099858441
0.75 0.0 -93.9475324930684  738562.6099860865
0.75 0.0 -95.26921128613486  738562.609986329
0.75 0.0 -94.33795196239303  738562.6099865714
0.75 0.0 -120  738562.6099868137
