0 0 0  738512.4271356299
0.8 0.0 0.0 0.8 0.0  738512.4272389931
0.8 0.0 0.0 0.8 0.0  738512.4272393548
0.8 0.0 0.0 0.8 0.0  738512.4272397326
0.8 0.0 0.0 0.8 0.0  738512.4272400909
0.8 0.0 0.0 0.8 0.0  738512.4272404433
0.8 0.0 0.0 0.8 0.0  738512.4272408078
0.8 0.0 0.0 0.8 0.0  738512.4272411629
0.8 0.0 0.0 0.8 0.0  738512.4272415327
0.8 0.0 0.0 0.8 0.0  738512.4272418972
0.8 0.0 0.0 0.8 0.0  738512.4272422675
0.8 0.0 0.0 0.8 0.0  738512.4272426373
0.8 0.0 0.0 0.8 0.0  738512.4272430093
0.8 0.0 0.0 0.8 0.0  738512.427243369
0.8 0.0 0.0 0.8 0.0  738512.4272437331
0.8 0.0 0.0 0.8 0.0  738512.4272440994
0.8 0.0 0.0 0.8 0.0  738512.4272444571
0.8 0.0 0.0 0.8 0.0  738512.4272448085
0.8 0.0 0.0 0.8 0.0  738512.4272451728
0.8 0.0 0.0 0.8 0.0  738512.427245554
0.8 0.0 0.0 0.8 0.0  738512.4272458943
0.8 0.0 0.0 0.8 0.0  738512.4272462579
0.8 0.0 0.0 0.8 0.0  738512.4272466154
0.8 0.0 0.0 0.8 0.0  738512.4272469716
0.8 0.0 0.0 0.8 0.0  738512.4272473403
0.8 0.0 0.0 0.8 0.0  738512.4272477108
0.8 0.0 0.0 0.8 0.0  738512.4272480641
0.8 0.0 0.0 0.8 0.0  738512.4272484267
0.8 0.0 0.0 0.8 0.0  738512.4272487963
0.8 0.0 0.0 0.8 0.0  738512.4272491526
0.8 0.0 0.0 0.8 0.0  738512.4272495147
0.8 0.0 0.0 0.8 0.0  738512.4272498741
0.8 0.0 0.0 0.8 0.0  738512.4272502501
0.8 0.0 0.0 0.8 0.0  738512.4272505783
0.8 0.0 0.0 0.8 0.0  738512.4272509468
0.8 0.0 0.0 0.8 0.0  738512.4272513249
0.8 0.0 0.0 0.8 0.0  738512.4272516702
0.8 0.0 0.0 0.8 0.0  738512.4272520244
0.8 0.0 0.0 0.8 0.0  738512.4272523838
0.8 0.0 0.0 0.8 0.0  738512.427252746
0.8 0.0 0.0 0.8 0.0  738512.4272531053
0.8 0.0 0.0 0.8 0.0  738512.42725347
0.8 0.0 0.0 0.8 0.0  738512.4272538407
0.8 0.0 0.0 0.8 0.0  738512.4272542074
0.8 0.0 0.0 0.8 0.0  738512.4272545715
0.8 0.0 0.0 0.8 0.0  738512.4272549329
0.8 0.0 0.0 0.8 0.0  738512.4272553008
0.8 0.0 0.0 0.8 0.0  738512.4272556657
0.8 0.0 0.0 0.8 0.0  738512.427256021
0.8 0.0 0.0 0.8 0.0  738512.4272563865
0.8 0.0 0.0 0.8 0.0  738512.4272567525
0.8 0.0 0.0 0.8 0.0  738512.4272571187
0.8 0.0 0.0 0.8 0.0  738512.4272574852
0.8 0.0 0.0 0.8 0.0  738512.4272578522
0.8 0.0 0.0 0.8 0.0  738512.4272582262
0.8 0.0 0.0 0.8 0.0  738512.4272585661
0.8 0.0 0.0 0.8 0.0  738512.4272589328
0.8 0.0 0.0 0.8 0.0  738512.4272593053
0.8 0.0 0.0 0.8 0.0  738512.4272596693
0.8 0.0 0.0 0.8 0.0  738512.4272600297
0.8 0.0 0.0 0.8 0.0  738512.4272603939
0.8 0.0 0.0 0.8 0.0  738512.4272607772
0.8 0.0 0.0 0.8 0.0  738512.4272611275
0.8 0.0 0.0 0.8 0.0  738512.427261482
0.8 0.0 0.0 0.8 0.0  738512.4272618404
0.8 0.0 0.0 0.8 0.0  738512.427262202
0.8 0.0 0.0 0.8 0.0  738512.4272625542
0.8 0.0 0.0 0.8 0.0  738512.4272629331
0.8 0.0 0.0 0.8 0.0  738512.4272632847
0.8 0.0 0.0 0.8 0.0  738512.4272636356
0.8 0.0 0.0 0.8 0.0  738512.4272640062
0.8 0.0 0.0 0.8 0.0  738512.4272643494
0.8 0.0 0.0 0.8 0.0  738512.4272647154
0.8 0.0 0.0 0.8 0.0  738512.4272650866
0.8 0.0 0.0 0.8 0.0  738512.4272654506
0.8 0.0 0.0 0.8 0.0  738512.4272658095
0.8 0.0 0.0 0.8 0.0  738512.4272661681
0.8 0.0 0.0 0.8 0.0  738512.4272665333
0.8 0.0 0.0 0.8 0.0  738512.4272669031
0.8 0.0 0.0 0.8 0.0  738512.4272672628
0.8 0.0 0.0 0.8 0.0  738512.4272676138
0.8 0.0 0.0 0.8 0.0  738512.4272679742
0.8 0.0 0.0 0.8 0.0  738512.4272683271
0.8 0.0 0.0 0.8 0.0  738512.4272686957
0.8 0.0 0.0 0.8 0.0  738512.4272690407
0.8 0.0 0.0 0.8 0.0  738512.4272694021
0.8 0.0 0.0 0.8 0.0  738512.427269765
0.8 0.0 0.0 0.8 0.0  738512.4272701285
0.8 0.0 0.0 0.8 0.0  738512.4272704915
0.8 0.0 0.0 0.8 0.0  738512.4272708553
0.8 0.0 0.0 0.8 0.0  738512.4272712138
0.8 0.0 0.0 0.8 0.0  738512.4272715665
0.8 0.0 0.0 0.8 0.0  738512.42727193
0.8 0.0 0.0 0.8 0.0  738512.4272722967
0.8 0.0 0.0 0.8 0.0  738512.4272726617
0.8 0.0 0.0 0.8 0.0  738512.4272730225
0.8 0.0 0.0 0.8 0.0  738512.4272733845
0.8 0.0 0.0 0.8 0.0  738512.4272737527
0.8 0.0 0.0 0.8 0.0  738512.4272741152
0.8 0.0 0.0 0.8 0.0  738512.4272744792
0.8 0.0 0.0 0.8 0.0  738512.427274846
0.8 0.0 0.0 0.8 0.0  738512.4272752077
0.8 0.0 0.0 0.8 0.0  738512.4272755735
0.8 0.0 0.0 0.8 0.0  738512.4272759254
0.8 0.0 0.0 0.8 0.0  738512.4272762823
0.8 0.0 0.0 0.8 0.0  738512.4272766452
0.8 0.0 0.0 0.8 0.0  738512.4272770114
0.8 0.0 0.0 0.8 0.0  738512.4272773718
0.8 0.0 0.0 0.8 0.0  738512.4272777406
0.8 0.0 0.0 0.8 0.0  738512.427278096
0.8 0.0 0.0 0.8 0.0  738512.4272784593
0.8 0.0 0.0 0.8 0.0  738512.4272788123
0.8 0.0 0.0 0.8 0.0  738512.4272791712
0.8 0.0 0.0 0.8 0.0  738512.4272795405
0.8 0.0 0.0 0.8 0.0  738512.4272799015
0.8 0.0 0.0 0.8 0.0  738512.427280258
0.8 0.0 0.0 0.8 0.0  738512.4272806243
0.8 0.0 0.0 0.8 0.0  738512.427280986
0.8 0.0 0.0 0.8 0.0  738512.4272813521
0.8 0.0 0.0 0.8 0.0  738512.4272817089
0.8 0.0 0.0 0.8 0.0  738512.427282069
0.8 0.0 0.0 0.8 0.0  738512.4272824279
0.8 0.0 0.0 0.8 0.0  738512.4272827875
0.8 0.0 0.0 0.8 0.0  738512.4272831475
